_Mode		
	-0.167066	
	-0.223409	
	-0.257343	
	-0.236151	
	-0.212484	
	-0.287222	
	-0.216227	
	0.077446	
	0.009254	
	0.038812	
	0.017113	
	0.011728	
	-0.018709	
	-0.127592	
	-0.279245	
	-0.318976	
	-0.274873	
	-0.241688	
	-0.010328	
	-0.089363	
	0.008512	
	-0.000797	
	0.061309	
	-0.048223	
	0.085702	
	0.060535	
	0.070542	
	0.021037	
	-0.141913	
	-0.154417	
	-0.133920	
	-0.256349	
	-0.240943	
	-0.082110	
	-0.153972	
	-0.114045	
	-0.140909	
	-0.155533	
	-0.121114	
	-0.069348	
	0.126046	
	-0.019231	
	-0.044791	
	-0.041676	
	-0.038322	
	-0.014605	
	-0.074269	
	-0.018812	
	-0.041543	
	-0.000839	
	-0.035151	
	-0.047174	
	0.032952	
	-0.030982	
	-0.049809	
	-0.031237	
	0.001030	
	-0.071718	
	-0.017342	
	-0.108210	
	-0.074680	
	-0.105455	
	-0.091468	
	-0.078054	
	-0.113777	
	-0.047612	
	-0.084515	
	-0.114259	
	-0.062329	
	-0.080827	
	-0.073588	
	-0.095369	
	-0.136207	
	-0.069646	
	-0.131306	
	-0.094563	
	-0.100160	
	-0.045968	
	-0.072454	
	-0.023199	
	-0.070588	
	-0.102835	
	-0.062050	
	0.159349	
	-0.044385	
	-0.137004	
	0.073716	
	-0.169567	
	-0.157487	
	-0.119582	
	-0.188214	
	-0.067015	
	-0.131110	
	-0.110959	
	-0.121059	
	-0.188186	
	-0.151863	
	-0.169208	
	-0.194256	
	-0.187403	
	-0.220832	
	-0.183612	
	-0.205252	
	-0.169596	
	-0.126361	
	-0.112370	
	-0.099881	
	-0.097648	
	-0.114957	
	-0.114876	
	-0.122006	
	-0.111940	
	-0.125469	
	-0.117043	
	-0.120941	
	-0.120839	
	-0.109537	
	-0.120343	
	-0.135178	
	-0.094124	
	-0.134279	
	-0.127239	
	-0.124864	
	-0.093527	
	-0.083334	
	-0.085866	
	-0.157810	
	0.081205	
	0.137864	
	0.051910	
	0.141398	
	-0.023948	
	-0.059791	
	-0.057356	
	-0.011423	
	-0.042007	
	-0.030998	
	-0.093737	
	-0.091930	
	-0.131211	
	-0.108494	
	-0.091786	
	-0.097593	
	0.050334	
	0.060152	
	0.116921	
	0.117881	
	0.117740	
	0.074206	
	0.063440	
	0.100581	
	0.036420	
	0.007824	
	0.038000	
	0.159357	
	-0.082971	
	-0.028781	
	0.222600	
	0.016511	
	-0.024405	
	-0.028048	
	-0.058874	
	-0.074935	
	-0.097061	
	-0.089486	
	-0.094324	
	-0.074187	
	-0.104464	
	-0.141840	
	-0.169698	
	0.161976	
	0.105666	
	0.045115	
	0.032358	
	-0.094519	
	-0.085799	
	0.013447	
	0.120458	
	0.018333	
	0.058389	
	-0.048024	
	-0.079049	
	-0.174754	
	-0.091236	
	-0.099331	
	-0.113755	
	-0.112929	
	-0.126856	
	-0.112051	
	-0.185463	
	-0.163902	
	-0.189549	
	-0.166712	
	-0.184793	
	-0.176675	
	-0.209098	
	-0.282591	
	-0.256268	
	-0.306743	
	-0.285117	
	-0.250450	
	-0.163441	
	-0.158472	
	-0.280402	
	-0.156560	
	-0.150840	
	-0.157165	
	-0.162186	
	-0.181886	
	-0.126891	
	-0.173216	
	-0.166391	
	-0.160596	
	-0.122512	
	-0.148480	
	-0.143886	
	-0.143451	
	-0.186617	
	-0.119996	
	-0.130104	
	-0.274801	
	-0.232075	
	-0.225111	
	-0.185001	
	-0.214676	
	-0.174714	
	-0.163674	
	-0.360053	
	-0.012464	
	0.200601	
	0.207917	
	0.181484	
	0.233253	
	0.079141	
	0.150074	
	0.038586	
	0.048650	
	0.115120	
	0.011555	
	0.120771	
	0.122208	
	0.066783	
	0.008474	
	-0.016310	
	0.100148	
	0.047789	
	-0.036361	
	0.000405	
	0.041213	
	0.033588	
	0.076224	
	-0.002844	
	0.010063	
	0.060948	
	-0.050540	
	-0.023343	
	-0.080197	
	-0.252403	
	0.149818	
	0.199129	
	0.032443	
	-0.059268	
	-0.109409	
	-0.092067	
	-0.136801	
	-0.105563	
	-0.082755	
	-0.094100	
	-0.120526	
	-0.015166	
	-0.060118	
	-0.123404	
	-0.075122	
	-0.052421	
	-0.086145	
	-0.146409	
	-0.129604	
	-0.212629	
	-0.176646	
	-0.139436	
	-0.176749	
	-0.233792	
	-0.250718	
	-0.244552	
	-0.174104	
	-0.156104	
	-0.145619	
	-0.103736	
	-0.127012	
	-0.014048	
	-0.030221	
	-0.105422	
	-0.248733	
	-0.232612	
	-0.176000	
	-0.200448	
	-0.141721	
	-0.172777	
	-0.077757	
	0.090604	
	-0.048089	
	-0.190808	
	-0.106979	
	-0.096230	
	-0.040644	
	-0.089056	
	-0.083155	
	0.006463	
	-0.038360	
	0.005187	
	-0.007909	
	-0.014537	
	-0.006667	
	-0.037549	
	0.108102	
	0.035732	
	0.048885	
	-0.145955	
	-0.062110	
	-0.059185	
	-0.065317	
	0.029888	
	-0.098353	
	-0.074535	
	-0.038366	
	0.051424	
	-0.030675	
	-0.056319	
	-0.053637	
	-0.102176	
	-0.058389	
	-0.077265	
	-0.065500	
	-0.104036	
	-0.062053	
	-0.067150	
	-0.085844	
	0.029812	
	-0.084014	
	-0.105977	
	-0.052018	
	-0.071977	
	-0.060712	
	-0.116463	
	-0.009750	
	-0.148188	
	-0.241764	
	-0.301029	
	-0.131121	
	-0.199034	
	-0.211922	
	-0.145813	
	0.063976	
	-0.027685	
	-0.137258	
	-0.030915	
	-0.079744	
	-0.089726	
	-0.111334	
	-0.143316	
	-0.072810	
	-0.109711	
	0.038036	
	-0.003131	
	-0.024641	
	0.127220	
	0.043971	
	0.054376	
	-0.062061	
	-0.025161	
	0.064552	
	0.127317	
	0.130731	
	-0.191278	
	-0.212984	
	-0.118533	
	-0.144621	
	-0.236675	
	0.147902	
	0.003743	
	0.025668	
	-0.092607	
	-0.071504	
	0.001688	
	-0.086247	
	-0.108888	
	0.034766	
	-0.098617	
	-0.069474	
	0.214612	
	0.092318	
	-0.029568	
	-0.062762	
	-0.098911	
	-0.172369	
	-0.033374	
	0.014866	
	0.132045	
	0.118510	
	0.039565	
	-0.042354	
	-0.034150	
	-0.101218	
	-0.090291	
	-0.097636	
	-0.078134	
	-0.086799	
	-0.064422	
	-0.071035	
	-0.065420	
	-0.088588	
	-0.094930	
	-0.099273	
	-0.100435	
	-0.071422	
	-0.116113	
	-0.148511	
	-0.051254	
	-0.183045	
	-0.134824	
	-0.135627	
	-0.103550	
	-0.145357	
	-0.121611	
	-0.153112	
	-0.093812	
	-0.034144	
	-0.132009	
	-0.072154	
	-0.069070	
	-0.102221	
	-0.035154	
	-0.056879	
	-0.091794	
	-0.089303	
	-0.080037	
	-0.112495	
	-0.063747	
	-0.006369	
	-0.144563	
	0.000662	
	-0.125195	
	-0.062066	
	-0.021821	
	-0.088903	
	-0.098821	
	-0.105147	
	-0.105064	
	-0.098687	
	-0.102266	
	-0.113706	
	-0.113245	
	-0.115325	
	-0.126761	
	-0.115175	
	-0.149683	
	-0.152594	
	-0.172004	
	-0.127189	
	-0.081339	
	-0.077076	
	-0.067291	
	-0.096002	
	-0.053545	
	-0.250373	
	-0.246755	
	-0.135932	
	-0.087354	
	-0.108578	
	-0.058821	
	-0.049683	
	-0.060745	
	-0.110476	
	-0.093174	
	-0.084213	
	-0.058258	
	-0.051807	
	-0.064550	
	-0.034578	
	-0.022392	
	0.014294	
	0.124723	
	-0.045991	
	-0.020180	
	-0.061688	
	-0.016959	
	-0.368704	
	-0.098735	
	-0.180994	
	-0.272215	
	-0.152090	
	-0.340791	
	-0.248542	
	-0.225832	
	-0.161061	
	-0.200650	
	-0.282318	
	-0.179417	
	0.108935	
	0.040438	
	0.086449	
	-0.040323	
	-0.069436	
	-0.107365	
	-0.084634	
	-0.039166	
	-0.062250	
	-0.025951	
	-0.010231	
	-0.041252	
	-0.032620	
	-0.029298	
	-0.016733	
	-0.057991	
	0.071016	
	0.090939	
	0.117971	
	0.052946	
	0.048754	
	0.005969	
	0.033813	
	-0.071042	
	-0.056224	
	-0.029406	
	-0.100529	
	-0.073430	
	-0.054788	
	-0.060289	
	-0.025244	
	-0.048954	
	-0.071233	
	0.032320	
	-0.016843	
	-0.011364	
	0.046131	
	0.027384	
	-0.004963	
	0.019731	
	-0.032968	
	0.040147	
	0.037087	
	0.031329	
	-0.071580	
	-0.068469	
	-0.192655	
	-0.093293	
	-0.222109	
	-0.281105	
	-0.148260	
	-0.276148	
	-0.174396	
	-0.162252	
	-0.149911	
	-0.102750	
	-0.253570	
	-0.159911	
	-0.203892	
	-0.137657	
	-0.150771	
	-0.156847	
	-0.149255	
	-0.133268	
	-0.060113	
	-0.101198	
	-0.113973	
	-0.129724	
	-0.115150	
	-0.108680	
	-0.107052	
	-0.104522	
	-0.104522	
	-0.115533	
	-0.100146	
	-0.165454	
	-0.151415	
	-0.219113	
	-0.160416	
	-0.097876	
	-0.210393	
	-0.203145	
	-0.199309	
	-0.120894	
	-0.164812	
	-0.115805	
	-0.107383	
	-0.118980	
	-0.119302	
	-0.123145	
	-0.195143	
	-0.262865	
	-0.184319	
	-0.275988	
	-0.126704	
	-0.204063	
	-0.130877	
	-0.131645	
	-0.299392	
	-0.272710	
	-0.313087	
	-0.220782	
	-0.234423	
	-0.266710	
	-0.196127	
	-0.185876	
	-0.165627	
	-0.165805	
	-0.268439	
	0.183539	
	0.063627	
	0.050717	
	-0.024184	
	-0.051578	
	-0.056274	
	-0.116456	
	-0.067081	
	-0.113433	
	-0.081444	
	-0.097024	
	-0.112745	
	0.006340	
	0.100215	
	0.017673	
	-0.066936	
	0.039985	
	-0.046646	
	-0.051817	
	0.022445	
	0.065210	
	0.107361	
	-0.049258	
	0.036224	
	0.057004	
	0.127053	
	-0.040389	
	0.142361	
	-0.037916	
	-0.093009	
	-0.064451	
	-0.081908	
	-0.067307	
	0.233591	
	0.038541	
	-0.034024	
	0.126005	
	0.188307	
	0.122005	
	0.066287	
	0.071973	
	-0.057951	
	-0.061145	
	-0.027474	
	-0.045356	
	-0.064690	
	-0.072954	
	-0.047317	
	-0.075932	
	0.000455	
	-0.054775	
	-0.010699	
	-0.038744	
	-0.031357	
	0.005382	
	0.024224	
	0.026937	
	0.024425	
	0.043131	
	0.053302	
	0.077303	
	-0.217141	
	0.019853	
	-0.201242	
	-0.079161	
	-0.200060	
	-0.171971	
	-0.242578	
	-0.198644	
	-0.242350	
	-0.261401	
	-0.190309	
	-0.177552	
	-0.164200	
	-0.130766	
	-0.156673	
	-0.144392	
	-0.154133	
	-0.037191	
	-0.136216	
	-0.164290	
	-0.264882	
	-0.213535	
	-0.177415	
	-0.270429	
	-0.231962	
	-0.223915	
	0.049808	
	0.004380	
	-0.163721	
	-0.101811	
	-0.170426	
	-0.082997	
	-0.157131	
	-0.129322	
	-0.169592	
	-0.159279	
	-0.142204	
	-0.160151	
	-0.275265	
	-0.268302	
	-0.265227	
	-0.185319	
	-0.275528	
	-0.257643	
	-0.109066	
	-0.049392	
	-0.069704	
	-0.014566	
	-0.187428	
	-0.150113	
	-0.321854	
	-0.229540	
	-0.221076	
	-0.100277	
	-0.188688	
	-0.169963	
	-0.087421	
	0.083994	
	0.052300	
	0.046655	
	0.132877	
	0.154368	
	0.139790	
	0.065421	
	0.126708	
	0.020910	
	0.196773	
	0.158530	
	0.139261	
	-0.056905	
	0.003205	
	0.047914	
	0.052350	
	-0.033661	
	-0.020349	
	-0.046400	
	0.020164	
	-0.004283	
	-0.025748	
	-0.008407	
	-0.062438	
	-0.173433	
	-0.034479	
	0.060696	
	-0.028285	
	0.038581	
	-0.074132	
	-0.163294	
	-0.000765	
	-0.016873	
	-0.056279	
	-0.052850	
	-0.033204	
	-0.005017	
	-0.050544	
	-0.125442	
	-0.105044	
	-0.036690	
	0.008706	
	-0.029429	
	-0.041891	
	-0.057939	
	-0.078726	
	-0.020258	
	-0.046120	
	-0.088252	
	-0.086006	
	-0.126454	
	-0.129392	
	-0.145710	
	-0.150281	
	-0.155760	
	-0.149588	
	0.081352	
	0.163255	
	0.103443	
	0.172545	
	0.077726	
	-0.010398	
	0.037196	
	-0.015828	
	0.017157	
	-0.036722	
	-0.018413	
	-0.026861	
	0.047704	
	-0.034575	
	-0.034026	
	-0.024272	
	-0.015257	
	-0.057287	
	-0.092595	
	-0.062894	
	-0.005562	
	-0.086065	
	-0.110489	
	-0.098223	
	0.075164	
	0.094419	
	0.235211	
	0.260398	
	0.195964	
	0.304420	
	0.256114	
	0.241606	
	0.098145	
	-0.017050	
	-0.001595	
	0.061613	
	0.208422	
	0.101749	
	0.206215	
	0.115267	
	0.279645	
	0.217898	
	0.283529	
	0.207207	
