_Mode		
	-0.107417	
	-0.014549	
	0.075568	
	0.078789	
	0.083127	
	-0.051529	
	0.059549	
	0.063319	
	0.076837	
	0.149426	
	0.015271	
	0.060846	
	-0.038322	
	0.089261	
	0.028569	
	0.021719	
	0.074354	
	-0.085212	
	0.073264	
	0.150405	
	0.027495	
	0.069515	
	0.064817	
	-0.038752	
	0.018116	
	0.012808	
	0.019383	
	-0.069897	
	-0.042297	
	-0.090205	
	0.071185	
	0.058574	
	0.040039	
	-0.018516	
	-0.056096	
	0.027657	
	0.123865	
	0.034019	
	0.071831	
	0.000820	
	0.026483	
	-0.010418	
	-0.082094	
	0.108148	
	-0.150826	
	-0.146304	
	-0.111234	
	-0.064846	
	-0.092953	
	-0.242654	
	-0.060003	
	-0.066725	
	-0.089226	
	0.017524	
	-0.071751	
	-0.097368	
	-0.184855	
	0.018257	
	-0.041558	
	-0.173071	
	-0.027787	
	-0.016367	
	-0.123993	
	-0.019097	
	0.029462	
	-0.040764	
	0.009907	
	-0.091317	
	-0.108946	
	0.073332	
	-0.168755	
	-0.004847	
	-0.064359	
	-0.016041	
	0.114032	
	0.037364	
	-0.001544	
	-0.118925	
	-0.021790	
	0.025532	
	0.001382	
	-0.147538	
	-0.111735	
	0.013921	
	-0.060335	
	0.090969	
	-0.008042	
	0.152576	
	-0.112237	
	0.035424	
	0.001778	
	-0.051363	
	0.032233	
	0.016035	
	-0.036616	
	-0.095667	
	-0.080640	
	0.014600	
	-0.112208	
	-0.052377	
	0.093478	
	0.212482	
	-0.141421	
	0.230954	
	-0.103892	
	-0.005273	
	0.032127	
	-0.011028	
	-0.167983	
	0.009321	
	-0.001736	
	0.152835	
	0.027970	
	-0.035373	
	-0.206259	
	-0.117533	
	0.066833	
	0.059052	
	-0.156010	
	-0.082781	
	0.002301	
	0.176541	
	0.108135	
	-0.027060	
	0.067170	
	-0.008077	
	0.012494	
	0.119704	
	0.137452	
	0.018223	
	0.168606	
	0.092621	
	-0.034579	
	-0.018622	
	0.055541	
	0.112576	
	0.052238	
	-0.079163	
	-0.074234	
	-0.000841	
	0.210102	
	-0.093995	
	-0.109742	
	-0.110759	
	-0.258915	
	0.240773	
	0.149986	
	-0.037263	
	0.080291	
	0.008473	
	0.172313	
	-0.064429	
	-0.087138	
	0.171772	
	-0.028558	
	0.065288	
	0.140850	
	-0.218068	
	-0.071627	
	0.066190	
	0.137656	
	-0.065130	
	-0.052003	
	-0.110903	
	-0.075887	
	-0.101139	
	0.019692	
	0.102487	
	0.025759	
	-0.091490	
	0.145173	
	0.012594	
	-0.337456	
	0.150073	
	-0.113933	
	0.032507	
	-0.003344	
	-0.007209	
	-0.208746	
	-0.012525	
	0.048362	
	-0.046919	
	-0.059196	
	-0.074341	
	-0.122676	
	0.045867	
	-0.061311	
	-0.001048	
	-0.294632	
	-0.151303	
	0.024411	
	-0.048786	
	0.018892	
	-0.034932	
	-0.199381	
	-0.046484	
	-0.099633	
	-0.105999	
	-0.066050	
	-0.029160	
	0.067406	
	-0.024442	
	-0.036787	
	-0.077918	
	-0.120917	
	-0.025922	
	-0.030985	
	0.091894	
	0.014882	
	-0.037981	
	0.125516	
	-0.018355	
	0.112320	
	-0.085861	
	0.049830	
	-0.047059	
	0.040728	
	-0.119842	
	0.009550	
	-0.243514	
	0.010680	
	0.025917	
	0.035494	
	0.002889	
	-0.112830	
	-0.090908	
	-0.090446	
	-0.052286	
	0.238219	
	0.016685	
	0.104135	
	0.136691	
	0.130051	
	-0.136544	
	-0.086491	
	-0.009615	
	0.110217	
	-0.154917	
	0.030745	
	0.010747	
	0.227863	
	-0.172856	
	-0.135643	
	0.127464	
	-0.118635	
	0.091109	
	-0.027782	
	-0.041160	
	0.150342	
	-0.018518	
	0.121157	
	-0.092841	
	-0.115360	
	-0.060013	
	-0.309705	
	0.132622	
	0.190122	
	-0.191664	
	-0.014556	
	0.148252	
	0.137537	
	-0.109003	
	0.009439	
	0.101193	
	-0.243586	
	0.111607	
	0.039570	
	-0.088630	
	-0.252917	
	0.161034	
	0.093217	
	-0.098239	
	0.146055	
	0.136231	
	-0.244080	
	-0.134152	
	-0.232789	
	-0.131301	
	0.015097	
	-0.089283	
	-0.300010	
	0.053781	
	0.077163	
	0.062414	
	-0.045984	
	-0.037246	
	-0.187846	
	-0.034104	
	-0.000286	
	-0.072246	
	-0.255011	
	-0.120105	
	-0.029616	
	0.003848	
	-0.077089	
	0.124337	
	-0.271462	
	-0.042966	
	-0.120168	
	-0.015233	
	-0.146172	
	0.015311	
	-0.083561	
	-0.113840	
	0.016211	
	-0.043226	
	0.046329	
	-0.029456	
	0.156776	
	0.175393	
	0.127027	
	0.070236	
	0.257125	
	0.132962	
	0.293074	
	0.334456	
	-0.167317	
	0.051031	
	-0.099512	
	0.365964	
	0.130544	
	0.177676	
	0.138840	
	0.209494	
	0.205063	
	0.163605	
	-0.072022	
	-0.000677	
	0.030384	
	0.191204	
	0.175561	
	0.271507	
	0.243811	
	0.296618	
	0.252580	
	0.288770	
	-0.048451	
	-0.052752	
	-0.034309	
	0.202096	
	0.071364	
	0.038242	
	0.111884	
	0.103188	
	-0.043474	
	-0.062971	
	-0.083225	
	-0.008946	
	0.003436	
	0.073431	
	0.104030	
	0.101608	
	0.243278	
	0.144615	
	0.141281	
	0.067589	
	-0.117026	
	-0.002108	
	-0.134015	
	0.215581	
	0.031843	
	0.155609	
	0.249228	
	-0.047192	
	0.057523	
	-0.097721	
	-0.186807	
	-0.003794	
	-0.005798	
	0.006107	
	-0.087697	
	-0.070087	
	0.109072	
	-0.070743	
	0.026967	
	0.066975	
	-0.078888	
	0.127947	
	0.017651	
	0.105221	
	0.004210	
	0.074742	
	0.271184	
	0.171897	
	0.190812	
	0.103417	
	-0.027868	
	0.135310	
	-0.085823	
	0.245585	
	0.036325	
	0.051162	
	0.131844	
	0.199889	
	0.299792	
	0.104887	
	-0.123562	
	-0.050541	
	-0.078301	
	0.168905	
	0.023226	
	0.126175	
	0.023054	
	0.171542	
	0.132067	
	0.185945	
	-0.081320	
	-0.039968	
	-0.072851	
	0.119013	
	0.242946	
	0.189656	
	-0.052494	
	-0.025744	
	-0.087156	
	-0.080433	
	-0.015097	
	-0.016445	
	-0.001383	
	-0.006207	
	-0.004110	
	0.207114	
	0.047478	
	-0.152364	
	0.276389	
	0.178433	
	-0.042112	
	-0.002659	
	-0.105927	
	-0.084609	
	-0.086768	
	0.026119	
	0.074728	
	0.065524	
	0.157446	
	0.041012	
	-0.041195	
	-0.050677	
	-0.022744	
	-0.060768	
	-0.155792	
	0.046867	
	-0.077253	
	-0.060909	
	-0.055762	
	0.010371	
	-0.031898	
	-0.034013	
	-0.108786	
	-0.112225	
	-0.112727	
	-0.087112	
	-0.091949	
	-0.091946	
	-0.100471	
	-0.121733	
	-0.113271	
	-0.110236	
	-0.089834	
	-0.099480	
	-0.074679	
	-0.079083	
	-0.046332	
	-0.062593	
	0.013037	
	0.033971	
	0.006548	
	0.141339	
	0.170156	
	0.163449	
	0.144513	
	0.209830	
	0.172330	
	0.258038	
	0.159305	
	0.139747	
