_Key	_Keyclarity	_Keystrength		
	8.000000	0.861906	7.000000	
	9.000000	0.278200	8.000000	
	9.000000	0.682713	8.000000	
	9.000000	0.648448	8.000000	
	9.000000	0.672901	8.000000	
	4.000000	0.500241	3.000000	
	7.000000	0.347747	6.000000	
	4.000000	0.304933	3.000000	
	6.000000	0.435506	5.000000	
	11.000000	0.369742	10.000000	
	10.000000	0.282938	9.000000	
	11.000000	0.698748	10.000000	
	11.000000	0.825087	10.000000	
	11.000000	0.826699	10.000000	
	11.000000	0.825485	10.000000	
	11.000000	0.814494	10.000000	
	8.000000	0.207200	7.000000	
	1.000000	0.417546	0.000000	
	8.000000	0.241790	7.000000	
	11.000000	0.532191	10.000000	
	4.000000	0.384549	3.000000	
	8.000000	0.321190	7.000000	
	9.000000	0.343045	8.000000	
	11.000000	0.483851	10.000000	
	5.000000	0.385886	4.000000	
	8.000000	0.507025	7.000000	
	8.000000	0.697726	7.000000	
	8.000000	0.692546	7.000000	
	8.000000	0.390804	7.000000	
	8.000000	0.541167	7.000000	
	8.000000	0.628369	7.000000	
	4.000000	0.510913	3.000000	
	4.000000	0.401758	3.000000	
	4.000000	0.568968	3.000000	
	7.000000	0.254116	6.000000	
	11.000000	0.660737	10.000000	
	11.000000	0.482622	10.000000	
	8.000000	0.473376	7.000000	
	11.000000	0.751817	10.000000	
	8.000000	0.404629	7.000000	
	1.000000	0.816129	0.000000	
	8.000000	0.583351	7.000000	
	7.000000	0.380419	6.000000	
	1.000000	0.681209	0.000000	
	1.000000	0.605804	0.000000	
	11.000000	0.522353	10.000000	
	11.000000	0.458928	10.000000	
	11.000000	0.498094	10.000000	
	11.000000	0.750465	10.000000	
	4.000000	0.593139	3.000000	
	4.000000	0.480123	3.000000	
	3.000000	0.229869	2.000000	
	4.000000	0.713563	3.000000	
	9.000000	0.481771	8.000000	
	9.000000	0.340441	8.000000	
	4.000000	0.628005	3.000000	
	1.000000	0.392935	0.000000	
	9.000000	0.453528	8.000000	
	9.000000	0.636126	8.000000	
	1.000000	0.545610	0.000000	
	11.000000	0.597375	10.000000	
	8.000000	0.326559	7.000000	
	11.000000	0.430827	10.000000	
	1.000000	0.590529	0.000000	
	9.000000	0.292561	8.000000	
	1.000000	0.873335	0.000000	
	11.000000	0.459541	10.000000	
	4.000000	0.621971	3.000000	
	6.000000	0.559697	5.000000	
	8.000000	0.656299	7.000000	
	8.000000	0.722194	7.000000	
	4.000000	0.389429	3.000000	
	1.000000	0.510236	0.000000	
	2.000000	0.536259	1.000000	
	6.000000	0.580307	5.000000	
	2.000000	0.407807	1.000000	
	9.000000	0.527592	8.000000	
	9.000000	0.514859	8.000000	
	11.000000	0.458351	10.000000	
	8.000000	0.350858	7.000000	
	11.000000	0.393931	10.000000	
	8.000000	0.359782	7.000000	
	8.000000	0.584419	7.000000	
	1.000000	0.659578	0.000000	
	1.000000	0.638653	0.000000	
	11.000000	0.216988	10.000000	
	1.000000	0.357372	0.000000	
	8.000000	0.278137	7.000000	
	9.000000	0.663419	8.000000	
	8.000000	0.658617	7.000000	
	4.000000	0.537958	3.000000	
	10.000000	0.417595	9.000000	
	1.000000	0.700644	0.000000	
	9.000000	0.667818	8.000000	
	9.000000	0.486497	8.000000	
	6.000000	0.658918	5.000000	
	4.000000	0.612216	3.000000	
	8.000000	0.681386	7.000000	
	11.000000	0.659552	10.000000	
	1.000000	0.407055	0.000000	
	1.000000	0.577213	0.000000	
	1.000000	0.473842	0.000000	
	1.000000	0.486202	0.000000	
	6.000000	0.483733	5.000000	
	4.000000	0.389083	3.000000	
	8.000000	0.356078	7.000000	
	4.000000	0.681071	3.000000	
	4.000000	0.446968	3.000000	
	4.000000	0.602543	3.000000	
	9.000000	0.518839	8.000000	
	6.000000	0.643366	5.000000	
	2.000000	0.392784	1.000000	
	11.000000	0.321367	10.000000	
	9.000000	0.383701	8.000000	
	4.000000	0.491290	3.000000	
	8.000000	0.531622	7.000000	
	4.000000	0.514592	3.000000	
	8.000000	0.254530	7.000000	
	8.000000	0.667601	7.000000	
	1.000000	0.472860	0.000000	
	4.000000	0.685674	3.000000	
	4.000000	0.556416	3.000000	
	4.000000	0.352356	3.000000	
	11.000000	0.459713	10.000000	
	4.000000	0.139614	3.000000	
	1.000000	0.450546	0.000000	
	1.000000	0.665238	0.000000	
	11.000000	0.478805	10.000000	
	1.000000	0.575031	0.000000	
	9.000000	0.616479	8.000000	
	6.000000	0.226005	5.000000	
	6.000000	0.217834	5.000000	
	6.000000	0.329118	5.000000	
	4.000000	0.556798	3.000000	
	6.000000	0.475933	5.000000	
	4.000000	0.396440	3.000000	
	11.000000	0.285815	10.000000	
	11.000000	0.654920	10.000000	
	8.000000	0.451927	7.000000	
	4.000000	0.458398	3.000000	
	11.000000	0.412135	10.000000	
	11.000000	0.312901	10.000000	
	11.000000	0.417003	10.000000	
	4.000000	0.550851	3.000000	
	4.000000	0.550538	3.000000	
	1.000000	0.538330	0.000000	
	1.000000	0.659648	0.000000	
	1.000000	0.543788	0.000000	
	1.000000	0.574375	0.000000	
	1.000000	0.710674	0.000000	
	9.000000	0.563934	8.000000	
	9.000000	0.754594	8.000000	
	4.000000	0.740197	3.000000	
	4.000000	0.392829	3.000000	
	4.000000	0.444113	3.000000	
	8.000000	0.601163	7.000000	
	1.000000	0.786344	0.000000	
	8.000000	0.691076	7.000000	
	8.000000	0.557273	7.000000	
	8.000000	0.406373	7.000000	
	8.000000	0.421876	7.000000	
	1.000000	0.595845	0.000000	
	6.000000	0.494830	5.000000	
	4.000000	0.559339	3.000000	
	4.000000	0.682758	3.000000	
	9.000000	0.313649	8.000000	
	9.000000	0.685616	8.000000	
	5.000000	0.440050	4.000000	
	9.000000	0.550724	8.000000	
	9.000000	0.774547	8.000000	
	4.000000	0.783137	3.000000	
	8.000000	0.724441	7.000000	
	1.000000	0.599869	0.000000	
	1.000000	0.547830	0.000000	
	8.000000	0.484169	7.000000	
	4.000000	0.608554	3.000000	
	1.000000	0.288847	0.000000	
	1.000000	0.750457	0.000000	
	6.000000	0.326894	5.000000	
	4.000000	0.680353	3.000000	
	8.000000	0.434348	7.000000	
	7.000000	0.520235	6.000000	
	1.000000	0.688681	0.000000	
	11.000000	0.470556	10.000000	
	2.000000	0.519976	1.000000	
	2.000000	0.459448	1.000000	
	9.000000	0.432758	8.000000	
	1.000000	0.548260	0.000000	
	11.000000	0.701293	10.000000	
	1.000000	0.622650	0.000000	
	4.000000	0.494442	3.000000	
	4.000000	0.685859	3.000000	
	4.000000	0.560575	3.000000	
	11.000000	0.388018	10.000000	
	9.000000	0.607139	8.000000	
	1.000000	0.570782	0.000000	
	1.000000	0.500897	0.000000	
	4.000000	0.544251	3.000000	
	2.000000	0.701639	1.000000	
	4.000000	0.648297	3.000000	
	4.000000	0.610592	3.000000	
	7.000000	0.432047	6.000000	
	4.000000	0.607804	3.000000	
	4.000000	0.652368	3.000000	
	4.000000	0.462305	3.000000	
	9.000000	0.379699	8.000000	
	9.000000	0.666539	8.000000	
	9.000000	0.452776	8.000000	
	9.000000	0.637453	8.000000	
	4.000000	0.580470	3.000000	
	4.000000	0.477848	3.000000	
	5.000000	0.158398	4.000000	
	7.000000	0.348029	6.000000	
	7.000000	0.297353	6.000000	
	12.000000	0.467753	11.000000	
	1.000000	0.561815	0.000000	
	1.000000	0.790653	0.000000	
	1.000000	0.372704	0.000000	
	4.000000	0.541489	3.000000	
	4.000000	0.678860	3.000000	
	9.000000	0.581720	8.000000	
	4.000000	0.686527	3.000000	
	11.000000	0.599749	10.000000	
	7.000000	0.547761	6.000000	
	12.000000	0.573204	11.000000	
	11.000000	0.581771	10.000000	
	11.000000	0.564834	10.000000	
	7.000000	0.304307	6.000000	
	4.000000	0.267664	3.000000	
	4.000000	0.461467	3.000000	
	4.000000	0.546889	3.000000	
	11.000000	0.367280	10.000000	
	4.000000	0.347732	3.000000	
	1.000000	0.341092	0.000000	
	6.000000	0.524800	5.000000	
	1.000000	0.599000	0.000000	
	1.000000	0.669091	0.000000	
	9.000000	0.627682	8.000000	
	6.000000	0.328640	5.000000	
	6.000000	0.400343	5.000000	
	6.000000	0.289455	5.000000	
	8.000000	0.235195	7.000000	
	6.000000	0.503118	5.000000	
	4.000000	0.540813	3.000000	
	9.000000	0.430355	8.000000	
	7.000000	0.638794	6.000000	
	9.000000	0.457438	8.000000	
	5.000000	0.239857	4.000000	
	11.000000	0.326792	10.000000	
	11.000000	0.342968	10.000000	
	4.000000	0.434573	3.000000	
	4.000000	0.518980	3.000000	
	4.000000	0.558414	3.000000	
	1.000000	0.540644	0.000000	
	1.000000	0.840126	0.000000	
	1.000000	0.660565	0.000000	
	1.000000	0.784440	0.000000	
	1.000000	0.726347	0.000000	
	9.000000	0.717503	8.000000	
	9.000000	0.697603	8.000000	
	9.000000	0.699105	8.000000	
	4.000000	0.436377	3.000000	
	8.000000	0.330766	7.000000	
	4.000000	0.458160	3.000000	
	8.000000	0.739675	7.000000	
	8.000000	0.750418	7.000000	
	1.000000	0.440298	0.000000	
	8.000000	0.368048	7.000000	
	8.000000	0.459490	7.000000	
	1.000000	0.789020	0.000000	
	4.000000	0.646999	3.000000	
	3.000000	0.372628	2.000000	
	1.000000	0.532608	0.000000	
	4.000000	0.344718	3.000000	
	1.000000	0.324638	0.000000	
	9.000000	0.677538	8.000000	
	9.000000	0.647748	8.000000	
	1.000000	0.528395	0.000000	
	11.000000	0.732586	10.000000	
	8.000000	0.630975	7.000000	
	1.000000	0.588794	0.000000	
	11.000000	0.519597	10.000000	
	8.000000	0.609931	7.000000	
	11.000000	0.554137	10.000000	
	1.000000	0.555775	0.000000	
	1.000000	0.694507	0.000000	
	6.000000	0.706178	5.000000	
	4.000000	0.693670	3.000000	
	4.000000	0.572182	3.000000	
	11.000000	0.457351	10.000000	
	1.000000	0.475334	0.000000	
	2.000000	0.407053	1.000000	
	2.000000	0.520421	1.000000	
	2.000000	0.529749	1.000000	
	4.000000	0.350580	3.000000	
	8.000000	0.542479	7.000000	
	6.000000	0.398440	5.000000	
	8.000000	0.515550	7.000000	
	4.000000	0.436884	3.000000	
	4.000000	0.655794	3.000000	
	4.000000	0.622793	3.000000	
	11.000000	0.472717	10.000000	
	9.000000	0.565892	8.000000	
	8.000000	0.558313	7.000000	
	1.000000	0.374792	0.000000	
	11.000000	0.534471	10.000000	
	11.000000	0.590480	10.000000	
	4.000000	0.518161	3.000000	
	4.000000	0.414167	3.000000	
	4.000000	0.487792	3.000000	
	6.000000	0.697283	5.000000	
	8.000000	0.538565	7.000000	
	8.000000	0.535979	7.000000	
	11.000000	0.516407	10.000000	
	7.000000	0.460482	6.000000	
	4.000000	0.362532	3.000000	
	6.000000	0.658970	5.000000	
	8.000000	0.786784	7.000000	
	4.000000	0.616840	3.000000	
	7.000000	0.201477	6.000000	
	8.000000	0.684515	7.000000	
	4.000000	0.438438	3.000000	
	4.000000	0.738598	3.000000	
	4.000000	0.793396	3.000000	
	4.000000	0.638262	3.000000	
	8.000000	0.365074	7.000000	
	8.000000	0.391036	7.000000	
	9.000000	0.602010	8.000000	
	9.000000	0.456736	8.000000	
	9.000000	0.429682	8.000000	
	7.000000	0.477880	6.000000	
	7.000000	0.486860	6.000000	
	11.000000	0.555613	10.000000	
	7.000000	0.497879	6.000000	
	7.000000	0.389605	6.000000	
	7.000000	0.351774	6.000000	
	1.000000	0.263764	0.000000	
	7.000000	0.391944	6.000000	
	9.000000	0.624550	8.000000	
	4.000000	0.236075	3.000000	
	4.000000	0.559590	3.000000	
	8.000000	0.484675	7.000000	
	7.000000	0.318825	6.000000	
	7.000000	0.303355	6.000000	
	11.000000	0.342102	10.000000	
	3.000000	0.201014	2.000000	
	8.000000	0.573956	7.000000	
	4.000000	0.788983	3.000000	
	8.000000	0.821292	7.000000	
	8.000000	0.877675	7.000000	
	8.000000	0.830652	7.000000	
	8.000000	0.596749	7.000000	
	8.000000	0.525938	7.000000	
	1.000000	0.462967	0.000000	
	8.000000	0.626336	7.000000	
	8.000000	0.709414	7.000000	
	8.000000	0.693189	7.000000	
	8.000000	0.699263	7.000000	
	8.000000	0.702036	7.000000	
	8.000000	0.683418	7.000000	
	8.000000	0.721829	7.000000	
