_Mode		
	-0.049087	
	-0.101203	
	0.137639	
	-0.096700	
	-0.091259	
	-0.072303	
	-0.096542	
	-0.053362	
	-0.266603	
	-0.160299	
	-0.108498	
	-0.115270	
	0.078941	
	-0.006045	
	-0.153145	
	-0.002188	
	-0.029784	
	-0.070924	
	0.179809	
	-0.169004	
	-0.172880	
	-0.144479	
	-0.219535	
	-0.206160	
	0.056164	
	-0.110483	
	-0.153099	
	0.034720	
	-0.106389	
	-0.046594	
	-0.088026	
	-0.029869	
	-0.063948	
	-0.069230	
	0.026907	
	0.068050	
	-0.038598	
	-0.254378	
	-0.083947	
	-0.061450	
	-0.059616	
	-0.018698	
	0.024365	
	0.052544	
	0.065931	
	0.026395	
	0.083320	
	0.037897	
	-0.118887	
	-0.043548	
	-0.042875	
	-0.075183	
	0.030214	
	-0.117421	
	-0.137030	
	-0.025301	
	0.049197	
	0.056769	
	-0.099158	
	0.038812	
	-0.198995	
	0.042324	
	0.054311	
	-0.113298	
	0.020024	
	-0.215222	
	-0.257753	
	0.029710	
	-0.088470	
	-0.001946	
	0.086975	
	-0.000199	
	0.078476	
	-0.011473	
	-0.065668	
	0.020505	
	-0.076460	
	0.116390	
	0.094621	
	0.010587	
	-0.148376	
	-0.031300	
	0.016982	
	-0.089010	
	0.040067	
	0.039955	
	-0.002266	
	0.069233	
	-0.036301	
	0.020722	
	-0.018748	
	0.054400	
	-0.033149	
	0.015501	
	-0.233880	
	0.014314	
	-0.041297	
	-0.006897	
	-0.138241	
	0.057241	
	-0.136641	
	0.049391	
	-0.286800	
	0.136359	
	0.019380	
	0.008334	
	0.042736	
	0.031033	
	0.036306	
	0.050010	
	-0.165380	
	-0.093240	
	-0.104044	
	0.048868	
	-0.047482	
	-0.200673	
	-0.072704	
	0.060036	
	-0.019855	
	0.020553	
	-0.089062	
	-0.001950	
	-0.013394	
	-0.074381	
	0.024194	
	-0.004636	
	-0.074199	
	0.026884	
	-0.121411	
	-0.209273	
	-0.068170	
	0.094168	
	0.059174	
	0.017917	
	-0.136130	
	0.082941	
	0.055687	
	-0.001482	
	0.006235	
	0.097004	
	0.009248	
	0.100667	
	0.063500	
	-0.012202	
	-0.040798	
	0.066863	
	-0.086137	
	-0.080718	
	-0.109145	
	-0.014431	
	-0.118175	
	-0.113599	
	-0.032078	
	0.069666	
	0.008636	
	0.078777	
	-0.009709	
	-0.028061	
	-0.081752	
	0.009512	
	-0.199153	
	0.026057	
	-0.186085	
	0.163678	
	-0.083532	
	-0.026973	
	0.014373	
	-0.081288	
	0.212449	
	0.002836	
	-0.008871	
	0.040980	
	-0.140792	
	0.016684	
	-0.049941	
	0.030829	
	0.115349	
	0.204253	
	-0.049365	
	-0.002071	
	-0.108906	
	0.027242	
	0.021926	
	0.041778	
	0.005376	
	0.035983	
	0.049464	
	0.188660	
	-0.066394	
	-0.005242	
	-0.005692	
	0.041531	
	-0.291792	
	-0.075920	
	-0.054637	
	0.074750	
	0.159138	
	0.122565	
	-0.127807	
	-0.104601	
	-0.316957	
	-0.040563	
	-0.294079	
	-0.112393	
	0.034966	
	0.006992	
	-0.034867	
	-0.011989	
	-0.064179	
	0.012484	
	-0.013745	
	0.115788	
	0.026786	
	-0.043496	
	-0.095626	
	-0.153300	
	-0.256060	
	-0.278038	
	-0.237839	
	-0.155209	
	-0.008114	
	-0.215833	
	-0.092790	
	-0.029281	
	0.026197	
	0.001851	
	-0.134354	
	-0.081883	
	0.112766	
	0.188593	
	-0.051124	
	-0.189110	
	0.049232	
	-0.109752	
	-0.057579	
	-0.045352	
	-0.078225	
	0.124194	
	0.034222	
	-0.066133	
	-0.036450	
	0.206033	
	-0.082276	
	-0.059932	
	-0.041731	
	0.086408	
	0.015430	
	0.190442	
	0.099081	
	-0.153464	
	-0.022020	
	-0.059191	
	-0.105634	
	-0.225762	
	-0.190428	
	0.043467	
	0.049899	
	-0.169883	
	-0.021506	
	-0.032684	
	0.042805	
	-0.027228	
	0.062844	
	0.081617	
	-0.069186	
	-0.037048	
	-0.102035	
	0.075797	
	0.039031	
	-0.021903	
	-0.019109	
	0.078740	
	-0.034029	
	0.008341	
	0.111853	
	-0.071184	
	-0.093130	
	0.023883	
	-0.339752	
	-0.230347	
	-0.041299	
	0.007383	
	-0.121088	
	-0.074911	
	0.001230	
	-0.123774	
	-0.023544	
	0.103265	
	0.096715	
	-0.059122	
	0.158157	
	0.088775	
	0.024624	
	0.018984	
	-0.103458	
	0.014046	
	-0.014544	
	-0.167391	
	-0.098789	
	-0.090725	
	0.042808	
	-0.035812	
	-0.002434	
	0.008188	
	0.159259	
	0.071444	
	0.057883	
	-0.058490	
	-0.032921	
	-0.056763	
	-0.151096	
	0.057889	
	-0.043266	
	0.030905	
	-0.050940	
	-0.085870	
	0.078206	
	-0.025554	
	-0.036292	
	-0.117703	
	0.064424	
	-0.072834	
	0.006630	
	0.055462	
	-0.066911	
	-0.079515	
	-0.089483	
	0.059036	
	-0.077647	
	-0.110697	
	-0.116005	
	0.078498	
	0.060031	
	-0.002605	
	-0.128244	
	-0.013505	
	0.046523	
	0.120369	
	0.111397	
	-0.054515	
	-0.108261	
	-0.090538	
	-0.028420	
	0.006485	
	-0.143099	
	0.076738	
	0.019033	
	-0.050116	
	-0.125914	
	0.075603	
	0.190178	
	0.041209	
	0.053405	
	-0.045736	
	-0.157157	
	0.042440	
	0.198102	
	0.013265	
	0.058234	
	-0.064417	
	-0.118254	
	0.013106	
	-0.039077	
	-0.139797	
	0.001188	
	0.058581	
	0.040042	
	-0.008736	
	-0.005483	
	0.100483	
	-0.019333	
	-0.050361	
	-0.069704	
	-0.134713	
	-0.150470	
	-0.079193	
	-0.058554	
	-0.308559	
	-0.034950	
	-0.017130	
	-0.254230	
	-0.142389	
	0.161480	
	-0.159392	
	-0.212401	
	0.164998	
	0.241718	
	-0.076814	
	-0.072985	
	0.196654	
	-0.028146	
	-0.082862	
	-0.098112	
	-0.207285	
	-0.073729	
	0.192781	
	-0.181133	
	0.115936	
	-0.070306	
	0.070554	
	-0.090655	
	0.131024	
	-0.095381	
