_Brightness		
	NaN	
	NaN	
	NaN	
	NaN	
	NaN	
	NaN	
	NaN	
	NaN	
	NaN	
	NaN	
	NaN	
	NaN	
	NaN	
	NaN	
	NaN	
	NaN	
	NaN	
	NaN	
	NaN	
	NaN	
	NaN	
	NaN	
	NaN	
	NaN	
	NaN	
	NaN	
	NaN	
	NaN	
	NaN	
	NaN	
	NaN	
	NaN	
	NaN	
	NaN	
	NaN	
	NaN	
	NaN	
	NaN	
	NaN	
	NaN	
	NaN	
	NaN	
	NaN	
	NaN	
	NaN	
	0.404608	
	0.383271	
	0.371948	
	0.299599	
	0.348880	
	0.450499	
	0.511272	
	0.522636	
	0.520673	
	0.562890	
	0.500103	
	0.491976	
	0.505834	
	0.502595	
	0.481118	
	0.498042	
	0.472571	
	0.443106	
	0.375208	
	0.350837	
	0.380691	
	0.403086	
	0.378220	
	0.405083	
	0.398061	
	0.503000	
	0.259583	
	0.198809	
	0.258055	
	0.328587	
	0.354048	
	0.393258	
	0.505739	
	0.447503	
	0.669819	
	0.519795	
	0.482019	
	0.487710	
	0.483091	
	0.467226	
	0.450525	
	0.457361	
	0.466764	
	0.457710	
	0.480687	
	0.491936	
	0.478204	
	0.431349	
	0.484599	
	0.517731	
	0.494859	
	0.434358	
	0.470296	
	0.488027	
	0.464404	
	0.395115	
	0.460917	
	0.569405	
	0.577136	
	0.579205	
	0.620774	
	0.597519	
	0.600045	
	0.652706	
	0.584773	
	0.416335	
	0.402533	
	0.330650	
	0.422814	
	0.490154	
	0.535959	
	0.583449	
	0.602071	
	0.588125	
	0.607126	
	0.576772	
	0.559068	
	0.561075	
	0.556871	
	0.563073	
	0.560861	
	0.569517	
	0.601165	
	0.600421	
	0.589070	
	0.579828	
	0.565711	
	0.516314	
	0.523376	
	0.572845	
	0.457985	
	0.281703	
	0.438960	
	0.496883	
	0.559129	
	0.516197	
	0.563675	
	0.537146	
	0.653368	
	0.572190	
	0.593583	
	0.580543	
	0.597635	
	0.614812	
	0.649074	
	0.644267	
	0.689429	
	0.641708	
	0.632554	
	0.528176	
	0.445794	
	0.554970	
	0.547733	
	0.499289	
	0.541028	
	0.500171	
	0.563514	
	0.452508	
	0.498534	
	0.563365	
	0.574686	
	0.570724	
	0.556945	
	0.567157	
	0.643969	
	0.628631	
	0.546902	
	0.585741	
	0.556091	
	0.338372	
	0.326470	
	0.393898	
	0.392773	
	0.401993	
	0.401326	
	0.389438	
	0.374851	
	0.381868	
	0.366709	
	0.402107	
	0.422969	
	0.411369	
	0.387586	
	0.315215	
	0.432024	
	0.446736	
	0.452578	
	0.462335	
	0.444337	
	0.442470	
	0.475353	
	0.461151	
	0.491489	
	0.448977	
	0.280101	
	0.359548	
	0.395018	
	0.380027	
	0.337315	
	0.535793	
	0.602422	
	0.376035	
	0.291988	
	0.394208	
	0.323902	
	0.396951	
	0.410102	
	0.339235	
	0.392701	
	0.361852	
	0.362970	
	0.395256	
	0.368937	
	0.318835	
	0.324181	
	0.376807	
	0.415514	
	0.442094	
	0.440866	
	0.445826	
	0.469027	
	0.457737	
	0.439932	
	0.474735	
	0.465377	
	0.447907	
	0.443014	
	0.426247	
	0.451118	
	0.493129	
	0.491590	
	0.496680	
	0.482166	
	0.391839	
	0.335540	
	0.327883	
	0.361216	
	0.366140	
	0.371625	
	0.374976	
	0.373310	
	0.386332	
	0.391862	
	0.367139	
	0.401358	
	0.384192	
	0.377591	
	0.378447	
	0.360018	
	0.337067	
	0.340512	
	0.339475	
	0.324771	
	0.351105	
	0.341441	
	0.323847	
	0.296135	
	0.279013	
	0.301034	
	0.311662	
	0.353146	
	0.361109	
	0.352349	
	0.324205	
	0.313376	
	0.324781	
	0.347170	
	0.342120	
	0.321465	
	0.330280	
	0.318633	
	0.321320	
	0.335445	
	0.337484	
	0.354795	
	0.314970	
	0.297613	
	0.332380	
	0.348770	
	0.329744	
	0.364796	
	0.353417	
	0.326594	
	0.311202	
	0.286050	
	0.274390	
	0.294216	
	0.328348	
	0.406759	
	0.410899	
	0.426965	
	0.410548	
	0.393688	
	0.403465	
	0.400844	
	0.356339	
	0.247516	
	0.263131	
	0.336116	
	0.357448	
	0.365938	
	0.427637	
	0.406405	
	0.446578	
	0.464316	
	0.446071	
	0.468949	
	0.444052	
	0.477870	
	0.473044	
	0.511067	
	0.444259	
	0.424627	
	0.493058	
	0.506931	
	0.512979	
	0.508715	
	0.460010	
	0.448049	
	0.482895	
	0.516082	
	0.475725	
	0.499778	
	0.396585	
	0.375003	
	0.426495	
	0.446966	
	0.471002	
	0.428947	
	0.622831	
	0.626294	
	0.624055	
	0.644986	
	0.589918	
	0.546472	
	0.563755	
	0.561719	
	0.545300	
	0.500539	
	0.494468	
	0.552784	
	0.480071	
	0.474015	
	0.578151	
	0.595762	
	0.562269	
	0.473406	
	0.449561	
	0.453834	
	0.427244	
	0.405217	
	0.471251	
	0.554176	
	0.570418	
	0.555953	
	0.604234	
	0.634631	
	0.645104	
	0.609488	
	0.575366	
	0.348877	
	0.352052	
	0.416984	
	0.413316	
	0.387452	
	0.448071	
	0.455506	
	0.494768	
	0.496356	
	0.513357	
	0.487022	
	0.513725	
	0.503995	
	0.557088	
	0.543847	
	0.550243	
	0.608205	
	0.593464	
	0.596076	
	0.622693	
	0.614702	
	0.605059	
	0.554458	
	0.532389	
	0.548816	
	0.281862	
	0.354330	
	0.476828	
	0.517741	
	0.531202	
	0.523199	
	0.524620	
	0.665553	
	0.646943	
	0.661535	
	0.634520	
	0.603165	
	0.634181	
	0.594621	
	0.636296	
	0.645590	
	0.583931	
	0.575345	
	0.516073	
	0.477554	
	0.548749	
	0.598966	
	0.604574	
	0.462967	
	0.444551	
	0.423730	
	0.371922	
	0.456771	
	0.485770	
	0.477624	
	0.493695	
	0.506772	
	0.500555	
	0.536313	
	0.567656	
	0.566385	
	0.526397	
	0.538985	
	0.506697	
	0.284417	
	0.340852	
	0.353485	
	0.373813	
	0.392808	
	0.400652	
	0.365350	
	0.412157	
	0.382971	
	0.375374	
	0.383130	
	0.393428	
	0.406473	
	0.409272	
	0.399739	
	0.437934	
	0.453784	
	0.450243	
	0.440233	
	0.429192	
	0.440076	
	0.453778	
	0.454374	
	0.442647	
	0.271962	
	0.338161	
	0.366768	
	0.426695	
	0.458302	
	0.484988	
	0.534762	
	0.628192	
	0.495249	
	0.458594	
	0.432907	
	0.434434	
	0.458862	
	0.455468	
	0.474729	
	0.445080	
	0.435501	
	0.447546	
	0.477588	
	0.475571	
	0.482777	
	0.396550	
	0.335891	
	0.389684	
	0.376433	
	0.475590	
	0.482098	
	0.489437	
	0.526953	
	0.518273	
	0.596227	
	0.535027	
	0.556061	
	0.541759	
	0.559870	
	0.547924	
	0.608621	
	0.611439	
	0.545705	
	0.352100	
	0.369338	
	0.410573	
	0.425263	
	0.396683	
	0.395875	
	0.396750	
	0.429418	
	0.399880	
	0.438008	
	0.352538	
	0.359591	
	0.350260	
	0.374176	
	0.400968	
	0.407918	
	0.409035	
	0.419424	
	0.400876	
	0.399574	
	0.410801	
	0.400771	
	0.365085	
	0.406726	
	0.394786	
	0.412294	
	0.420845	
	0.446257	
	0.410538	
	0.438279	
	0.439767	
	0.420004	
	0.393935	
	0.445529	
	0.503316	
	0.499264	
	0.488408	
	0.474172	
	0.418813	
	0.421259	
	0.406258	
	0.426589	
	0.404359	
	0.419232	
	0.430977	
	0.422414	
	0.405641	
	0.415022	
	0.527515	
	0.581914	
	0.544856	
	0.535981	
	0.547734	
	0.508427	
	0.478146	
	0.477387	
	0.482491	
	0.482155	
	0.441831	
	0.464068	
	0.479670	
	0.369431	
	0.314317	
	0.322724	
	0.365020	
	0.220343	
	0.386615	
	0.485940	
	0.460825	
	0.458401	
	0.491265	
	0.481693	
	0.527623	
	0.523281	
	0.504320	
	0.397671	
	0.288987	
	0.303876	
	0.282880	
	0.274986	
	0.271725	
	0.575567	
	0.400414	
	0.496479	
	0.542820	
	0.522822	
	0.493420	
	0.491949	
	0.469192	
	0.393447	
	0.380337	
	0.368200	
	0.347955	
	0.307879	
	0.223710	
	0.262170	
	0.558464	
	0.620056	
	0.501148	
	0.441384	
	0.390262	
	0.358041	
	0.315039	
	0.314292	
	0.367797	
	0.337905	
	0.362809	
	0.357572	
	0.276477	
	0.357810	
	0.758965	
	0.921078	
	0.910669	
	0.667974	
	0.469747	
	0.450959	
	0.416434	
	0.368948	
	0.404616	
	0.383176	
	0.390726	
	0.422406	
	0.384745	
	0.458018	
	0.868812	
	0.924611	
	0.934866	
	0.941227	
	0.795276	
	0.411623	
	0.461252	
	0.429317	
	0.444525	
	0.402572	
	0.327993	
	0.250773	
	0.266692	
	0.246250	
	0.213055	
	0.250080	
	0.282141	
	0.352810	
	0.367922	
	0.462082	
	0.460312	
	0.266232	
	0.275301	
	0.262806	
	0.237987	
	0.279616	
	0.255041	
	0.253756	
	0.243378	
	0.317197	
	0.298721	
	0.273855	
	0.183507	
	0.157177	
	0.187726	
	0.555839	
	0.470320	
	0.382862	
	0.339812	
	0.378061	
	0.422329	
	0.445134	
	0.455855	
	0.460768	
	0.409765	
	0.393951	
	0.441168	
	0.416533	
	0.402459	
	0.391090	
	0.459161	
	0.517483	
	0.351339	
	0.291134	
	0.385978	
	0.450881	
	0.449897	
	0.493277	
	0.474790	
	0.497296	
	0.306910	
	0.273665	
	0.390830	
	0.545808	
	0.611205	
	0.826001	
	0.621013	
	0.525727	
	0.408979	
	0.448008	
	0.421230	
	0.369425	
	0.361591	
	0.347917	
	0.315595	
	0.374121	
	0.381897	
	0.343737	
	0.220915	
	0.169750	
	0.182349	
	0.208087	
	0.477481	
	0.333696	
	0.241959	
	0.211337	
	0.192294	
	0.182092	
	0.164084	
	0.165208	
	0.145340	
	0.211066	
	0.113855	
	0.161431	
	0.221013	
	0.242561	
	0.180495	
	0.579669	
	0.614753	
	0.617654	
	0.567080	
	0.523985	
	0.446977	
	0.300447	
	0.283305	
	0.294706	
	0.258347	
	0.373033	
	0.263149	
	0.327170	
	0.329021	
	0.474969	
	0.534202	
	0.499322	
	0.476447	
	0.583777	
	0.529786	
	0.440043	
	0.399109	
	0.375589	
	0.389569	
	0.428717	
	0.435160	
	0.488834	
	0.428382	
	0.433421	
	0.552009	
	0.660064	
	0.679577	
	0.737750	
	0.695736	
	0.485112	
	0.391123	
	0.430603	
	0.376029	
	0.409520	
	0.409212	
	0.405911	
	0.372827	
	0.427149	
	0.384239	
	0.268134	
	0.170409	
	0.179638	
	0.186306	
	0.335653	
	0.429675	
	0.473567	
	0.397178	
	0.330379	
	0.317304	
	0.294307	
	0.306759	
	0.307956	
	0.447048	
	0.267779	
	0.187400	
	0.297005	
	0.308411	
	0.315317	
	0.334854	
	0.590466	
	0.578644	
	0.605993	
	0.369749	
	0.474542	
	0.453324	
	0.403336	
	0.336869	
	0.369920	
	0.491717	
	0.455662	
	0.394498	
	0.351159	
	0.349547	
	0.343326	
	0.363106	
	0.454847	
	0.610429	
	0.431292	
	0.341117	
	0.357458	
	0.435582	
	0.511631	
	0.550868	
	0.568220	
	0.586155	
	0.648242	
	0.618919	
	0.533855	
	0.400310	
	0.380322	
	0.375553	
	0.392684	
	0.743341	
	0.438158	
	0.432665	
	0.433689	
	0.439688	
	0.467885	
	0.477700	
	0.454238	
	0.457574	
	0.464396	
	0.483800	
	0.477406	
	0.471368	
	0.476259	
	0.476677	
	0.448184	
	0.473151	
	0.501047	
	0.502641	
	0.514059	
	0.500238	
	0.481548	
	0.517971	
	0.458323	
	0.469577	
	0.386555	
	0.278468	
	0.249109	
	0.215227	
	0.236528	
	0.297887	
	0.240019	
	0.426808	
	0.566917	
	0.543039	
	0.530281	
	0.509406	
	0.483290	
	0.381362	
	0.307704	
	0.338592	
	0.298111	
	0.282209	
	0.254626	
	0.344282	
	0.845074	
	0.924031	
	0.704056	
	0.653795	
	0.512968	
	0.507854	
	0.517113	
	0.498887	
	0.474339	
	0.476123	
	0.496973	
	0.513442	
	0.511205	
	0.471336	
	0.502303	
	0.513307	
	0.539373	
	0.581482	
	0.541961	
	0.409521	
	0.323540	
	0.299917	
	0.279001	
	0.301091	
	0.314889	
	0.299969	
	0.331013	
	0.352519	
	0.339445	
	0.341452	
	0.358593	
	0.408255	
	0.411010	
	0.405660	
	0.427736	
	0.476791	
	0.520889	
	0.493499	
	0.492059	
	0.509426	
	0.501396	
	0.509032	
	0.482639	
	0.353113	
	0.322935	
	0.416489	
	0.711720	
	0.890611	
	0.911082	
	0.899899	
	0.793195	
	0.639673	
	0.581945	
	0.560234	
	0.522820	
	0.453020	
	0.430440	
	0.427304	
	0.383314	
	0.376088	
	0.316069	
	0.298686	
	0.325708	
	0.316274	
	0.320264	
	0.325866	
	0.426656	
	0.405713	
	0.470408	
	0.440178	
	0.537387	
	0.612419	
	0.636335	
	0.660930	
	0.643840	
	0.648242	
	0.593651	
	0.473025	
	0.413042	
	0.408663	
	0.427162	
	0.379360	
	0.353045	
	0.260139	
	0.322131	
	0.439803	
	0.439651	
	0.488057	
	0.594172	
	0.839712	
	0.885003	
	0.890642	
	0.912752	
	0.791596	
	0.469231	
	0.520046	
	0.508070	
	0.513957	
	0.537480	
	0.363935	
	0.271821	
	0.279731	
	0.245854	
	0.224761	
	0.299767	
	0.491283	
	0.530370	
	0.513199	
	0.464571	
	0.727126	
	0.875231	
	0.906223	
	0.908015	
	0.907190	
	0.760068	
	0.599826	
	0.530748	
	0.512219	
	0.475090	
	0.488476	
	0.490712	
	0.454697	
	0.436116	
	0.450805	
	0.497797	
	0.588026	
	0.452555	
	0.326148	
	0.412887	
	0.512745	
	0.586543	
	0.612893	
	0.650074	
	0.658667	
	0.703876	
	0.698402	
	0.662755	
	0.621767	
	0.604903	
	0.605395	
	0.618082	
	0.701211	
	0.695095	
	0.573557	
	0.612780	
	0.682492	
	0.561299	
	0.522038	
	0.505679	
	0.503207	
	0.467023	
	0.446519	
	0.437729	
	0.413578	
	0.402571	
	0.393957	
	0.412233	
	0.443424	
	0.429989	
	0.459759	
	0.346631	
	0.336630	
	0.355333	
	0.340945	
	0.335555	
	0.373669	
	0.385986	
	0.403744	
	0.403551	
	0.363881	
	0.344177	
	0.369101	
	0.370093	
	0.414128	
	0.433518	
	0.386365	
	0.460185	
	0.651670	
	0.469986	
	0.433748	
	0.434449	
	0.454687	
	0.488039	
	0.503082	
	0.482555	
	0.475646	
	0.494103	
	0.431606	
	0.330580	
	0.334906	
	0.280108	
	0.335786	
	0.403096	
	0.436920	
	0.418618	
	0.390748	
	0.417959	
	0.414041	
	0.413015	
	0.411294	
	0.434867	
	0.454226	
	0.542334	
	0.741611	
	0.803955	
	0.825339	
	0.847408	
	0.860695	
	0.629784	
	0.561613	
	0.475897	
	0.470319	
	0.408262	
	0.373043	
	0.330483	
	0.355484	
	0.415507	
	0.509303	
	0.535696	
	0.791777	
	0.850800	
	0.860176	
	0.854780	
	0.837084	
	0.638266	
	0.626835	
	0.664908	
	0.556570	
	0.523313	
	0.498901	
	0.454327	
	0.413971	
	0.351786	
	0.375124	
	0.314504	
	0.270887	
	0.280598	
	0.355275	
	0.363079	
	0.398098	
	0.394097	
	0.349079	
	0.469037	
	0.331291	
	0.293186	
	0.296147	
	0.328085	
	0.389303	
	0.447778	
	0.411963	
	0.490045	
	0.421356	
	0.331187	
	0.343272	
	0.355097	
	0.459736	
	0.648820	
	0.687899	
	0.651932	
	0.587834	
	0.358161	
	0.299149	
	0.338480	
	0.496207	
	0.464898	
	0.378403	
	0.359989	
	0.351146	
	0.337101	
	0.388178	
	0.292549	
	0.323557	
	0.253662	
	0.234910	
	0.195937	
	0.219123	
	0.213260	
	0.247712	
	0.325941	
	0.401668	
	0.465367	
	0.555980	
	0.577246	
	0.527964	
	0.459024	
	0.437183	
	0.463131	
	0.524825	
	0.558260	
	0.593852	
	0.549775	
	0.529049	
	0.503496	
	0.505229	
	0.486187	
	0.394454	
	0.342204	
	0.287335	
	0.186028	
	0.248692	
	0.222011	
	0.225638	
	0.293293	
	0.282765	
	0.293498	
	0.472993	
	0.448171	
	0.436723	
	0.450614	
	0.415517	
	0.366812	
	0.350455	
	0.377389	
	0.397858	
	0.310495	
	0.358661	
	0.337159	
	0.355673	
	0.373910	
	0.378612	
	0.440527	
	0.617842	
	0.422227	
	0.327836	
	0.300247	
	0.289759	
	0.315042	
	0.301221	
	0.311195	
	0.351609	
	0.364195	
	0.524099	
	0.574177	
	0.575504	
	0.898556	
	0.947434	
	0.956966	
	0.863700	
	0.757992	
	0.465742	
	0.306073	
	0.279767	
	0.296334	
	0.266044	
	0.324557	
	0.348800	
	0.404929	
	0.356146	
	0.347942	
	0.342515	
	0.364517	
	0.455010	
	0.464528	
	0.480773	
	0.442442	
	0.454879	
	0.702348	
	0.884923	
	0.923029	
	0.930403	
	0.870529	
	0.502476	
	0.315198	
	0.377484	
	0.444463	
	0.842464	
	0.913320	
	0.918008	
	0.906653	
	0.670935	
	0.508549	
	0.493579	
	0.420308	
	0.395823	
	0.350249	
	0.356777	
	0.337114	
	0.421832	
	0.351150	
	0.337436	
	0.283765	
	0.268936	
	0.278662	
	0.289835	
	0.329938	
	0.356465	
	0.307502	
	0.310030	
	0.282000	
	0.289880	
	0.268794	
	0.244214	
	0.263251	
	0.282123	
	0.277131	
	0.277335	
	0.249289	
	0.299344	
	0.577199	
	0.581087	
	0.512438	
	0.510014	
	0.275132	
	0.252359	
	0.175402	
	0.198417	
	0.227566	
	0.251287	
	0.252974	
	0.290906	
	0.287724	
	0.330278	
	0.310660	
	0.322039	
	0.352056	
	0.337898	
	0.355098	
	0.378925	
	0.474844	
	0.440562	
	0.383253	
	0.358528	
	0.344336	
	0.374474	
	0.353762	
	0.478546	
	0.237239	
	0.236639	
	0.269547	
	0.308013	
	0.346283	
	0.522081	
	0.511686	
	0.567391	
	0.606043	
	0.588964	
	0.596372	
	0.563142	
	0.547075	
	0.496907	
	0.486272	
	0.491467	
	0.472951	
	0.439399	
	0.437027	
	0.531105	
	0.525805	
	0.552665	
	0.642588	
	0.696846	
	0.705839	
	0.605865	
	0.547210	
	0.500522	
	0.464599	
	0.470932	
	0.455102	
	0.486757	
	0.547356	
	0.800400	
	0.919563	
	0.943945	
	0.936724	
	0.946106	
	0.961443	
	0.679097	
	0.530375	
	0.432093	
	0.406234	
	0.372184	
	0.432666	
	0.439258	
	0.460847	
	0.497492	
	0.514250	
	0.499830	
	0.493202	
	0.510759	
	0.502187	
	0.522584	
	0.577959	
	0.654298	
	0.600148	
	0.458577	
	0.388886	
	0.393227	
	0.401887	
	0.361495	
	0.361132	
	0.512144	
	0.588693	
	0.464474	
	0.440164	
	0.408254	
	0.746643	
	0.865036	
	0.899171	
	0.880333	
	0.839455	
	0.786270	
	0.479981	
	0.403653	
	0.357332	
	0.365455	
	0.317464	
	0.326543	
	0.356654	
	0.321462	
	0.342067	
	0.362230	
	0.359361	
	0.393689	
	0.438457	
	0.510914	
	0.509760	
	0.414491	
	0.329265	
	0.286868	
	0.291895	
	0.281982	
	0.547399	
	0.589709	
	0.522491	
	0.585972	
	0.526948	
	0.322416	
	0.279011	
	0.562972	
	0.670503	
	0.700958	
	0.403543	
	0.405539	
	0.375713	
	0.376861	
	0.362993	
	0.365278	
	0.385041	
	0.433598	
	0.461792	
	0.450582	
	0.554980	
	0.874311	
	0.924708	
	0.938206	
	0.926438	
	0.871298	
	0.633527	
	0.584966	
	0.552022	
	0.541744	
	0.512030	
	0.449543	
	0.436562	
	0.458553	
	0.455026	
	0.264848	
	0.205355	
	0.199169	
	0.279611	
	0.322815	
	0.379316	
	0.648916	
	0.659938	
	0.411560	
	0.409694	
	0.453468	
	0.453482	
	0.461878	
	0.452405	
	0.498286	
	0.520288	
	0.475429	
	0.409553	
	0.366656	
	0.298158	
	0.302401	
	0.366122	
	0.479791	
	0.543339	
	0.480437	
	0.455085	
	0.406346	
	0.315943	
	0.288280	
	0.253829	
	0.354020	
	0.362556	
	0.521371	
	0.523860	
	0.500070	
	0.495807	
	0.530425	
	0.549656	
	0.580416	
	0.665780	
	0.795897	
	0.674267	
	0.508822	
	0.444816	
	0.376199	
	0.293124	
	0.278082	
	0.274368	
	0.241364	
	0.262624	
	0.315587	
	0.696564	
	0.861131	
	0.900640	
	0.912339	
	0.914656	
	0.897307	
	0.853840	
	0.760741	
	0.525674	
	0.417474	
	0.403559	
	0.406402	
	0.330364	
	0.347778	
	0.364861	
	0.377204	
	0.355141	
	0.268582	
	0.383481	
	0.436184	
	0.584138	
	0.572420	
	0.531459	
	0.470011	
	0.378746	
	0.317383	
	0.283369	
	0.251175	
	0.325620	
	0.228801	
	0.224238	
	0.254825	
	0.309211	
	0.314490	
	0.469512	
	0.460826	
	0.424448	
	0.284581	
	0.226402	
	0.244656	
	0.209470	
	0.302358	
	0.365233	
	0.389090	
	0.405684	
	0.375150	
	0.329870	
	0.219514	
	0.215740	
	0.408306	
	0.704984	
	0.658538	
	0.465346	
	0.441913	
	0.374387	
	0.360260	
	0.386060	
	0.339077	
	0.403566	
	0.373093	
	0.370880	
	0.347645	
	0.340551	
	0.334459	
	0.327516	
	0.338177	
	0.304545	
	0.315989	
	0.439380	
	0.363528	
	0.287284	
	0.281329	
	0.294072	
	0.288882	
	0.278222	
	0.260752	
	0.399569	
	0.207362	
	0.245186	
	0.308912	
	0.365508	
	0.378294	
	0.471565	
	0.520010	
	0.618114	
	0.613733	
	0.562986	
	0.566157	
	0.557859	
	0.562026	
	0.562893	
	0.576312	
	0.571871	
	0.466333	
	0.395393	
	0.359131	
	0.339043	
	0.314106	
	0.272068	
	0.410497	
	0.550921	
	0.579928	
	0.550370	
	0.521993	
	0.573173	
	0.595866	
	0.619786	
	0.662873	
	0.663531	
	0.602609	
	0.517619	
	0.746320	
	0.854845	
	0.895831	
	0.869878	
	0.629626	
	0.571546	
	0.580174	
	0.523624	
	0.495532	
	0.534691	
	0.530582	
	0.449136	
	0.450072	
	0.405900	
	0.370387	
	0.347902	
	0.367204	
	0.397776	
	0.393703	
	0.412132	
	0.497566	
	0.521363	
	0.772266	
	0.794452	
	0.835348	
	0.821652	
	0.512978	
	0.540556	
	0.518472	
	0.407743	
	0.257929	
	0.232606	
	0.267233	
	0.546871	
	0.801712	
	0.750257	
	0.468707	
	0.590495	
	0.563831	
	0.492764	
	0.428856	
	0.447466	
	0.416378	
	0.384667	
	0.372834	
	0.391870	
	0.319479	
	0.313788	
	0.318883	
	0.315535	
	0.295609	
	0.365932	
	0.456301	
	0.507110	
	0.442603	
	0.402782	
	0.407381	
	0.433868	
	0.457723	
	0.404432	
	0.356923	
	0.393355	
	0.389164	
	0.421596	
	0.401623	
	0.278574	
	0.823328	
	0.927191	
	0.762477	
	0.384103	
	0.291819	
	0.239282	
	0.244273	
	0.232810	
	0.223903	
	0.226610	
	0.206510	
	0.222542	
	0.310104	
	0.324557	
	0.447076	
	0.846837	
	0.905530	
	0.919301	
	0.871637	
	0.596452	
	0.514204	
	0.504452	
	0.465783	
	0.453054	
	0.416537	
	0.456428	
	0.433973	
	0.478054	
	0.307396	
	0.277658	
	0.333456	
	0.336197	
	0.360521	
	0.366884	
	0.596145	
	0.530689	
	0.408695	
	0.322728	
	0.335214	
	0.268020	
	0.249688	
	0.272694	
	0.306783	
	0.307588	
	0.239993	
	0.228181	
	0.242819	
	0.246196	
	0.270050	
	0.320775	
	0.560039	
	0.535642	
	0.528282	
	0.442178	
	0.357879	
	0.298761	
	0.274813	
	0.284134	
	0.338710	
	0.311993	
	0.264638	
	0.295606	
	0.424167	
	0.510206	
	0.469435	
	0.479464	
	0.750375	
	0.795613	
	0.788376	
	0.629340	
	0.436406	
	0.474193	
	0.389454	
	0.300649	
	0.273880	
	0.249361	
	0.248629	
	0.253258	
	0.275436	
	0.304461	
	0.409951	
	0.749560	
	0.820682	
	0.856879	
	0.880239	
	0.894936	
	0.866049	
	0.584066	
	0.479301	
	0.491236	
	0.492164	
	0.532180	
	0.540213	
	0.551572	
	0.534535	
	0.532385	
	0.521206	
	0.509643	
	0.390536	
	0.372294	
	0.335707	
	0.324789	
	0.369048	
	0.442897	
	0.449029	
	0.489277	
	0.501433	
	0.448639	
	0.366845	
	0.342601	
	0.341300	
	0.323380	
	0.316913	
	0.323380	
	0.354877	
	0.399214	
	0.509530	
	0.504135	
	0.501872	
	0.431672	
	0.357024	
	0.351273	
	0.427433	
	0.374403	
	0.472557	
	0.501015	
	0.479940	
	0.516579	
	0.562842	
	0.540732	
	0.412098	
	0.404814	
	0.457696	
	0.524890	
	0.469889	
	0.443917	
	0.401872	
	0.361205	
	0.363040	
	0.346151	
	0.355885	
	0.350181	
	0.350738	
	0.338924	
	0.325984	
	0.339291	
	0.338486	
	0.332690	
	0.317141	
	0.274382	
	0.278604	
	0.296380	
	0.304591	
	0.293433	
	0.322050	
	0.322144	
	0.303325	
	0.289820	
	0.356434	
	0.345848	
	0.388901	
	0.376929	
	0.354606	
	0.340500	
	0.316846	
	0.319417	
	0.369083	
	0.353946	
	0.398183	
	0.380436	
	0.329073	
	0.334922	
	0.309454	
	0.408476	
	0.418064	
	0.317086	
	0.320600	
	0.333362	
	0.348516	
	0.347171	
	0.339962	
	0.552996	
	0.503767	
	0.506327	
	0.444270	
	0.493888	
	0.471681	
	0.459163	
	0.433594	
	0.419585	
	0.379888	
	0.379665	
	0.379131	
	0.425902	
	0.417102	
	0.432241	
	0.462141	
	0.505488	
	0.368399	
	0.274585	
	0.331887	
	0.331055	
	0.334786	
	0.349087	
	0.358019	
	0.333819	
	0.389827	
	0.412507	
	0.400978	
	0.391601	
	0.401513	
	0.395781	
	0.321456	
	0.408685	
	0.481332	
	0.457024	
	0.378322	
	0.383825	
	0.370993	
	0.386919	
	0.403762	
	0.406937	
	0.403393	
	0.288330	
	0.348786	
	0.353252	
	0.432462	
	0.390854	
	0.379517	
	0.532633	
	0.621561	
	0.616180	
	0.555263	
	0.553182	
	0.531557	
	0.570189	
	0.565397	
	0.574558	
	0.542108	
	0.509007	
	0.463862	
	0.406207	
	0.358202	
	0.456612	
	0.537981	
	0.585731	
	0.513512	
	0.468939	
	0.406840	
	0.397515	
	0.389084	
	0.452657	
	0.459676	
	0.519775	
	0.500128	
	0.489504	
	0.506735	
	0.550411	
	0.488164	
	0.443698	
	0.586230	
	0.517988	
	0.374780	
	0.368519	
	0.371520	
	0.390175	
	0.402268	
	0.416103	
	0.411197	
	0.484238	
	0.452164	
	0.467446	
	0.456917	
	0.472178	
	0.468980	
	0.474436	
	0.468818	
	0.568778	
	0.519902	
	0.468284	
	0.421225	
	0.459766	
	0.453801	
	0.446036	
	0.440239	
	0.527144	
	0.369065	
	0.396327	
	0.422062	
	0.471395	
	0.496829	
	0.482197	
	0.445114	
	0.625927	
	0.625464	
	0.614677	
	0.558679	
	0.599671	
	0.551004	
	0.553952	
	0.531349	
	0.586454	
	0.539351	
	0.438140	
	0.443068	
	0.444008	
	0.518941	
	0.553670	
	0.564222	
	0.593040	
	0.472357	
	0.424038	
	0.323422	
	0.367360	
	0.377402	
	0.409510	
	0.413802	
	0.450589	
	0.435379	
	0.479536	
	0.553587	
	0.547358	
	0.524620	
	0.448979	
	0.481056	
	0.585836	
	0.389698	
	0.332327	
	0.321118	
	0.339389	
	0.320516	
	0.338654	
	0.337286	
	0.359199	
	0.375022	
	0.368128	
	0.372757	
	0.408330	
	0.404837	
	0.409739	
	0.406885	
	0.549933	
	0.491576	
	0.462493	
	0.465187	
	0.446347	
	0.431798	
	0.424221	
	0.427158	
	0.530812	
	0.465495	
	0.304768	
	0.354923	
	0.380037	
	0.396411	
	0.483692	
	0.527666	
	0.592454	
	0.535781	
	0.416546	
	0.394045	
	0.409186	
	0.432514	
	0.408078	
	0.409401	
	0.443089	
	0.439991	
	0.433623	
	0.481530	
	0.450304	
	0.395159	
	0.338708	
	0.373478	
	0.390567	
	0.312872	
	0.366868	
	0.420363	
	0.400559	
	0.373106	
	0.396498	
	0.444320	
	0.491852	
	0.436716	
	0.406706	
	0.424556	
	0.440182	
	0.535678	
	0.503945	
	0.568756	
	0.467223	
	0.415671	
	0.436851	
	0.429804	
	0.433584	
	0.445802	
	0.412618	
	0.415787	
	0.389195	
	0.372988	
	0.398620	
	0.402681	
	0.408781	
	0.375266	
	0.396861	
	0.403880	
	0.416070	
	0.425431	
	0.428010	
	0.392155	
	0.370231	
	0.391744	
	0.374409	
	0.422174	
	0.453866	
	0.492279	
	0.427165	
	0.395064	
	0.384235	
	0.387714	
	0.371502	
	0.408712	
	0.452440	
	0.490149	
	0.518556	
	0.434497	
	0.459225	
	0.373942	
	0.395041	
	0.369608	
	0.414488	
	0.417804	
	0.428431	
	0.423458	
	0.430716	
	0.464058	
	0.468519	
	0.500364	
	0.702396	
	0.525564	
	0.485234	
	0.489868	
	0.429034	
	0.421227	
	0.383877	
	0.383443	
	0.386545	
	0.361441	
	0.361051	
	0.256970	
	0.271716	
	0.283015	
	0.326460	
	0.388293	
	0.410090	
	0.408935	
	0.431450	
	0.436336	
	0.472949	
	0.473598	
	0.476001	
	0.473239	
	0.494793	
	0.468222	
	0.367179	
	0.290167	
	0.263540	
	0.267228	
	0.247177	
	0.237350	
	0.288842	
	0.431577	
	0.357950	
	0.362031	
	0.408575	
	0.382013	
	0.381861	
	0.398266	
	0.390233	
	0.451488	
	0.288334	
	0.306283	
	0.310293	
	0.263566	
	0.315488	
	0.393987	
	0.375631	
	0.484311	
	0.580098	
	0.524792	
	0.514691	
	0.407216	
	0.343158	
	0.305020	
	0.279614	
	0.293572	
	0.361464	
	0.388589	
	0.431607	
	0.319823	
	0.403376	
	0.860157	
	0.948500	
	0.793746	
	0.492229	
	0.438756	
	0.414953	
	0.407120	
	0.392097	
	0.386966	
	0.337656	
	0.370111	
	0.350268	
	0.371200	
	0.709965	
	0.935270	
	0.952477	
	0.957698	
	0.943920	
	0.575949	
	0.465272	
	0.427587	
	0.393329	
	0.372300	
	0.332032	
	0.287343	
	0.251377	
	0.288780	
	0.263107	
	0.222351	
	0.233089	
	0.227009	
	0.279211	
	0.282277	
	0.238655	
	0.295492	
	0.265175	
	0.267958	
	0.261649	
	0.279265	
	0.298894	
	0.334308	
	0.319207	
	0.312995	
	0.265280	
	0.233180	
	0.170275	
	0.138512	
	0.142988	
	0.167725	
	0.358386	
	0.507966	
	0.396185	
	0.380917	
	0.431593	
	0.437474	
	0.419298	
	0.419738	
	0.432106	
	0.377754	
	0.365580	
	0.348349	
	0.364196	
	0.351236	
	0.334773	
	0.363632	
	0.443239	
	0.467034	
	0.230892	
	0.327526	
	0.384649	
	0.391905	
	0.423701	
	0.495123	
	0.566681	
	0.465586	
	0.320101	
	0.267942	
	0.263464	
	0.603168	
	0.913845	
	0.901729	
	0.748092	
	0.442702	
	0.416450	
	0.379441	
	0.338063	
	0.266880	
	0.201111	
	0.168333	
	0.172693	
	0.215919	
	0.173564	
	0.143308	
	0.142017	
	0.154163	
	0.160260	
	0.224684	
	0.197071	
	0.309713	
	0.292576	
	0.266418	
	0.255327	
	0.239922	
	0.218480	
	0.230118	
	0.283663	
	0.223332	
	0.164991	
	0.252948	
	0.263084	
	0.196868	
	0.226421	
	0.610056	
	0.649347	
	0.576277	
	0.497822	
	0.468823	
	0.425524	
	0.338243	
	0.315471	
	0.307327	
	0.369559	
	0.313985	
	0.297304	
	0.281130	
	0.292148	
	0.302907	
	0.336829	
	0.642139	
	0.603542	
	0.467164	
	0.410469	
	0.407659	
	0.295035	
	0.273400	
	0.287095	
	0.292004	
	0.366390	
	0.451852	
	0.407408	
	0.362268	
	0.388841	
	0.327097	
	0.575464	
	0.909770	
	0.709181	
	0.421603	
	0.428255	
	0.402803	
	0.383198	
	0.343125	
	0.272765	
	0.237421	
	0.254147	
	0.199569	
	0.156073	
	0.138196	
	0.148383	
	0.161782	
	0.162359	
	0.285564	
	0.381813	
	0.368827	
	0.383985	
	0.304376	
	0.285945	
	0.296817	
	0.275386	
	0.262232	
	0.287457	
	0.200290	
	0.294114	
	0.368310	
	0.334671	
	0.342428	
	0.624184	
	0.743138	
	0.573929	
	0.424242	
	0.486194	
	0.480010	
	0.448921	
	0.404568	
	0.354198	
	0.359121	
	0.505452	
	0.494298	
	0.458828	
	0.452501	
	0.485710	
	0.493978	
	0.544042	
	0.555941	
	0.604448	
	0.421010	
	0.388656	
	0.400895	
	0.489065	
	0.522480	
	0.547429	
	0.620605	
	0.612751	
	0.561572	
	0.476004	
	0.413609	
	0.412524	
	0.710233	
	0.853682	
	0.878767	
	0.683370	
	0.365896	
	0.344834	
	0.380629	
	0.384709	
	0.427432	
	0.413877	
	0.452330	
	0.477525	
	0.496435	
	0.515761	
	0.536677	
	0.501144	
	0.475299	
	0.485308	
	0.631177	
	0.613594	
	0.502310	
	0.537818	
	0.547510	
	0.532935	
	0.525903	
	0.511236	
	0.417696	
	0.302796	
	0.342069	
	0.340303	
	0.311398	
	0.306562	
	0.372617	
	0.437004	
	0.485118	
	0.651952	
	0.533192	
	0.401040	
	0.358757	
	0.357537	
	0.354089	
	0.364729	
	0.344647	
	0.379694	
	0.356465	
	0.345359	
	0.336445	
	0.373652	
	0.387050	
	0.481820	
	0.536822	
	0.563700	
	0.501045	
	0.456621	
	0.470648	
	0.429910	
	0.429847	
	0.426120	
	0.430093	
	0.467683	
	0.423145	
	0.453016	
	0.445014	
	0.452237	
	0.447665	
	0.727380	
	0.490983	
	0.374707	
	0.304885	
	0.306206	
	0.306586	
	0.301290	
	0.299961	
	0.297719	
	0.304765	
	0.331558	
	0.316837	
	0.322961	
	0.406962	
	0.512528	
	0.480952	
	0.500601	
	0.485693	
	0.399908	
	0.431914	
	0.484339	
	0.456531	
	0.527760	
	0.512771	
	0.464943	
	0.378569	
	0.274374	
	0.306677	
	0.314240	
	0.374470	
	0.665275	
	0.871734	
	0.866912	
	0.834453	
	0.720188	
	0.508207	
	0.457308	
	0.458237	
	0.458314	
	0.413755	
	0.384141	
	0.371445	
	0.314676	
	0.299350	
	0.268460	
	0.278378	
	0.275034	
	0.274995	
	0.270167	
	0.471177	
	0.451623	
	0.456435	
	0.518336	
	0.572649	
	0.645167	
	0.699501	
	0.684791	
	0.767395	
	0.749144	
	0.699377	
	0.618686	
	0.468041	
	0.351533	
	0.430162	
	0.483228	
	0.472757	
	0.283868	
	0.245799	
	0.252566	
	0.284739	
	0.326275	
	0.315064	
	0.284228	
	0.297003	
	0.460819	
	0.425023	
	0.294769	
	0.266908	
	0.237750	
	0.236200	
	0.272829	
	0.335553	
	0.327482	
	0.282111	
	0.219363	
	0.195534	
	0.181644	
	0.179064	
	0.383928	
	0.491198	
	0.395960	
	0.517663	
	0.770819	
	0.859308	
	0.869024	
	0.870367	
	0.605481	
	0.568037	
	0.490271	
	0.487334	
	0.461249	
	0.438077	
	0.439994	
	0.369693	
	0.326856	
	0.291705	
	0.228698	
	0.294816	
	0.831966	
	0.851583	
	0.599441	
	0.448806	
	0.407421	
	0.399514	
	0.380151	
	0.350838	
	0.351061	
	0.475641	
	0.505801	
	0.464353	
	0.519839	
	0.505180	
	0.519200	
	0.485010	
	0.751592	
	0.841363	
	0.886024	
	0.888418	
	0.827559	
	0.429325	
	0.527615	
	0.446235	
	0.416646	
	0.380453	
	0.370492	
	0.363344	
	0.342543	
	0.338023	
	0.316493	
	0.374628	
	0.463196	
	0.422750	
	0.448381	
	0.323397	
	0.328495	
	0.344942	
	0.307369	
	0.317059	
	0.351182	
	0.329471	
	0.352060	
	0.318688	
	0.414482	
	0.369780	
	0.276112	
	0.289432	
	0.319075	
	0.309520	
	0.336551	
	0.381212	
	0.414098	
	0.583482	
	0.397716	
	0.371016	
	0.367063	
	0.445255	
	0.411200	
	0.390976	
	0.391220	
	0.327689	
	0.314955	
	0.254456	
	0.267581	
	0.262737	
	0.258702	
	0.295075	
	0.381321	
	0.363423	
	0.384473	
	0.387102	
	0.350698	
	0.406197	
	0.418760	
	0.387914	
	0.430823	
	0.467105	
	0.463563	
	0.522571	
	0.787867	
	0.824130	
	0.851647	
	0.873025	
	0.859974	
	0.438702	
	0.476396	
	0.446879	
	0.422943	
	0.384566	
	0.353188	
	0.315162	
	0.306263	
	0.325144	
	0.428738	
	0.513971	
	0.619159	
	0.766899	
	0.775244	
	0.787762	
	0.786451	
	0.528946	
	0.613046	
	0.535942	
	0.501222	
	0.452194	
	0.388978	
	0.352365	
	0.319062	
	0.326403	
	0.275683	
	0.247875	
	0.349920	
	0.384087	
	0.378007	
	0.374112	
	0.348301	
	0.451786	
	0.383088	
	0.301003	
	0.280724	
	0.317969	
	0.372247	
	0.435753	
	0.436307	
	0.410835	
	0.348253	
	0.365693	
	0.340999	
	0.325785	
	0.407069	
	0.514495	
	0.678414	
	0.663460	
	0.615413	
	0.407073	
	0.256167	
	0.309802	
	0.364246	
	0.457111	
	0.419104	
	0.415454	
	0.403339	
	0.375482	
	0.316551	
	0.292614	
	0.264587	
	0.252336	
	0.282409	
	0.251006	
	0.257807	
	0.255835	
	0.268412	
	0.230641	
	0.263813	
	0.327693	
	0.419327	
	0.454825	
	0.551136	
	0.586466	
	0.565508	
	0.527694	
	0.585209	
	0.648095	
	0.612862	
	0.543408	
	0.475177	
	0.469131	
	0.495665	
	0.470839	
	0.421361	
	0.386149	
	0.374966	
	0.310202	
	0.237359	
	0.252360	
	0.260540	
	0.259956	
	0.293562	
	0.315971	
	0.348200	
	0.452329	
	0.453003	
	0.461613	
	0.428278	
	0.395496	
	0.365904	
	0.381135	
	0.320185	
	0.346072	
	0.355513	
	0.374974	
	0.384882	
	0.385275	
	0.362812	
	0.357238	
	0.520341	
	0.536163	
	0.396603	
	0.387526	
	0.343921	
	0.349560	
	0.302284	
	0.298556	
	0.246127	
	0.284830	
	0.289404	
	0.450192	
	0.522145	
	0.572323	
	0.482173	
	0.482837	
	0.810649	
	0.808849	
	0.585298	
	0.445519	
	0.393041	
	0.383281	
	0.340871	
	0.343569	
	0.269858	
	0.281668	
	0.221985	
	0.199544	
	0.217609	
	0.206788	
	0.287512	
	0.367861	
	0.402074	
	0.550247	
	0.419189	
	0.411390	
	0.436899	
	0.549276	
	0.620887	
	0.794950	
	0.902574	
	0.708195	
	0.393051	
	0.351928	
	0.389609	
	0.458601	
	0.803169	
	0.874853	
	0.879782	
	0.835416	
	0.632935	
	0.521057	
	0.489140	
	0.399183	
	0.390926	
	0.319659	
	0.332151	
	0.322051	
	0.312821	
	0.318777	
	0.317118	
	0.292998	
	0.248543	
	0.286958	
	0.315954	
	0.366200	
	0.340257	
	0.336810	
	0.340717	
	0.304513	
	0.263979	
	0.279374	
	0.287316	
	0.320939	
	0.302433	
	0.300162	
	0.308509	
	0.330299	
	0.373687	
	0.678552	
	0.425559	
	0.333566	
	0.335612	
	0.346258	
	0.337973	
	0.322892	
	0.356122	
	0.366112	
	0.355490	
	0.365421	
	0.352413	
	0.372466	
	0.373285	
	0.380814	
	0.360698	
	0.327828	
	0.404373	
	0.426145	
	0.361121	
	0.365105	
	0.354104	
	0.336044	
	0.317333	
	0.320549	
	0.460014	
	0.248182	
	0.302143	
	0.338636	
	0.392301	
	0.421042	
	0.464308	
	0.505556	
	0.624240	
	0.515453	
	0.529341	
	0.550811	
	0.520069	
	0.522220	
	0.541731	
	0.529356	
	0.491885	
	0.503444	
	0.465445	
	0.391899	
	0.382325	
	0.343759	
	0.356574	
	0.405080	
	0.469790	
	0.456590	
	0.588465	
	0.578694	
	0.493286	
	0.511979	
	0.508204	
	0.491901	
	0.496294	
	0.516135	
	0.526655	
	0.515729	
	0.458918	
	0.515344	
	0.846830	
	0.771997	
	0.601344	
	0.524538	
	0.477464	
	0.365504	
	0.367835	
	0.386258	
	0.394664	
	0.413196	
	0.410183	
	0.435983	
	0.438672	
	0.464103	
	0.467482	
	0.414631	
	0.359292	
	0.319611	
	0.437458	
	0.369208	
	0.340043	
	0.310683	
	0.347531	
	0.326082	
	0.322192	
	0.294418	
	0.377951	
	0.546695	
	0.616273	
	0.577332	
	0.584520	
	0.462123	
	0.361612	
	0.567577	
	0.844234	
	0.681627	
	0.584251	
	0.512163	
	0.391126	
	0.365073	
	0.331574	
	0.326496	
	0.351856	
	0.337840	
	0.272233	
	0.302520	
	0.296723	
	0.291228	
	0.279599	
	0.289527	
	0.507353	
	0.477594	
	0.407368	
	0.419012	
	0.456274	
	0.444355	
	0.448715	
	0.390401	
	0.453181	
	0.441228	
	0.416326	
	0.373328	
	0.308019	
	0.284987	
	0.273807	
	0.572098	
	0.511855	
	0.352944	
	0.291175	
	0.273757	
	0.282383	
	0.313880	
	0.310391	
	0.322468	
	0.351878	
	0.366545	
	0.351545	
	0.428508	
	0.817086	
	0.887915	
	0.901578	
	0.887384	
	0.872327	
	0.802673	
	0.676616	
	0.528774	
	0.532490	
	0.523525	
	0.461618	
	0.407197	
	0.364452	
	0.320183	
	0.323451	
	0.320961	
	0.285907	
	0.236545	
	0.255801	
	0.495499	
	0.613916	
	0.603768	
	0.319857	
	0.277882	
	0.350829	
	0.366711	
	0.359595	
	0.379619	
	0.406090	
	0.442859	
	0.437574	
	0.385192	
	0.393921	
	0.343300	
	0.262948	
	0.259698	
	0.289046	
	0.468138	
	0.427363	
	0.329836	
	0.313113	
	0.231779	
	0.199067	
	0.202042	
	0.204518	
	0.417044	
	0.464004	
	0.439112	
	0.459289	
	0.515406	
	0.569634	
	0.523051	
	0.821401	
	0.770799	
	0.613716	
	0.379571	
	0.319778	
	0.277567	
	0.249974	
	0.234459	
	0.208820	
	0.300464	
	0.223295	
	0.252010	
	0.441338	
	0.829172	
	0.883489	
	0.892258	
	0.885408	
	0.890724	
	0.857151	
	0.730306	
	0.437233	
	0.400923	
	0.396987	
	0.348433	
	0.359056	
	0.300242	
	0.348602	
	0.354006	
	0.361851	
	0.330903	
	0.281807	
	0.267936	
	0.339975	
	0.564417	
	0.500656	
	0.455068	
	0.426988	
	0.397150	
	0.340213	
	0.269358	
	0.217366	
	0.273373	
	0.245793	
	0.196448	
	0.195151	
	0.198711	
	0.261520	
	0.329168	
	0.455577	
	0.437795	
	0.340016	
	0.286395	
	0.263782	
	0.246092	
	0.224635	
	0.461348	
	0.374675	
	0.411223	
	0.377561	
	0.357694	
	0.252247	
	0.235054	
	0.451100	
	0.614278	
	0.468384	
	0.448422	
	0.296086	
	0.268418	
	0.267642	
	0.258149	
	0.247375	
	0.242900	
	0.242999	
	0.291041	
	0.309297	
	0.285849	
	0.270320	
	0.256313	
	0.236812	
	0.247447	
	0.300123	
	0.416668	
	0.385384	
	0.346006	
	0.345673	
	0.364117	
	0.319837	
	0.254061	
	0.338283	
	0.234653	
	0.263226	
	0.296835	
	0.329504	
	0.379680	
	0.395478	
	0.452299	
	0.550840	
	0.622455	
	0.564423	
	0.536013	
	0.572487	
	0.580253	
	0.632149	
	0.663471	
	0.653042	
	0.634789	
	0.487338	
	0.374202	
	0.371026	
	0.285162	
	0.236410	
	0.273509	
	0.390453	
	0.483869	
	0.486103	
	0.500809	
	0.508293	
	0.346170	
	0.382458	
	0.534119	
	0.564737	
	0.686898	
	0.735647	
	0.704748	
	0.508644	
	0.440131	
	0.480377	
	0.649917	
	0.672204	
	0.530530	
	0.541587	
	0.522821	
	0.546555	
	0.554591	
	0.541023	
	0.563953	
	0.602224	
	0.563838	
	0.577337	
	0.564404	
	0.592549	
	0.582677	
	0.563623	
	0.543423	
	0.585235	
	0.641523	
	0.467441	
	0.379722	
	0.430199	
	0.665904	
	0.699125	
	0.556672	
	0.535285	
	0.434625	
	0.318138	
	0.246673	
	0.312583	
	0.617370	
	0.859500	
	0.860135	
	0.536270	
	0.528806	
	0.461469	
	0.462039	
	0.437842	
	0.414200	
	0.375214	
	0.333460	
	0.336005	
	0.348134	
	0.356684	
	0.321248	
	0.339129	
	0.332605	
	0.329517	
	0.492021	
	0.550602	
	0.480204	
	0.446005	
	0.444073	
	0.411661	
	0.435884	
	0.407003	
	0.393907	
	0.398323	
	0.409060	
	0.454611	
	0.280997	
	0.232905	
	0.825046	
	0.896269	
	0.718405	
	0.389224	
	0.286486	
	0.227017	
	0.235630	
	0.234391	
	0.238599	
	0.229062	
	0.238781	
	0.291026	
	0.304517	
	0.418288	
	0.792528	
	0.892910	
	0.923132	
	0.933693	
	0.832266	
	0.567029	
	0.501040	
	0.468163	
	0.449923	
	0.456051	
	0.412987	
	0.423948	
	0.437900	
	0.322843	
	0.357458	
	0.369697	
	0.423528	
	0.471245	
	0.517905	
	0.571378	
	0.587594	
	0.550543	
	0.405638	
	0.335852	
	0.313141	
	0.285489	
	0.259223	
	0.246329	
	0.321799	
	0.280823	
	0.281625	
	0.264796	
	0.304389	
	0.344766	
	0.369347	
	0.441999	
	0.558565	
	0.514150	
	0.459547	
	0.381036	
	0.272910	
	0.235123	
	0.221211	
	0.397088	
	0.396583	
	0.261825	
	0.243574	
	0.346554	
	0.454624	
	0.477296	
	0.406080	
	0.652180	
	0.812813	
	0.767442	
	0.561196	
	0.409955	
	0.449415	
	0.408474	
	0.351764	
	0.315083	
	0.259912	
	0.251114	
	0.255378	
	0.296224	
	0.351868	
	0.755586	
	0.830532	
	0.870712	
	0.901050	
	0.862765	
	0.622017	
	0.516787	
	0.531244	
	0.502793	
	0.521451	
	0.543248	
	0.565738	
	0.540396	
	0.525845	
	0.525881	
	0.506166	
	0.371264	
	0.308819	
	0.327644	
	0.321764	
	0.420338	
	0.507467	
	0.509113	
	0.531282	
	0.519824	
	0.488843	
	0.427781	
	0.379621	
	0.352917	
	0.341071	
	0.362861	
	0.359991	
	0.394042	
	0.376381	
	0.448863	
	0.504309	
	0.497400	
	0.442986	
	0.410128	
	0.423598	
	0.415471	
	0.330972	
	0.540419	
	0.445236	
	0.515025	
	0.525650	
	0.510481	
	0.399905	
	0.318672	
	0.611567	
	0.551980	
	0.534684	
	0.491904	
	0.403716	
	0.302271	
	0.396114	
	0.349161	
	0.319825	
	0.340848	
	0.315855	
	0.309724	
	0.315316	
	0.299293	
	0.293702	
	0.280708	
	0.283103	
	0.253212	
	0.253919	
	0.236519	
	0.268658	
	0.237199	
	0.269007	
	0.297322	
	0.375364	
	0.391625	
	0.306477	
	0.299043	
	0.262039	
	0.297250	
	0.315245	
	0.408412	
	0.440967	
	0.384939	
	0.322954	
	0.324755	
	0.301736	
	0.344132	
	0.345060	
	0.452026	
	0.421596	
	0.433480	
	0.371664	
	0.326437	
	0.331633	
	0.334975	
	0.319208	
	0.369702	
	0.407920	
	0.394662	
	0.370846	
	0.349160	
	0.429940	
	0.388331	
	0.414187	
	0.376634	
	0.463304	
	0.499059	
	0.514936	
	0.451443	
	0.392383	
	0.367831	
	0.357058	
	0.373694	
	0.355139	
	0.441829	
	0.453943	
	0.429720	
	0.386008	
	0.332468	
	0.354723	
	0.360487	
	0.416934	
	0.400121	
	0.414395	
	0.430008	
	0.412778	
	0.434247	
	0.391557	
	0.396272	
	0.407340	
	0.400058	
	0.372472	
	0.399665	
	0.427924	
	0.521561	
	0.487317	
	0.429291	
	0.413450	
	0.410572	
	0.417616	
	0.359555	
	0.400376	
	0.488230	
	0.421908	
	0.439517	
	0.483909	
	0.462492	
	0.463850	
	0.475662	
	0.589002	
	0.635226	
	0.564706	
	0.532830	
	0.543973	
	0.479917	
	0.473984	
	0.470982	
	0.525383	
	0.493200	
	0.530701	
	0.513770	
	0.485095	
	0.528624	
	0.580056	
	0.578481	
	0.629755	
	0.487897	
	0.443443	
	0.390726	
	0.341980	
	0.385499	
	0.468346	
	0.474038	
	0.553276	
	0.520513	
	0.522403	
	0.564912	
	0.597444	
	0.609206	
	0.627802	
	0.567411	
	0.366596	
	0.284055	
	0.340830	
	0.384809	
	0.403970	
	0.406776	
	0.410883	
	0.413176	
	0.467508	
	0.428969	
	0.419161	
	0.457068	
	0.444797	
	0.439340	
	0.439952	
	0.434550	
	0.495959	
	0.518796	
	0.464551	
	0.515828	
	0.481347	
	0.430349	
	0.412942	
	0.501347	
	0.505609	
	0.500138	
	0.534858	
	0.534088	
	0.537508	
	0.524408	
	0.491533	
	0.647075	
	0.597276	
	0.563689	
	0.547182	
	0.490174	
	0.469171	
	0.472506	
	0.487264	
	0.485196	
	0.521834	
	0.528711	
	0.491223	
	0.397013	
	0.409143	
	0.523717	
	0.539485	
	0.465128	
	0.436589	
	0.438042	
	0.380890	
	0.424759	
	0.462559	
	0.475199	
	0.473722	
	0.496816	
	0.455032	
	0.462802	
	0.511097	
	0.575169	
	0.518453	
	0.590548	
	0.605127	
	0.356416	
	0.417133	
	0.399401	
	0.368813	
	0.359483	
	0.349556	
	0.350613	
	0.358418	
	0.353381	
	0.343694	
	0.329269	
	0.348932	
	0.373156	
	0.359075	
	0.313414	
	0.479338	
	0.463064	
	0.412264	
	0.414912	
	0.416331	
	0.392107	
	0.409170	
	0.390000	
	0.438352	
	0.282494	
	0.330893	
	0.340838	
	0.354431	
	0.461699	
	0.401974	
	0.477808	
	0.611582	
	0.523121	
	0.433696	
	0.407727	
	0.373620	
	0.371988	
	0.350021	
	0.372851	
	0.434985	
	0.383700	
	0.373876	
	0.365418	
	0.322841	
	0.318351	
	0.336696	
	0.400419	
	0.444814	
	0.339607	
	0.408911	
	0.442781	
	0.441160	
	0.442087	
	0.469936	
	0.449959	
	0.501930	
	0.487807	
	0.439167	
	0.464968	
	0.551841	
	0.591013	
	0.579720	
	0.558155	
	0.484722	
	0.347855	
	0.365990	
	0.355103	
	0.362249	
	0.380974	
	0.365387	
	0.365686	
	0.356463	
	0.381849	
	0.362112	
	0.347690	
	0.346149	
	0.380340	
	0.350733	
	0.350072	
	0.353802	
	0.341905	
	0.321283	
	0.308366	
	0.300995	
	0.303525	
	0.301708	
	0.297688	
	0.291119	
	0.347981	
	0.383080	
	0.318796	
	0.322636	
	0.349939	
	0.343159	
	0.338945	
	0.326025	
	0.388673	
	0.377664	
	0.294939	
	0.299212	
	0.300232	
	0.275306	
	0.281664	
	0.331209	
	0.476666	
	0.430946	
	0.404235	
	0.347549	
	0.324141	
	0.326576	
	0.305220	
	0.418909	
	0.566145	
	0.503462	
	0.447310	
	0.406610	
	0.393905	
	0.428392	
	0.406478	
	0.398355	
	0.392823	
	0.341530	
	0.339044	
	0.355936	
	0.379270	
	0.422902	
	0.331562	
	0.264907	
	0.324339	
	0.273663	
	0.257424	
	0.235856	
	0.310989	
	0.426309	
	0.382374	
	0.394786	
	0.447391	
	0.456146	
	0.429458	
	0.448390	
	0.441285	
	0.420660	
	0.432684	
	0.490203	
	0.496303	
	0.445612	
	0.390949	
	0.447902	
	0.441876	
	0.461234	
	0.420326	
	0.420672	
	0.289976	
	0.367789	
	0.377772	
	0.434054	
	0.457873	
	0.438101	
	0.390857	
	0.393829	
	0.627989	
	0.612847	
	0.602345	
	0.561987	
	0.504169	
	0.509534	
	0.452489	
	0.475132	
	0.515434	
	0.510274	
	0.531217	
	0.435527	
	0.431639	
	0.406074	
	0.475494	
	0.546379	
	0.640431	
	0.483347	
	0.350494	
	0.291267	
	0.323105	
	0.429224	
	0.486379	
	0.496373	
	0.559807	
	0.537985	
	0.494611	
	0.545390	
	0.560762	
	0.483301	
	0.475655	
	0.562796	
	0.469082	
	0.332191	
	0.289837	
	0.337366	
	0.360203	
	0.366626	
	0.348602	
	0.365548	
	0.428477	
	0.390173	
	0.391075	
	0.455392	
	0.458681	
	0.473806	
	0.460515	
	0.462865	
	0.533019	
	0.499940	
	0.451692	
	0.447153	
	0.462510	
	0.489714	
	0.458386	
	0.439295	
	0.439283	
	0.320804	
	0.333997	
	0.366271	
	0.443921	
	0.466710	
	0.493278	
	0.568395	
	0.640506	
	0.634876	
	0.547663	
	0.568441	
	0.573776	
	0.561664	
	0.602372	
	0.561125	
	0.550774	
	0.470218	
	0.543197	
	0.578850	
	0.554921	
	0.521009	
	0.534560	
	0.454511	
	0.436858	
	0.347125	
	0.378367	
	0.401356	
	0.398794	
	0.405018	
	0.415607	
	0.393396	
	0.390521	
	0.359146	
	0.381111	
	0.394330	
	0.488277	
	0.649647	
	0.565981	
	0.402663	
	0.314805	
	0.298157	
	0.318528	
	0.300288	
	0.308641	
	0.287333	
	0.300698	
	0.309417	
	0.342778	
	0.296334	
	0.306690	
	0.322314	
	0.293225	
	0.350627	
	0.381460	
	0.434958	
	0.417968	
	0.384555	
	0.383174	
	0.374386	
	0.373924	
	0.359937	
	0.346269	
	0.403524	
	0.276306	
	0.329523	
	0.377836	
	0.413323	
	0.382740	
	0.511359	
	0.546906	
	0.542384	
	0.462216	
	0.434557	
	0.428135	
	0.414949	
	0.401283	
	0.385132	
	0.445534	
	0.406975	
	0.411281	
	0.410822	
	0.372855	
	0.314901	
	0.333984	
	0.412545	
	0.485405	
	0.420309	
	0.399399	
	0.389190	
	0.401461	
	0.404074	
	0.381360	
	0.470741	
	0.476424	
	0.406981	
	0.415178	
	0.458956	
	0.502629	
	0.539541	
	0.507966	
	0.493938	
	0.415406	
	0.352474	
	0.349203	
	0.374907	
	0.344336	
	0.319443	
	0.314554	
	0.337099	
	0.366229	
	0.349726	
	0.387348	
	0.368277	
	0.366385	
	0.385640	
	0.341104	
	0.377310	
	0.404086	
	0.382361	
	0.354603	
	0.402935	
	0.383420	
	0.364500	
	0.423080	
	0.467492	
	0.399160	
	0.369546	
	0.359914	
	0.438687	
	0.396289	
	0.413160	
	0.410431	
	0.487131	
	0.502516	
	0.464651	
	0.414132	
	0.509608	
	0.486545	
	0.457368	
	0.557870	
	0.535411	
	0.454875	
	0.404291	
	0.409994	
	0.432456	
	0.477196	
	0.472656	
	0.625716	
	0.657031	
	0.590769	
	0.573277	
	0.535918	
	0.533998	
	0.478421	
	0.466350	
	0.450044	
	0.427623	
	0.377102	
	0.347380	
	0.325231	
	0.246091	
	0.226945	
	0.233376	
	0.191571	
	0.196072	
	0.374426	
	0.336768	
	0.428661	
	0.452855	
	0.452977	
	0.477636	
	0.461576	
	0.461565	
	0.455457	
	0.391435	
	0.327601	
	0.277951	
	0.263305	
	0.255960	
	0.291270	
	0.443000	
	0.418741	
	0.436394	
	0.507692	
	0.514205	
	0.498610	
	0.471926	
	0.462839	
	0.488231	
	0.411438	
	0.407680	
	0.398018	
	0.415862	
	0.247594	
	0.251728	
	0.289959	
	0.572964	
	0.588823	
	0.585308	
	0.487553	
	0.436730	
	0.337768	
	0.308323	
	0.276651	
	0.387085	
	0.336710	
	0.359182	
	0.449451	
	0.327001	
	0.466625	
	0.815047	
	0.927935	
	0.912324	
	0.547410	
	0.382759	
	0.393433	
	0.373452	
	0.337021	
	0.343563	
	0.348104	
	0.377255	
	0.333602	
	0.334721	
	0.634811	
	0.899223	
	0.923340	
	0.948575	
	0.943955	
	0.871443	
	0.464714	
	0.429819	
	0.439085	
	0.422085	
	0.377504	
	0.322876	
	0.238212	
	0.233586	
	0.252579	
	0.195801	
	0.231825	
	0.270908	
	0.273384	
	0.270412	
	0.201196	
	0.273867	
	0.274805	
	0.270202	
	0.341597	
	0.319000	
	0.257303	
	0.240254	
	0.361095	
	0.428540	
	0.360577	
	0.226496	
	0.173261	
	0.152388	
	0.153615	
	0.248142	
	0.287126	
	0.521030	
	0.463680	
	0.449289	
	0.485223	
	0.508276	
	0.472575	
	0.422823	
	0.412127	
	0.428783	
	0.452485	
	0.405800	
	0.366534	
	0.377107	
	0.395294	
	0.342920	
	0.413344	
	0.374569	
	0.343464	
	0.310401	
	0.304566	
	0.311207	
	0.358459	
	0.346626	
	0.302977	
	0.383487	
	0.312459	
	0.332740	
	0.564897	
	0.780297	
	0.784265	
	0.608747	
	0.506523	
	0.426589	
	0.448068	
	0.385878	
	0.365220	
	0.359802	
	0.346937	
	0.362441	
	0.361057	
	0.427858	
	0.362871	
	0.244922	
	0.181574	
	0.212643	
	0.176340	
	0.239712	
	0.234914	
	0.284912	
	0.193781	
	0.153861	
	0.156791	
	0.148876	
	0.146513	
	0.155422	
	0.223054	
	0.161683	
	0.157844	
	0.213182	
	0.222273	
	0.206072	
	0.212244	
	0.632262	
	0.631204	
	0.593087	
	0.520377	
	0.486660	
	0.431454	
	0.354543	
	0.274540	
	0.281048	
	0.379314	
	0.337168	
	0.276190	
	0.300551	
	0.324326	
	0.365428	
	0.544585	
	0.565276	
	0.563317	
	0.545008	
	0.506490	
	0.449020	
	0.403447	
	0.424798	
	0.469679	
	0.502885	
	0.525015	
	0.537502	
	0.446551	
	0.398081	
	0.434386	
	0.530433	
	0.600061	
	0.661357	
	0.444433	
	0.317710	
	0.373157	
	0.373493	
	0.358451	
	0.355085	
	0.364226	
	0.372169	
	0.386691	
	0.427874	
	0.417748	
	0.297428	
	0.190759	
	0.184517	
	0.168329	
	0.279867	
	0.545356	
	0.513865	
	0.480387	
	0.458972	
	0.482548	
	0.476843	
	0.449700	
	0.583774	
	0.490875	
	0.307421	
	0.327900	
	0.376459	
	0.379028	
	0.407973	
	0.459992	
	0.735384	
	0.634123	
	0.397158	
	0.481333	
	0.513660	
	0.529009	
	0.542769	
	0.441227	
	0.559325	
	0.606942	
	0.516944	
	0.516106	
	0.505536	
	0.517363	
	0.541383	
	0.598637	
	0.572470	
	0.440822	
	0.359708	
	0.396731	
	0.389135	
	0.444849	
	0.454310	
	0.498096	
	0.563349	
	0.654905	
	0.631573	
	0.582208	
	0.529140	
	0.464595	
	0.458594	
	0.472388	
	0.523575	
	0.482380	
	0.367041	
	0.428981	
	0.433471	
	0.422947	
	0.436646	
	0.447747	
	0.448727	
	0.443656	
	0.442357	
	0.439780	
	0.450279	
	0.436083	
	0.454153	
	0.440603	
	0.466334	
	0.446508	
	0.456841	
	0.487179	
	0.505685	
	0.513035	
	0.491516	
	0.487961	
	0.514476	
	0.417564	
	0.349186	
	0.297340	
	0.266302	
	0.273062	
	0.330702	
	0.377823	
	0.556590	
	0.529709	
	0.496881	
	0.563651	
	0.519963	
	0.509116	
	0.460666	
	0.379267	
	0.362190	
	0.283700	
	0.252599	
	0.259197	
	0.270678	
	0.571553	
	0.910427	
	0.899129	
	0.565856	
	0.468288	
	0.430062	
	0.459771	
	0.456674	
	0.416863	
	0.393449	
	0.461263	
	0.475682	
	0.456957	
	0.475442	
	0.497999	
	0.537581	
	0.546211	
	0.545764	
	0.690949	
	0.437843	
	0.376416	
	0.352373	
	0.352146	
	0.355474	
	0.340335	
	0.332824	
	0.334185	
	0.328350	
	0.331200	
	0.341776	
	0.363619	
	0.374932	
	0.386434	
	0.404161	
	0.426956	
	0.521904	
	0.536131	
	0.539055	
	0.530119	
	0.551650	
	0.493793	
	0.430064	
	0.367556	
	0.290177	
	0.319711	
	0.478236	
	0.797063	
	0.878762	
	0.893753	
	0.872411	
	0.693443	
	0.602058	
	0.532155	
	0.525140	
	0.492898	
	0.471007	
	0.417053	
	0.395020	
	0.410382	
	0.440897	
	0.396451	
	0.369516	
	0.330380	
	0.337878	
	0.372096	
	0.505347	
	0.375750	
	0.339040	
	0.370226	
	0.461141	
	0.515951	
	0.522486	
	0.554961	
	0.531573	
	0.512289	
	0.417965	
	0.376842	
	0.373558	
	0.328308	
	0.304690	
	0.230676	
	0.249032	
	0.233087	
	0.310841	
	0.439197	
	0.392850	
	0.466467	
	0.727762	
	0.858615	
	0.874331	
	0.875213	
	0.870532	
	0.519917	
	0.435608	
	0.444494	
	0.461329	
	0.467835	
	0.442023	
	0.280059	
	0.263965	
	0.234113	
	0.207122	
	0.189448	
	0.218485	
	0.368447	
	0.404545	
	0.434137	
	0.438311	
	0.615499	
	0.845804	
	0.879036	
	0.883424	
	0.837865	
	0.755450	
	0.482382	
	0.527252	
	0.463905	
	0.428853	
	0.412085	
	0.399490	
	0.359394	
	0.350534	
	0.329059	
	0.303637	
	0.384125	
	0.280256	
	0.292257	
	0.399461	
	0.472226	
	0.554872	
	0.581601	
	0.592552	
	0.641391	
	0.670035	
	0.604428	
	0.589679	
	0.622425	
	0.660744	
	0.615284	
	0.626557	
	0.635484	
	0.567042	
	0.492090	
	0.579642	
	0.564605	
	0.470265	
	0.420926	
	0.391427	
	0.335960	
	0.337738	
	0.355239	
	0.363008	
	0.422494	
	0.444742	
	0.425637	
	0.365627	
	0.328821	
	0.334856	
	0.356555	
	0.340499	
	0.382033	
	0.414195	
	0.338917	
	0.312671	
	0.324217	
	0.341784	
	0.355188	
	0.405435	
	0.342583	
	0.321255	
	0.328164	
	0.343789	
	0.281245	
	0.294034	
	0.400700	
	0.590983	
	0.572299	
	0.296700	
	0.274263	
	0.249511	
	0.239372	
	0.252130	
	0.273187	
	0.273484	
	0.315612	
	0.323757	
	0.303103	
	0.344319	
	0.343147	
	0.314267	
	0.355085	
	0.417847	
	0.374387	
	0.348118	
	0.396200	
	0.370541	
	0.376740	
	0.410334	
	0.398775	
	0.397955	
	0.436623	
	0.450995	
	0.502490	
	0.586735	
	0.797740	
	0.852915	
	0.873444	
	0.857045	
	0.669962	
	0.448637	
	0.438430	
	0.444930	
	0.461242	
	0.388011	
	0.372062	
	0.359702	
	0.414079	
	0.501259	
	0.544099	
	0.762868	
	0.796723	
	0.818162	
	0.813219	
	0.789248	
	0.520686	
	0.559686	
	0.528114	
	0.495533	
	0.389421	
	0.320655	
	0.305953	
	0.276118	
	0.237716	
	0.249844	
	0.252282	
	0.310855	
	0.361383	
	0.375729	
	0.327015	
	0.566836	
	0.441290	
	0.321421	
	0.297957	
	0.322895	
	0.371184	
	0.429997	
	0.407372	
	0.419708	
	0.350784	
	0.355076	
	0.327208	
	0.350795	
	0.354653	
	0.353297	
	0.578316	
	0.625233	
	0.639492	
	0.597995	
	0.425767	
	0.296895	
	0.303315	
	0.499484	
	0.481240	
	0.392873	
	0.370441	
	0.349100	
	0.316845	
	0.290161	
	0.275591	
	0.319095	
	0.413386	
	0.408460	
	0.261173	
	0.204081	
	0.227866	
	0.244796	
	0.222581	
	0.273483	
	0.330520	
	0.463693	
	0.492287	
	0.550443	
	0.534415	
	0.544103	
	0.488984	
	0.536692	
	0.594808	
	0.578083	
	0.576064	
	0.579855	
	0.560628	
	0.555296	
	0.503200	
	0.441541	
	0.394510	
	0.284582	
	0.228013	
	0.231492	
	0.239173	
	0.231285	
	0.249397	
	0.251460	
	0.501369	
	0.424469	
	0.356317	
	0.417696	
	0.432268	
	0.414435	
	0.366335	
	0.352167	
	0.349584	
	0.322249	
	0.363615	
	0.370096	
	0.335370	
	0.338723	
	0.338729	
	0.372363	
	0.584882	
	0.432352	
	0.247367	
	0.215531	
	0.242969	
	0.240389	
	0.242121	
	0.227413	
	0.344072	
	0.315086	
	0.464217	
	0.471870	
	0.526057	
	0.518436	
	0.836387	
	0.937487	
	0.951424	
	0.833076	
	0.728331	
	0.402783	
	0.338219	
	0.321482	
	0.305088	
	0.319342	
	0.311346	
	0.380295	
	0.415375	
	0.360373	
	0.318571	
	0.329993	
	0.471338	
	0.486952	
	0.410293	
	0.427681	
	0.413974	
	0.427633	
	0.464759	
	0.759969	
	0.827065	
	0.860935	
	0.798885	
	0.408493	
	0.360432	
	0.342925	
	0.524459	
	0.854186	
	0.888592	
	0.903218	
	0.834058	
	0.550877	
	0.468537	
	0.415730	
	0.375644	
	0.343122	
	0.292229	
	0.312379	
	0.342741	
	0.339504	
	0.326534	
	0.292890	
	0.281637	
	0.273630	
	0.280977	
	0.295062	
	0.356613	
	0.257233	
	0.244274	
	0.246866	
	0.222346	
	0.212574	
	0.228651	
	0.220711	
	0.226109	
	0.241144	
	0.230319	
	0.371744	
	0.425523	
	0.527090	
	0.518920	
	0.490534	
	0.369815	
	0.252525	
	0.221115	
	0.226004	
	0.232599	
	0.215827	
	0.242787	
	0.266484	
	0.261887	
	0.254896	
	0.276332	
	0.281962	
	0.307453	
	0.328219	
	0.374575	
	0.339909	
	0.404327	
	0.425867	
	0.411535	
	0.375447	
	0.364737	
	0.397081	
	0.359705	
	0.396138	
	0.271672	
	0.238197	
	0.266162	
	0.333700	
	0.395704	
	0.413947	
	0.449658	
	0.498897	
	0.542048	
	0.448445	
	0.524707	
	0.521990	
	0.536422	
	0.609884	
	0.596202	
	0.608841	
	0.604509	
	0.526294	
	0.513386	
	0.498504	
	0.492595	
	0.565455	
	0.526971	
	0.567572	
	0.578554	
	0.525363	
	0.482177	
	0.496121	
	0.445688	
	0.475559	
	0.501429	
	0.469711	
	0.473388	
	0.529297	
	0.854179	
	0.908902	
	0.922228	
	0.931050	
	0.932633	
	0.779142	
	0.381453	
	0.353130	
	0.335777	
	0.313032	
	0.379469	
	0.406442	
	0.416241	
	0.453763	
	0.433495	
	0.465996	
	0.455289	
	0.472428	
	0.519558	
	0.534738	
	0.469782	
	0.466333	
	0.463326	
	0.374159	
	0.341654	
	0.360428	
	0.384967	
	0.443924	
	0.431053	
	0.590721	
	0.503195	
	0.487077	
	0.436688	
	0.795439	
	0.863374	
	0.873471	
	0.882289	
	0.849146	
	0.630052	
	0.428006	
	0.358865	
	0.329356	
	0.340346	
	0.356268	
	0.376826	
	0.428068	
	0.462298	
	0.477892	
	0.462567	
	0.321381	
	0.344213	
	0.372744	
	0.575275	
	0.589973	
	0.521556	
	0.535248	
	0.471155	
	0.424714	
	0.454012	
	0.434057	
	0.442095	
	0.456053	
	0.483461	
	0.379312	
	0.281324	
	0.288497	
	0.339350	
	0.751262	
	0.724437	
	0.480100	
	0.353203	
	0.328089	
	0.307913	
	0.333930	
	0.341586	
	0.330665	
	0.360597	
	0.387012	
	0.373015	
	0.408062	
	0.783366	
	0.888216	
	0.925074	
	0.913709	
	0.858767	
	0.611853	
	0.542060	
	0.495489	
	0.495389	
	0.470364	
	0.414102	
	0.383413	
	0.405920	
	0.401767	
	0.327872	
	0.219909	
	0.221611	
	0.270158	
	0.314309	
	0.366310	
	0.365500	
	0.493536	
	0.341297	
	0.388595	
	0.381073	
	0.396247	
	0.374642	
	0.365574	
	0.358832	
	0.444892	
	0.335057	
	0.299379	
	0.298992	
	0.294585	
	0.286003	
	0.284765	
	0.292048	
	0.481734	
	0.381515	
	0.295439	
	0.278352	
	0.253619	
	0.393948	
	0.279153	
	0.351612	
	0.511773	
	0.512828	
	0.541909	
	0.514784	
	0.457997	
	0.481082	
	0.726775	
	0.742021	
	0.706699	
	0.534356	
	0.422651	
	0.409628	
	0.290860	
	0.237730	
	0.219839	
	0.214680	
	0.231282	
	0.218681	
	0.249996	
	0.301561	
	0.748482	
	0.881722	
	0.899843	
	0.910182	
	0.878807	
	0.832764	
	0.695690	
	0.516700	
	0.403065	
	0.387693	
	0.368211	
	0.367245	
	0.320578	
	0.362862	
	0.320456	
	0.333231	
	0.310250	
	0.229539	
	0.215352	
	0.453525	
	0.540658	
	0.484747	
	0.464680	
	0.413825	
	0.351567	
	0.279572	
	0.236027	
	0.269813	
	0.230368	
	0.191463	
	0.197442	
	0.176269	
	0.198917	
	0.246041	
	0.375334	
	0.380820	
	0.268478	
	0.232540	
	0.208098	
	0.216655	
	0.172400	
	0.432288	
	0.363323	
	0.354827	
	0.372348	
	0.363113	
	0.318092	
	0.223119	
	0.360972	
	0.585542	
	0.656747	
	0.582618	
	0.390243	
	0.288689	
	0.251649	
	0.251267	
	0.262833	
	0.254000	
	0.255886	
	0.247080	
	0.278201	
	0.273903	
	0.284230	
	0.274963	
	0.273272	
	0.262057	
	0.281990	
	0.350923	
	0.363228	
	0.340496	
	0.310422	
	0.266666	
	0.245309	
	0.228956	
	0.224521	
	0.346575	
	0.174937	
	0.160585	
	0.189741	
	0.235814	
	0.288495	
	0.308519	
	0.366530	
	0.553403	
	0.547235	
	0.538861	
	0.518522	
	0.497925	
	0.489586	
	0.459308	
	0.456181	
	0.462333	
	0.376163	
	0.310457	
	0.237912	
	0.209736	
	0.216261	
	0.252891	
	0.266593	
	0.383390	
	0.500285	
	0.482373	
	0.490821	
	0.442790	
	0.294739	
	0.390260	
	0.538154	
	0.576718	
	0.559418	
	0.577734	
	0.580696	
	0.456737	
	0.452512	
	0.808714	
	0.853135	
	0.780428	
	0.523383	
	0.589768	
	0.619620	
	0.554607	
	0.536006	
	0.537086	
	0.537158	
	0.502591	
	0.465174	
	0.426355	
	0.355629	
	0.311425	
	0.331573	
	0.340366	
	0.337102	
	0.393855	
	0.487344	
	0.435780	
	0.750872	
	0.817871	
	0.867465	
	0.769601	
	0.539889	
	0.474340	
	0.468067	
	0.321506	
	0.273425	
	0.370295	
	0.497418	
	0.804637	
	0.807787	
	0.485366	
	0.437832	
	0.455197	
	0.449530	
	0.447249	
	0.427445	
	0.348828	
	0.340468	
	0.313366	
	0.310621	
	0.275821	
	0.294444	
	0.280485	
	0.278151	
	0.308438	
	0.370659	
	0.400745	
	0.432692	
	0.441646	
	0.422337	
	0.438240	
	0.444665	
	0.473852	
	0.419719	
	0.398201	
	0.388993	
	0.431385	
	0.454380	
	0.409965	
	0.735053	
	0.775227	
	0.659996	
	0.377751	
	0.261771	
	0.253998	
	0.242466	
	0.219823	
	0.223544	
	0.258583	
	0.254543	
	0.266158	
	0.340633	
	0.808984	
	0.910425	
	0.909244	
	0.922880	
	0.750897	
	0.515826	
	0.473465	
	0.475129	
	0.429043	
	0.396485	
	0.394949	
	0.393752	
	0.315280	
	0.314749	
	0.335307	
	0.376292	
	0.389526	
	0.399840	
	0.485815	
	0.698770	
	0.593415	
	0.513694	
	0.346175	
	0.315391	
	0.273308	
	0.255536	
	0.258932	
	0.320630	
	0.296313	
	0.282201	
	0.267533	
	0.370027	
	0.417193	
	0.442423	
	0.483935	
	0.580107	
	0.480384	
	0.451784	
	0.356097	
	0.294324	
	0.284263	
	0.241232	
	0.338232	
	0.510203	
	0.366246	
	0.168070	
	0.222840	
	0.339380	
	0.430182	
	0.509300	
	0.473885	
	0.628434	
	0.681681	
	0.744677	
	0.503460	
	0.404423	
	0.312973	
	0.221640	
	0.196004	
	0.182486	
	0.188283	
	0.226855	
	0.290848	
	0.671947	
	0.824983	
	0.851828	
	0.880410	
	0.897383	
	0.893060	
	0.844143	
	0.627731	
	0.439480	
	0.422701	
	0.428311	
	0.435306	
	0.440113	
	0.430819	
	0.438777	
	0.433459	
	0.451845	
	0.362625	
	0.314782	
	0.278545	
	0.253153	
	0.359449	
	0.467673	
	0.526404	
	0.530724	
	0.512585	
	0.483950	
	0.424966	
	0.352821	
	0.337116	
	0.302199	
	0.319297	
	0.306360	
	0.314675	
	0.352502	
	0.350736	
	0.444610	
	0.428916	
	0.476075	
	0.432668	
	0.357559	
	0.341409	
	0.377114	
	0.347701	
	0.415535	
	0.438139	
	0.433561	
	0.477283	
	0.484876	
	0.423698	
	0.285882	
	0.333504	
	0.624403	
	0.583983	
	0.535892	
	0.494924	
	0.335418	
	0.347563	
	0.344651	
	0.349816	
	0.357129	
	0.370051	
	0.346926	
	0.341819	
	0.323266	
	0.294686	
	0.305539	
	0.286530	
	0.257072	
	0.264532	
	0.236854	
	0.240318	
	0.236119	
	0.261754	
	0.281410	
	0.285164	
	0.308570	
	0.268090	
	0.265047	
	0.287452	
	0.281584	
	0.283754	
	0.285185	
	0.283844	
	0.270157	
	0.260488	
	0.236411	
	0.256100	
	0.276053	
	0.268321	
	0.293128	
	0.284842	
	0.282096	
	0.250572	
	0.248117	
	0.283176	
	0.253807	
	0.262783	
	0.268288	
	0.288687	
	0.310054	
	0.302107	
	0.344717	
	0.343622	
	0.345910	
	0.315644	
	0.335603	
	0.326097	
	0.280199	
	0.310747	
	0.319147	
	0.333380	
	0.298150	
	0.294554	
	0.306104	
	0.282119	
	0.270684	
	0.334649	
	0.302077	
	0.333350	
	0.406125	
	0.249574	
	0.298324	
	0.346814	
	0.374072	
	0.352139	
	0.339339	
	0.322603	
	0.366261	
	0.364075	
	0.367235	
	0.366516	
	0.384215	
	0.328822	
	0.309568	
	0.348502	
	0.395499	
	0.400435	
	0.380482	
	0.398094	
	0.361106	
	0.306820	
	0.372815	
	0.411473	
	0.410046	
	0.398189	
	0.401204	
	0.388746	
	0.420544	
	0.431574	
	0.353870	
	0.366573	
	0.539821	
	0.594878	
	0.510219	
	0.553510	
	0.524363	
	0.544910	
	0.507105	
	0.523593	
	0.552448	
	0.550005	
	0.556141	
	0.509972	
	0.513804	
	0.513564	
	0.489664	
	0.515456	
	0.538123	
	0.530408	
	0.519321	
	0.456652	
	0.491831	
	0.523164	
	0.503903	
	0.505805	
	0.564712	
	0.548280	
	0.521380	
	0.525323	
	0.486323	
	0.491664	
	0.438973	
	0.428246	
	0.491133	
	0.381091	
	0.410530	
	0.463385	
	0.379541	
	0.384758	
	0.389111	
	0.413877	
	0.431491	
	0.457935	
	0.441059	
	0.455541	
	0.446804	
	0.481473	
	0.471875	
	0.482960	
	0.474830	
	0.469543	
	0.420921	
	0.496604	
	0.551877	
	0.536545	
	0.533345	
	0.537629	
	0.519738	
	0.577342	
	0.546947	
	0.573091	
	0.505793	
	0.532991	
	0.497877	
	0.499685	
	0.509821	
	0.545456	
	0.662034	
	0.640421	
	0.647424	
	0.679873	
	0.714178	
	0.594249	
	0.481656	
	0.483806	
	0.511920	
	0.513649	
	0.513945	
	0.497667	
	0.456168	
	0.475866	
	0.468711	
	0.457258	
	0.471186	
	0.466459	
	0.443565	
	0.441876	
	0.416634	
	0.500013	
	0.435487	
	0.374450	
	0.386655	
	0.335909	
	0.396166	
	0.443858	
	0.433945	
	0.420057	
	0.387295	
	0.376033	
	0.409745	
	0.456571	
	0.371227	
	0.384077	
	0.387476	
	0.399606	
	0.428661	
	0.397738	
	0.400115	
	0.398277	
	0.419491	
	0.398975	
	0.525381	
	0.532894	
	0.754123	
	0.525798	
	0.474846	
	0.452910	
	0.497580	
	0.513060	
	0.506968	
	0.520440	
	0.521723	
	0.504513	
	0.516740	
	0.518469	
	0.537698	
	0.516427	
	0.547114	
	0.536585	
	0.495466	
	0.387264	
	0.373743	
	0.412034	
	0.484906	
	0.491671	
	0.477232	
	0.481376	
	0.448166	
	0.463299	
	0.410238	
	0.382071	
	0.472886	
	0.530863	
	0.533705	
	0.505757	
	0.476849	
	0.451642	
	0.451475	
	0.480948	
	0.499676	
	0.475523	
	0.495154	
	0.545817	
	0.504644	
	0.429197	
	0.427529	
	0.538303	
	0.574627	
	0.593866	
	0.564852	
	0.671115	
	0.649966	
	0.507967	
	0.432519	
	0.452831	
	0.462267	
	0.478570	
	0.476115	
	0.494310	
	0.510290	
	0.501637	
	0.485446	
	0.494991	
	0.473411	
	0.470811	
	0.442138	
	0.444829	
	0.454958	
	0.470444	
	0.480168	
	0.471399	
	0.477813	
	0.469244	
	0.405553	
	0.438156	
	0.507166	
	0.536020	
	0.552300	
	0.572774	
	0.533856	
	0.509016	
	0.514275	
	0.488596	
	0.511170	
	0.511632	
	0.500969	
	0.515895	
	0.522515	
	0.454057	
	0.463613	
	0.489439	
	0.487409	
	0.457013	
	0.446338	
	0.460324	
	0.474376	
	0.446511	
	0.445809	
	0.443298	
	0.464610	
	0.573391	
	0.603553	
	0.577870	
	0.581881	
	0.485667	
	0.455850	
	0.522661	
	0.581969	
	0.429385	
	0.377532	
	0.368855	
	0.366638	
	0.396059	
	0.382336	
	0.403451	
	0.400718	
	0.406241	
	0.395189	
	0.392275	
	0.393004	
	0.372615	
	0.394825	
	0.333383	
	0.341354	
	0.364578	
	0.381231	
	0.338695	
	0.353304	
	0.348053	
	0.328099	
	0.329093	
	0.341108	
	0.331574	
	0.338743	
	0.321308	
	0.313437	
	0.314684	
	0.298428	
	0.311803	
	0.328819	
	0.308189	
	0.314518	
	0.301327	
	0.340488	
	0.339251	
	0.329778	
	0.301774	
	0.319962	
	0.318922	
	0.316163	
	0.294187	
	0.292824	
	0.291360	
	0.308178	
	0.307842	
	0.302485	
	0.322192	
	0.319747	
	0.324909	
	0.311940	
	0.302872	
	0.295392	
	0.304588	
	0.293447	
	0.331991	
	0.306083	
	0.323290	
	0.316904	
	0.299791	
	0.294188	
	0.314122	
	0.308808	
	0.303376	
	0.312448	
	0.303797	
	0.307528	
	0.299061	
	0.301960	
	0.338583	
	0.316976	
	0.292413	
	0.294298	
	0.307155	
	0.294625	
	0.314549	
	0.309591	
	0.308875	
	0.262624	
	0.279461	
	0.309688	
	0.328443	
	0.338178	
	0.321576	
	0.289309	
	0.307192	
	0.291821	
	0.294758	
	0.267437	
	0.296472	
	0.316880	
	0.314522	
	0.322225	
	0.319826	
	0.285957	
	0.309411	
	0.295636	
	0.321201	
	0.266370	
	0.307287	
	0.314495	
	0.324105	
	0.343902	
	0.355212	
	0.327191	
	0.344948	
	0.344723	
	0.331414	
	0.318404	
	0.328286	
	0.309571	
	0.326314	
	0.323522	
	0.360735	
	0.344169	
	0.325645	
	0.333460	
	0.340742	
	0.353562	
	0.349103	
	0.350917	
	0.348913	
	0.345432	
	0.346933	
	0.355629	
	0.361370	
	0.373933	
	0.371232	
	0.344470	
	0.352474	
	0.369749	
	0.381474	
	0.420730	
	0.379337	
	0.417486	
	0.393395	
	0.370959	
	0.372592	
	0.403446	
	0.399862	
	0.416601	
	0.418938	
	0.396342	
	0.365097	
	0.357837	
	0.383125	
	0.396302	
	0.406389	
	0.406354	
	0.392351	
	0.361153	
	0.380093	
	0.384175	
	0.364473	
	0.361977	
	0.386340	
	0.384843	
	0.367553	
	0.375244	
	0.380501	
	0.368264	
	0.329421	
	0.354149	
	0.366347	
	0.368300	
	0.355487	
	0.369417	
	0.353633	
	0.350446	
	0.364634	
	0.381324	
	0.368167	
	0.381037	
	0.409370	
	0.403077	
	0.403715	
	0.406752	
	0.421393	
	0.567370	
	0.583354	
	0.569011	
	0.568922	
	0.589253	
	NaN	
	NaN	
	NaN	
	NaN	
	NaN	
	NaN	
	NaN	
	NaN	
	NaN	
	NaN	
	NaN	
	NaN	
	NaN	
	NaN	
	NaN	
	NaN	
	NaN	
	NaN	
	NaN	
	NaN	
	NaN	
	NaN	
	NaN	
	NaN	
	NaN	
	NaN	
	NaN	
	NaN	
	NaN	
	NaN	
	NaN	
	NaN	
	NaN	
	NaN	
	NaN	
	NaN	
	NaN	
	NaN	
	NaN	
	NaN	
	NaN	
	NaN	
	NaN	
	NaN	
	NaN	
	NaN	
	NaN	
	NaN	
	NaN	
	NaN	
	NaN	
	NaN	
	NaN	
	NaN	
	NaN	
	NaN	
	NaN	
	NaN	
	NaN	
	NaN	
	NaN	
	NaN	
	NaN	
	NaN	
	NaN	
	NaN	
	NaN	
	NaN	
	NaN	
	NaN	
	NaN	
	NaN	
	NaN	
	NaN	
	NaN	
	NaN	
	NaN	
	NaN	
	NaN	
	NaN	
	NaN	
	NaN	
	NaN	
	NaN	
	NaN	
	NaN	
	NaN	
	NaN	
	NaN	
	NaN	
	NaN	
	NaN	
	NaN	
	NaN	
	NaN	
	NaN	
	NaN	
	NaN	
	NaN	
	NaN	
	NaN	
	NaN	
	NaN	
	NaN	
	NaN	
	NaN	
	NaN	
	NaN	
	NaN	
	NaN	
	NaN	
	NaN	
	NaN	
	NaN	
	NaN	
	NaN	
	NaN	
	NaN	
	NaN	
	NaN	
	NaN	
	NaN	
	NaN	
	NaN	
	NaN	
	NaN	
	NaN	
	NaN	
	NaN	
	NaN	
	NaN	
	NaN	
	NaN	
	NaN	
	NaN	
	NaN	
	NaN	
	NaN	
	NaN	
	NaN	
	NaN	
	NaN	
	NaN	
	NaN	
	NaN	
	NaN	
	NaN	
	NaN	
	NaN	
	NaN	
	NaN	
	NaN	
	NaN	
	NaN	
	NaN	
	NaN	
	NaN	
	NaN	
	NaN	
	NaN	
	NaN	
	NaN	
	NaN	
	NaN	
	NaN	
	NaN	
	NaN	
	NaN	
	NaN	
	NaN	
	NaN	
	NaN	
	NaN	
	NaN	
	NaN	
	NaN	
	NaN	
	NaN	
	NaN	
	NaN	
	NaN	
	NaN	
	NaN	
	NaN	
	NaN	
	NaN	
	NaN	
	NaN	
	NaN	
	NaN	
	NaN	
	NaN	
	NaN	
	NaN	
	NaN	
	NaN	
	NaN	
	NaN	
	NaN	
	NaN	
	NaN	
	NaN	
	NaN	
	NaN	
	NaN	
	NaN	
	NaN	
	NaN	
	NaN	
	NaN	
	NaN	
	NaN	
	NaN	
	NaN	
	NaN	
	NaN	
	NaN	
	NaN	
	NaN	
	NaN	
	NaN	
	NaN	
	NaN	
	NaN	
	NaN	
	NaN	
	NaN	
	NaN	
	NaN	
	NaN	
	NaN	
	NaN	
	NaN	
	NaN	
	NaN	
	NaN	
	NaN	
	NaN	
	NaN	
	NaN	
	NaN	
	NaN	
	NaN	
	NaN	
