_Brightness		
	NaN	
	NaN	
	NaN	
	NaN	
	NaN	
	NaN	
	NaN	
	NaN	
	NaN	
	NaN	
	0.122278	
	0.081930	
	0.096761	
	0.115059	
	0.108895	
	0.095103	
	0.086417	
	0.075382	
	0.075829	
	0.069334	
	0.081938	
	0.105901	
	0.087030	
	0.083624	
	0.115300	
	0.120500	
	0.096477	
	0.078368	
	0.066281	
	0.090332	
	0.091640	
	0.073440	
	0.108945	
	0.127688	
	0.102256	
	0.161982	
	0.126330	
	0.105683	
	0.090546	
	0.084005	
	0.067294	
	0.089678	
	0.064966	
	0.080714	
	0.091817	
	0.111047	
	0.152556	
	0.150848	
	0.106175	
	0.080689	
	0.084189	
	0.073475	
	0.068798	
	0.092451	
	0.119860	
	0.109302	
	0.124597	
	0.107459	
	0.117792	
	0.131984	
	0.103855	
	0.101029	
	0.099199	
	0.093917	
	0.089778	
	0.089278	
	0.111567	
	0.103935	
	0.109226	
	0.114121	
	0.149622	
	0.099545	
	0.092395	
	0.090560	
	0.078846	
	0.091911	
	0.077288	
	0.077191	
	0.107479	
	0.128083	
	0.103058	
	0.123431	
	0.130867	
	0.111808	
	0.101573	
	0.086539	
	0.097625	
	0.081339	
	0.100156	
	0.075344	
	0.088691	
	0.104365	
	0.098740	
	0.133694	
	0.127543	
	0.102795	
	0.088037	
	0.073806	
	0.068041	
	0.090372	
	0.085618	
	0.133357	
	0.094291	
	0.126889	
	0.115640	
	0.140064	
	0.151167	
	0.121141	
	0.121039	
	0.108516	
	0.094706	
	0.103733	
	0.119237	
	0.126566	
	0.121659	
	0.122998	
	0.137986	
	0.157880	
	0.139570	
	0.130374	
	0.094724	
	0.123778	
	0.103368	
	0.094731	
	0.156241	
	0.128693	
	0.106261	
	0.148176	
	0.153498	
	0.152548	
	0.128023	
	0.102232	
	0.082707	
	0.100696	
	0.102210	
	0.096976	
	0.095435	
	0.089261	
	0.107080	
	0.176800	
	0.131130	
	0.099995	
	0.074865	
	0.081513	
	0.087365	
	0.084164	
	0.072391	
	0.087516	
	0.067929	
	0.086826	
	0.140649	
	0.182575	
	0.123006	
	0.109796	
	0.104096	
	0.107056	
	0.102627	
	0.104221	
	0.120429	
	0.097736	
	0.092098	
	0.135415	
	0.239877	
	0.186245	
	0.171248	
	0.128124	
	0.122174	
	0.134579	
	0.134789	
	0.129093	
	0.121736	
	0.113731	
	0.122092	
	0.103471	
	0.095145	
	0.098818	
	0.117838	
	0.098749	
	0.098895	
	0.126649	
	0.091065	
	0.112366	
	0.088248	
	0.108974	
	0.091955	
	0.100895	
	0.081861	
	0.073089	
	0.094274	
	0.081415	
	0.095875	
	0.084868	
	0.068680	
	0.090950	
	0.089468	
	0.090973	
	0.103684	
	0.103924	
	0.136318	
	0.188285	
	0.219757	
	0.196496	
	0.239780	
	0.222888	
	0.161482	
	0.113901	
	0.117041	
	0.105671	
	0.110909	
	0.111447	
	0.089167	
	0.155681	
	0.347593	
	0.379373	
	0.423372	
	0.326431	
	0.207116	
	0.185801	
	0.221385	
	0.215789	
	0.232563	
	0.197540	
	0.150220	
	0.234619	
	0.323352	
	0.389825	
	0.433433	
	0.329030	
	0.189706	
	0.138349	
	0.130223	
	0.148080	
	0.147542	
	0.140172	
	0.340059	
	0.469099	
	0.451702	
	0.423026	
	0.450317	
	0.351120	
	0.236958	
	0.214144	
	0.258538	
	0.282931	
	0.290689	
	0.207888	
	0.216635	
	0.262042	
	0.266530	
	0.215024	
	0.183587	
	0.186766	
	0.166893	
	0.143524	
	0.153094	
	0.150719	
	0.120101	
	0.161476	
	0.317872	
	0.380769	
	0.371823	
	0.353544	
	0.300680	
	0.157578	
	0.194821	
	0.204548	
	0.209964	
	0.162899	
	0.186243	
	0.350038	
	0.376540	
	0.483271	
	0.461299	
	0.279938	
	0.173883	
	0.139410	
	0.150970	
	0.152195	
	0.151212	
	0.155132	
	0.226270	
	0.388629	
	0.420258	
	0.420163	
	0.399490	
	0.337639	
	0.245254	
	0.241474	
	0.240784	
	0.277069	
	0.326020	
	0.410720	
	0.375106	
	0.389091	
	0.424754	
	0.354319	
	0.331862	
	0.259563	
	0.254139	
	0.238220	
	0.323892	
	0.301868	
	0.354521	
	0.332999	
	0.354035	
	0.275552	
	0.316058	
	0.349292	
	0.390829	
	0.391117	
	0.330578	
	0.382028	
	0.385819	
	0.428053	
	0.442047	
	0.374693	
	0.390754	
	0.414286	
	0.339038	
	0.378261	
	0.297906	
	0.256176	
	0.273346	
	0.259449	
	0.244807	
	0.251236	
	0.201751	
	0.215388	
	0.289870	
	0.328248	
	0.439630	
	0.411657	
	0.427434	
	0.461291	
	0.451109	
	0.506789	
	0.512114	
	0.474614	
	0.395250	
	0.283649	
	0.353158	
	0.529169	
	0.542102	
	0.432337	
	0.355563	
	0.337551	
	0.269664	
	0.303768	
	0.377790	
	0.348787	
	0.405195	
	0.394680	
	0.391607	
	0.402753	
	0.440390	
	0.331314	
	0.345876	
	0.440839	
	0.417212	
	0.372881	
	0.479656	
	0.471956	
	0.407135	
	0.490471	
	0.526259	
	0.438539	
	0.487535	
	0.513955	
	0.470013	
	0.497018	
	0.523481	
	0.516329	
	0.503575	
	0.489170	
	0.417965	
	0.393919	
	0.418414	
	0.313669	
	0.202588	
	0.202176	
	0.230033	
	0.256548	
	0.249141	
	0.244093	
	0.259259	
	0.242295	
	0.111004	
	0.107192	
	0.135441	
	0.124674	
	0.102407	
	0.084678	
	0.123583	
	0.119239	
	0.102321	
	0.090087	
	0.093336	
	0.061964	
	0.069750	
	0.129735	
	0.157390	
	0.153331	
	0.138432	
	0.104636	
	0.137894	
	0.134495	
	0.200629	
	0.275243	
	0.189284	
	0.220385	
	0.092084	
	0.130741	
	0.131758	
	0.101955	
	0.091262	
	0.119305	
	0.100217	
	0.094850	
	0.115582	
	0.106888	
	0.082155	
	0.061189	
	0.106207	
	0.126889	
	0.153670	
	0.151394	
	0.138741	
	0.165340	
	0.151123	
	0.169850	
	0.234341	
	0.304104	
	0.279315	
	0.194113	
	0.130449	
	0.116930	
	0.137846	
	0.113380	
	0.103401	
	0.100010	
	0.081878	
	0.092628	
	0.091889	
	0.101580	
	0.087618	
	0.092424	
	0.118521	
	0.163598	
	0.140829	
	0.120454	
	0.137647	
	0.109241	
	0.093146	
	0.138568	
	0.140746	
	0.121017	
	0.143133	
	0.113941	
	0.137354	
	0.128506	
	0.110684	
	0.100405	
	0.103148	
	0.089820	
	0.099882	
	0.109651	
	0.111982	
	0.101176	
	0.113239	
	0.105989	
	0.160520	
	0.159676	
	0.149015	
	0.157307	
	0.123886	
	0.127677	
	0.178913	
	0.161320	
	0.189740	
	0.209033	
	0.262140	
	0.214281	
	0.219973	
	0.181069	
	0.179597	
	0.276050	
	0.185416	
	0.182389	
	0.174127	
	0.145458	
	0.156914	
	0.136266	
	0.108145	
	0.135658	
	0.199440	
	0.197482	
	0.230252	
	0.229321	
	0.274239	
	0.313210	
	0.348722	
	0.295547	
	0.251660	
	0.266673	
	0.333430	
	0.335280	
	0.317701	
	0.346871	
	0.258484	
	0.221004	
	0.216339	
	0.223153	
	0.201948	
	0.194554	
	0.181540	
	0.129696	
	0.161980	
	0.196498	
	0.277561	
	0.250664	
	0.190945	
	0.131979	
	0.144486	
	0.171493	
	0.159606	
	0.206398	
	0.219997	
	0.214008	
	0.235072	
	0.296840	
	0.369623	
	0.325648	
	0.248686	
	0.220882	
	0.191420	
	0.219684	
	0.239448	
	0.230086	
	0.196811	
	0.198102	
	0.252992	
	0.236208	
	0.263682	
	0.264660	
	0.207679	
	0.200823	
	0.230156	
	0.185432	
	0.201826	
	0.198437	
	0.185262	
	0.200685	
	0.207841	
	0.161482	
	0.152446	
	0.190406	
	0.165965	
	0.155705	
	0.117225	
	0.104504	
	0.133864	
	0.128669	
	0.108095	
	0.169536	
	0.213280	
	0.146529	
	0.134919	
	0.144792	
	0.127601	
	0.133593	
	0.084500	
	0.072954	
	0.076200	
	0.177014	
	0.196782	
	0.254717	
	0.315950	
	0.370330	
	0.389091	
	0.236551	
	0.205104	
	0.181547	
	0.214133	
	0.244346	
	0.254502	
	0.233846	
	0.269118	
	0.342591	
	0.411235	
	0.464236	
	0.392564	
	0.288891	
	0.248957	
	0.205079	
	0.295812	
	0.390087	
	0.365694	
	0.303268	
	0.217223	
	0.264801	
	0.284623	
	0.333053	
	0.235236	
	0.228757	
	0.229679	
	0.208811	
	0.191210	
	0.225716	
	0.232999	
	0.218191	
	0.275277	
	0.371043	
	0.392693	
	0.284561	
	0.275616	
	0.315508	
	0.269294	
	0.339050	
	0.338863	
	0.267843	
	0.275220	
	0.352381	
	0.420740	
	0.380308	
	0.367115	
	0.322314	
	0.283515	
	0.256311	
	0.216303	
	0.157829	
	0.151870	
	0.126942	
	0.156422	
	0.187998	
	0.171093	
	0.237922	
	0.243011	
	0.200553	
	0.181777	
	0.192845	
	0.170393	
	0.181812	
	0.182191	
	0.205125	
	0.170163	
	0.154959	
	0.258084	
	0.250947	
	0.219103	
	0.181050	
	0.190457	
	0.144223	
	0.159481	
	0.162752	
	0.189236	
	0.183527	
	0.165318	
	0.171010	
	0.158780	
	0.174726	
	0.184156	
	0.201357	
	0.227811	
	0.206364	
	0.192883	
	0.218528	
	0.153944	
	0.171634	
	0.208209	
	0.310163	
	0.380251	
	0.378303	
	0.320373	
	0.257475	
	0.225058	
	0.202600	
	0.227243	
	0.258725	
	0.340978	
	0.306072	
	0.299272	
	0.248153	
	0.201881	
	0.223297	
	0.247160	
	0.236609	
	0.250877	
	0.218806	
	0.238950	
	0.212806	
	0.209962	
	0.184019	
	0.187153	
	0.161595	
	0.152413	
	0.137273	
	0.183802	
	0.208121	
	0.225037	
	0.154832	
	0.200907	
	0.204743	
	0.251030	
	0.255742	
	0.373713	
	0.370928	
	0.347693	
	0.340325	
	0.350905	
	0.371865	
	0.366458	
	0.325931	
	0.216175	
	0.184821	
	0.145834	
	0.174066	
	0.301061	
	0.349346	
	0.316544	
	0.285042	
	0.328371	
	0.346901	
	0.350615	
	0.322509	
	0.415076	
	0.441994	
	0.280968	
	0.261165	
	0.223190	
	0.229720	
	0.259109	
	0.285308	
	0.337754	
	0.326677	
	0.329612	
	0.310306	
	0.299691	
	0.342337	
	0.293488	
	0.347466	
	0.340184	
	0.296590	
	0.324917	
	0.395431	
	0.330980	
	0.416065	
	0.442498	
	0.330022	
	0.461208	
	0.383013	
	0.312608	
	0.210017	
	0.192096	
	0.170822	
	0.189562	
	0.200749	
	0.244721	
	0.205476	
	0.160813	
	0.153794	
	0.172582	
	0.159619	
	0.207601	
	0.333193	
	0.327257	
	0.352701	
	0.211365	
	0.174538	
	0.157294	
	0.126085	
	0.118378	
	0.133068	
	0.155113	
	0.170184	
	0.188148	
	0.173508	
	0.186481	
	0.129506	
	0.145504	
	0.174563	
	0.306102	
	0.290397	
	0.170651	
	0.233640	
	0.281133	
	0.291561	
	0.344362	
	0.294989	
	0.299185	
	0.305018	
	0.222063	
	0.210998	
	0.196561	
	0.222540	
	0.183977	
	0.142949	
	0.179912	
	0.262575	
	0.158268	
	0.142809	
	0.185960	
	0.136583	
	0.139740	
	0.130509	
	0.151259	
	0.104011	
	0.075481	
	0.160641	
	0.202639	
	0.168309	
	0.117133	
	0.090821	
	0.106344	
	0.105298	
	0.109664	
	0.103020	
	0.107483	
	0.125734	
	0.142412	
	0.154014	
	0.188778	
	0.267186	
	0.177662	
	0.177914	
	0.186638	
	0.209286	
	0.350305	
	0.222253	
	0.203759	
	0.236943	
	0.347177	
	0.296740	
	0.317218	
	0.293592	
	0.216266	
	0.200377	
	0.189856	
	0.190923	
	0.178931	
	0.234347	
	0.208595	
	0.194689	
	0.173157	
	0.212237	
	0.399977	
	0.504069	
	0.440262	
	0.368291	
	0.380496	
	0.380039	
	0.393723	
	0.353493	
	0.363289	
	0.160298	
	0.121413	
	0.205276	
	0.249125	
	0.303815	
	0.383087	
	0.316168	
	0.304819	
	0.376058	
	0.339315	
	0.319053	
	0.388037	
	0.364719	
	0.386073	
	0.409383	
	0.403019	
	0.473105	
	0.469836	
	0.397492	
	0.353012	
	0.461319	
	0.416481	
	0.352300	
	0.372945	
	0.435652	
	0.454937	
	0.427730	
	0.467073	
	0.404296	
	0.380743	
	0.477055	
	0.481591	
	0.357222	
	0.497796	
	0.520934	
	0.425599	
	0.464103	
	0.516810	
	0.443708	
	0.425777	
	0.441936	
	0.458741	
	0.480250	
	0.529953	
	0.507129	
	0.504453	
	0.506282	
	0.582698	
	0.506368	
	0.483794	
	0.517632	
	0.529539	
	0.448363	
	0.524432	
	0.470213	
	0.438576	
	0.565610	
	0.556060	
	0.529632	
	0.603867	
	0.674805	
	0.599277	
	0.633676	
	0.667969	
	0.587422	
	0.535920	
	0.591726	
	0.657621	
	0.662727	
	0.606788	
	0.652571	
	0.352254	
	0.233144	
	0.257365	
	0.324361	
	0.285759	
	0.243700	
	0.212677	
	0.177545	
	0.131265	
	0.140500	
	0.158069	
	0.162395	
	0.154978	
	0.139423	
	0.129405	
	0.111736	
	0.113311	
	0.117585	
	0.110235	
	0.118474	
	0.125879	
	0.126521	
	0.118579	
	0.122975	
	0.165714	
	0.223261	
	0.167833	
	0.150585	
	0.119342	
	0.107951	
	0.086174	
	0.088943	
	0.082402	
	0.082279	
	0.109571	
	0.093637	
	0.129664	
	0.238179	
	0.275811	
	0.186259	
	0.154213	
	0.122931	
	0.100943	
	0.096076	
	0.097743	
	0.107831	
	0.098803	
	0.092308	
	0.105789	
	0.106302	
	0.148494	
	0.109265	
	0.107937	
	0.094113	
	0.116351	
	0.277627	
	0.740555	
	0.760302	
	0.777660	
	0.725977	
	0.479057	
	0.460186	
	0.329431	
	0.325010	
	0.325136	
	0.360784	
	0.341853	
	0.343105	
	0.312072	
	0.399707	
	0.348041	
	0.197097	
	0.275287	
	0.336536	
	0.240393	
	0.245675	
	0.262004	
	0.213587	
	0.165637	
	0.138496	
	0.134719	
	0.125972	
	0.121082	
	0.099241	
	0.126073	
	0.131266	
	0.167918	
	0.251486	
	0.273209	
	0.309924	
	0.330996	
	0.300427	
	0.275880	
	0.322612	
	0.271220	
	0.176162	
	0.127430	
	0.157459	
	0.224869	
	0.336533	
	0.378832	
	0.299097	
	0.335252	
	0.385244	
	0.369809	
	0.405644	
	0.412706	
	0.360479	
	0.381772	
	0.318736	
	0.317931	
	0.283410	
	0.356792	
	0.280409	
	0.284212	
	0.288271	
	0.206126	
	0.269595	
	0.269796	
	0.274509	
	0.343706	
	0.329654	
	0.242619	
	0.263682	
	0.281329	
	0.233185	
	0.207933	
	0.188141	
	0.226882	
	0.251679	
	0.193886	
	0.488519	
	0.520442	
	0.385048	
	0.249862	
	0.357553	
	0.381791	
	0.329657	
	0.171040	
	0.156468	
	0.130783	
	0.149210	
	0.119154	
	0.127869	
	0.125750	
	0.131956	
	0.140817	
	0.150952	
	0.139169	
	0.139263	
	0.108019	
	0.101953	
	0.101197	
	0.217896	
	0.299034	
	0.249138	
	0.258772	
	0.308109	
	0.280733	
	0.198319	
	0.177008	
	0.237620	
	0.240230	
	0.253979	
	0.243228	
	0.178126	
	0.126454	
	0.312864	
	0.271967	
	0.233226	
	0.197004	
	0.184785	
	0.165869	
	0.127956	
	0.093237	
	0.100427	
	0.104669	
	0.107232	
	0.111168	
	0.089512	
	0.160989	
	0.255549	
	0.316559	
	0.322257	
	0.328748	
	0.261483	
	0.285126	
	0.218819	
	0.238144	
	0.204672	
	0.189730	
	0.174588	
	0.246879	
	0.304281	
	0.385150	
	0.302048	
	0.240221	
	0.224585	
	0.226343	
	0.190258	
	0.218672	
	0.234418	
	0.236982	
	0.208688	
	0.224257	
	0.239916	
	0.201069	
	0.237549	
	0.217754	
	0.269720	
	0.213331	
	0.234049	
	0.212927	
	0.206832	
	0.303707	
	0.284936	
	0.240555	
	0.232919	
	0.246319	
	0.233856	
	0.229973	
	0.159903	
	0.196592	
	0.242168	
	0.211649	
	0.201167	
	0.367891	
	0.590827	
	0.596298	
	0.538967	
	0.611459	
	0.612413	
	0.547938	
	0.525241	
	0.530655	
	0.552368	
	0.464457	
	0.447892	
	0.458974	
	0.349021	
	0.263340	
	0.188838	
	0.163413	
	0.180319	
	0.159988	
	0.161905	
	0.118838	
	0.104282	
	0.272306	
	0.224408	
	0.262025	
	0.264254	
	0.251200	
	0.275551	
	0.267499	
	0.232892	
	0.240838	
	0.198256	
	0.171514	
	0.090113	
	0.127682	
	0.086623	
	0.095420	
	0.144982	
	0.100243	
	0.102891	
	0.092628	
	0.100987	
	0.127360	
	0.115316	
	0.111928	
	0.134004	
	0.119943	
	0.113195	
	0.161384	
	0.166597	
	0.146072	
	0.168845	
	0.148856	
	0.115303	
	0.076010	
	0.098439	
	0.098164	
	0.124442	
	0.104960	
	0.112991	
	0.229027	
	0.221146	
	0.214397	
	0.212498	
	0.222255	
	0.210407	
	0.223135	
	0.192483	
	0.288170	
	0.324844	
	0.319487	
	0.307638	
	0.310607	
	0.326177	
	0.349405	
	0.333998	
	0.309316	
	0.236671	
	0.241579	
	0.287729	
	0.312236	
	0.310085	
	0.252738	
	0.236317	
	0.220814	
	0.203174	
	0.172842	
	0.163912	
	0.190120	
	0.199585	
	0.169617	
	0.146877	
	0.185319	
	0.202566	
	0.226262	
	0.367936	
	0.383836	
	0.457425	
	0.383693	
	0.378511	
	0.368775	
	0.320422	
	0.264925	
	0.187024	
	0.148003	
	0.138163	
	0.144887	
	0.103219	
	0.135649	
	0.139127	
	0.165417	
	0.169662	
	0.211251	
	0.223488	
	0.229876	
	0.278892	
	0.376367	
	0.437324	
	0.452013	
	0.335583	
	0.203290	
	0.182928	
	0.204674	
	0.224582	
	0.248128	
	0.207065	
	0.216641	
	0.199703	
	0.287781	
	0.231129	
	0.259702	
	0.242255	
	0.245910	
	0.271169	
	0.323316	
	0.309685	
	0.332236	
	0.254111	
	0.217164	
	0.213560	
	0.214432	
	0.197889	
	0.246466	
	0.164701	
	0.274506	
	0.262547	
	0.263574	
	0.315512	
	0.312923	
	0.237415	
	0.248992	
	0.316858	
	0.292457	
	0.284546	
	0.289525	
	0.262784	
	0.277692	
	0.250573	
	0.238462	
	0.244688	
	0.261056	
	0.289290	
	0.258469	
	0.291559	
	0.309596	
	0.291105	
	0.249081	
	0.244579	
	0.254408	
	0.238084	
	0.238394	
	0.226280	
	0.198830	
	0.189024	
	0.202678	
	0.147851	
	0.176642	
	0.201947	
	0.190208	
	0.225947	
	0.205145	
	0.155531	
	0.141426	
	0.163452	
	0.128185	
	0.131737	
	0.166343	
	0.166061	
	0.165415	
	0.266624	
	0.341510	
	0.409465	
	0.369500	
	0.399380	
	0.272218	
	0.267200	
	0.198454	
	0.209645	
	0.221479	
	0.251438	
	0.315866	
	0.378195	
	0.515663	
	0.566864	
	0.444154	
	0.414073	
	0.400842	
	0.384871	
	0.349271	
	0.310116	
	0.303325	
	0.339516	
	0.418629	
	0.432274	
	0.481172	
	0.485008	
	0.531729	
	0.419237	
	0.436723	
	0.448803	
	0.439369	
	0.435830	
	0.412496	
	0.405387	
	0.491270	
	0.522951	
	0.596988	
	0.564074	
	0.593268	
	0.549491	
	0.480499	
	0.399021	
	0.324756	
	0.272352	
	0.232624	
	0.364145	
	0.496117	
	0.479621	
	0.398680	
	0.306538	
	0.370017	
	0.398929	
	0.408730	
	0.303481	
	0.267671	
	0.193531	
	0.177295	
	0.216271	
	0.209739	
	0.197754	
	0.188706	
	0.173988	
	0.166719	
	0.158049	
	0.169770	
	0.148469	
	0.178176	
	0.187182	
	0.194668	
	0.202552	
	0.259977	
	0.321287	
	0.304096	
	0.252018	
	0.306517	
	0.307544	
	0.362298	
	0.249155	
	0.223554	
	0.165203	
	0.273039	
	0.306031	
	0.334151	
	0.293452	
	0.234971	
	0.181865	
	0.192854	
	0.196023	
	0.149323	
	0.187960	
	0.177757	
	0.182320	
	0.310775	
	0.518341	
	0.565872	
	0.451639	
	0.449132	
	0.491961	
	0.533924	
	0.570870	
	0.595575	
	0.567052	
	0.546245	
	0.433646	
	0.357611	
	0.484340	
	0.521610	
	0.476529	
	0.406980	
	0.443038	
	0.455810	
	0.340299	
	0.364679	
	0.413031	
	0.420162	
	0.417222	
	0.475308	
	0.433634	
	0.369244	
	0.420167	
	0.396443	
	0.399293	
	0.399033	
	0.436672	
	0.393884	
	0.452775	
	0.441235	
	0.325386	
	0.220006	
	0.239588	
	0.213966	
	0.181546	
	0.182159	
	0.175177	
	0.151391	
	0.143468	
	0.145647	
	0.126675	
	0.124327	
	0.184341	
	0.093287	
	0.127073	
	0.150625	
	0.126796	
	0.100945	
	0.095807	
	0.125929	
	0.101834	
	0.137965	
	0.116675	
	0.178007	
	0.226095	
	0.200790	
	0.269248	
	0.324084	
	0.379179	
	0.316196	
	0.218220	
	0.203815	
	0.250133	
	0.199957	
	0.132839	
	0.143649	
	0.127431	
	0.119338	
	0.158804	
	0.217151	
	0.304552	
	0.330949	
	0.223117	
	0.186984	
	0.180687	
	0.209995	
	0.198096	
	0.178132	
	0.181265	
	0.255430	
	0.280350	
	0.385146	
	0.332503	
	0.340703	
	0.319921	
	0.286686	
	0.232290	
	0.212041	
	0.195407	
	0.139176	
	0.118659	
	0.353385	
	0.434278	
	0.402604	
	0.269412	
	0.210859	
	0.197476	
	0.226693	
	0.249115	
	0.244917	
	0.222733	
	0.201729	
	0.316115	
	0.276646	
	0.259015	
	0.194759	
	0.165721	
	0.177183	
	0.149881	
	0.134472	
	0.152911	
	0.159977	
	0.164221	
	0.194526	
	0.250820	
	0.355543	
	0.332428	
	0.354297	
	0.410283	
	0.375915	
	0.283512	
	0.312545	
	0.357584	
	0.351948	
	0.281738	
	0.195973	
	0.421883	
	0.331040	
	0.308897	
	0.317613	
	0.336510	
	0.253629	
	0.238770	
	0.198378	
	0.197642	
	0.213985	
	0.138189	
	0.130605	
	0.159902	
	0.225490	
	0.146520	
	0.132678	
	0.119459	
	0.103297	
	0.105810	
	0.119284	
	0.138381	
	0.154587	
	0.147554	
	0.125575	
	0.242118	
	0.292565	
	0.309217	
	0.212788	
	0.212540	
	0.214683	
	0.229989	
	0.208116	
	0.115448	
	0.108550	
	0.098152	
	0.091783	
	0.169720	
	0.253880	
	0.384353	
	0.308876	
	0.259616	
	0.221963	
	0.206730	
	0.188737	
	0.211357	
	0.204084	
	0.221246	
	0.364815	
	0.367998	
	0.373108	
	0.339540	
	0.333360	
	0.277384	
	0.260637	
	0.286293	
	0.282654	
	0.163551	
	0.172842	
	0.286809	
	0.482801	
	0.524324	
	0.471158	
	0.462775	
	0.471441	
	0.411820	
	0.397498	
	0.381482	
	0.214841	
	0.221269	
	0.271412	
	0.256938	
	0.258675	
	0.269896	
	0.254688	
	0.239128	
	0.248127	
	0.233675	
	0.257322	
	0.199657	
	0.195801	
	0.198641	
	0.187303	
	0.379712	
	0.375225	
	0.405501	
	0.439769	
	0.455993	
	0.481509	
	0.435548	
	0.377793	
	0.456514	
	0.409156	
	0.253789	
	0.358088	
	0.380636	
	0.361692	
	0.384070	
	0.407882	
	0.435540	
	0.376050	
	0.418904	
	0.430247	
	0.405663	
	0.426357	
	0.520952	
	0.468638	
	0.379174	
	0.375337	
	0.549238	
	0.503140	
	0.508723	
	0.442003	
	0.383626	
	0.389804	
	0.452608	
	0.440991	
	0.343385	
	0.476001	
	0.372081	
	0.504730	
	0.575994	
	0.513416	
	0.449677	
	0.393702	
	0.382201	
	0.403043	
	0.404940	
	0.349953	
	0.384016	
	0.421841	
	0.385710	
	0.390127	
	0.377704	
	0.370054	
	0.328684	
	0.361314	
	0.407192	
	0.379575	
	0.323757	
	0.238309	
	0.171440	
	0.277569	
	0.425367	
	0.314955	
	0.249970	
	0.228622	
	0.214387	
	0.178803	
	0.176845	
	0.170328	
	0.155811	
	0.139230	
	0.235121	
	0.420410	
	0.451771	
	0.516850	
	0.516112	
	0.426094	
	0.345927	
	0.286168	
	0.227630	
	0.250355	
	0.264422	
	0.288931	
	0.229913	
	0.293473	
	0.399541	
	0.354844	
	0.263700	
	0.199971	
	0.172697	
	0.167363	
	0.150128	
	0.151474	
	0.130982	
	0.149259	
	0.352785	
	0.419946	
	0.468685	
	0.477838	
	0.526938	
	0.531089	
	0.479355	
	0.416991	
	0.316823	
	0.266734	
	0.280744	
	0.213364	
	0.404977	
	0.433812	
	0.488442	
	0.523997	
	0.452812	
	0.298948	
	0.162901	
	0.156336	
	0.149781	
	0.162433	
	0.162606	
	0.153719	
	0.243858	
	0.375198	
	0.426092	
	0.422639	
	0.220219	
	0.311514	
	0.539791	
	0.589003	
	0.484733	
	0.355487	
	0.175658	
	0.340812	
	0.500140	
	0.498716	
	0.459607	
	0.477851	
	0.312116	
	0.183005	
	0.168810	
	0.165939	
	0.180304	
	0.191430	
	0.178115	
	0.484355	
	0.610819	
	0.622896	
	0.656252	
	0.549448	
	0.457043	
	0.452657	
	0.527249	
	0.517021	
	0.419959	
	0.428057	
	0.402378	
	0.413847	
	0.361017	
	0.359787	
	0.250303	
	0.229337	
	0.174002	
	0.188910	
	0.201775	
	0.222792	
	0.203619	
	0.222126	
	0.250148	
	0.278108	
	0.378976	
	0.398289	
	0.417066	
	0.411791	
	0.398291	
	0.352185	
	0.257549	
	0.332073	
	0.388261	
	0.356710	
	0.393905	
	0.384768	
	0.311614	
	0.245003	
	0.186209	
	0.223525	
	0.217282	
	0.222441	
	0.183302	
	0.226806	
	0.210517	
	0.379048	
	0.532241	
	0.509638	
	0.514901	
	0.568515	
	0.538658	
	0.585683	
	0.573904	
	0.508832	
	0.463234	
	0.496695	
	0.251593	
	0.376960	
	0.510912	
	0.493057	
	0.481394	
	0.413108	
	0.340091	
	0.339463	
	0.336955	
	0.282870	
	0.281384	
	0.369698	
	0.399089	
	0.381747	
	0.396916	
	0.359481	
	0.369239	
	0.402729	
	0.390328	
	0.394810	
	0.367847	
	0.442648	
	0.363962	
	0.373289	
	0.365607	
	0.399735	
	0.380107	
	0.421855	
	0.438132	
	0.412571	
	0.415866	
	0.474733	
	0.427088	
	0.487341	
	0.429791	
	0.440363	
	0.337161	
	0.281244	
	0.300777	
	0.323299	
	0.281408	
	0.272277	
	0.277499	
	0.268990	
	0.242793	
	0.283202	
	0.250764	
	0.233296	
	0.154332	
	0.140972	
	0.163960	
	0.142941	
	0.107263	
	0.097890	
	0.101311	
	0.112158	
	0.130870	
	0.133997	
	0.121449	
	0.096776	
	0.082083	
	0.179012	
	0.205956	
	0.188214	
	0.175925	
	0.123663	
	0.139518	
	0.142122	
	0.137106	
	0.178033	
	0.124511	
	0.117719	
	0.092708	
	0.119636	
	0.114679	
	0.105622	
	0.083180	
	0.093228	
	0.096206	
	0.104636	
	0.112125	
	0.075226	
	0.097402	
	0.144903	
	0.146835	
	0.172450	
	0.191790	
	0.145314	
	0.148217	
	0.153793	
	0.179032	
	0.252400	
	0.247086	
	0.185685	
	0.130679	
	0.144020	
	0.171319	
	0.157783	
	0.119499	
	0.086419	
	0.089133	
	0.092656	
	0.119842	
	0.123615	
	0.105423	
	0.077592	
	0.106528	
	0.116289	
	0.200045	
	0.199108	
	0.157544	
	0.125203	
	0.116860	
	0.113952	
	0.108817	
	0.159595	
	0.135580	
	0.176191	
	0.214025	
	0.169432	
	0.167514	
	0.118019	
	0.095692	
	0.102161	
	0.090938	
	0.121252	
	0.098262	
	0.118040	
	0.093925	
	0.162263	
	0.146532	
	0.173352	
	0.179360	
	0.160132	
	0.148378	
	0.147365	
	0.167142	
	0.181961	
	0.237242	
	0.231401	
	0.219872	
	0.177013	
	0.179633	
	0.176481	
	0.184147	
	0.136455	
	0.131306	
	0.131178	
	0.124803	
	0.140548	
	0.131353	
	0.147109	
	0.165997	
	0.252591	
	0.212700	
	0.215372	
	0.268774	
	0.323768	
	0.392477	
	0.398018	
	0.326664	
	0.360481	
	0.412653	
	0.408352	
	0.381600	
	0.390434	
	0.306184	
	0.263512	
	0.253236	
	0.208337	
	0.177848	
	0.196999	
	0.240947	
	0.210573	
	0.163715	
	0.136747	
	0.264872	
	0.333460	
	0.298165	
	0.230383	
	0.190982	
	0.184434	
	0.199427	
	0.205871	
	0.220119	
	0.254110	
	0.258755	
	0.222254	
	0.305262	
	0.285810	
	0.233185	
	0.211137	
	0.207743	
	0.196839	
	0.205123	
	0.209963	
	0.230310	
	0.186171	
	0.249583	
	0.258704	
	0.223799	
	0.225186	
	0.249784	
	0.235959	
	0.191184	
	0.209920	
	0.211523	
	0.216047	
	0.186830	
	0.167723	
	0.202826	
	0.188315	
	0.204343	
	0.207647	
	0.194047	
	0.162639	
	0.132771	
	0.148869	
	0.129622	
	0.106491	
	0.104078	
	0.130138	
	0.166082	
	0.260595	
	0.184092	
	0.174036	
	0.158261	
	0.153207	
	0.135330	
	0.129662	
	0.129325	
	0.101628	
	0.112385	
	0.196112	
	0.256445	
	0.295871	
	0.348369	
	0.378714	
	0.304913	
	0.236532	
	0.208989	
	0.210273	
	0.213439	
	0.262398	
	0.273091	
	0.223678	
	0.343533	
	0.416280	
	0.423267	
	0.344622	
	0.209653	
	0.244011	
	0.214113	
	0.264673	
	0.296868	
	0.400838	
	0.327939	
	0.288004	
	0.353678	
	0.284084	
	0.270109	
	0.231795	
	0.193759	
	0.181185	
	0.173488	
	0.143301	
	0.214627	
	0.218352	
	0.247172	
	0.247087	
	0.238234	
	0.319757	
	0.336160	
	0.291928	
	0.285202	
	0.239657	
	0.254979	
	0.268692	
	0.210515	
	0.321945	
	0.535114	
	0.520000	
	0.453869	
	0.411402	
	0.356689	
	0.375698	
	0.372945	
	0.222057	
	0.203241	
	0.206387	
	0.241065	
	0.250680	
	0.159446	
	0.168845	
	0.226154	
	0.196832	
	0.230893	
	0.202819	
	0.168226	
	0.210421	
	0.202233	
	0.182510	
	0.181152	
	0.175840	
	0.173325	
	0.185315	
	0.183059	
	0.170246	
	0.128682	
	0.143961	
	0.111479	
	0.108868	
	0.111280	
	0.131841	
	0.135583	
	0.173776	
	0.137695	
	0.185367	
	0.248400	
	0.263825	
	0.245104	
	0.223798	
	0.224451	
	0.276933	
	0.300306	
	0.260421	
	0.214351	
	0.292011	
	0.437262	
	0.406227	
	0.359088	
	0.266282	
	0.296566	
	0.225232	
	0.180983	
	0.188380	
	0.200943	
	0.212598	
	0.183387	
	0.189666	
	0.204640	
	0.170355	
	0.180298	
	0.184302	
	0.208953	
	0.189761	
	0.166581	
	0.157441	
	0.161550	
	0.171801	
	0.135686	
	0.147974	
	0.169049	
	0.128924	
	0.117439	
	0.120339	
	0.103393	
	0.127184	
	0.159520	
	0.152591	
	0.164393	
	0.196273	
	0.172714	
	0.323975	
	0.366108	
	0.390779	
	0.364302	
	0.445579	
	0.416856	
	0.411733	
	0.389328	
	0.343569	
	0.195077	
	0.190039	
	0.207926	
	0.274785	
	0.388133	
	0.387553	
	0.350854	
	0.325683	
	0.301365	
	0.340059	
	0.317460	
	0.352233	
	0.391464	
	0.387760	
	0.317880	
	0.260853	
	0.248063	
	0.243680	
	0.256639	
	0.254936	
	0.308887	
	0.434315	
	0.377684	
	0.318748	
	0.398410	
	0.398348	
	0.338444	
	0.380195	
	0.421528	
	0.314114	
	0.361343	
	0.389755	
	0.390740	
	0.388177	
	0.471611	
	0.405570	
	0.235110	
	0.201304	
	0.197190	
	0.201018	
	0.171741	
	0.153152	
	0.182600	
	0.194707	
	0.186768	
	0.184181	
	0.239310	
	0.352224	
	0.429551	
	0.385670	
	0.344893	
	0.229519	
	0.187794	
	0.171618	
	0.128795	
	0.115186	
	0.130528	
	0.150521	
	0.139826	
	0.150117	
	0.196760	
	0.155140	
	0.169709	
	0.146633	
	0.177672	
	0.303568	
	0.351084	
	0.314983	
	0.165989	
	0.248882	
	0.199072	
	0.284235	
	0.294215	
	0.300747	
	0.297265	
	0.225269	
	0.169983	
	0.190235	
	0.211818	
	0.206661	
	0.182353	
	0.224637	
	0.161749	
	0.158932	
	0.161948	
	0.175982	
	0.142424	
	0.141323	
	0.171376	
	0.163795	
	0.107327	
	0.085953	
	0.162073	
	0.165709	
	0.197458	
	0.131090	
	0.090344	
	0.093130	
	0.095648	
	0.085661	
	0.109451	
	0.096973	
	0.112487	
	0.115269	
	0.146451	
	0.196790	
	0.183709	
	0.145662	
	0.141318	
	0.312553	
	0.454738	
	0.311217	
	0.338969	
	0.364542	
	0.332343	
	0.323041	
	0.262747	
	0.259025	
	0.202874	
	0.227321	
	0.238433	
	0.222586	
	0.219051	
	0.180660	
	0.178409	
	0.158316	
	0.173460	
	0.195982	
	0.392554	
	0.421470	
	0.411254	
	0.361548	
	0.381771	
	0.381064	
	0.433321	
	0.431787	
	0.401819	
	0.336708	
	0.158765	
	0.121533	
	0.196786	
	0.280690	
	0.357645	
	0.388935	
	0.357108	
	0.339137	
	0.381760	
	0.426872	
	0.418680	
	0.404176	
	0.452623	
	0.449419	
	0.441749	
	0.434878	
	0.503970	
	0.432326	
	0.451221	
	0.440108	
	0.459885	
	0.408086	
	0.446200	
	0.441737	
	0.477417	
	0.405338	
	0.443230	
	0.418307	
	0.383211	
	0.443821	
	0.462369	
	0.409741	
	0.391215	
	0.487418	
	0.498105	
	0.375198	
	0.410150	
	0.470284	
	0.377273	
	0.417744	
	0.471560	
	0.491269	
	0.499521	
	0.546822	
	0.473594	
	0.433002	
	0.530619	
	0.482716	
	0.425951	
	0.426398	
	0.524320	
	0.495870	
	0.489473	
	0.500458	
	0.546010	
	0.532678	
	0.634147	
	0.592546	
	0.587742	
	0.646460	
	0.618680	
	0.583979	
	0.583544	
	0.627153	
	0.623792	
	0.681090	
	0.701938	
	0.642872	
	0.596028	
	0.683536	
	0.494836	
	0.240749	
	0.289427	
	0.267694	
	0.171086	
	0.165311	
	0.212875	
	0.175764	
	0.171785	
	0.178172	
	0.157870	
	0.146282	
	0.172943	
	0.185194	
	0.197435	
	0.193890	
	0.144631	
	0.145299	
	0.130923	
	0.158495	
	0.137594	
	0.142994	
	0.155135	
	0.158506	
	0.133633	
	0.179345	
	0.198264	
	0.184438	
	0.173840	
	0.127994	
	0.105286	
	0.103070	
	0.107356	
	0.100964	
	0.117934	
	0.139855	
	0.119962	
	0.182104	
	0.153777	
	0.129817	
	0.110188	
	0.099433	
	0.086602	
	0.076362	
	0.089563	
	0.079026	
	0.089834	
	0.088968	
	0.077351	
	0.108604	
	0.123756	
	0.094725	
	0.079056	
	0.092167	
	0.096119	
	0.379301	
	0.745881	
	0.758201	
	0.717587	
	0.731888	
	0.436558	
	0.419153	
	0.286397	
	0.293130	
	0.323058	
	0.346530	
	0.408364	
	0.384088	
	0.371446	
	0.414245	
	0.479729	
	0.336195	
	0.267451	
	0.235131	
	0.165224	
	0.197384	
	0.186504	
	0.229297	
	0.191492	
	0.167515	
	0.130048	
	0.127194	
	0.095679	
	0.107617	
	0.113354	
	0.110325	
	0.113373	
	0.189393	
	0.204968	
	0.277431	
	0.279520	
	0.322197	
	0.300152	
	0.301715	
	0.299137	
	0.203022	
	0.144611	
	0.144138	
	0.248811	
	0.377439	
	0.420772	
	0.368110	
	0.301387	
	0.296933	
	0.293297	
	0.388823	
	0.334333	
	0.264214	
	0.296395	
	0.273363	
	0.257021	
	0.202227	
	0.209793	
	0.175344	
	0.123870	
	0.156266	
	0.187666	
	0.276837	
	0.268785	
	0.244660	
	0.227789	
	0.246733	
	0.218227	
	0.207220	
	0.170520	
	0.195912	
	0.261463	
	0.270158	
	0.247290	
	0.302536	
	0.489272	
	0.437553	
	0.326443	
	0.328626	
	0.318089	
	0.246101	
	0.210578	
	0.176417	
	0.191015	
	0.170029	
	0.139472	
	0.139017	
	0.113739	
	0.139279	
	0.139855	
	0.137781	
	0.120727	
	0.131295	
	0.117967	
	0.083316	
	0.075801	
	0.160184	
	0.303788	
	0.270406	
	0.253473	
	0.295993	
	0.313353	
	0.241452	
	0.220544	
	0.235431	
	0.238620	
	0.264842	
	0.252179	
	0.256371	
	0.141494	
	0.141160	
	0.200107	
	0.148320	
	0.263937	
	0.175266	
	0.148366	
	0.136837	
	0.100247	
	0.111538	
	0.100647	
	0.119825	
	0.118663	
	0.121922	
	0.123527	
	0.238502	
	0.305861	
	0.298424	
	0.298658	
	0.352240	
	0.353113	
	0.314584	
	0.307380	
	0.326171	
	0.243746	
	0.150596	
	0.178172	
	0.261852	
	0.354045	
	0.439896	
	0.397313	
	0.351008	
	0.359624	
	0.297829	
	0.322787	
	0.324360	
	0.359367	
	0.357488	
	0.341971	
	0.368281	
	0.315155	
	0.329915	
	0.342682	
	0.268626	
	0.250325	
	0.235915	
	0.216370	
	0.263183	
	0.286262	
	0.267423	
	0.259417	
	0.252926	
	0.307783	
	0.276835	
	0.268028	
	0.209188	
	0.250008	
	0.221461	
	0.195830	
	0.239970	
	0.330130	
	0.296407	
	0.556153	
	0.651016	
	0.641330	
	0.645177	
	0.585838	
	0.556779	
	0.560758	
	0.550861	
	0.554765	
	0.514387	
	0.521811	
	0.461233	
	0.423503	
	0.346892	
	0.150971	
	0.182816	
	0.216763	
	0.210487	
	0.166274	
	0.162291	
	0.110223	
	0.173124	
	0.241493	
	0.257592	
	0.262559	
	0.240953	
	0.227971	
	0.234304	
	0.226096	
	0.221782	
	0.196283	
	0.142579	
	0.109971	
	0.107702	
	0.097193	
	0.104313	
	0.130992	
	0.091975	
	0.109363	
	0.089333	
	0.087151	
	0.098407	
	0.162853	
	0.122560	
	0.131714	
	0.133163	
	0.164000	
	0.202583	
	0.173043	
	0.211136	
	0.200512	
	0.163288	
	0.119682	
	0.095725	
	0.092304	
	0.122582	
	0.091967	
	0.080965	
	0.111821	
	0.152540	
	0.241606	
	0.307134	
	0.283225	
	0.297633	
	0.261941	
	0.251537	
	0.289215	
	0.363246	
	0.416648	
	0.346639	
	0.336046	
	0.375323	
	0.351796	
	0.359236	
	0.300384	
	0.274005	
	0.289741	
	0.317186	
	0.269181	
	0.257345	
	0.252340	
	0.281940	
	0.207913	
	0.213191	
	0.195849	
	0.200284	
	0.226081	
	0.177226	
	0.147140	
	0.159269	
	0.181435	
	0.218818	
	0.343218	
	0.393590	
	0.466592	
	0.434782	
	0.411420	
	0.350502	
	0.254474	
	0.234205	
	0.138922	
	0.180793	
	0.178864	
	0.142679	
	0.115854	
	0.157569	
	0.152405	
	0.168241	
	0.182924	
	0.186156	
	0.181461	
	0.228477	
	0.275518	
	0.373178	
	0.431871	
	0.454993	
	0.367890	
	0.180482	
	0.231408	
	0.247228	
	0.272537	
	0.260579	
	0.211260	
	0.171769	
	0.365117	
	0.398743	
	0.404525	
	0.269475	
	0.292268	
	0.261510	
	0.276244	
	0.263364	
	0.283235	
	0.252989	
	0.249884	
	0.251226	
	0.238172	
	0.228116	
	0.263203	
	0.202954	
	0.283915	
	0.299268	
	0.320584	
	0.249394	
	0.295450	
	0.328502	
	0.340321	
	0.263624	
	0.314017	
	0.316004	
	0.256185	
	0.284977	
	0.277241	
	0.274460	
	0.256316	
	0.255858	
	0.241380	
	0.353304	
	0.330230	
	0.316642	
	0.307862	
	0.333394	
	0.264951	
	0.273885	
	0.296068	
	0.309278	
	0.236871	
	0.207104	
	0.141125	
	0.154819	
	0.222957	
	0.184026	
	0.175753	
	0.170040	
	0.187649	
	0.131994	
	0.136242	
	0.128458	
	0.135384	
	0.130753	
	0.158627	
	0.147037	
	0.112243	
	0.139295	
	0.316749	
	0.355030	
	0.426643	
	0.413232	
	0.396402	
	0.481740	
	0.437986	
	0.320419	
	0.292341	
	0.292887	
	0.287260	
	0.369250	
	0.420498	
	0.508343	
	0.518353	
	0.477693	
	0.453700	
	0.354043	
	0.297771	
	0.325487	
	0.360178	
	0.338917	
	0.304848	
	0.308599	
	0.332694	
	0.368109	
	0.411215	
	0.421452	
	0.404140	
	0.367830	
	0.393582	
	0.491748	
	0.461460	
	0.428998	
	0.342330	
	0.467248	
	0.549592	
	0.561179	
	0.605723	
	0.655819	
	0.563040	
	0.530002	
	0.489415	
	0.425451	
	0.342218	
	0.283140	
	0.281807	
	0.480224	
	0.559775	
	0.367826	
	0.368656	
	0.298161	
	0.325020	
	0.349405	
	0.329984	
	0.296573	
	0.305139	
	0.238843	
	0.224535	
	0.272078	
	0.279756	
	0.245121	
	0.265619	
	0.220906	
	0.234010	
	0.210109	
	0.148029	
	0.147585	
	0.150201	
	0.165675	
	0.155205	
	0.189481	
	0.186680	
	0.246973	
	0.240763	
	0.256909	
	0.263682	
	0.266438	
	0.240556	
	0.221566	
	0.219781	
	0.257382	
	0.317058	
	0.330198	
	0.321773	
	0.245577	
	0.175809	
	0.166372	
	0.187362	
	0.155085	
	0.193740	
	0.209710	
	0.172890	
	0.175062	
	0.348593	
	0.458771	
	0.514411	
	0.535023	
	0.589702	
	0.537292	
	0.568161	
	0.549027	
	0.502270	
	0.473016	
	0.445914	
	0.454469	
	0.399137	
	0.477510	
	0.428282	
	0.397615	
	0.437178	
	0.402499	
	0.348443	
	0.355180	
	0.398926	
	0.404611	
	0.363063	
	0.458706	
	0.404925	
	0.317236	
	0.384259	
	0.339766	
	0.323527	
	0.265643	
	0.340780	
	0.331836	
	0.394260	
	0.419619	
	0.342175	
	0.251173	
	0.224530	
	0.198372	
	0.166046	
	0.132285	
	0.137841	
	0.131492	
	0.105561	
	0.102841	
	0.113247	
	0.112781	
	0.111779	
	0.117127	
	0.186545	
	0.148497	
	0.138444	
	0.129024	
	0.111235	
	0.121614	
	0.124834	
	0.116835	
	0.186757	
	0.245014	
	0.228776	
	0.268485	
	0.293258	
	0.312779	
	0.283333	
	0.239760	
	0.250769	
	0.213769	
	0.167219	
	0.131481	
	0.124178	
	0.149727	
	0.097586	
	0.190249	
	0.218292	
	0.361107	
	0.376849	
	0.300705	
	0.158442	
	0.191778	
	0.154992	
	0.174375	
	0.204600	
	0.217092	
	0.291812	
	0.329917	
	0.411878	
	0.425344	
	0.355957	
	0.335415	
	0.409752	
	0.362724	
	0.271531	
	0.231584	
	0.152454	
	0.148653	
	0.407072	
	0.495749	
	0.456806	
	0.340865	
	0.287979	
	0.286146	
	0.310813	
	0.321872	
	0.301552	
	0.246171	
	0.384069	
	0.273876	
	0.291430	
	0.207575	
	0.177295	
	0.186005	
	0.154690	
	0.133466	
	0.133407	
	0.144586	
	0.147026	
	0.172071	
	0.206575	
	0.323357	
	0.278394	
	0.344832	
	0.298042	
	0.326093	
	0.281600	
	0.311912	
	0.330233	
	0.272537	
	0.279823	
	0.205401	
	0.343731	
	0.394651	
	0.396215	
	0.311529	
	0.325754	
	0.286922	
	0.334889	
	0.376065	
	0.339611	
	0.302982	
	0.139523	
	0.127218	
	0.148226	
	0.223066	
	0.155555	
	0.130191	
	0.119206	
	0.103287	
	0.138930	
	0.144518	
	0.133853	
	0.202965	
	0.203960	
	0.162298	
	0.250877	
	0.259520	
	0.239197	
	0.231784	
	0.265491	
	0.218087	
	0.209302	
	0.230380	
	0.157178	
	0.110258	
	0.123162	
	0.152201	
	0.172562	
	0.166596	
	0.291736	
	0.310350	
	0.356938	
	0.262519	
	0.195200	
	0.197415	
	0.171328	
	0.293222	
	0.271306	
	0.229008	
	0.335073	
	0.335592	
	0.334083	
	0.328400	
	0.360507	
	0.323710	
	0.287272	
	0.200104	
	0.153429	
	0.126804	
	0.265726	
	0.481331	
	0.407013	
	0.441099	
	0.432635	
	0.396051	
	0.381470	
	0.408872	
	0.381043	
	0.326541	
	0.276098	
	0.333820	
	0.289178	
	0.309826	
	0.283718	
	0.278721	
	0.284422	
	0.199245	
	0.195051	
	0.264206	
	0.332117	
	0.307946	
	0.256059	
	0.226882	
	0.334889	
	0.404506	
	0.411758	
	0.412604	
	0.422407	
	0.412415	
	0.448259	
	0.395089	
	0.438056	
	0.421782	
	0.355706	
	0.394635	
	0.455852	
	0.462238	
	0.497877	
	0.395568	
	0.433918	
	0.403219	
	0.412709	
	0.445359	
	0.442344	
	0.449581	
	0.483300	
	0.546966	
	0.468421	
	0.398444	
	0.410928	
	0.405375	
	0.368513	
	0.395206	
	0.362072	
	0.326008	
	0.403820	
	0.443791	
	0.607208	
	0.567845	
	0.481601	
	0.344774	
	0.306651	
	0.313169	
	0.298478	
	0.288284	
	0.299889	
	0.364368	
	0.339600	
	0.377394	
	0.356939	
	0.339872	
	0.359459	
	0.339165	
	0.280876	
	0.275140	
	0.220903	
	0.170800	
	0.160306	
	0.188298	
	0.178893	
	0.153036	
	0.146089	
	0.254123	
	0.156248	
	0.142906	
	0.116455	
	0.120313	
	0.090298	
	0.080068	
	0.098559	
	0.119156	
	0.116679	
	0.108342	
	0.093685	
	0.104724	
	0.097160	
	0.077799	
	0.073785	
	0.089308	
	0.085076	
	0.071251	
	0.064387	
	0.078632	
	0.070107	
	0.074874	
	0.075622	
	0.083447	
	0.066411	
	0.056347	
	0.082636	
	0.065708	
	0.092047	
	0.060595	
	0.053611	
	0.080804	
	0.075881	
	0.087571	
	0.073878	
	0.197884	
	0.201538	
	0.148699	
	0.125515	
	0.133119	
	0.111944	
	0.073755	
	0.065430	
	0.053618	
	0.047747	
	0.055709	
	0.049152	
	0.113989	
	0.151737	
	0.093019	
	0.084882	
	0.073503	
	0.068202	
	0.049077	
	0.072292	
	0.055273	
	0.056534	
	0.051165	
	0.058936	
	0.089672	
	0.127707	
	0.091683	
	0.071224	
	0.057831	
	0.053544	
	0.074588	
	0.034329	
	0.063742	
	0.100622	
	0.060344	
	0.086049	
	0.099842	
	0.108589	
	0.122883	
	0.092246	
	0.067519	
	0.066278	
	0.062030	
	0.066781	
	0.063787	
	0.068439	
	0.074414	
	0.095768	
	0.156319	
	0.105794	
	0.100246	
	0.105801	
	0.098669	
	0.103420	
	0.090909	
	0.149329	
	0.181551	
	0.142374	
	0.130936	
	0.239269	
	0.244389	
	0.197458	
	0.160027	
	0.166741	
	0.161310	
	0.111742	
	0.115601	
	0.143499	
	0.148484	
	0.160656	
	0.170666	
	0.128039	
	0.121271	
	0.107736	
	0.095290	
	0.111389	
	0.086487	
	0.095310	
	0.066947	
	0.078081	
	0.076992	
	0.078350	
	0.054091	
	0.083366	
	0.100827	
	0.085404	
	0.072442	
	0.063471	
	0.068581	
	0.104593	
	0.067644	
	0.066353	
	0.088843	
	0.069775	
	0.101426	
	0.237586	
	0.170571	
	0.100724	
	0.089471	
	0.064612	
	0.059065	
	0.065592	
	0.057940	
	0.056902	
	0.047548	
	0.042790	
	0.038971	
	0.087466	
	0.163107	
	0.101617	
	0.087599	
	0.080440	
	0.055496	
	0.056012	
	0.044758	
	0.050549	
	0.041634	
	0.057365	
	0.048008	
	0.100738	
	0.111595	
	0.083211	
	0.057749	
	0.081793	
	0.049919	
	0.070792	
	0.048326	
	0.082935	
	0.089995	
	0.097082	
	0.067470	
	0.121416	
	0.114221	
	0.101736	
	0.082879	
	0.084557	
	0.060266	
	0.066684	
	0.051773	
	0.063146	
	0.077088	
	0.078176	
	0.117165	
	0.150227	
	0.122506	
	0.094965	
	0.076651	
	0.100120	
	0.107771	
	0.114954	
	0.104428	
	0.089583	
	0.086415	
	0.206569	
	0.284844	
	0.216296	
	0.195445	
	0.126471	
	0.151306	
	0.109426	
	0.094961	
	0.097930	
	0.119211	
	0.130754	
	0.120083	
	0.102435	
	0.096053	
	0.133618	
	0.172102	
	0.132718	
	0.140013	
	0.143025	
	0.147009	
	0.109916	
	0.124347	
	0.109751	
	0.123886	
	0.079870	
	0.125131	
	0.107712	
	0.081094	
	0.083932	
	0.128846	
	0.129454	
	0.114098	
	0.079031	
	0.109770	
	0.094434	
	0.128179	
	0.157607	
	0.217478	
	0.151818	
	0.118383	
	0.088438	
	0.103836	
	0.081305	
	0.089131	
	0.097113	
	0.086261	
	0.105687	
	0.089502	
	0.093031	
	0.161010	
	0.118259	
	0.111769	
	0.097834	
	0.093915	
	0.099041	
	0.062132	
	0.113938	
	0.052314	
	0.078566	
	0.071677	
	0.127780	
	0.190728	
	0.150689	
	0.109191	
	0.105756	
	0.088016	
	0.087566	
	0.070642	
	0.094206	
	0.101777	
	0.099964	
	0.076519	
	0.120368	
	0.133954	
	0.151595	
	0.128917	
	0.107424	
	0.120263	
	0.079264	
	0.112738	
	0.107411	
	0.109232	
	0.102300	
	0.146880	
	0.234408	
	0.266228	
	0.179432	
	0.171007	
	0.212727	
	0.183761	
	0.170458	
	0.238928	
	0.197193	
	0.187897	
	0.161673	
	0.319300	
	0.275648	
	0.235673	
	0.215252	
	0.189720	
	0.170966	
	0.136605	
	0.187306	
	0.183502	
	0.202935	
	0.185928	
	0.184962	
	0.140147	
	0.103135	
	0.093733	
	0.088259	
	0.102667	
	0.086358	
	0.090519	
	0.064308	
	0.068254	
	0.062518	
	0.067945	
	0.057866	
	0.049068	
	0.055799	
	0.073486	
	0.069690	
	0.079240	
	0.076851	
	0.068844	
	0.074836	
	0.073572	
	0.049193	
	0.049526	
	0.051348	
	0.072237	
	0.074381	
	0.076330	
	0.071146	
	0.057497	
	0.069622	
	0.057947	
	0.077717	
	0.040456	
	0.061365	
	0.058084	
	0.080641	
	0.138240	
	0.195656	
	0.121527	
	0.118429	
	0.078467	
	0.078677	
	0.069104	
	0.060855	
	0.065165	
	0.082013	
	0.070854	
	0.083237	
	0.109841	
	0.163164	
	0.134429	
	0.090858	
	0.080352	
	0.073330	
	0.071848	
	0.080340	
	0.082770	
	0.088121	
	0.080644	
	0.084551	
	0.114726	
	0.121143	
	0.097474	
	0.102409	
	0.087072	
	0.082548	
	0.063187	
	0.058998	
	0.083549	
	0.083668	
	0.112940	
	0.107541	
	0.174910	
	0.145700	
	0.108937	
	0.098737	
	0.101119	
	0.094265	
	0.080115	
	0.088872	
	0.072644	
	0.092351	
	0.072777	
	0.117718	
	0.256334	
	0.158235	
	0.128129	
	0.109985	
	0.116184	
	0.088119	
	0.091595	
	0.093045	
	0.074707	
	0.082307	
	0.074744	
	0.114860	
	0.124581	
	0.153857	
	0.130463	
	0.126084	
	0.121935	
	0.112619	
	0.127381	
	0.115311	
	0.111478	
	0.108903	
	0.121828	
	0.098097	
	0.116638	
	0.131052	
	0.157035	
	0.168668	
	0.173375	
	0.163629	
	0.148943	
	0.143027	
	0.156058	
	0.120257	
	0.129922	
	0.100496	
	0.107554	
	0.147718	
	0.148062	
	0.141528	
	0.125859	
	0.174057	
	0.157329	
	0.124183	
	0.129056	
	0.104018	
	0.110375	
	0.133828	
	0.133336	
	0.156641	
	0.157344	
	0.195061	
	0.184605	
	0.163778	
	0.139099	
	0.120543	
	0.125513	
	0.122794	
	0.143546	
	0.166971	
	0.127704	
	0.119855	
	0.154170	
	0.113492	
	0.117261	
	0.145619	
	0.092754	
	0.111071	
	0.092822	
	0.090335	
	0.118602	
	0.086608	
	0.096950	
	0.072349	
	0.056222	
	0.065028	
	0.078271	
	0.084728	
	0.086712	
	0.087488	
	0.048764	
	0.062765	
	0.046598	
	0.057921	
	0.047776	
	0.046984	
	0.054580	
	0.050153	
	0.048876	
	0.041104	
	0.044493	
	0.054801	
	0.040697	
	0.057738	
	0.060070	
	0.056398	
	0.148986	
	0.173463	
	0.131812	
	0.090598	
	0.100057	
	0.073037	
	0.053695	
	0.060688	
	0.055700	
	0.046590	
	0.062660	
	0.038526	
	0.061224	
	0.200678	
	0.146279	
	0.098091	
	0.077293	
	0.088468	
	0.070424	
	0.063085	
	0.050457	
	0.049861	
	0.049402	
	0.047580	
	0.059232	
	0.149315	
	0.111774	
	0.124402	
	0.102251	
	0.077668	
	0.108320	
	0.071601	
	0.050740	
	0.056371	
	0.067398	
	0.085379	
	0.105749	
	0.178698	
	0.148458	
	0.111305	
	0.123489	
	0.113037	
	0.133502	
	0.132641	
	0.124566	
	0.265412	
	0.249774	
	0.203132	
	0.377502	
	0.302288	
	0.251286	
	0.237028	
	0.196821	
	0.160235	
	0.145304	
	0.143431	
	0.135844	
	0.157320	
	0.123669	
	0.169711	
	0.257747	
	0.203871	
	0.111001	
	0.079215	
	0.082530	
	0.077164	
	0.084743	
	0.064208	
	0.083991	
	0.055705	
	0.048056	
	0.055410	
	0.122422	
	0.112889	
	0.081116	
	0.084200	
	0.065134	
	0.053042	
	0.054976	
	0.059359	
	0.042945	
	0.050761	
	0.048069	
	0.048334	
	0.092829	
	0.196674	
	0.110067	
	0.092498	
	0.083866	
	0.058687	
	0.072238	
	0.048635	
	0.096739	
	0.070894	
	0.061543	
	0.082127	
	0.106731	
	0.103135	
	0.090798	
	0.083245	
	0.075677	
	0.058116	
	0.094953	
	0.063465	
	0.051080	
	0.060650	
	0.067373	
	0.101463	
	0.185122	
	0.115069	
	0.074902	
	0.080891	
	0.076223	
	0.091059	
	0.058340	
	0.063204	
	0.050509	
	0.087142	
	0.057238	
	0.102661	
	0.160931	
	0.128996	
	0.097015	
	0.085802	
	0.101784	
	0.076878	
	0.088476	
	0.076173	
	0.085382	
	0.055299	
	0.055755	
	0.069686	
	0.110730	
	0.178560	
	0.090640	
	0.081794	
	0.063590	
	0.062507	
	0.049535	
	0.050130	
	0.093871	
	0.090301	
	0.060740	
	0.112669	
	0.144949	
	0.100838	
	0.083730	
	0.067743	
	0.078495	
	0.072146	
	0.065949	
	0.061776	
	0.056601	
	0.053559	
	0.072416	
	0.141169	
	0.197893	
	0.108669	
	0.084726	
	0.085181	
	0.080530	
	0.069747	
	0.068829	
	0.063030	
	0.066423	
	0.063741	
	0.073494	
	0.099616	
	0.104504	
	0.072833	
	0.063646	
	0.062315	
	0.062306	
	0.061063	
	0.080947	
	0.048970	
	0.067491	
	0.058096	
	0.069597	
	0.157716	
	0.121934	
	0.089578	
	0.088300	
	0.059846	
	0.063611	
	0.054420	
	0.075550	
	0.122149	
	0.081372	
	0.084549	
	0.112024	
	0.125506	
	0.110346	
	0.077598	
	0.064197	
	0.102840	
	0.064273	
	0.081057	
	0.072136	
	0.059367	
	0.085915	
	0.120411	
	0.283472	
	0.175112	
	0.118939	
	0.097618	
	0.091569	
	0.103456	
	0.085857	
	0.074838	
	0.132663	
	0.120438	
	0.115493	
	0.107065	
	0.165278	
	0.126535	
	0.088629	
	0.087309	
	0.072612	
	0.073236	
	0.054656	
	0.092843	
	0.069445	
	0.077228	
	0.092957	
	0.150651	
	0.226827	
	0.149584	
	0.108593	
	0.099336	
	0.079362	
	0.063743	
	0.077838	
	0.061689	
	0.049665	
	0.058565	
	0.064733	
	0.105336	
	0.199869	
	0.124758	
	0.112794	
	0.080644	
	0.083709	
	0.100857	
	0.073509	
	0.089126	
	0.071215	
	0.075281	
	0.092684	
	0.326459	
	0.178993	
	0.144459	
	0.127881	
	0.111741	
	0.113470	
	0.105360	
	0.087633	
	0.091891	
	0.091621	
	0.064837	
	0.079232	
	0.074752	
	0.084617	
	0.069811	
	0.058120	
	0.070755	
	0.068070	
	0.056471	
	0.061855	
	0.058340	
	0.056857	
	0.053291	
	0.050864	
	0.076388	
	0.058994	
	0.081281	
	0.083098	
	0.064993	
	0.068965	
	0.066261	
	0.062195	
	0.065098	
	0.065457	
	0.047140	
	0.054853	
	0.045024	
	0.125158	
	0.247064	
	0.265989	
	0.183472	
	0.136835	
	0.152191	
	0.120428	
	0.123620	
	0.108093	
	0.104804	
	0.104584	
	0.107133	
	0.289128	
	0.339185	
	0.386510	
	0.340463	
	0.236475	
	0.175108	
	0.143265	
	0.177002	
	0.148157	
	0.149216	
	0.154364	
	0.154524	
	0.194443	
	0.227267	
	0.254003	
	0.215965	
	0.188679	
	0.169099	
	0.144033	
	0.139313	
	0.131780	
	0.112039	
	0.109326	
	0.110563	
	0.204888	
	0.328786	
	0.387228	
	0.429160	
	0.486257	
	0.405828	
	0.247240	
	0.200472	
	0.169548	
	0.187911	
	0.164219	
	0.175623	
	0.281750	
	0.295146	
	0.290837	
	0.248185	
	0.149184	
	0.139346	
	0.152723	
	0.125021	
	0.115510	
	0.123015	
	0.102856	
	0.103180	
	0.137283	
	0.190254	
	0.226768	
	0.282704	
	0.217875	
	0.314565	
	0.417528	
	0.394236	
	0.360206	
	0.343181	
	0.145378	
	0.153832	
	0.336503	
	0.372085	
	0.343509	
	0.325796	
	0.213215	
	0.145580	
	0.154710	
	0.122166	
	0.135805	
	0.128915	
	0.144053	
	0.131494	
	0.285850	
	0.413728	
	0.444447	
	0.470432	
	0.403757	
	0.346006	
	0.301855	
	0.258346	
	0.265517	
	0.293848	
	0.358313	
	0.323024	
	0.426725	
	0.321870	
	0.343788	
	0.249662	
	0.222460	
	0.196692	
	0.180629	
	0.143127	
	0.138054	
	0.155134	
	0.147134	
	0.168447	
	0.226128	
	0.205497	
	0.284227	
	0.359975	
	0.365627	
	0.330246	
	0.296445	
	0.252190	
	0.266601	
	0.236955	
	0.219257	
	0.232760	
	0.229923	
	0.252004	
	0.177774	
	0.186076	
	0.170575	
	0.159008	
	0.202217	
	0.171513	
	0.148868	
	0.161339	
	0.181671	
	0.322531	
	0.403674	
	0.476578	
	0.480355	
	0.480727	
	0.452545	
	0.425473	
	0.412860	
	0.411235	
	0.374639	
	0.392957	
	0.236910	
	0.273873	
	0.426607	
	0.502800	
	0.435645	
	0.343750	
	0.279356	
	0.254217	
	0.241011	
	0.278485	
	0.321609	
	0.360849	
	0.412883	
	0.330324	
	0.387681	
	0.366032	
	0.315002	
	0.338915	
	0.400243	
	0.445905	
	0.393578	
	0.480863	
	0.453767	
	0.391694	
	0.349760	
	0.386122	
	0.461390	
	0.419470	
	0.504906	
	0.453818	
	0.388692	
	0.471946	
	0.510880	
	0.443216	
	0.519103	
	0.449071	
	0.422841	
	0.368646	
	0.299644	
	0.224572	
	0.197814	
	0.203684	
	0.247884	
	0.241294	
	0.231513	
	0.232181	
	0.216095	
	0.126347	
	0.119116	
	0.180983	
	0.128703	
	0.108361	
	0.091115	
	0.100340	
	0.088891	
	0.121440	
	0.102883	
	0.102736	
	0.073476	
	0.068332	
	0.107994	
	0.143037	
	0.157910	
	0.122706	
	0.098112	
	0.132831	
	0.156516	
	0.146823	
	0.153132	
	0.173316	
	0.124591	
	0.095133	
	0.077992	
	0.098889	
	0.094054	
	0.100960	
	0.076026	
	0.081945	
	0.083375	
	0.082400	
	0.088230	
	0.077800	
	0.096059	
	0.112223	
	0.140338	
	0.149387	
	0.173552	
	0.140278	
	0.146865	
	0.202811	
	0.203004	
	0.260077	
	0.166515	
	0.132949	
	0.100275	
	0.084549	
	0.104181	
	0.090601	
	0.082038	
	0.077631	
	0.083587	
	0.093444	
	0.081721	
	0.080910	
	0.094758	
	0.072699	
	0.076037	
	0.089626	
	0.123090	
	0.152643	
	0.174913	
	0.116657	
	0.073306	
	0.067497	
	0.064687	
	0.125293	
	0.137554	
	0.124097	
	0.113233	
	0.139959	
	0.105699	
	0.081093	
	0.095957	
	0.084058	
	0.092835	
	0.087527	
	0.106242	
	0.109444	
	0.118472	
	0.087856	
	0.127056	
	0.134224	
	0.138695	
	0.121863	
	0.091824	
	0.110176	
	0.135162	
	0.105978	
	0.128880	
	0.147151	
	0.122621	
	0.168585	
	0.195755	
	0.129756	
	0.109643	
	0.165276	
	0.106204	
	0.117119	
	0.111994	
	0.137141	
	0.130311	
	0.147852	
	0.119219	
	0.146397	
	0.244802	
	0.307581	
	0.285069	
	0.342465	
	0.297843	
	0.362469	
	0.376903	
	0.360274	
	0.296808	
	0.285164	
	0.242891	
	0.274491	
	0.275926	
	0.276611	
	0.247016	
	0.184855	
	0.218827	
	0.143051	
	0.172051	
	0.163114	
	0.160099	
	0.113969	
	0.118534	
	0.257516	
	0.259118	
	0.209377	
	0.146663	
	0.121453	
	0.153799	
	0.119309	
	0.136860	
	0.182043	
	0.238367	
	0.257559	
	0.207853	
	0.258811	
	0.242258	
	0.171036	
	0.142618	
	0.152576	
	0.141949	
	0.143555	
	0.157902	
	0.143593	
	0.133906	
	0.154587	
	0.177182	
	0.173593	
	0.195807	
	0.189886	
	0.185677	
	0.143231	
	0.167401	
	0.153623	
	0.147628	
	0.121418	
	0.146491	
	0.196362	
	0.143908	
	0.191237	
	0.176501	
	0.195340	
	0.158481	
	0.157811	
	0.136145	
	0.151997	
	0.138095	
	0.128331	
	0.112405	
	0.148064	
	0.149007	
	0.267999	
	0.208370	
	0.170204	
	0.157070	
	0.148389	
	0.135254	
	0.143885	
	0.127244	
	0.164851	
	0.192082	
	0.242422	
	0.274331	
	0.343039	
	0.332840	
	0.188749	
	0.165710	
	0.154609	
	0.140266	
	0.162050	
	0.192676	
	0.266791	
	0.210621	
	0.298061	
	0.382050	
	0.313747	
	0.262370	
	0.187188	
	0.203074	
	0.169974	
	0.230688	
	0.325662	
	0.307332	
	0.297612	
	0.296770	
	0.354714	
	0.299284	
	0.211645	
	0.218179	
	0.160879	
	0.176173	
	0.158489	
	0.161990	
	0.212027	
	0.166529	
	0.211298	
	0.257417	
	0.171076	
	0.175092	
	0.292925	
	0.209518	
	0.229797	
	0.195338	
	0.213589	
	0.195101	
	0.206860	
	0.295423	
	0.454292	
	0.462168	
	0.394854	
	0.324066	
	0.343451	
	0.303082	
	0.232724	
	0.174675	
	0.138449	
	0.144459	
	0.145279	
	0.155538	
	0.128419	
	0.122228	
	0.215746	
	0.226421	
	0.200780	
	0.198920	
	0.168303	
	0.167147	
	0.161217	
	0.167533	
	0.142286	
	0.131828	
	0.135902	
	0.123400	
	0.171603	
	0.164527	
	0.116844	
	0.115473	
	0.094011	
	0.103890	
	0.094852	
	0.110550	
	0.106108	
	0.090520	
	0.107675	
	0.116532	
	0.178305	
	0.147164	
	0.180143	
	0.204852	
	0.216825	
	0.195443	
	0.187808	
	0.161852	
	0.177750	
	0.112375	
	0.116596	
	0.165078	
	0.293326	
	0.324555	
	0.309855	
	0.197107	
	0.184352	
	0.169578	
	0.166990	
	0.160279	
	0.162019	
	0.133519	
	0.136139	
	0.183337	
	0.198624	
	0.204241	
	0.180171	
	0.182067	
	0.171901	
	0.139599	
	0.171151	
	0.156884	
	0.158424	
	0.163694	
	0.148399	
	0.146541	
	0.117021	
	0.114897	
	0.103869	
	0.104925	
	0.102440	
	0.091924	
	0.131216	
	0.139137	
	0.155525	
	0.176821	
	0.150367	
	0.283664	
	0.348172	
	0.383824	
	0.405368	
	0.351174	
	0.356014	
	0.364961	
	0.362067	
	0.359328	
	0.281249	
	0.182084	
	0.160045	
	0.193707	
	0.247700	
	0.242067	
	0.284541	
	0.248900	
	0.233135	
	0.250948	
	0.212941	
	0.185766	
	0.255061	
	0.390001	
	0.346788	
	0.255566	
	0.165249	
	0.171994	
	0.179144	
	0.147969	
	0.126726	
	0.149125	
	0.199371	
	0.191173	
	0.197729	
	0.184969	
	0.171731	
	0.156933	
	0.176809	
	0.140306	
	0.170721	
	0.177068	
	0.155298	
	0.135630	
	0.186464	
	0.158481	
	0.105705	
	0.200036	
	0.202546	
	0.169365	
	0.152022	
	0.149682	
	0.155689	
	0.167749	
	0.127571	
	0.110355	
	0.112882	
	0.184627	
	0.283814	
	0.355949	
	0.368626	
	0.322614	
	0.336710	
	0.202115	
	0.151052	
	0.144188	
	0.136129	
	0.110770	
	0.119373	
	0.158762	
	0.164755	
	0.160371	
	0.132714	
	0.100936	
	0.141724	
	0.142782	
	0.149036	
	0.176204	
	0.211744	
	0.197209	
	0.224244	
	0.273899	
	0.227567	
	0.271878	
	0.280873	
	0.261147	
	0.304180	
	0.328032	
	0.217295	
	0.144920	
	0.163715	
	0.154689	
	0.145411	
	0.109361	
	0.113691	
	0.120767	
	0.140969	
	0.117823	
	0.126133	
	0.111382	
	0.104769	
	0.104953	
	0.109212	
	0.079139	
	0.161515	
	0.158228	
	0.107398	
	0.139523	
	0.097044	
	0.113697	
	0.111295	
	0.143796	
	0.156305	
	0.144362	
	0.130967	
	0.163227	
	0.155246	
	0.167000	
	0.111258	
	0.136199	
	0.113134	
	0.095071	
	0.133041	
	0.148996	
	0.112737	
	0.155312	
	0.184190	
	0.172084	
	0.160317	
	0.166683	
	0.164738	
	0.176278	
	0.148241	
	0.142133	
	0.185346	
	0.178794	
	0.122588	
	0.162529	
	0.252130	
	0.195751	
	0.364694	
	0.489388	
	0.403562	
	0.358431	
	0.363618	
	0.310201	
	0.384620	
	0.410115	
	0.468936	
	0.382451	
	0.258126	
	0.152750	
	0.123769	
	0.357650	
	0.336622	
	0.393832	
	0.346264	
	0.318096	
	0.323932	
	0.361524	
	0.332614	
	0.392399	
	0.417112	
	0.415794	
	0.379207	
	0.430931	
	0.443843	
	0.400135	
	0.423986	
	0.449531	
	0.345098	
	0.357963	
	0.414559	
	0.372801	
	0.322455	
	0.307797	
	0.341909	
	0.336861	
	0.316567	
	0.358787	
	0.327482	
	0.310791	
	0.370757	
	0.338034	
	0.291694	
	0.413878	
	0.387540	
	0.339380	
	0.402459	
	0.435465	
	0.427978	
	0.326580	
	0.433885	
	0.482262	
	0.374870	
	0.463837	
	0.524833	
	0.482208	
	0.486545	
	0.437735	
	0.448913	
	0.416861	
	0.451242	
	0.461415	
	0.433901	
	0.416113	
	0.453280	
	0.434278	
	0.429776	
	0.565868	
	0.598900	
	0.532590	
	0.559216	
	0.563576	
	0.539578	
	0.515766	
	0.534988	
	0.483510	
	0.481954	
	0.566419	
	0.626484	
	0.513422	
	0.260990	
	0.280310	
	0.226406	
	0.211529	
	0.219125	
	0.233454	
	0.189898	
	0.205471	
	0.167890	
	0.163665	
	0.145433	
	0.131589	
	0.145892	
	0.133981	
	0.131289	
	0.119531	
	0.107219	
	0.116847	
	0.120487	
	0.115903	
	0.118900	
	0.147254	
	0.144005	
	0.105891	
	0.098674	
	0.115314	
	0.155152	
	0.157410	
	0.117469	
	0.116640	
	0.104630	
	0.102488	
	0.107459	
	0.095731	
	0.113036	
	0.103710	
	0.110738	
	0.141040	
	0.183314	
	0.148711	
	0.101421	
	0.106534	
	0.098201	
	0.088154	
	0.103153	
	0.103653	
	0.092720	
	0.097924	
	0.111254	
	0.093233	
	0.149861	
	0.199934	
	0.258129	
	0.274196	
	0.108519	
	0.120382	
	0.450992	
	0.780723	
	0.745658	
	0.760961	
	0.734915	
	0.302474	
	0.223172	
	0.246151	
	0.247667	
	0.290021	
	0.331377	
	0.341149	
	0.332681	
	0.374214	
	0.391454	
	0.369845	
	0.188663	
	0.281563	
	0.205975	
	0.176941	
	0.187344	
	0.164604	
	0.148298	
	0.114001	
	0.125391	
	0.099378	
	0.094353	
	0.107632	
	0.126491	
	0.123141	
	0.119251	
	0.217247	
	0.242167	
	0.289824	
	0.281916	
	0.327052	
	0.297275	
	0.277730	
	0.244156	
	0.215220	
	0.151728	
	0.134736	
	0.180655	
	0.243449	
	0.288113	
	0.324728	
	0.235304	
	0.291959	
	0.325068	
	0.324477	
	0.270489	
	0.226823	
	0.198064	
	0.161435	
	0.186798	
	0.152001	
	0.147033	
	0.143209	
	0.171444	
	0.145987	
	0.116795	
	0.201824	
	0.252889	
	0.250793	
	0.261520	
	0.243007	
	0.208539	
	0.208433	
	0.174440	
	0.156914	
	0.162699	
	0.205087	
	0.226147	
	0.217412	
	0.258128	
	0.429981	
	0.363524	
	0.336815	
	0.318157	
	0.380530	
	0.277266	
	0.258696	
	0.193116	
	0.162467	
	0.149788	
	0.117029	
	0.112943	
	0.109243	
	0.132967	
	0.138794	
	0.177387	
	0.164937	
	0.137979	
	0.165255	
	0.162899	
	0.162080	
	0.102588	
	0.168312	
	0.231552	
	0.264939	
	0.260768	
	0.256451	
	0.249087	
	0.223520	
	0.208539	
	0.231748	
	0.220013	
	0.252360	
	0.295894	
	0.247534	
	0.130388	
	0.185949	
	0.344328	
	0.147365	
	0.185684	
	0.163734	
	0.131179	
	0.122851	
	0.104516	
	0.081602	
	0.092666	
	0.103817	
	0.119082	
	0.114814	
	0.121159	
	0.183691	
	0.202466	
	0.209833	
	0.262325	
	0.292418	
	0.358135	
	0.309178	
	0.266303	
	0.312271	
	0.260364	
	0.289257	
	0.170921	
	0.203121	
	0.182603	
	0.354405	
	0.389707	
	0.355908	
	0.254434	
	0.197161	
	0.230519	
	0.216938	
	0.219479	
	0.167076	
	0.161074	
	0.209782	
	0.186416	
	0.178623	
	0.157041	
	0.144345	
	0.229016	
	0.201909	
	0.187940	
	0.204077	
	0.259720	
	0.265021	
	0.251249	
	0.213139	
	0.239546	
	0.199967	
	0.182292	
	0.205768	
	0.223221	
	0.263490	
	0.243484	
	0.237133	
	0.214334	
	0.204151	
	0.239809	
	0.489125	
	0.563732	
	0.523767	
	0.514525	
	0.433690	
	0.364711	
	0.342964	
	0.316624	
	0.294645	
	0.302115	
	0.348300	
	0.279171	
	0.237547	
	0.179129	
	0.164876	
	0.148952	
	0.131136	
	0.125919	
	0.124303	
	0.117189	
	0.104022	
	0.140368	
	0.204307	
	0.215868	
	0.196858	
	0.191239	
	0.181003	
	0.191047	
	0.177131	
	0.205318	
	0.159665	
	0.156082	
	0.076402	
	0.078246	
	0.082429	
	0.093443	
	0.100647	
	0.084840	
	0.117882	
	0.073191	
	0.094032	
	0.081913	
	0.129934	
	0.116032	
	0.095638	
	0.129574	
	0.117396	
	0.150066	
	0.173467	
	0.151361	
	0.187062	
	0.155090	
	0.120679	
	0.075366	
	0.095086	
	0.113132	
	0.092233	
	0.085492	
	0.133660	
	0.149776	
	0.168040	
	0.208680	
	0.244971	
	0.286994	
	0.295083	
	0.236370	
	0.269199	
	0.319239	
	0.356009	
	0.331515	
	0.356247	
	0.414111	
	0.334269	
	0.359882	
	0.338313	
	0.308047	
	0.268222	
	0.293095	
	0.295398	
	0.269938	
	0.265488	
	0.263101	
	0.203153	
	0.181468	
	0.167291	
	0.164629	
	0.166233	
	0.184192	
	0.159897	
	0.129166	
	0.142911	
	0.129066	
	0.194260	
	0.352292	
	0.408533	
	0.395937	
	0.327611	
	0.267135	
	0.264061	
	0.278204	
	0.189398	
	0.108631	
	0.131028	
	0.155389	
	0.132835	
	0.127987	
	0.099045	
	0.114568	
	0.142180	
	0.136941	
	0.161201	
	0.165702	
	0.169824	
	0.184322	
	0.242025	
	0.439370	
	0.481330	
	0.375629	
	0.193818	
	0.155352	
	0.126851	
	0.127970	
	0.130178	
	0.163962	
	0.138033	
	0.162574	
	0.250626	
	0.254093	
	0.228924	
	0.202094	
	0.245981	
	0.185375	
	0.192876	
	0.168632	
	0.179111	
	0.163950	
	0.185786	
	0.163298	
	0.158841	
	0.168751	
	0.186085	
	0.173739	
	0.223254	
	0.248195	
	0.227431	
	0.206458	
	0.206448	
	0.222199	
	0.202701	
	0.230762	
	0.260709	
	0.244452	
	0.279610	
	0.275494	
	0.240612	
	0.276005	
	0.260117	
	0.257669	
	0.231571	
	0.234429	
	0.284578	
	0.284766	
	0.313916	
	0.233744	
	0.217515	
	0.264969	
	0.231399	
	0.163170	
	0.177972	
	0.155527	
	0.132619	
	0.164761	
	0.162570	
	0.161998	
	0.159984	
	0.189301	
	0.193874	
	0.196916	
	0.167962	
	0.124777	
	0.164874	
	0.150007	
	0.182972	
	0.111119	
	0.139585	
	0.148873	
	0.191859	
	0.374983	
	0.424705	
	0.370455	
	0.317681	
	0.314888	
	0.342873	
	0.215072	
	0.221807	
	0.193549	
	0.177377	
	0.197841	
	0.192357	
	0.198176	
	0.273487	
	0.241195	
	0.183223	
	0.179382	
	0.229761	
	0.226791	
	0.274209	
	0.248407	
	0.224444	
	0.195383	
	0.239622	
	0.319390	
	0.472275	
	0.405447	
	0.380647	
	0.334944	
	0.329733	
	0.327542	
	0.348520	
	0.311925	
	0.254023	
	0.303684	
	0.354864	
	0.505798	
	0.525434	
	0.546544	
	0.457808	
	0.423348	
	0.350495	
	0.300107	
	0.273622	
	0.238718	
	0.169961	
	0.212229	
	0.334260	
	0.411579	
	0.387517	
	0.296057	
	0.225388	
	0.161548	
	0.169970	
	0.156736	
	0.147834	
	0.132729	
	0.125153	
	0.123913	
	0.146404	
	0.194365	
	0.164569	
	0.168530	
	0.132540	
	0.122217	
	0.130918	
	0.129356	
	0.120664	
	0.148299	
	0.159509	
	0.151649	
	0.154455	
	0.155324	
	0.238270	
	0.254826	
	0.235191	
	0.264622	
	0.272838	
	0.286579	
	0.234587	
	0.196350	
	0.212058	
	0.258257	
	0.303512	
	0.354792	
	0.281120	
	0.244004	
	0.197205	
	0.183670	
	0.187533	
	0.181233	
	0.177216	
	0.152787	
	0.166669	
	0.154842	
	0.361493	
	0.464012	
	0.422925	
	0.444684	
	0.435970	
	0.538628	
	0.470605	
	0.460184	
	0.480553	
	0.433057	
	0.453152	
	0.247587	
	0.241855	
	0.410378	
	0.476134	
	0.406952	
	0.416470	
	0.452132	
	0.357239	
	0.350201	
	0.351622	
	0.440726	
	0.335435	
	0.473484	
	0.349062	
	0.308885	
	0.333031	
	0.363351	
	0.270138	
	0.274125	
	0.293388	
	0.243914	
	0.282189	
	0.243518	
	0.241323	
	0.260776	
	0.166268	
	0.163138	
	0.163247	
	0.129225	
	0.106910	
	0.096492	
	0.111137	
	0.099112	
	0.084138	
	0.109734	
	0.074019	
	0.071355	
	0.109057	
	0.155231	
	0.156649	
	0.127806	
	0.090202	
	0.095056	
	0.105987	
	0.154723	
	0.138278	
	0.196885	
	0.220890	
	0.162405	
	0.271294	
	0.267441	
	0.230456	
	0.266389	
	0.208539	
	0.174684	
	0.214792	
	0.136243	
	0.155543	
	0.128681	
	0.129452	
	0.090939	
	0.128393	
	0.175576	
	0.167429	
	0.123491	
	0.124816	
	0.106022	
	0.126362	
	0.112223	
	0.170649	
	0.222674	
	0.230177	
	0.143100	
	0.152659	
	0.283517	
	0.216077	
	0.184370	
	0.130028	
	0.171561	
	0.171724	
	0.180804	
	0.147364	
	0.122664	
	0.115702	
	0.327389	
	0.376325	
	0.459958	
	0.446968	
	0.362936	
	0.370265	
	0.382495	
	0.377852	
	0.376224	
	0.278781	
	0.338936	
	0.346439	
	0.299909	
	0.232212	
	0.217676	
	0.182289	
	0.152722	
	0.144199	
	0.158730	
	0.169146	
	0.143130	
	0.112904	
	0.147853	
	0.154502	
	0.194947	
	0.221181	
	0.263568	
	0.285050	
	0.259115	
	0.286836	
	0.258481	
	0.241243	
	0.233785	
	0.177891	
	0.181929	
	0.179244	
	0.173969	
	0.244457	
	0.202605	
	0.158844	
	0.150213	
	0.134918	
	0.113228	
	0.118134	
	0.164835	
	0.131596	
	0.131051	
	0.141261	
	0.199235	
	0.157285	
	0.146799	
	0.098180	
	0.097665	
	0.104574	
	0.093147	
	0.138395	
	0.160583	
	0.157337	
	0.133912	
	0.157073	
	0.170991	
	0.208638	
	0.210317	
	0.202425	
	0.212235	
	0.246434	
	0.183774	
	0.146042	
	0.149831	
	0.143539	
	0.177999	
	0.136831	
	0.176224	
	0.262478	
	0.248201	
	0.171247	
	0.131900	
	0.123849	
	0.135765	
	0.184276	
	0.246081	
	0.212349	
	0.152248	
	0.201429	
	0.233587	
	0.219727	
	0.244818	
	0.247235	
	0.217066	
	0.168147	
	0.116095	
	0.103718	
	0.108809	
	0.250621	
	0.355665	
	0.424581	
	0.400879	
	0.339066	
	0.308928	
	0.267716	
	0.244032	
	0.246620	
	0.239469	
	0.246258	
	0.282583	
	0.315772	
	0.275704	
	0.237093	
	0.209048	
	0.224825	
	0.194462	
	0.228717	
	0.279064	
	0.266196	
	0.278532	
	0.193036	
	0.195233	
	0.313099	
	0.321073	
	0.335381	
	0.362184	
	0.379439	
	0.400703	
	0.428557	
	0.417465	
	0.389861	
	0.418713	
	0.251204	
	0.226825	
	0.317314	
	0.297505	
	0.323280	
	0.327234	
	0.334135	
	0.335957	
	0.403412	
	0.397140	
	0.349017	
	0.400902	
	0.388716	
	0.394526	
	0.390963	
	0.430750	
	0.386029	
	0.430280	
	0.468916	
	0.464272	
	0.421849	
	0.531193	
	0.583761	
	0.517064	
	0.493764	
	0.419999	
	0.187628	
	0.212530	
	0.197392	
	0.243679	
	0.201043	
	0.153383	
	0.187587	
	0.183010	
	0.176073	
	0.186842	
	0.175551	
	0.177202	
	0.141756	
	0.151568	
	0.125655	
	0.152847	
	0.130988	
	0.139023	
	0.155056	
	0.143351	
	0.138752	
	0.136820	
	0.140215	
	0.152431	
	0.145706	
	0.166522	
	0.132849	
	0.119032	
	0.110757	
	0.092035	
	0.085247	
	0.101774	
	0.100205	
	0.109816	
	0.070911	
	0.099315	
	0.184904	
	0.283516	
	0.259817	
	0.252722	
	0.193260	
	0.149934	
	0.162048	
	0.161803	
	0.182339	
	0.172924	
	0.195435	
	0.144521	
	0.169093	
	0.159205	
	0.164008	
	0.193355	
	0.162308	
	0.127394	
	0.153543	
	0.145202	
	0.112527	
	0.093790	
	0.135317	
	0.108574	
	0.133354	
	0.104393	
	0.122233	
	0.101029	
	0.121829	
	0.106998	
	0.128488	
	0.138080	
	0.140873	
	0.128613	
	0.121023	
	0.130866	
	0.122350	
	0.151970	
	0.155832	
	0.146544	
	0.134147	
	0.114068	
	0.134832	
	0.102684	
	0.121160	
	0.111891	
	0.125855	
	0.128094	
	0.135973	
	0.125645	
	0.130608	
	0.097527	
	0.134715	
	0.131891	
	0.165468	
	0.117071	
	0.116314	
	0.114850	
	0.087819	
	0.101198	
	0.117244	
	0.125960	
	0.140345	
	0.130766	
	0.182487	
	0.206665	
	0.208145	
	0.207953	
	0.216354	
	0.301542	
	0.237350	
	0.230696	
	0.253735	
	NaN	
	NaN	
	NaN	
	NaN	
	NaN	
	NaN	
	NaN	
	NaN	
	NaN	
	NaN	
	NaN	
	NaN	
	NaN	
	NaN	
	NaN	
	NaN	
	NaN	
	NaN	
	NaN	
	NaN	
	NaN	
	NaN	
	NaN	
	NaN	
	NaN	
	NaN	
	NaN	
	NaN	
	NaN	
	NaN	
	NaN	
	NaN	
	NaN	
	NaN	
	NaN	
	NaN	
	NaN	
	NaN	
	NaN	
	NaN	
	NaN	
	NaN	
	NaN	
	NaN	
	NaN	
	NaN	
	NaN	
	NaN	
	NaN	
	NaN	
	NaN	
	NaN	
	NaN	
	NaN	
	NaN	
	NaN	
	NaN	
	NaN	
	NaN	
	NaN	
	NaN	
	NaN	
	NaN	
	NaN	
	NaN	
	NaN	
	NaN	
	NaN	
	NaN	
	NaN	
	NaN	
	NaN	
	NaN	
	NaN	
	NaN	
	NaN	
	NaN	
	NaN	
	NaN	
	NaN	
	NaN	
	NaN	
	NaN	
	NaN	
	NaN	
	NaN	
	NaN	
	NaN	
	NaN	
	NaN	
	NaN	
	NaN	
	NaN	
	NaN	
	NaN	
	NaN	
	NaN	
	NaN	
	NaN	
	NaN	
	NaN	
	NaN	
	NaN	
	NaN	
	NaN	
	NaN	
	NaN	
	NaN	
	NaN	
	NaN	
	NaN	
	NaN	
	NaN	
	NaN	
	NaN	
	NaN	
	NaN	
	NaN	
	NaN	
	NaN	
	NaN	
	NaN	
	NaN	
	NaN	
	NaN	
	NaN	
	NaN	
	NaN	
	NaN	
	NaN	
	NaN	
	NaN	
	NaN	
	NaN	
	NaN	
	NaN	
	NaN	
	NaN	
	NaN	
	NaN	
	NaN	
	NaN	
	NaN	
	NaN	
	NaN	
	NaN	
	NaN	
	NaN	
	NaN	
	NaN	
	NaN	
	NaN	
	NaN	
	NaN	
	NaN	
	NaN	
	NaN	
	NaN	
	NaN	
	NaN	
	NaN	
	NaN	
	NaN	
	NaN	
	NaN	
	NaN	
	NaN	
	NaN	
	NaN	
	NaN	
	NaN	
	NaN	
	NaN	
	NaN	
	NaN	
	NaN	
	NaN	
	NaN	
	NaN	
	NaN	
	NaN	
	NaN	
	NaN	
	NaN	
	NaN	
	NaN	
	NaN	
	NaN	
	NaN	
	NaN	
	NaN	
	NaN	
	NaN	
	NaN	
	NaN	
	NaN	
	NaN	
	NaN	
	NaN	
	NaN	
