_Mode		
	0.000000	
	-0.055513	
	-0.119246	
	-0.119828	
	-0.020650	
	-0.140483	
	-0.259896	
	-0.178767	
	-0.345735	
	-0.097597	
	-0.209265	
	-0.267919	
	-0.010734	
	-0.007558	
	-0.088071	
	-0.090249	
	-0.104588	
	-0.144684	
	-0.083913	
	-0.199173	
	-0.334761	
	-0.203737	
	-0.031504	
	-0.328075	
	0.000095	
	-0.077045	
	-0.061464	
	0.056120	
	-0.012637	
	-0.030056	
	0.045707	
	0.064155	
	-0.004905	
	-0.061235	
	0.077535	
	-0.024060	
	-0.055786	
	-0.094690	
	-0.074816	
	0.052325	
	-0.018726	
	-0.012403	
	0.085022	
	-0.160288	
	-0.109449	
	0.007207	
	-0.230279	
	-0.133624	
	-0.084879	
	-0.131543	
	-0.064235	
	0.007728	
	0.014724	
	-0.089132	
	-0.139882	
	-0.002579	
	-0.075341	
	-0.012964	
	0.067793	
	-0.029424	
	0.032081	
	-0.133979	
	-0.093451	
	-0.012042	
	-0.128814	
	-0.086277	
	-0.016931	
	-0.116144	
	-0.012807	
	-0.044260	
	0.010817	
	-0.010248	
	0.050910	
	-0.075014	
	-0.098129	
	-0.085294	
	-0.293375	
	-0.157102	
	-0.234160	
	-0.099397	
	-0.028814	
	-0.071524	
	-0.013766	
	-0.016346	
	0.093243	
	-0.195789	
	0.033852	
	0.023233	
	-0.020448	
	-0.083545	
	-0.144955	
	-0.002932	
	-0.129089	
	-0.035727	
	-0.024199	
	0.035933	
	-0.154802	
	-0.041306	
	-0.164449	
	-0.063812	
	-0.072606	
	-0.102877	
	-0.066160	
	-0.082354	
	-0.177392	
	-0.004891	
	0.090196	
	-0.018815	
	0.036836	
	-0.147978	
	-0.047468	
	-0.098173	
	-0.085546	
	-0.308478	
	-0.246252	
	0.032036	
	0.000843	
	-0.012225	
	0.077794	
	0.103176	
	-0.046663	
	0.040919	
	-0.032591	
	-0.015020	
	0.029698	
	-0.182116	
	0.030959	
	-0.019883	
	-0.074535	
	-0.154294	
	-0.041357	
	0.087514	
	-0.251718	
	-0.155999	
	-0.001221	
	-0.172413	
	-0.175679	
	-0.074534	
	-0.011992	
	-0.095185	
	-0.158075	
	-0.056225	
	-0.092707	
	-0.080517	
	-0.045898	
	-0.016205	
	-0.013112	
	-0.169015	
	-0.010483	
	-0.003164	
	0.009626	
	0.021723	
	-0.182901	
	-0.099336	
	-0.093690	
	-0.134014	
	0.052750	
	-0.151100	
	0.030258	
	0.007135	
	-0.218784	
	0.058893	
	-0.119282	
	0.001426	
	-0.082992	
	-0.296971	
	-0.175606	
	-0.054265	
	-0.231467	
	0.080896	
	-0.043238	
	0.034317	
	-0.064939	
	-0.063502	
	-0.281552	
	-0.228427	
	-0.026891	
	-0.264925	
	-0.131860	
	-0.112501	
	-0.064177	
	-0.057105	
	-0.302151	
	-0.153841	
	-0.254704	
	-0.164725	
	0.018016	
	-0.067808	
	-0.174438	
	-0.211107	
	-0.122036	
	-0.138708	
	-0.106467	
	-0.054920	
	0.004068	
	-0.195675	
	0.117374	
	-0.244380	
	-0.174062	
	-0.076603	
	-0.104522	
	-0.139210	
	-0.070382	
	0.058856	
	-0.320542	
	-0.031827	
	-0.090183	
	0.038080	
	-0.208369	
	-0.101881	
	-0.102981	
	-0.343066	
	-0.290442	
	-0.098420	
	-0.100710	
	-0.381053	
	-0.246980	
	-0.095095	
	-0.104212	
	-0.106134	
	0.116342	
	-0.088614	
	-0.214061	
	-0.256013	
	0.074361	
	0.004833	
	-0.031566	
	-0.128782	
	-0.003069	
	-0.087474	
	0.075242	
	-0.102660	
	0.052343	
	-0.040820	
	-0.051864	
	-0.148255	
	-0.085188	
	-0.078855	
	-0.077237	
	-0.098086	
	-0.028214	
	-0.061713	
	-0.191801	
	-0.125047	
	-0.142743	
	-0.213649	
	-0.027507	
	-0.136329	
	0.003500	
	-0.027412	
	0.087956	
	-0.129551	
	-0.064657	
	-0.051070	
	-0.005904	
	-0.160856	
	-0.066330	
	0.034885	
	0.133615	
	-0.152559	
	0.003532	
	-0.151934	
	-0.078175	
	0.045790	
	-0.176491	
	0.087517	
	0.040204	
	-0.172292	
	-0.023287	
	-0.126155	
	-0.043884	
	-0.071298	
	-0.085393	
	-0.043883	
	-0.260972	
	-0.267361	
	-0.137899	
	-0.337361	
	-0.293673	
	0.115440	
	-0.148089	
	-0.027035	
	-0.040544	
	-0.046174	
	-0.060210	
	-0.072522	
	-0.103401	
	-0.106513	
	-0.107045	
	-0.108792	
	-0.106486	
	0.042834	
	0.000000	
