_Mode		
	-0.004426	
	-0.092144	
	-0.144365	
	-0.131943	
	-0.205948	
	0.176118	
	0.127714	
	0.032240	
	0.075352	
	-0.046102	
	-0.018213	
	-0.075841	
	-0.278706	
	-0.011603	
	-0.025351	
	-0.180021	
	-0.141099	
	-0.059545	
	0.019599	
	-0.145800	
	0.019176	
	-0.016134	
	0.034142	
	-0.015488	
	-0.051274	
	-0.026622	
	-0.029282	
	-0.105384	
	-0.022521	
	-0.013837	
	-0.010826	
	-0.009565	
	0.006121	
	-0.055097	
	-0.019356	
	-0.039822	
	-0.109834	
	-0.060890	
	-0.116682	
	0.012207	
	0.250047	
	0.069430	
	-0.113684	
	0.085480	
	0.102697	
	0.077818	
	0.024630	
	-0.114052	
	-0.092902	
	0.046471	
	0.047258	
	-0.051665	
	-0.077053	
	0.170110	
	-0.076356	
	0.042714	
	-0.051907	
	-0.042347	
	0.097804	
	0.047331	
	-0.063846	
	0.058688	
	-0.233593	
	0.024232	
	0.067739	
	0.010324	
	-0.045375	
	-0.067507	
	-0.017885	
	0.065341	
	0.036663	
	-0.156450	
	0.105155	
	0.058260	
	0.010382	
	0.061989	
	-0.025677	
	-0.044333	
	-0.191276	
	-0.061381	
	-0.242177	
	-0.043004	
	-0.024917	
	-0.061872	
	0.090943	
	-0.133436	
	0.172186	
	-0.007727	
	-0.009368	
	-0.061706	
	-0.182584	
	0.198031	
	-0.146557	
	-0.102776	
	-0.095095	
	-0.060903	
	-0.118550	
	-0.225278	
	-0.081497	
	-0.155664	
	-0.127989	
	-0.150239	
	-0.173285	
	-0.013958	
	-0.001351	
	-0.028968	
	-0.067507	
	-0.103534	
	-0.095993	
	-0.089230	
	-0.028814	
	0.023737	
	-0.002067	
	-0.071489	
	0.062595	
	0.178581	
	-0.079623	
	-0.178271	
	-0.096643	
	-0.177890	
	-0.044544	
	-0.135486	
	-0.161520	
	0.000224	
	0.044461	
	-0.023838	
	0.038059	
	-0.126627	
	-0.057043	
	-0.046797	
	-0.119427	
	-0.088922	
	-0.052206	
	-0.049051	
	-0.182101	
	-0.021267	
	0.014874	
	0.000936	
	-0.004757	
	-0.003451	
	0.058449	
	-0.171475	
	0.001322	
	-0.003850	
	-0.137696	
	-0.030174	
	-0.129021	
	-0.074280	
	-0.058503	
	-0.076720	
	-0.050129	
	0.066832	
	-0.054271	
	0.064765	
	-0.132240	
	-0.112231	
	-0.149476	
	-0.122709	
	0.044741	
	-0.131469	
	-0.064863	
	-0.060296	
	0.045696	
	-0.126597	
	-0.103710	
	0.104199	
	0.034584	
	0.111043	
	-0.190370	
	-0.061182	
	-0.008816	
	0.022137	
	-0.026355	
	-0.044209	
	0.031392	
	-0.113618	
	-0.034788	
	-0.061537	
	-0.167609	
	-0.042108	
	0.008486	
	-0.095083	
	-0.269044	
	-0.123599	
	-0.154810	
	-0.195099	
	-0.096596	
	-0.092155	
	-0.080533	
	-0.014738	
	0.122625	
	0.020237	
	-0.252600	
	-0.089734	
	-0.004325	
	-0.047013	
	0.055809	
	-0.100062	
	0.117476	
	-0.038555	
	0.056207	
	0.033969	
	0.005660	
	-0.068124	
	-0.073824	
	-0.095368	
	0.063357	
	-0.067376	
	-0.036320	
	0.037678	
	0.015431	
	0.021844	
	0.019423	
	0.009941	
	-0.004251	
	0.014773	
	-0.198615	
	0.019936	
	-0.069646	
	-0.006149	
	0.029219	
	-0.085660	
	0.076522	
	-0.144378	
	0.017642	
	0.173705	
	-0.000825	
	0.003467	
	-0.118683	
	0.045441	
	0.042991	
	-0.096333	
	0.016908	
	0.035976	
	0.061718	
	0.043879	
	0.042550	
	-0.124242	
	-0.107127	
	-0.110788	
	-0.104373	
	-0.159585	
	-0.102838	
	-0.013957	
	-0.003913	
	-0.133065	
	-0.070725	
	0.038758	
	-0.018066	
	-0.071777	
	-0.087323	
	-0.067031	
	0.043760	
	0.020706	
	-0.301664	
	-0.109101	
	0.025102	
	0.012593	
	0.010447	
	-0.270535	
	-0.173266	
	-0.074262	
	-0.085280	
	-0.181982	
	-0.066679	
	-0.246188	
	-0.081460	
	0.006715	
	0.051477	
	-0.092723	
	-0.111806	
	0.112316	
	0.072306	
	0.144544	
	-0.012965	
	-0.135724	
	-0.073285	
	-0.101810	
	-0.122113	
	-0.137777	
	-0.115921	
	-0.082403	
	0.010262	
	-0.079814	
	-0.222535	
	-0.067179	
	-0.011688	
	-0.115240	
	-0.121584	
	-0.084665	
	-0.048015	
	-0.045884	
	0.007710	
	-0.055458	
	-0.083814	
	0.023697	
	0.166691	
	0.179866	
	-0.145812	
	-0.050749	
	-0.155068	
	0.052782	
	-0.053616	
	0.062963	
	0.132756	
	-0.095296	
	-0.051581	
	-0.132475	
	-0.049564	
	0.006635	
	0.129787	
	-0.028978	
	-0.013980	
	-0.052598	
	0.063139	
	-0.038284	
	0.048289	
	-0.101085	
	-0.046747	
	-0.022827	
	-0.080053	
	0.148821	
	0.012663	
	0.147149	
	-0.029956	
	-0.111941	
	0.045109	
	0.015978	
	0.027226	
	-0.101710	
	0.036397	
	-0.017418	
	-0.089297	
	-0.087831	
	-0.031756	
	-0.129887	
	-0.170646	
	0.152108	
	0.045824	
	-0.133579	
	0.001786	
	-0.070114	
	-0.040977	
	0.076479	
	-0.115346	
	0.123241	
	-0.119903	
	-0.036049	
	-0.057644	
	-0.007328	
	0.048259	
	0.200509	
	-0.120029	
	-0.377329	
	-0.085001	
	-0.260600	
	-0.278449	
	-0.267101	
	-0.044047	
	0.050277	
	0.040036	
	-0.056870	
	-0.002830	
	0.000000	
