_Brightness		
	NaN	
	NaN	
	NaN	
	NaN	
	NaN	
	NaN	
	NaN	
	NaN	
	NaN	
	NaN	
	NaN	
	NaN	
	NaN	
	NaN	
	NaN	
	NaN	
	NaN	
	NaN	
	NaN	
	NaN	
	NaN	
	NaN	
	NaN	
	NaN	
	NaN	
	NaN	
	NaN	
	NaN	
	NaN	
	NaN	
	NaN	
	NaN	
	NaN	
	NaN	
	NaN	
	NaN	
	NaN	
	NaN	
	NaN	
	NaN	
	NaN	
	NaN	
	NaN	
	NaN	
	NaN	
	NaN	
	NaN	
	NaN	
	NaN	
	NaN	
	NaN	
	NaN	
	0.926212	
	0.901860	
	0.606774	
	0.364618	
	0.349931	
	0.290373	
	0.295198	
	0.215835	
	0.189412	
	0.172994	
	0.256250	
	0.237746	
	0.265507	
	0.489122	
	0.457305	
	0.423261	
	0.384585	
	0.387723	
	0.355001	
	0.375606	
	0.400766	
	0.686200	
	0.644950	
	0.578474	
	0.472838	
	0.425209	
	0.395657	
	0.333989	
	0.295494	
	0.314999	
	0.416207	
	0.520488	
	0.450984	
	0.488381	
	0.502814	
	0.443908	
	0.336861	
	0.299671	
	0.265516	
	0.235857	
	0.343290	
	0.667187	
	0.658702	
	0.453049	
	0.337423	
	0.283660	
	0.291606	
	0.280159	
	0.259306	
	0.314831	
	0.340239	
	0.502440	
	0.584152	
	0.577110	
	0.521552	
	0.383642	
	0.404539	
	0.436097	
	0.453840	
	0.423872	
	0.390267	
	0.357782	
	0.368662	
	0.413856	
	0.288641	
	0.231947	
	0.211779	
	0.180813	
	0.170057	
	0.216168	
	0.388982	
	0.479860	
	0.458561	
	0.331882	
	0.214394	
	0.203695	
	0.148286	
	0.125833	
	0.124128	
	0.210459	
	0.334034	
	0.590342	
	0.547865	
	0.479188	
	0.408188	
	0.381704	
	0.320925	
	0.279817	
	0.262185	
	0.303624	
	0.364576	
	0.468680	
	0.408059	
	0.365930	
	0.333464	
	0.289347	
	0.338995	
	0.282090	
	0.335998	
	0.287652	
	0.389778	
	0.403835	
	0.368653	
	0.301765	
	0.274545	
	0.225352	
	0.173183	
	0.181189	
	0.262376	
	0.246851	
	0.473426	
	0.435826	
	0.354235	
	0.379311	
	0.321679	
	0.223674	
	0.216398	
	0.176649	
	0.286310	
	0.551678	
	0.469865	
	0.406345	
	0.365981	
	0.323170	
	0.343684	
	0.319745	
	0.324030	
	0.250991	
	0.320931	
	0.420832	
	0.398161	
	0.406064	
	0.377270	
	0.349892	
	0.360231	
	0.348344	
	0.350718	
	0.414078	
	0.408013	
	0.476932	
	0.434756	
	0.325928	
	0.237434	
	0.165621	
	0.145784	
	0.111265	
	0.120733	
	0.261339	
	0.518675	
	0.530536	
	0.344915	
	0.230299	
	0.142802	
	0.144750	
	0.109935	
	0.081708	
	0.086332	
	0.230161	
	0.450399	
	0.595370	
	0.480878	
	0.379775	
	0.322209	
	0.329386	
	0.330983	
	0.312509	
	0.320947	
	0.308212	
	0.521851	
	0.525279	
	0.462910	
	0.399148	
	0.349914	
	0.332022	
	0.308648	
	0.272875	
	0.229629	
	0.260250	
	0.369193	
	0.382683	
	0.374045	
	0.318161	
	0.297105	
	0.187478	
	0.161895	
	0.166159	
	0.222334	
	0.460424	
	0.526570	
	0.479068	
	0.420997	
	0.371822	
	0.308883	
	0.299725	
	0.223192	
	0.186845	
	0.340409	
	0.501682	
	0.494283	
	0.396491	
	0.342048	
	0.303691	
	0.264025	
	0.241572	
	0.207503	
	0.188112	
	0.408329	
	0.586583	
	0.531637	
	0.489322	
	0.479094	
	0.438049	
	0.434119	
	0.442092	
	0.455829	
	0.546983	
	0.478732	
	0.501273	
	0.342966	
	0.244593	
	0.175615	
	0.184302	
	0.159608	
	0.154338	
	0.223869	
	0.445316	
	0.663769	
	0.521382	
	0.353430	
	0.251809	
	0.241711	
	0.187016	
	0.179479	
	0.212335	
	0.289988	
	0.381982	
	0.625499	
	0.496462	
	0.320527	
	0.241038	
	0.305337	
	0.265173	
	0.257084	
	0.249478	
	0.225181	
	0.435337	
	0.522428	
	0.436219	
	0.346849	
	0.320162	
	0.315856	
	0.305534	
	0.342482	
	0.410542	
	0.423269	
	0.439470	
	0.511910	
	0.352301	
	0.268486	
	0.250371	
	0.254937	
	0.175368	
	0.171881	
	0.203301	
	0.326595	
	0.555891	
	0.550424	
	0.508387	
	0.434003	
	0.405714	
	0.369234	
	0.301999	
	0.261071	
	0.283414	
	0.497093	
	0.578926	
	0.439374	
	0.403612	
	0.383441	
	0.339892	
	0.292958	
	0.269574	
	0.308644	
	0.320960	
	0.522186	
	0.530406	
	0.452617	
	0.400001	
	0.383908	
	0.367847	
	0.336068	
	0.306234	
	0.375423	
	0.442111	
	0.639751	
	0.463102	
	0.267003	
	0.195735	
	0.162230	
	0.153901	
	0.124720	
	0.114752	
	0.100422	
	0.328282	
	0.556230	
	0.379545	
	0.268000	
	0.199054	
	0.177008	
	0.138569	
	0.126376	
	0.157522	
	0.193524	
	0.206267	
	0.553002	
	0.408289	
	0.330218	
	0.275874	
	0.248735	
	0.229186	
	0.159862	
	0.144532	
	0.162535	
	0.325411	
	0.311713	
	0.374068	
	0.388448	
	0.338122	
	0.253458	
	0.241937	
	0.269825	
	0.324758	
	0.270638	
	0.242014	
	0.377411	
	0.342031	
	0.251306	
	0.212108	
	0.182122	
	0.176147	
	0.145632	
	0.146771	
	0.207896	
	0.392676	
	0.521544	
	0.430531	
	0.316520	
	0.307489	
	0.256652	
	0.253164	
	0.204435	
	0.266356	
	0.457897	
	0.459427	
	0.391723	
	0.364052	
	0.347993	
	0.297399	
	0.259885	
	0.213812	
	0.255841	
	0.253886	
	0.433878	
	0.428914	
	0.384020	
	0.329087	
	0.350640	
	0.269362	
	0.237536	
	0.239854	
	0.304795	
	0.430583	
	0.474784	
	0.306724	
	0.260009	
	0.225721	
	0.192436	
	0.162579	
	0.129411	
	0.148475	
	0.346247	
	0.540415	
	0.464145	
	0.378294	
	0.282057	
	0.183805	
	0.165958	
	0.166060	
	0.154888	
	0.227633	
	0.399724	
	0.609535	
	0.484312	
	0.412386	
	0.381587	
	0.423101	
	0.305313	
	0.253296	
	0.239992	
	0.248721	
	0.442877	
	0.364871	
	0.357628	
	0.394799	
	0.319580	
	0.311835	
	0.311675	
	0.319288	
	0.350703	
	0.350506	
	0.543244	
	0.394710	
	0.357413	
	0.275404	
	0.226278	
	0.213786	
	0.170002	
	0.163688	
	0.301347	
	0.531753	
	0.474097	
	0.422683	
	0.352696	
	0.322941	
	0.256573	
	0.282096	
	0.258437	
	0.275119	
	0.329565	
	0.608136	
	0.472023	
	0.369478	
	0.398656	
	0.333550	
	0.300400	
	0.302621	
	0.208794	
	0.201674	
	0.172336	
	0.415085	
	0.491982	
	0.484478	
	0.440416	
	0.386037	
	0.327814	
	0.313724	
	0.275142	
	0.325485	
	0.388943	
	0.527460	
	0.504377	
	0.405761	
	0.294516	
	0.228605	
	0.184316	
	0.131965	
	0.128222	
	0.173006	
	0.488147	
	0.560186	
	0.339603	
	0.260272	
	0.157004	
	0.120749	
	0.118924	
	0.095810	
	0.120161	
	0.238113	
	0.636677	
	0.653223	
	0.489846	
	0.393122	
	0.399603	
	0.333616	
	0.345556	
	0.311918	
	0.246581	
	0.232149	
	0.220434	
	0.544591	
	0.623958	
	0.623413	
	0.523136	
	0.404758	
	0.376699	
	0.411023	
	0.430564	
	0.343492	
	0.253577	
	0.327721	
	0.383792	
	0.385436	
	0.319680	
	0.308001	
	0.303730	
	0.295708	
	0.241697	
	0.229173	
	0.183199	
	0.448221	
	0.474285	
	0.412457	
	0.412744	
	0.413040	
	0.350116	
	0.309374	
	0.264388	
	0.216017	
	0.472324	
	0.391061	
	0.391342	
	0.278169	
	0.277125	
	0.237198	
	0.193136	
	0.172192	
	0.176592	
	0.251760	
	0.462174	
	0.526422	
	0.494103	
	0.441244	
	0.438388	
	0.360554	
	0.322540	
	0.335991	
	0.325729	
	0.445449	
	0.514712	
	0.435061	
	0.377832	
	0.312819	
	0.238690	
	0.204717	
	0.194651	
	0.209652	
	0.247787	
	0.485397	
	0.490476	
	0.394725	
	0.313981	
	0.253589	
	0.206966	
	0.163703	
	0.188096	
	0.209621	
	0.284196	
	0.623870	
	0.547845	
	0.456099	
	0.378613	
	0.275887	
	0.248309	
	0.235192	
	0.205651	
	0.212857	
	0.210731	
	0.202588	
	0.187052	
	0.161265	
	0.157144	
	0.161262	
	0.181946	
	0.189071	
	0.161792	
	0.163821	
	0.146794	
	0.201318	
	0.203074	
	0.179299	
	0.156037	
	0.154018	
	0.135780	
	0.107126	
	0.154593	
	0.150542	
	0.185575	
	0.159136	
	0.161363	
	0.204672	
	0.233376	
	0.147632	
	0.172998	
	0.135461	
	0.173429	
	0.341179	
	0.408562	
	0.614844	
	0.784466	
	0.423449	
	0.366162	
	0.362061	
	0.285245	
	0.285885	
	0.355755	
	0.358289	
	0.288869	
	0.267112	
	0.387947	
	0.361988	
	0.335829	
	0.297592	
	0.322956	
	0.378717	
	0.311787	
	0.261831	
	0.229771	
	0.343742	
	0.456482	
	0.391826	
	0.338872	
	0.265302	
	0.214925	
	0.193992	
	0.186308	
	0.144225	
	0.153829	
	0.121674	
	0.165787	
	0.128701	
	0.141624	
	0.121755	
	0.157056	
	0.175642	
	0.139267	
	0.157617	
	0.102089	
	0.377903	
	0.690398	
	0.509181	
	0.502254	
	0.506711	
	0.497532	
	0.434215	
	0.342422	
	0.274695	
	0.254447	
	0.250183	
	0.545593	
	0.631022	
	0.578462	
	0.382730	
	0.384232	
	0.397453	
	0.347384	
	0.344817	
	0.285865	
	0.311894	
	0.354764	
	0.501638	
	0.434395	
	0.434041	
	0.366694	
	0.350855	
	0.346101	
	0.381282	
	0.372473	
	0.451056	
	0.615707	
	0.375156	
	0.448606	
	0.466397	
	0.432512	
	0.424730	
	0.433506	
	0.400280	
	0.404422	
	0.449777	
	0.618857	
	0.701106	
	0.454546	
	0.329177	
	0.319407	
	0.306711	
	0.298933	
	0.290022	
	0.329485	
	0.274462	
	0.416953	
	0.511937	
	0.551803	
	0.444014	
	0.382642	
	0.332984	
	0.286223	
	0.298890	
	0.398457	
	0.529312	
	0.674441	
	0.387474	
	0.291066	
	0.287919	
	0.247339	
	0.361183	
	0.300245	
	0.318360	
	0.388394	
	0.509980	
	0.601894	
	0.483268	
	0.404475	
	0.317606	
	0.302484	
	0.269380	
	0.207419	
	0.237732	
	0.651530	
	0.769956	
	0.723631	
	0.526855	
	0.296716	
	0.310627	
	0.295311	
	0.237071	
	0.213329	
	0.199279	
	0.259240	
	0.414359	
	0.474326	
	0.335742	
	0.273329	
	0.229209	
	0.199024	
	0.200853	
	0.194428	
	0.365065	
	0.381128	
	0.475905	
	0.542715	
	0.339513	
	0.272844	
	0.265869	
	0.263095	
	0.269057	
	0.246043	
	0.299625	
	0.358710	
	0.448813	
	0.439995	
	0.464379	
	0.372658	
	0.377865	
	0.347472	
	0.350166	
	0.335636	
	0.342393	
	0.586746	
	0.654957	
	0.451971	
	0.391715	
	0.348829	
	0.362014	
	0.319469	
	0.291041	
	0.333272	
	0.407534	
	0.498564	
	0.491653	
	0.558974	
	0.517467	
	0.441054	
	0.412739	
	0.359965	
	0.359151	
	0.366444	
	0.482471	
	0.738486	
	0.627485	
	0.375035	
	0.271362	
	0.232114	
	0.217833	
	0.210483	
	0.220078	
	0.346052	
	0.460176	
	0.606255	
	0.671316	
	0.522035	
	0.396376	
	0.247204	
	0.232549	
	0.212399	
	0.212233	
	0.211439	
	0.745777	
	0.841226	
	0.629432	
	0.485221	
	0.467303	
	0.527371	
	0.489909	
	0.420040	
	0.360565	
	0.404697	
	0.317440	
	0.533843	
	0.491576	
	0.609207	
	0.528386	
	0.424538	
	0.402898	
	0.394911	
	0.357258	
	0.374965	
	0.503741	
	0.505657	
	0.369863	
	0.317698	
	0.258845	
	0.265563	
	0.279152	
	0.279546	
	0.323548	
	0.458280	
	0.648506	
	0.684905	
	0.344720	
	0.419818	
	0.423437	
	0.433717	
	0.390653	
	0.316001	
	0.386486	
	0.444796	
	0.771757	
	0.610625	
	0.315123	
	0.296656	
	0.279201	
	0.258286	
	0.298026	
	0.279001	
	0.219446	
	0.292946	
	0.448848	
	0.464977	
	0.370427	
	0.343216	
	0.272067	
	0.285990	
	0.266651	
	0.435963	
	0.402102	
	0.574309	
	0.721057	
	0.534266	
	0.400139	
	0.410684	
	0.401006	
	0.358235	
	0.285244	
	0.312511	
	0.376601	
	0.538601	
	0.599536	
	0.475380	
	0.344743	
	0.291244	
	0.243430	
	0.244759	
	0.221354	
	0.195197	
	0.292135	
	0.496176	
	0.730686	
	0.616260	
	0.523642	
	0.488799	
	0.390692	
	0.386361	
	0.419578	
	0.483365	
	0.497166	
	0.502502	
	0.605210	
	0.474883	
	0.397453	
	0.403939	
	0.509439	
	0.427987	
	0.553803	
	0.548289	
	0.672923	
	0.672950	
	0.627252	
	0.408800	
	0.447364	
	0.331688	
	0.316321	
	0.352768	
	0.308119	
	0.366304	
	0.305157	
	0.406667	
	0.426960	
	0.424533	
	0.434992	
	0.367954	
	0.323822	
	0.282176	
	0.285306	
	0.424580	
	0.793578	
	0.761270	
	0.568611	
	0.471966	
	0.495030	
	0.378564	
	0.347288	
	0.380657	
	0.281346	
	0.356603	
	0.343025	
	0.458242	
	0.339574	
	0.364021	
	0.321913	
	0.313992	
	0.339901	
	0.364611	
	0.322481	
	0.473149	
	0.488641	
	0.592213	
	0.480333	
	0.337654	
	0.260364	
	0.254033	
	0.274328	
	0.337495	
	0.345648	
	0.458138	
	0.572207	
	0.564966	
	0.432967	
	0.326625	
	0.272956	
	0.272304	
	0.223517	
	0.265625	
	0.235506	
	0.739168	
	0.896298	
	0.813666	
	0.555221	
	0.427777	
	0.441549	
	0.351941	
	0.288665	
	0.269453	
	0.278604	
	0.284544	
	0.395457	
	0.600765	
	0.491807	
	0.365066	
	0.304486	
	0.298267	
	0.287446	
	0.300118	
	0.387733	
	0.718224	
	0.700974	
	0.458639	
	0.362227	
	0.298383	
	0.275769	
	0.318403	
	0.354145	
	0.384745	
	0.374372	
	0.445318	
	0.674724	
	0.563670	
	0.473865	
	0.433519	
	0.426629	
	0.355932	
	0.279534	
	0.382925	
	0.712380	
	0.837376	
	0.787398	
	0.581143	
	0.348176	
	0.367838	
	0.304388	
	0.287199	
	0.274704	
	0.315289	
	0.323035	
	0.575689	
	0.552492	
	0.421167	
	0.316541	
	0.301613	
	0.287642	
	0.272228	
	0.314870	
	0.393175	
	0.478072	
	0.474885	
	0.519258	
	0.394162	
	0.377470	
	0.343977	
	0.340134	
	0.234758	
	0.267486	
	0.309229	
	0.422101	
	0.477017	
	0.379904	
	0.326364	
	0.283398	
	0.260432	
	0.208259	
	0.236035	
	0.396154	
	0.776156	
	0.717590	
	0.600001	
	0.399621	
	0.367418	
	0.261335	
	0.221548	
	0.237519	
	0.245805	
	0.252272	
	0.207751	
	0.289881	
	0.384194	
	0.356358	
	0.335419	
	0.402425	
	0.353351	
	0.299115	
	0.456160	
	0.554080	
	0.552384	
	0.441707	
	0.445358	
	0.366147	
	0.281385	
	0.232026	
	0.254832	
	0.260085	
	0.314371	
	0.603370	
	0.636802	
	0.448570	
	0.497834	
	0.387679	
	0.353464	
	0.340358	
	0.340163	
	0.359009	
	0.365581	
	0.672203	
	0.816078	
	0.567353	
	0.371819	
	0.424548	
	0.308697	
	0.270349	
	0.229741	
	0.209384	
	0.228195	
	0.318761	
	0.631971	
	0.493176	
	0.454168	
	0.379434	
	0.483050	
	0.546397	
	0.414149	
	0.379797	
	0.465778	
	0.567440	
	0.571998	
	0.423484	
	0.399802	
	0.224249	
	0.208250	
	0.217707	
	0.227296	
	0.278217	
	0.281899	
	0.323656	
	0.664763	
	0.472846	
	0.356030	
	0.289859	
	0.260462	
	0.219785	
	0.205299	
	0.211017	
	0.325246	
	0.549558	
	0.441005	
	0.380298	
	0.324037	
	0.289398	
	0.213828	
	0.141380	
	0.120787	
	0.104041	
	0.179483	
	0.486995	
	0.442594	
	0.323486	
	0.386028	
	0.447035	
	0.417880	
	0.326717	
	0.364952	
	0.355804	
	0.382449	
	0.456973	
	0.506457	
	0.449419	
	0.343290	
	0.328839	
	0.318067	
	0.329634	
	0.352508	
	0.429430	
	0.521744	
	0.485730	
	0.513952	
	0.451462	
	0.428286	
	0.428571	
	0.655224	
	0.758981	
	0.812422	
	0.808789	
	0.533142	
	0.507543	
	0.388520	
	0.344857	
	0.257976	
	0.239451	
	0.266544	
	0.276317	
	0.293489	
	0.354555	
	0.582923	
	0.561291	
	0.516158	
	0.456798	
	0.493585	
	0.514078	
	0.455428	
	0.461532	
	0.552874	
	0.672718	
	0.708666	
	0.444906	
	0.364760	
	0.311917	
	0.261921	
	0.249380	
	0.237237	
	0.254071	
	0.270002	
	0.294413	
	0.385608	
	0.483439	
	0.403900	
	0.329010	
	0.275544	
	0.287545	
	0.267205	
	0.183638	
	0.188008	
	0.280009	
	0.642146	
	0.638869	
	0.577882	
	0.522558	
	0.483168	
	0.505902	
	0.517786	
	0.558995	
	0.609351	
	0.591990	
	0.699191	
	0.704291	
	0.683152	
	0.554687	
	0.675632	
	0.705607	
	0.653336	
	0.659327	
	0.682381	
	0.650123	
	0.722933	
	0.639773	
	0.563301	
	0.579853	
	0.625756	
	0.615514	
	0.595282	
	0.707811	
	0.738965	
	0.702141	
	0.727085	
	0.577642	
	0.551612	
	0.575037	
	0.591852	
	0.660941	
	0.642615	
	0.691527	
	0.684503	
	0.699605	
	0.717057	
	0.631028	
	0.451597	
	0.401800	
	0.390411	
	0.437885	
	0.394224	
	0.398035	
	0.424670	
	0.570400	
	0.440979	
	0.443163	
	0.355179	
	0.322693	
	0.292294	
	0.289820	
	0.403753	
	0.357424	
	0.385634	
	0.490328	
	0.515621	
	0.370531	
	0.265898	
	0.258430	
	0.260487	
	0.298942	
	0.321782	
	0.398217	
	0.463001	
	0.667414	
	0.514211	
	0.432210	
	0.384858	
	0.338287	
	0.310230	
	0.258064	
	0.223727	
	0.295454	
	0.838424	
	0.692233	
	0.523328	
	0.466742	
	0.408269	
	0.328610	
	0.257886	
	0.207761	
	0.194824	
	0.221300	
	0.360460	
	0.719844	
	0.721413	
	0.475525	
	0.433148	
	0.488321	
	0.588153	
	0.542532	
	0.410917	
	0.371725	
	0.357135	
	0.549203	
	0.519476	
	0.439679	
	0.353139	
	0.351740	
	0.338645	
	0.445526	
	0.382729	
	0.394455	
	0.482627	
	0.487509	
	0.543011	
	0.496041	
	0.465381	
	0.493105	
	0.531048	
	0.421230	
	0.405717	
	0.427758	
	0.669382	
	0.657284	
	0.479613	
	0.373174	
	0.311956	
	0.288178	
	0.327823	
	0.278264	
	0.281303	
	0.286812	
	0.421103	
	0.549001	
	0.495584	
	0.443261	
	0.409699	
	0.647686	
	0.645140	
	0.702300	
	0.843987	
	0.883434	
	0.832990	
	0.592542	
	0.380239	
	0.280278	
	0.219488	
	0.215591	
	0.185114	
	0.220324	
	0.271306	
	0.346921	
	0.572749	
	0.517374	
	0.459081	
	0.351818	
	0.333193	
	0.304539	
	0.261405	
	0.277125	
	0.301817	
	0.521846	
	0.664597	
	0.438108	
	0.301518	
	0.273588	
	0.220655	
	0.221155	
	0.188391	
	0.158889	
	0.145921	
	0.234016	
	0.440167	
	0.363265	
	0.347278	
	0.268742	
	0.391258	
	0.322174	
	0.228539	
	0.415057	
	0.446293	
	0.581183	
	0.376931	
	0.367552	
	0.365016	
	0.266701	
	0.253244	
	0.259586	
	0.251361	
	0.282158	
	0.261585	
	0.343615	
	0.468808	
	0.465507	
	0.405135	
	0.346021	
	0.323791	
	0.293669	
	0.256462	
	0.403166	
	0.712415	
	0.705384	
	0.535040	
	0.386152	
	0.421441	
	0.374430	
	0.341096	
	0.381720	
	0.352154	
	0.333552	
	0.352947	
	0.602495	
	0.527062	
	0.440451	
	0.391198	
	0.352738	
	0.348002	
	0.374173	
	0.365016	
	0.481142	
	0.313155	
	0.423408	
	0.330056	
	0.295976	
	0.210028	
	0.185403	
	0.188376	
	0.180871	
	0.291816	
	0.444733	
	0.514136	
	0.529790	
	0.537641	
	0.410212	
	0.428780	
	0.363554	
	0.263230	
	0.209040	
	0.296680	
	0.836070	
	0.876140	
	0.585451	
	0.509687	
	0.559896	
	0.490760	
	0.453608	
	0.371143	
	0.358268	
	0.375723	
	0.314779	
	0.622846	
	0.627465	
	0.550518	
	0.434082	
	0.332442	
	0.404348	
	0.352038	
	0.355800	
	0.371850	
	0.399311	
	0.602989	
	0.453404	
	0.431410	
	0.384812	
	0.321681	
	0.268826	
	0.264969	
	0.294658	
	0.334791	
	0.550731	
	0.575648	
	0.496076	
	0.491684	
	0.507048	
	0.493973	
	0.423999	
	0.367893	
	0.384386	
	0.382317	
	0.528919	
	0.606962	
	0.381391	
	0.327939	
	0.283856	
	0.271537	
	0.245572	
	0.269975	
	0.186744	
	0.184990	
	0.455857	
	0.567984	
	0.445610	
	0.445732	
	0.355208	
	0.314525	
	0.342692	
	0.466382	
	0.357670	
	0.350911	
	0.557419	
	0.610196	
	0.470027	
	0.382720	
	0.407619	
	0.383669	
	0.366721	
	0.323027	
	0.416501	
	0.535342	
	0.609406	
	0.476702	
	0.373634	
	0.297255	
	0.234250	
	0.233544	
	0.221556	
	0.251056	
	0.246482	
	0.433628	
	0.682826	
	0.643552	
	0.587268	
	0.490097	
	0.496743	
	0.450349	
	0.508275	
	0.530951	
	0.581514	
	0.518086	
	0.694000	
	0.610607	
	0.536608	
	0.434344	
	0.364692	
	0.450045	
	0.491618	
	0.620257	
	0.817429	
	0.786178	
	0.563659	
	0.525599	
	0.519874	
	0.414021	
	0.448259	
	0.470188	
	0.473821	
	0.489283	
	0.395811	
	0.342352	
	0.506415	
	0.557530	
	0.516361	
	0.389128	
	0.351167	
	0.264322	
	0.317355	
	0.302565	
	0.751777	
	0.647914	
	0.566568	
	0.514583	
	0.605546	
	0.441504	
	0.427223	
	0.397915	
	0.349816	
	0.343623	
	0.410219	
	0.479151	
	0.433019	
	0.373713	
	0.349497	
	0.316660	
	0.295413	
	0.336865	
	0.335773	
	0.390851	
	0.414300	
	0.431450	
	0.401751	
	0.326427	
	0.325875	
	0.313341	
	0.341503	
	0.366155	
	0.391756	
	0.528465	
	0.419132	
	0.428771	
	0.344024	
	0.327138	
	0.286514	
	0.264615	
	0.268726	
	0.250878	
	0.185785	
	0.253551	
	0.688184	
	0.470157	
	0.465353	
	0.327560	
	0.288680	
	0.238006	
	0.203699	
	0.201110	
	0.210873	
	0.228032	
	0.507388	
	0.511824	
	0.435566	
	0.423909	
	0.341186	
	0.499915	
	0.594498	
	0.833506	
	0.827009	
	0.845888	
	0.503235	
	0.488847	
	0.354802	
	0.294177	
	0.255346	
	0.223247	
	0.204579	
	0.190562	
	0.213019	
	0.322548	
	0.465847	
	0.529241	
	0.431555	
	0.255277	
	0.247840	
	0.312412	
	0.317887	
	0.387325	
	0.676277	
	0.705635	
	0.708746	
	0.568814	
	0.435929	
	0.400040	
	0.349677	
	0.335532	
	0.299903	
	0.297369	
	0.444912	
	0.571724	
	0.499627	
	0.428850	
	0.364577	
	0.297263	
	0.312240	
	0.275970	
	0.295680	
	0.396445	
	0.592300	
	0.529257	
	0.462107	
	0.384146	
	0.309027	
	0.263246	
	0.259206	
	0.272694	
	0.315306	
	0.370165	
	0.518318	
	0.394677	
	0.399442	
	0.311069	
	0.236211	
	0.236956	
	0.215193	
	0.247120	
	0.389467	
	0.781159	
	0.804956	
	0.644903	
	0.420985	
	0.512781	
	0.403770	
	0.327493	
	0.297075	
	0.291762	
	0.296451	
	0.339412	
	0.409803	
	0.441738	
	0.389278	
	0.392760	
	0.412348	
	0.423977	
	0.407922	
	0.627739	
	0.555010	
	0.429571	
	0.494339	
	0.434922	
	0.425119	
	0.305490	
	0.293945	
	0.256462	
	0.277646	
	0.340539	
	0.653912	
	0.657311	
	0.525081	
	0.379383	
	0.379693	
	0.345775	
	0.435435	
	0.342155	
	0.343882	
	0.400363	
	0.736424	
	0.815858	
	0.735953	
	0.459807	
	0.399952	
	0.380549	
	0.264438	
	0.257994	
	0.250802	
	0.257432	
	0.258600	
	0.410426	
	0.415850	
	0.380904	
	0.350066	
	0.299850	
	0.288231	
	0.298727	
	0.334678	
	0.448235	
	0.541447	
	0.508361	
	0.472828	
	0.377872	
	0.255470	
	0.243437	
	0.264586	
	0.232641	
	0.244047	
	0.302544	
	0.573191	
	0.515105	
	0.409427	
	0.343133	
	0.302069	
	0.298198	
	0.237232	
	0.224545	
	0.206893	
	0.249049	
	0.706255	
	0.576876	
	0.435707	
	0.323139	
	0.256908	
	0.205482	
	0.182425	
	0.165304	
	0.169992	
	0.546891	
	0.694501	
	0.562931	
	0.337282	
	0.448919	
	0.416116	
	0.346172	
	0.459915	
	0.709517	
	0.789896	
	0.750319	
	0.428044	
	0.373137	
	0.379150	
	0.330620	
	0.316708	
	0.281848	
	0.261280	
	0.258024	
	0.689439	
	0.627114	
	0.379229	
	0.384677	
	0.380078	
	0.291175	
	0.305432	
	0.249845	
	0.258858	
	0.247548	
	0.429324	
	0.640091	
	0.490031	
	0.446190	
	0.352135	
	0.237856	
	0.276329	
	0.330106	
	0.317107	
	0.291469	
	0.244764	
	0.354764	
	0.483872	
	0.432663	
	0.400354	
	0.347784	
	0.354305	
	0.499799	
	0.595038	
	0.676576	
	0.691307	
	0.603505	
	0.524096	
	0.324439	
	0.227235	
	0.206050	
	0.174243	
	0.196586	
	0.158118	
	0.173181	
	0.269077	
	0.466038	
	0.479006	
	0.327115	
	0.288532	
	0.315813	
	0.590037	
	0.741403	
	0.845635	
	0.879685	
	0.892317	
	0.782783	
	0.610591	
	0.422440	
	0.334865	
	0.305345	
	0.280293	
	0.243556	
	0.263977	
	0.281900	
	0.347493	
	0.467837	
	0.404802	
	0.295868	
	0.211507	
	0.279379	
	0.285690	
	0.348104	
	0.367284	
	0.404299	
	0.420132	
	0.469009	
	0.396823	
	0.339900	
	0.319375	
	0.340381	
	0.338862	
	0.280056	
	0.277318	
	0.343411	
	0.429789	
	0.455585	
	0.367585	
	0.278977	
	0.249936	
	0.236518	
	0.206163	
	0.175822	
	0.159077	
	0.170335	
	0.494195	
	0.528447	
	0.264601	
	0.213809	
	0.229196	
	0.200609	
	0.225526	
	0.191316	
	0.182750	
	0.277876	
	0.595065	
	0.633965	
	0.570448	
	0.498144	
	0.437673	
	0.444206	
	0.433647	
	0.388451	
	0.369443	
	0.289314	
	0.491620	
	0.289060	
	0.239892	
	0.169994	
	0.159038	
	0.165244	
	0.212163	
	0.267726	
	0.631803	
	0.521396	
	0.480225	
	0.382653	
	0.341373	
	0.304280	
	0.230439	
	0.214837	
	0.464910	
	0.858657	
	0.802882	
	0.624035	
	0.499726	
	0.415534	
	0.346424	
	0.308072	
	0.299461	
	0.275228	
	0.366390	
	0.627959	
	0.632861	
	0.540990	
	0.358726	
	0.420422	
	0.323491	
	0.435566	
	0.372986	
	0.353952	
	0.329547	
	0.338090	
	0.506852	
	0.482016	
	0.485857	
	0.439494	
	0.462302	
	0.485391	
	0.394205	
	0.443093	
	0.323645	
	0.374894	
	0.620253	
	0.355700	
	0.438426	
	0.413055	
	0.393790	
	0.429572	
	0.477068	
	0.468730	
	0.476246	
	0.377380	
	0.585855	
	0.537887	
	0.457752	
	0.388982	
	0.327413	
	0.291920	
	0.282744	
	0.248987	
	0.225725	
	0.424016	
	0.541461	
	0.424294	
	0.419635	
	0.390692	
	0.474504	
	0.612052	
	0.499712	
	0.422588	
	0.556117	
	0.761978	
	0.770868	
	0.407218	
	0.339122	
	0.360975	
	0.311600	
	0.272752	
	0.300237	
	0.305977	
	0.332564	
	0.503350	
	0.609622	
	0.396304	
	0.315920	
	0.216655	
	0.212449	
	0.169752	
	0.181069	
	0.205394	
	0.317994	
	0.688311	
	0.788675	
	0.628528	
	0.406875	
	0.368837	
	0.360352	
	0.364006	
	0.330020	
	0.281646	
	0.264005	
	0.284201	
	0.386768	
	0.309360	
	0.335996	
	0.300829	
	0.464446	
	0.386330	
	0.259618	
	0.345097	
	0.480040	
	0.566287	
	0.540022	
	0.491356	
	0.498040	
	0.467300	
	0.376030	
	0.380107	
	0.432024	
	0.525879	
	0.525476	
	0.506400	
	0.460181	
	0.369378	
	0.389654	
	0.442654	
	0.426451	
	0.421772	
	0.381658	
	0.339636	
	0.574456	
	0.638947	
	0.571527	
	0.609643	
	0.509299	
	0.359641	
	0.393933	
	0.322559	
	0.272774	
	0.295452	
	0.449450	
	0.327166	
	0.318756	
	0.375252	
	0.397910	
	0.517631	
	0.448579	
	0.397528	
	0.381119	
	0.455549	
	0.510421	
	0.476988	
	0.347573	
	0.249229	
	0.211297	
	0.209151	
	0.171048	
	0.191353	
	0.192424	
	0.262872	
	0.322410	
	0.492368	
	0.325350	
	0.282892	
	0.301348	
	0.269583	
	0.270920	
	0.293443	
	0.199948	
	0.201976	
	0.648843	
	0.460076	
	0.453117	
	0.446537	
	0.470429	
	0.399006	
	0.341125	
	0.402662	
	0.368711	
	0.468434	
	0.486028	
	0.335759	
	0.363158	
	0.342079	
	0.399667	
	0.496375	
	0.395975	
	0.335714	
	0.354388	
	0.627239	
	0.506776	
	0.491930	
	0.488135	
	0.401448	
	0.349515	
	0.314434	
	0.272656	
	0.266969	
	0.271917	
	0.345688	
	0.396458	
	0.301215	
	0.260572	
	0.274958	
	0.249499	
	0.225166	
	0.223458	
	0.294083	
	0.366822	
	0.685940	
	0.605471	
	0.395485	
	0.389121	
	0.308152	
	0.302261	
	0.309364	
	0.297917	
	0.310764	
	0.463060	
	0.575118	
	0.521714	
	0.442581	
	0.397858	
	0.338000	
	0.269810	
	0.258175	
	0.326937	
	0.422497	
	0.551152	
	0.635760	
	0.493155	
	0.400926	
	0.373055	
	0.424286	
	0.389430	
	0.296096	
	0.276362	
	0.359247	
	0.527715	
	0.452378	
	0.418532	
	0.419049	
	0.368806	
	0.360531	
	0.303007	
	0.249854	
	0.298863	
	0.376977	
	0.564414	
	0.765856	
	0.583494	
	0.431971	
	0.325903	
	0.323499	
	0.320713	
	0.340358	
	0.394262	
	0.459876	
	0.543434	
	0.572101	
	0.576674	
	0.628972	
	0.662607	
	0.615087	
	0.691891	
	0.665691	
	0.654183	
	0.629538	
	0.642460	
	0.575669	
	0.519438	
	0.389066	
	0.382538	
	0.505886	
	0.588846	
	0.596228	
	0.571021	
	0.630709	
	0.701567	
	0.635933	
	0.657668	
	0.650409	
	0.650225	
	0.589058	
	0.637797	
	0.646476	
	0.696234	
	0.712333	
	0.708836	
	0.616811	
	0.503363	
	0.597305	
	0.526136	
	0.523134	
	0.440946	
	0.421155	
	0.384419	
	0.472419	
	0.475117	
	0.465754	
	0.423786	
	0.409991	
	0.532319	
	0.582940	
	0.509763	
	0.565338	
	0.625562	
	0.497682	
	0.562498	
	0.510327	
	0.358798	
	0.331702	
	0.242837	
	0.279510	
	0.262317	
	0.297030	
	0.335621	
	0.413374	
	0.401109	
	0.283247	
	0.203075	
	0.222601	
	0.182860	
	0.159457	
	0.148144	
	0.628248	
	0.836341	
	0.541528	
	0.463857	
	0.518112	
	0.407835	
	0.333087	
	0.317827	
	0.325811	
	0.318305	
	0.268621	
	0.340329	
	0.403806	
	0.313594	
	0.420966	
	0.394428	
	0.276893	
	0.337168	
	0.451065	
	0.373034	
	0.415496	
	0.472731	
	0.538810	
	0.566713	
	0.525457	
	0.412695	
	0.355096	
	0.398020	
	0.405866	
	0.330823	
	0.394916	
	0.209469	
	0.376823	
	0.528102	
	0.419783	
	0.395407	
	0.367080	
	0.334475	
	0.429610	
	0.455141	
	0.405146	
	0.579743	
	0.569129	
	0.486544	
	0.383455	
	0.356121	
	0.326388	
	0.299183	
	0.286309	
	0.285324	
	0.405151	
	0.605261	
	0.504263	
	0.400010	
	0.341318	
	0.267815	
	0.242485	
	0.257667	
	0.378916	
	0.442926	
	0.719002	
	0.521264	
	0.417645	
	0.430992	
	0.335477	
	0.361935	
	0.279773	
	0.232281	
	0.234877	
	0.275668	
	0.442283	
	0.424129	
	0.351035	
	0.234437	
	0.174096	
	0.156048	
	0.153877	
	0.159715	
	0.215164	
	0.406492	
	0.793909	
	0.756672	
	0.486612	
	0.530203	
	0.543304	
	0.441694	
	0.391381	
	0.373785	
	0.340386	
	0.316722	
	0.463879	
	0.431546	
	0.362918	
	0.327830	
	0.343070	
	0.319951	
	0.441391	
	0.335470	
	0.332769	
	0.349959	
	0.627869	
	0.557923	
	0.539765	
	0.388804	
	0.502054	
	0.454728	
	0.345022	
	0.250862	
	0.293330	
	0.312194	
	0.352051	
	0.391082	
	0.397228	
	0.235613	
	0.255595	
	0.201558	
	0.216917	
	0.180662	
	0.225245	
	0.533290	
	0.805401	
	0.674931	
	0.577734	
	0.503128	
	0.408534	
	0.539361	
	0.386805	
	0.437882	
	0.525600	
	0.567340	
	0.485430	
	0.309277	
	0.288066	
	0.260017	
	0.256386	
	0.225021	
	0.224828	
	0.255234	
	0.513043	
	0.580015	
	0.418688	
	0.310590	
	0.254372	
	0.219353	
	0.184195	
	0.155631	
	0.151669	
	0.272356	
	0.626060	
	0.519798	
	0.365438	
	0.338259	
	0.331687	
	0.279259	
	0.281985	
	0.252514	
	0.247473	
	0.361306	
	0.641542	
	0.738799	
	0.487000	
	0.465684	
	0.424273	
	0.389501	
	0.380084	
	0.289375	
	0.274779	
	0.285317	
	0.274002	
	0.237618	
	0.260413	
	0.259778	
	0.269711	
	0.244670	
	0.236086	
	0.273223	
	0.243304	
	0.241666	
	0.203458	
	0.306778	
	0.455948	
	0.402111	
	0.414204	
	0.391147	
	0.457880	
	0.396965	
	0.300806	
	0.295805	
	0.219925	
	0.298608	
	0.274272	
	0.220013	
	0.243680	
	0.217357	
	0.192476	
	0.190914	
	0.334584	
	0.789277	
	0.872669	
	0.903562	
	0.905119	
	0.809715	
	0.472452	
	0.374489	
	0.329443	
	0.316090	
	0.309362	
	0.341454	
	0.303101	
	0.311622	
	0.321221	
	0.175115	
	0.170389	
	0.175537	
	0.168566	
	0.187742	
	0.175347	
	0.139293	
	0.230321	
	0.740042	
	0.781255	
	0.723825	
	0.602312	
	0.383076	
	0.420468	
	0.412119	
	0.371411	
	0.346424	
	0.361473	
	0.380379	
	0.379893	
	0.345335	
	0.298448	
	0.265919	
	0.244942	
	0.269577	
	0.313485	
	0.278150	
	0.299679	
	0.321419	
	0.368464	
	0.510711	
	0.791145	
	0.739578	
	0.532703	
	0.430112	
	0.403975	
	0.396027	
	0.376525	
	0.301641	
	0.283409	
	0.353928	
	0.334594	
	0.357404	
	0.373123	
	0.470876	
	0.419345	
	0.292671	
	0.264564	
	0.263883	
	0.290369	
	0.243265	
	0.212803	
	0.208120	
	0.200513	
	0.170667	
	0.244191	
	0.250849	
	0.227610	
	0.177103	
	0.155899	
	0.136282	
	0.138281	
	0.114045	
	0.114938	
	0.126598	
	0.167884	
	0.167208	
	0.132918	
	0.159110	
	0.170219	
	0.159797	
	0.220763	
	0.162572	
	0.170845	
	0.320741	
	0.497864	
	0.448615	
	0.352579	
	0.281075	
	0.214676	
	0.196910	
	0.176896	
	0.180493	
	0.135719	
	0.137563	
	0.177908	
	0.200646	
	0.240964	
	0.297135	
	0.274108	
	0.271565	
	0.297776	
	0.263552	
	0.207115	
	0.225589	
	0.216369	
	0.242411	
	0.255119	
	0.264222	
	0.290678	
	0.316620	
	0.291159	
	0.312970	
	0.281899	
	0.289061	
	0.262834	
	0.249735	
	0.251302	
	0.239029	
	0.219756	
	0.257115	
	0.307368	
	0.751286	
	0.746616	
	0.553827	
	0.551229	
	0.449225	
	0.278811	
	0.314737	
	0.236542	
	0.253869	
	0.245732	
	0.506211	
	0.602417	
	0.517284	
	0.472375	
	0.383795	
	0.397486	
	0.293154	
	0.344951	
	0.406452	
	0.371332	
	0.327223	
	0.342587	
	0.498488	
	0.434706	
	0.415395	
	0.380381	
	0.350425	
	0.447301	
	0.428487	
	0.357399	
	0.414727	
	0.450365	
	0.368385	
	0.462766	
	0.485465	
	0.469859	
	0.426161	
	0.400324	
	0.347119	
	0.381844	
	0.314441	
	0.451496	
	0.537806	
	0.349653	
	0.336606	
	0.246042	
	0.265742	
	0.318060	
	0.236431	
	0.256942	
	0.282331	
	0.494469	
	0.414457	
	0.292683	
	0.254754	
	0.421812	
	0.399994	
	0.306966	
	0.304887	
	0.324402	
	0.428134	
	0.578141	
	0.395374	
	0.376319	
	0.346992	
	0.377246	
	0.369755	
	0.345831	
	0.309462	
	0.356665	
	0.430029	
	0.532288	
	0.399718	
	0.353689	
	0.271973	
	0.266922	
	0.243191	
	0.235298	
	0.249147	
	0.294047	
	0.552493	
	0.630671	
	0.548176	
	0.520914	
	0.464815	
	0.443618	
	0.333296	
	0.267139	
	0.216616	
	0.312700	
	0.469528	
	0.540406	
	0.497302	
	0.465673	
	0.381208	
	0.371951	
	0.362217	
	0.354308	
	0.432092	
	0.651722	
	0.697947	
	0.563529	
	0.451972	
	0.431547	
	0.432082	
	0.394218	
	0.355960	
	0.354316	
	0.359863	
	0.397681	
	0.484179	
	0.353706	
	0.329607	
	0.298220	
	0.291632	
	0.245739	
	0.238323	
	0.285114	
	0.409407	
	0.678017	
	0.679665	
	0.416031	
	0.456618	
	0.519606	
	0.397565	
	0.408563	
	0.377072	
	0.389306	
	0.388162	
	0.398186	
	0.521595	
	0.329878	
	0.325688	
	0.355855	
	0.310335	
	0.304271	
	0.293308	
	0.286788	
	0.317495	
	0.506791	
	0.480547	
	0.331549	
	0.296257	
	0.211905	
	0.260220	
	0.233442	
	0.251502	
	0.267903	
	0.363831	
	0.645239	
	0.473217	
	0.406299	
	0.341226	
	0.268105	
	0.328877	
	0.297091	
	0.277905	
	0.246338	
	0.664460	
	0.842434	
	0.853685	
	0.603693	
	0.480727	
	0.397745	
	0.378207	
	0.302017	
	0.306845	
	0.289546	
	0.263683	
	0.286894	
	0.513620	
	0.413597	
	0.417665	
	0.434989	
	0.573837	
	0.540349	
	0.457364	
	0.352433	
	0.310239	
	0.438319	
	0.598865	
	0.407793	
	0.406471	
	0.440546	
	0.361542	
	0.383435	
	0.330253	
	0.326120	
	0.311381	
	0.426357	
	0.479960	
	0.377881	
	0.353822	
	0.370937	
	0.450855	
	0.460070	
	0.463259	
	0.371536	
	0.335807	
	0.433316	
	0.535214	
	0.454919	
	0.420090	
	0.305851	
	0.330032	
	0.342448	
	0.391379	
	0.353952	
	0.261494	
	0.431484	
	0.518374	
	0.399988	
	0.361847	
	0.403822	
	0.517728	
	0.427314	
	0.397488	
	0.506302	
	0.586945	
	0.720236	
	0.584099	
	0.422349	
	0.373723	
	0.257785	
	0.274360	
	0.276750	
	0.314391	
	0.368175	
	0.449254	
	0.536664	
	0.474656	
	0.416012	
	0.320895	
	0.282552	
	0.260079	
	0.252860	
	0.276208	
	0.277960	
	0.288049	
	0.569744	
	0.629673	
	0.542366	
	0.378951	
	0.417866	
	0.379938	
	0.341428	
	0.336966	
	0.396394	
	0.491808	
	0.545371	
	0.442019	
	0.357453	
	0.290248	
	0.241755	
	0.291678	
	0.318443	
	0.408745	
	0.404638	
	0.523873	
	0.465036	
	0.393543	
	0.377085	
	0.373227	
	0.327789	
	0.312457	
	0.333618	
	0.323630	
	0.348713	
	0.467991	
	0.551847	
	0.484686	
	0.433330	
	0.448634	
	0.377845	
	0.350344	
	0.286905	
	0.550485	
	0.754281	
	0.729060	
	0.518206	
	0.397748	
	0.349926	
	0.316255	
	0.311689	
	0.297391	
	0.225126	
	0.269142	
	0.571926	
	0.573175	
	0.458331	
	0.406292	
	0.367684	
	0.343496	
	0.382375	
	0.374420	
	0.437591	
	0.462964	
	0.597071	
	0.450264	
	0.334192	
	0.246482	
	0.181943	
	0.221603	
	0.245945	
	0.289231	
	0.304384	
	0.447190	
	0.682998	
	0.530926	
	0.437855	
	0.349016	
	0.332534	
	0.347343	
	0.322985	
	0.332906	
	0.364940	
	0.687744	
	0.791824	
	0.760458	
	0.428634	
	0.415992	
	0.384938	
	0.349309	
	0.307531	
	0.291047	
	0.290866	
	0.306214	
	0.422973	
	0.576037	
	0.478661	
	0.402202	
	0.428048	
	0.446487	
	0.391553	
	0.409509	
	0.659438	
	0.679093	
	0.549144	
	0.409926	
	0.539899	
	0.471713	
	0.377757	
	0.353576	
	0.351624	
	0.391220	
	0.408257	
	0.534070	
	0.656285	
	0.582847	
	0.508968	
	0.476678	
	0.419854	
	0.425091	
	0.463549	
	0.489402	
	0.392917	
	0.396059	
	0.469128	
	0.483771	
	0.359124	
	0.296986	
	0.259476	
	0.266665	
	0.229138	
	0.223785	
	0.204167	
	0.269277	
	0.449354	
	0.522061	
	0.367829	
	0.265123	
	0.227670	
	0.257260	
	0.241892	
	0.295614	
	0.348341	
	0.553053	
	0.571747	
	0.443452	
	0.364846	
	0.302776	
	0.218748	
	0.178389	
	0.234984	
	0.243684	
	0.381275	
	0.569923	
	0.559641	
	0.351851	
	0.229370	
	0.160439	
	0.166895	
	0.358874	
	0.754340	
	0.856471	
	0.881727	
	0.888443	
	0.717147	
	0.422479	
	0.287829	
	0.214649	
	0.232943	
	0.204324	
	0.190149	
	0.176662	
	0.146288	
	0.350321	
	0.499728	
	0.427936	
	0.339250	
	0.304071	
	0.317207	
	0.567288	
	0.730531	
	0.805954	
	0.493748	
	0.249018	
	0.475551	
	0.422097	
	0.379069	
	0.253035	
	0.227772	
	0.189293	
	0.229231	
	0.236025	
	0.370463	
	0.431385	
	0.476764	
	0.490572	
	0.429400	
	0.432192	
	0.459994	
	0.653147	
	0.784507	
	0.820889	
	0.823909	
	0.729691	
	0.477471	
	0.454744	
	0.315663	
	0.236214	
	0.200150	
	0.204599	
	0.196751	
	0.205585	
	0.417716	
	0.576465	
	0.448564	
	0.416906	
	0.330128	
	0.318873	
	0.233499	
	0.259935	
	0.295085	
	0.455288	
	0.601912	
	0.520527	
	0.436933	
	0.374123	
	0.247593	
	0.207924	
	0.203623	
	0.220165	
	0.369189	
	0.468103	
	0.685300	
	0.515141	
	0.376978	
	0.264890	
	0.256897	
	0.230661	
	0.234471	
	0.227116	
	0.291234	
	0.448266	
	0.792252	
	0.582625	
	0.490870	
	0.433771	
	0.283892	
	0.272372	
	0.262362	
	0.260866	
	0.255478	
	0.532639	
	0.601471	
	0.619338	
	0.592892	
	0.481038	
	0.501276	
	0.495002	
	0.558782	
	0.476095	
	0.431550	
	0.498774	
	0.483095	
	0.485994	
	0.381494	
	0.227188	
	0.232577	
	0.191653	
	0.236347	
	0.267775	
	0.336817	
	0.629754	
	0.638053	
	0.590458	
	0.414608	
	0.383309	
	0.376311	
	0.312547	
	0.256062	
	0.242869	
	0.305617	
	0.618884	
	0.476668	
	0.369828	
	0.393126	
	0.334959	
	0.229855	
	0.258513	
	0.291399	
	0.243186	
	0.230735	
	0.474993	
	0.506537	
	0.383988	
	0.330593	
	0.421820	
	0.446549	
	0.408589	
	0.361953	
	0.387151	
	0.374424	
	0.455499	
	0.455729	
	0.315811	
	0.235962	
	0.214671	
	0.193931	
	0.196250	
	0.202143	
	0.243249	
	0.599149	
	0.542369	
	0.489001	
	0.473693	
	0.519723	
	0.567774	
	0.451862	
	0.439027	
	0.412065	
	0.465998	
	0.770530	
	0.736208	
	0.530523	
	0.359064	
	0.300970	
	0.283867	
	0.239632	
	0.189346	
	0.155011	
	0.298196	
	0.403440	
	0.403905	
	0.386928	
	0.302678	
	0.292504	
	0.352744	
	0.293549	
	0.290031	
	0.390288	
	0.442555	
	0.509083	
	0.468857	
	0.457290	
	0.389681	
	0.350098	
	0.306155	
	0.257589	
	0.243241	
	0.237910	
	0.334504	
	0.323731	
	0.480480	
	0.453338	
	0.397009	
	0.389250	
	0.325533	
	0.322591	
	0.305758	
	0.266431	
	0.272516	
	0.642602	
	0.500047	
	0.374309	
	0.298753	
	0.281719	
	0.281901	
	0.255820	
	0.225101	
	0.177970	
	0.186008	
	0.651077	
	0.613978	
	0.594605	
	0.497621	
	0.462629	
	0.374056	
	0.344961	
	0.278759	
	0.262936	
	0.415701	
	0.543896	
	0.485925	
	0.315381	
	0.257969	
	0.198909	
	0.150496	
	0.142751	
	0.134296	
	0.248268	
	0.436760	
	0.384782	
	0.309524	
	0.280979	
	0.238585	
	0.204961	
	0.151305	
	0.151737	
	0.171660	
	0.247994	
	0.689138	
	0.574187	
	0.513225	
	0.416012	
	0.328698	
	0.279009	
	0.209868	
	0.205958	
	0.215386	
	0.203748	
	0.381849	
	0.505800	
	0.456504	
	0.292929	
	0.228610	
	0.242026	
	0.272665	
	0.259985	
	0.278375	
	0.429125	
	0.693332	
	0.594318	
	0.527851	
	0.443061	
	0.349590	
	0.262933	
	0.286569	
	0.231924	
	0.334340	
	0.705231	
	0.677247	
	0.473712	
	0.468183	
	0.383174	
	0.297653	
	0.232914	
	0.189121	
	0.191853	
	0.200202	
	0.211360	
	0.539233	
	0.474853	
	0.446581	
	0.421902	
	0.399507	
	0.342547	
	0.343525	
	0.318403	
	0.306240	
	0.419590	
	0.690579	
	0.632259	
	0.496164	
	0.493533	
	0.444375	
	0.416478	
	0.400438	
	0.410597	
	0.420262	
	0.631908	
	0.602681	
	0.420711	
	0.356056	
	0.300238	
	0.199115	
	0.151372	
	0.144976	
	0.138804	
	0.176816	
	0.633313	
	0.516182	
	0.384569	
	0.370415	
	0.328941	
	0.282580	
	0.208660	
	0.176163	
	0.155132	
	0.258020	
	0.494557	
	0.634665	
	0.510007	
	0.442785	
	0.424152	
	0.280154	
	0.252437	
	0.212363	
	0.198850	
	0.208698	
	0.483402	
	0.626405	
	0.492586	
	0.402910	
	0.413348	
	0.381295	
	0.371974	
	0.344569	
	0.375886	
	0.477816	
	0.658448	
	0.591138	
	0.527590	
	0.452742	
	0.372728	
	0.300591	
	0.291790	
	0.296156	
	0.342238	
	0.466443	
	0.505075	
	0.504090	
	0.476050	
	0.422996	
	0.329711	
	0.280619	
	0.250915	
	0.275084	
	0.322681	
	0.416629	
	0.518110	
	0.461238	
	0.481962	
	0.450249	
	0.441901	
	0.420582	
	0.359862	
	0.349726	
	0.362551	
	0.378955	
	0.429823	
	0.296427	
	0.218870	
	0.164731	
	0.165632	
	0.169454	
	0.183853	
	0.255425	
	0.398753	
	0.573725	
	0.443872	
	0.282611	
	0.214277	
	0.124649	
	0.121946	
	0.093658	
	0.073793	
	0.061422	
	0.187942	
	0.541601	
	0.437675	
	0.273732	
	0.165587	
	0.131638	
	0.106680	
	0.079563	
	0.093793	
	0.137067	
	0.350401	
	0.453201	
	0.533804	
	0.526691	
	0.473811	
	0.441738	
	0.385863	
	0.326046	
	0.311195	
	0.253405	
	0.289203	
	0.475568	
	0.459068	
	0.333198	
	0.356053	
	0.327640	
	0.482674	
	0.444649	
	0.410736	
	0.433299	
	0.588450	
	0.541006	
	0.451143	
	0.364060	
	0.288204	
	0.217587	
	0.203833	
	0.176446	
	0.174230	
	0.289132	
	0.421474	
	0.588735	
	0.554347	
	0.454477	
	0.379649	
	0.380581	
	0.366803	
	0.328656	
	0.300614	
	0.381227	
	0.544199	
	0.325037	
	0.434565	
	0.463295	
	0.433510	
	0.400999	
	0.391792	
	0.322729	
	0.311605	
	0.420610	
	0.498948	
	0.467075	
	0.503032	
	0.479475	
	0.475507	
	0.687596	
	0.602339	
	0.502728	
	0.524093	
	0.744980	
	0.531999	
	0.371477	
	0.302095	
	0.234995	
	0.181922	
	0.149343	
	0.132727	
	0.139506	
	0.206002	
	0.634022	
	0.515725	
	0.468586	
	0.412928	
	0.345369	
	0.347936	
	0.296764	
	0.232304	
	0.237437	
	0.303300	
	0.655031	
	0.608715	
	0.469808	
	0.418190	
	0.449216	
	0.415764	
	0.352462	
	0.297569	
	0.263464	
	0.269340	
	0.462607	
	0.549779	
	0.470942	
	0.491962	
	0.480972	
	0.385876	
	0.404330	
	0.359067	
	0.350043	
	0.391130	
	0.544643	
	0.500027	
	0.475199	
	0.427349	
	0.396596	
	0.317613	
	0.308181	
	0.297907	
	0.268500	
	0.280767	
	0.395098	
	0.524058	
	0.447732	
	0.401912	
	0.382448	
	0.370179	
	0.332631	
	0.304887	
	0.306649	
	0.634884	
	0.398165	
	0.513789	
	0.474679	
	0.468234	
	0.404375	
	0.407890	
	0.361901	
	0.312875	
	0.313476	
	0.452091	
	0.307717	
	0.247678	
	0.191677	
	0.217537	
	0.345179	
	0.301856	
	0.285925	
	0.386584	
	0.637800	
	0.466688	
	0.382212	
	0.297450	
	0.184162	
	0.181123	
	0.136314	
	0.118031	
	0.107655	
	0.140273	
	0.448155	
	0.395823	
	0.272131	
	0.222015	
	0.139278	
	0.126984	
	0.102841	
	0.070572	
	0.102944	
	0.285021	
	0.655953	
	0.584815	
	0.508378	
	0.534230	
	0.435655	
	0.373373	
	0.296287	
	0.282328	
	0.261037	
	0.233798	
	0.402609	
	0.556923	
	0.470372	
	0.451443	
	0.343298	
	0.315636	
	0.399119	
	0.489758	
	0.388243	
	0.424612	
	0.691613	
	0.614114	
	0.473699	
	0.410830	
	0.316418	
	0.275386	
	0.243379	
	0.258976	
	0.223520	
	0.247528	
	0.229736	
	0.459320	
	0.480251	
	0.542650	
	0.503237	
	0.474224	
	0.313579	
	0.371489	
	0.257441	
	0.270510	
	0.557112	
	0.463206	
	0.516390	
	0.523745	
	0.554567	
	0.469858	
	0.399682	
	0.347661	
	0.334865	
	0.469927	
	0.576628	
	0.529945	
	0.562134	
	0.479191	
	0.488608	
	0.607604	
	0.523697	
	0.594772	
	0.629720	
	0.813455	
	0.471574	
	0.290044	
	0.210413	
	0.157363	
	0.139084	
	0.103204	
	0.078953	
	0.090167	
	0.159179	
	0.525574	
	0.439139	
	0.440365	
	0.346286	
	0.360533	
	0.381323	
	0.320327	
	0.258120	
	0.246634	
	0.218551	
	0.438002	
	0.484555	
	0.377318	
	0.410505	
	0.366446	
	0.387617	
	0.405958	
	0.323850	
	0.296779	
	0.293621	
	0.559155	
	0.571133	
	0.548041	
	0.477973	
	0.460533	
	0.407106	
	0.341378	
	0.324054	
	0.338206	
	0.500142	
	0.623262	
	0.468193	
	0.403006	
	0.309200	
	0.297344	
	0.268979	
	0.243488	
	0.210819	
	0.260423	
	0.343894	
	0.469658	
	0.470059	
	0.430825	
	0.394591	
	0.368829	
	0.377262	
	0.333179	
	0.302743	
	0.250732	
	0.604220	
	0.522177	
	0.393616	
	0.438761	
	0.412595	
	0.350022	
	0.317768	
	0.340844	
	0.335625	
	0.325295	
	0.474349	
	0.533165	
	0.519257	
	0.470404	
	0.369677	
	0.335270	
	0.340833	
	0.376451	
	0.428561	
	0.525414	
	0.623612	
	0.505996	
	0.399079	
	0.339666	
	0.372194	
	0.342513	
	0.351392	
	0.315466	
	0.365286	
	0.414362	
	0.445000	
	0.342902	
	0.281568	
	0.262580	
	0.292832	
	0.280079	
	0.319850	
	0.417230	
	0.459015	
	0.588835	
	0.595398	
	0.524556	
	0.448797	
	0.390575	
	0.388684	
	0.409968	
	0.393585	
	0.425255	
	0.510402	
	0.511336	
	0.422587	
	0.483151	
	0.466096	
	0.500775	
	0.521019	
	0.531783	
	0.404502	
	0.383899	
	0.507621	
	0.564797	
	0.550648	
	0.522238	
	0.508469	
	0.443650	
	0.429225	
	0.468992	
	0.418121	
	0.446397	
	0.492357	
	0.545823	
	0.509129	
	0.457221	
	0.485594	
	0.600940	
	0.614177	
	0.534864	
	0.396087	
	0.367843	
	0.343688	
	0.358906	
	0.479197	
	0.463340	
	0.429592	
	0.359260	
	0.316946	
	0.360427	
	0.359071	
	0.456131	
	0.389841	
	0.398822	
	0.407224	
	0.461955	
	0.434635	
	0.462031	
	0.410412	
	0.371226	
	0.343885	
	0.393261	
	0.375656	
	0.441167	
	0.540726	
	0.520688	
	0.409278	
	0.366016	
	0.392584	
	0.392590	
	0.426168	
	0.413568	
	0.506603	
	0.559204	
	0.624742	
	0.588864	
	0.534892	
	0.541022	
	0.592445	
	0.600138	
	0.597980	
	0.607510	
	0.578413	
	0.618415	
	0.594124	
	0.485130	
	0.360607	
	0.352514	
	0.370925	
	0.380289	
	0.392689	
	0.407133	
	0.430117	
	0.527165	
	0.582646	
	0.566859	
	0.554435	
	0.575693	
	0.517506	
	0.444114	
	0.433524	
	0.380459	
	0.449631	
	0.507443	
	0.583678	
	0.453445	
	0.374853	
	0.379661	
	0.406968	
	0.421710	
	0.423703	
	0.424949	
	0.500814	
	0.568190	
	0.525308	
	0.538666	
	0.531698	
	0.523635	
	0.475088	
	0.396737	
	0.359537	
	0.369702	
	0.455189	
	0.500502	
	0.380466	
	0.419372	
	0.387615	
	0.379217	
	0.369204	
	0.339277	
	0.387018	
	0.394745	
	0.364068	
	0.410761	
	0.352882	
	0.318840	
	0.377412	
	0.319473	
	0.350904	
	0.335861	
	0.367166	
	0.418729	
	0.482241	
	0.564322	
	0.472206	
	0.298529	
	0.218172	
	0.202421	
	0.156143	
	0.147719	
	0.162096	
	0.177127	
	0.297359	
	0.406758	
	0.397043	
	0.259493	
	0.242981	
	0.196498	
	0.187483	
	0.191211	
	0.252311	
	0.335021	
	0.472563	
	0.557965	
	0.414236	
	0.360835	
	0.351499	
	0.270564	
	0.244020	
	0.205894	
	0.173081	
	0.190984	
	0.387890	
	0.488364	
	0.337893	
	0.320238	
	0.304382	
	0.423102	
	0.392392	
	0.285208	
	0.345793	
	0.522905	
	0.688494	
	0.610511	
	0.481909	
	0.428799	
	0.341765	
	0.315738	
	0.293767	
	0.257464	
	0.332174	
	0.499716	
	0.460074	
	0.594529	
	0.516371	
	0.383351	
	0.323573	
	0.231037	
	0.258460	
	0.233851	
	0.258181	
	0.555677	
	0.539809	
	0.661774	
	0.584423	
	0.521622	
	0.415557	
	0.354718	
	0.291527	
	0.261312	
	0.272850	
	0.493040	
	0.568116	
	0.462238	
	0.432684	
	0.350857	
	0.413273	
	0.404964	
	0.346867	
	0.356896	
	0.551003	
	0.684752	
	0.602106	
	0.356579	
	0.250394	
	0.188665	
	0.123616	
	0.116283	
	0.114486	
	0.161088	
	0.367991	
	0.590966	
	0.542044	
	0.542919	
	0.339194	
	0.301274	
	0.282278	
	0.240725	
	0.150526	
	0.202027	
	0.219933	
	0.509502	
	0.503348	
	0.517018	
	0.428152	
	0.351028	
	0.312886	
	0.287171	
	0.276254	
	0.217985	
	0.342495	
	0.612169	
	0.550590	
	0.491133	
	0.454801	
	0.472300	
	0.385696	
	0.383562	
	0.395257	
	0.324906	
	0.452042	
	0.504436	
	0.469652	
	0.403040	
	0.348584	
	0.298202	
	0.263869	
	0.263109	
	0.273493	
	0.193709	
	0.386031	
	0.450653	
	0.488220	
	0.519345	
	0.400337	
	0.300019	
	0.295239	
	0.233611	
	0.221158	
	0.288725	
	0.502240	
	0.481475	
	0.494075	
	0.457053	
	0.292617	
	0.257276	
	0.229213	
	0.212738	
	0.216635	
	0.434053	
	0.459883	
	0.434328	
	0.328559	
	0.282208	
	0.284405	
	0.278319	
	0.268455	
	0.298581	
	0.474625	
	0.485225	
	0.489128	
	0.316340	
	0.238359	
	0.200789	
	0.146522	
	0.127825	
	0.104267	
	0.152585	
	0.490639	
	0.444649	
	0.380725	
	0.435908	
	0.358963	
	0.252647	
	0.232432	
	0.192764	
	0.174991	
	0.201516	
	0.379730	
	0.501775	
	0.641840	
	0.660675	
	0.620564	
	0.471800	
	0.468925	
	0.390540	
	0.387247	
	0.403224	
	0.563609	
	0.659797	
	0.595094	
	0.465134	
	0.339921	
	0.325665	
	0.397941	
	0.496628	
	0.514523	
	0.614728	
	0.407290	
	0.624066	
	0.477817	
	0.355579	
	0.313302	
	0.320835	
	0.303853	
	0.263240	
	0.219137	
	0.251305	
	0.456755	
	0.594755	
	0.673840	
	0.489279	
	0.396717	
	0.343549	
	0.306248	
	0.268887	
	0.320187	
	0.355236	
	0.548366	
	0.542666	
	0.482799	
	0.502602	
	0.466793	
	0.347726	
	0.346394	
	0.255622	
	0.272867	
	0.558396	
	0.667218	
	0.623188	
	0.561682	
	0.488867	
	0.495323	
	0.411655	
	0.395903	
	0.371838	
	0.484794	
	0.480906	
	0.513571	
	0.368446	
	0.264890	
	0.195728	
	0.153620	
	0.129987	
	0.156039	
	0.130222	
	0.354207	
	0.397267	
	0.394338	
	0.458556	
	0.432269	
	0.305620	
	0.250623	
	0.223397	
	0.233960	
	0.209931	
	0.708890	
	0.614652	
	0.494929	
	0.498480	
	0.339214	
	0.293142	
	0.244719	
	0.201949	
	0.210154	
	0.212998	
	0.508796	
	0.592356	
	0.502450	
	0.406541	
	0.348293	
	0.336707	
	0.320665	
	0.297550	
	0.306881	
	0.493223	
	0.567144	
	0.423262	
	0.332073	
	0.246887	
	0.177943	
	0.148893	
	0.142585	
	0.103553	
	0.187465	
	0.371405	
	0.367526	
	0.499969	
	0.514930	
	0.389351	
	0.335878	
	0.281744	
	0.251321	
	0.261702	
	0.272349	
	0.530000	
	0.495382	
	0.389291	
	0.392616	
	0.328688	
	0.340696	
	0.338937	
	0.271686	
	0.262644	
	0.313066	
	0.599078	
	0.589862	
	0.528726	
	0.405168	
	0.373036	
	0.353867	
	0.273127	
	0.277949	
	0.316575	
	0.557902	
	0.545610	
	0.381882	
	0.238481	
	0.196513	
	0.171335	
	0.133215	
	0.127429	
	0.127401	
	0.129774	
	0.377729	
	0.386881	
	0.340222	
	0.258255	
	0.156517	
	0.113690	
	0.120677	
	0.098245	
	0.088870	
	0.132807	
	0.690437	
	0.644512	
	0.412626	
	0.430190	
	0.338532	
	0.335465	
	0.301187	
	0.291237	
	0.261008	
	0.288379	
	0.510103	
	0.455453	
	0.378650	
	0.323376	
	0.263584	
	0.230826	
	0.230017	
	0.206498	
	0.209336	
	0.242620	
	0.540749	
	0.419785	
	0.357752	
	0.337491	
	0.278516	
	0.222713	
	0.197686	
	0.160861	
	0.206253	
	0.374593	
	0.395543	
	0.495707	
	0.476183	
	0.357648	
	0.239983	
	0.243435	
	0.214511	
	0.190620	
	0.225870	
	0.394727	
	0.604709	
	0.479640	
	0.471638	
	0.436307	
	0.331379	
	0.273279	
	0.243486	
	0.244838	
	0.256288	
	0.562767	
	0.603932	
	0.530022	
	0.417384	
	0.331701	
	0.263532	
	0.284859	
	0.245107	
	0.262362	
	0.254974	
	0.473320	
	0.394286	
	0.277543	
	0.196047	
	0.159556	
	0.114696	
	0.125438	
	0.109960	
	0.131363	
	0.334523	
	0.556071	
	0.408242	
	0.435853	
	0.351662	
	0.325067	
	0.293910	
	0.258272	
	0.227368	
	0.245738	
	0.341180	
	0.624178	
	0.450669	
	0.383534	
	0.348830	
	0.349893	
	0.270524	
	0.235187	
	0.214536	
	0.194999	
	0.424935	
	0.474765	
	0.433779	
	0.376163	
	0.334196	
	0.316227	
	0.305985	
	0.273007	
	0.295891	
	0.305871	
	0.370754	
	0.451679	
	0.388329	
	0.368777	
	0.386021	
	0.393346	
	0.351550	
	0.263426	
	0.333202	
	0.347366	
	0.477492	
	0.489549	
	0.487142	
	0.394776	
	0.303148	
	0.277459	
	0.270866	
	0.215380	
	0.203331	
	0.555401	
	0.498653	
	0.447451	
	0.401904	
	0.379751	
	0.372517	
	0.360848	
	0.319442	
	0.291392	
	0.353728	
	0.546266	
	0.597127	
	0.609479	
	0.571290	
	0.465008	
	0.457588	
	0.426603	
	0.428520	
	0.436621	
	0.698165	
	0.528643	
	0.345648	
	0.304482	
	0.301145	
	0.377177	
	0.510798	
	0.387447	
	0.402702	
	0.295529	
	0.466881	
	0.451995	
	0.389465	
	0.277560	
	0.203760	
	0.195285	
	0.148574	
	0.145453	
	0.130408	
	0.200755	
	0.620111	
	0.574523	
	0.469027	
	0.385267	
	0.332428	
	0.295871	
	0.268725	
	0.241460	
	0.237378	
	0.238805	
	0.422224	
	0.424156	
	0.431192	
	0.395120	
	0.350742	
	0.338284	
	0.428577	
	0.391342	
	0.323411	
	0.301211	
	0.466542	
	0.454590	
	0.478686	
	0.351917	
	0.366281	
	0.343310	
	0.351362	
	0.324567	
	0.337952	
	0.349131	
	0.456081	
	0.485463	
	0.443627	
	0.443518	
	0.344596	
	0.334139	
	0.290220	
	0.307888	
	0.285738	
	0.282571	
	0.469997	
	0.479678	
	0.339307	
	0.304682	
	0.276486	
	0.270107	
	0.265361	
	0.254477	
	0.325251	
	0.498641	
	0.568029	
	0.501126	
	0.430413	
	0.372320	
	0.342511	
	0.368503	
	0.374331	
	0.361313	
	0.464039	
	0.557251	
	0.398957	
	0.307251	
	0.258011	
	0.212393	
	0.165278	
	0.153100	
	0.147966	
	0.189335	
	0.390441	
	0.494816	
	0.438289	
	0.352637	
	0.264640	
	0.210244	
	0.179022	
	0.162664	
	0.153683	
	0.133483	
	0.309600	
	0.551757	
	0.495609	
	0.470148	
	0.371988	
	0.340710	
	0.299429	
	0.257113	
	0.220496	
	0.201790	
	0.356848	
	0.458225	
	0.408333	
	0.396695	
	0.421020	
	0.478497	
	0.327819	
	0.298900	
	0.256883	
	0.260429	
	0.438933	
	0.499468	
	0.376632	
	0.335287	
	0.325679	
	0.255048	
	0.205470	
	0.168236	
	0.330318	
	0.468133	
	0.464766	
	0.437549	
	0.380591	
	0.285840	
	0.269758	
	0.203895	
	0.188858	
	0.152969	
	0.216575	
	0.450162	
	0.555237	
	0.383165	
	0.289719	
	0.220340	
	0.209092	
	0.161330	
	0.153023	
	0.166898	
	0.200034	
	0.501628	
	0.447817	
	0.433088	
	0.283492	
	0.218238	
	0.192970	
	0.181381	
	0.172191	
	0.194875	
	0.300527	
	0.543631	
	0.484492	
	0.312583	
	0.225193	
	0.179319	
	0.127386	
	0.123643	
	0.108319	
	0.143401	
	0.249189	
	0.470590	
	0.336457	
	0.281143	
	0.210803	
	0.136121	
	0.144554	
	0.196154	
	0.135604	
	0.460137	
	0.792059	
	0.747385	
	0.517703	
	0.500685	
	0.509915	
	0.460865	
	0.496267	
	0.399995	
	0.356249	
	0.398900	
	0.458123	
	0.477948	
	0.387243	
	0.402664	
	0.414535	
	0.383624	
	0.344969	
	0.343441	
	0.339837	
	0.334667	
	0.465202	
	0.562629	
	0.507635	
	0.464163	
	0.395390	
	0.430926	
	0.453889	
	0.405367	
	0.329440	
	0.280243	
	0.436312	
	0.473905	
	0.475301	
	0.434735	
	0.447817	
	0.457013	
	0.464510	
	0.487422	
	0.473864	
	0.546864	
	0.696144	
	0.536379	
	0.455225	
	0.440343	
	0.407922	
	0.338947	
	0.294721	
	0.292953	
	0.313679	
	0.287386	
	0.501506	
	0.482642	
	0.390001	
	0.309549	
	0.322228	
	0.304223	
	0.335137	
	0.487041	
	0.782398	
	0.742105	
	0.597834	
	0.396767	
	0.443835	
	0.386191	
	0.363751	
	0.410848	
	0.367838	
	0.430691	
	0.443303	
	0.566852	
	0.522322	
	0.437338	
	0.296695	
	0.205599	
	0.259890	
	0.198531	
	0.214434	
	0.217886	
	0.578236	
	0.754654	
	0.735251	
	0.496208	
	0.423273	
	0.484150	
	0.561468	
	0.584975	
	0.462403	
	0.291687	
	0.417042	
	0.574353	
	0.549111	
	0.466750	
	0.436106	
	0.400889	
	0.334803	
	0.346145	
	0.312080	
	0.329855	
	0.366162	
	0.514376	
	0.512773	
	0.560032	
	0.551941	
	0.520845	
	0.550324	
	0.601590	
	0.573085	
	0.690609	
	0.645658	
	0.494383	
	0.438233	
	0.405854	
	0.448682	
	0.447349	
	0.438466	
	0.397258	
	0.336077	
	0.356676	
	0.743388	
	0.730275	
	0.529171	
	0.409743	
	0.351844	
	0.452363	
	0.330703	
	0.286375	
	0.363140	
	0.388090	
	0.604310	
	0.461484	
	0.453870	
	0.375118	
	0.419028	
	0.501489	
	0.365000	
	0.300019	
	0.282855	
	0.593307	
	0.458028	
	0.336455	
	0.269597	
	0.212800	
	0.212992	
	0.231472	
	0.230796	
	0.272148	
	0.488377	
	0.530003	
	0.419561	
	0.333710	
	0.289440	
	0.266814	
	0.270247	
	0.246402	
	0.207061	
	0.195738	
	0.278263	
	0.581219	
	0.459035	
	0.523315	
	0.552909	
	0.538009	
	0.504089	
	0.498780	
	0.517451	
	0.480021	
	0.486571	
	0.560271	
	0.547035	
	0.455867	
	0.518155	
	0.490417	
	0.505493	
	0.559386	
	0.542128	
	0.446932	
	0.404259	
	0.555493	
	0.448308	
	0.491679	
	0.572733	
	0.513179	
	0.507831	
	0.421755	
	0.380886	
	0.428367	
	0.520438	
	0.549490	
	0.455615	
	0.387163	
	0.371519	
	0.328476	
	0.275636	
	0.269813	
	0.243988	
	0.276558	
	0.416464	
	0.685946	
	0.529850	
	0.413816	
	0.387603	
	0.402054	
	0.373801	
	0.403033	
	0.392466	
	0.403181	
	0.479837	
	0.578408	
	0.488215	
	0.431424	
	0.383396	
	0.435339	
	0.420342	
	0.330172	
	0.343580	
	0.409956	
	0.679724	
	0.555478	
	0.464038	
	0.428829	
	0.392630	
	0.449854	
	0.552060	
	0.474485	
	0.335342	
	0.397618	
	0.593793	
	0.501056	
	0.369118	
	0.381846	
	0.395787	
	0.420397	
	0.444497	
	0.414655	
	0.314304	
	0.433506	
	0.571073	
	0.559626	
	0.600130	
	0.588487	
	0.465916	
	0.320238	
	0.371110	
	0.385274	
	0.412736	
	0.564850	
	0.624670	
	0.608152	
	0.565892	
	0.650193	
	0.691569	
	0.719717	
	0.621274	
	0.666802	
	0.704311	
	0.738771	
	0.671623	
	0.638999	
	0.628489	
	0.558972	
	0.475658	
	0.489395	
	0.453201	
	0.470003	
	0.543335	
	0.554552	
	0.492700	
	0.535065	
	0.579987	
	0.597368	
	0.656855	
	0.676178	
	0.638283	
	0.657612	
	0.699462	
	0.735030	
	0.706979	
	0.672907	
	0.552037	
	0.494863	
	0.531408	
	0.587891	
	0.546746	
	0.535820	
	0.548353	
	0.515296	
	0.406311	
	0.459977	
	0.408614	
	0.413958	
	0.506315	
	0.572512	
	0.443512	
	0.414444	
	0.544891	
	0.630871	
	0.390495	
	0.288120	
	0.230718	
	0.209540	
	0.185064	
	0.200746	
	0.207124	
	0.286453	
	0.400645	
	0.590190	
	0.426652	
	0.422471	
	0.335470	
	0.305509	
	0.266193	
	0.224489	
	0.229070	
	0.337927	
	0.753863	
	0.600617	
	0.587215	
	0.570365	
	0.438023	
	0.429623	
	0.523294	
	0.457415	
	0.449058	
	0.384316	
	0.327934	
	0.510454	
	0.475438	
	0.492359	
	0.435712	
	0.407299	
	0.510767	
	0.428821	
	0.408838	
	0.479506	
	0.548814	
	0.511082	
	0.478583	
	0.462088	
	0.449295	
	0.561322	
	0.567891	
	0.542442	
	0.406167	
	0.468175	
	0.529648	
	0.504822	
	0.594561	
	0.575809	
	0.527825	
	0.590816	
	0.640887	
	0.548202	
	0.607299	
	0.582034	
	0.602993	
	0.564179	
	0.399424	
	0.348650	
	0.343990	
	0.386847	
	0.401059	
	0.351510	
	0.344413	
	0.375526	
	0.542148	
	0.596914	
	0.532896	
	0.472789	
	0.414148	
	0.469705	
	0.452566	
	0.461124	
	0.466260	
	0.715943	
	0.480601	
	0.492997	
	0.426538	
	0.421976	
	0.379508	
	0.305701	
	0.250178	
	0.290138	
	0.309433	
	0.315897	
	0.408551	
	0.460374	
	0.363544	
	0.227854	
	0.224113	
	0.208298	
	0.225145	
	0.187950	
	0.345123	
	0.799501	
	0.826992	
	0.434405	
	0.295457	
	0.334428	
	0.328514	
	0.247721	
	0.244771	
	0.284113	
	0.321992	
	0.315910	
	0.398478	
	0.465932	
	0.371432	
	0.255575	
	0.236580	
	0.221087	
	0.227195	
	0.251340	
	0.347601	
	0.475212	
	0.578058	
	0.523534	
	0.597607	
	0.559199	
	0.508291	
	0.420910	
	0.357010	
	0.410569	
	0.420960	
	0.365040	
	0.479766	
	0.526531	
	0.470310	
	0.408713	
	0.380436	
	0.323089	
	0.297271	
	0.372250	
	0.642776	
	0.790658	
	0.716566	
	0.651682	
	0.430315	
	0.515425	
	0.424410	
	0.380650	
	0.502492	
	0.487776	
	0.453001	
	0.321115	
	0.325839	
	0.282973	
	0.277777	
	0.243313	
	0.193154	
	0.149539	
	0.147731	
	0.244115	
	0.365319	
	0.641445	
	0.467731	
	0.351631	
	0.281030	
	0.245666	
	0.193644	
	0.188073	
	0.159969	
	0.236162	
	0.624470	
	0.541141	
	0.368755	
	0.294443	
	0.257443	
	0.262636	
	0.249007	
	0.236862	
	0.241849	
	0.287718	
	0.554145	
	0.669711	
	0.567790	
	0.562224	
	0.549568	
	0.522483	
	0.469233	
	0.373464	
	0.320929	
	0.295028	
	0.293956	
	0.253722	
	0.248616	
	0.308848	
	0.327364	
	0.315359	
	0.379895	
	0.364148	
	0.336430	
	0.285586	
	0.326912	
	0.440261	
	0.405614	
	0.406451	
	0.390090	
	0.385638	
	0.345111	
	0.282216	
	0.236957	
	0.214670	
	0.229193	
	0.269552	
	0.277379	
	0.236180	
	0.204124	
	0.160250	
	0.233788	
	0.285560	
	0.644240	
	0.881473	
	0.886620	
	0.922538	
	0.792039	
	0.576764	
	0.532602	
	0.497115	
	0.414589	
	0.389327	
	0.365448	
	0.311114	
	0.384239	
	0.346596	
	0.363494	
	0.282080	
	0.287434	
	0.283625	
	0.230299	
	0.233815	
	0.269398	
	0.230189	
	0.511775	
	0.752528	
	0.687815	
	0.664109	
	0.423318	
	0.403965	
	0.416801	
	0.415780	
	0.388938	
	0.387760	
	0.406368	
	0.389697	
	0.325035	
	0.340524	
	0.361781	
	0.359329	
	0.365932	
	0.348544	
	0.333238	
	0.387907	
	0.367743	
	0.451245	
	0.828969	
	0.938627	
	0.872875	
	0.627658	
	0.439666	
	0.396837	
	0.366623	
	0.314893	
	0.311917	
	0.301341	
	0.337160	
	0.340864	
	0.368011	
	0.377223	
	0.422419	
	0.386083	
	0.250559	
	0.189431	
	0.191160	
	0.200479	
	0.188629	
	0.191947	
	0.168625	
	0.174147	
	0.168184	
	0.259943	
	0.226608	
	0.196165	
	0.177678	
	0.130720	
	0.117529	
	0.112392	
	0.104965	
	0.093749	
	0.087216	
	0.097399	
	0.094747	
	0.112972	
	0.137198	
	0.141941	
	0.157569	
	0.158498	
	0.156179	
	0.167348	
	0.204256	
	0.327497	
	0.387743	
	0.388544	
	0.297818	
	0.266572	
	0.227980	
	0.179695	
	0.182214	
	0.192873	
	0.162709	
	0.142854	
	0.172930	
	0.226249	
	0.240381	
	0.224873	
	0.246024	
	0.246324	
	0.257530	
	0.289520	
	0.253878	
	0.280617	
	0.264500	
	0.259113	
	0.263004	
	0.272466	
	0.290792	
	0.329186	
	0.283141	
	0.347434	
	0.295486	
	0.294447	
	0.305432	
	0.260603	
	0.297507	
	0.264080	
	0.260314	
	0.245212	
	0.542559	
	0.718637	
	0.659295	
	0.456012	
	0.475402	
	0.355185	
	0.309921	
	0.305577	
	0.251631	
	0.227159	
	0.387343	
	0.492074	
	0.490289	
	0.369263	
	0.404651	
	0.334891	
	0.305251	
	0.266618	
	0.264885	
	0.342676	
	0.282487	
	0.335204	
	0.493353	
	0.487184	
	0.435419	
	0.473946	
	0.451775	
	0.443065	
	0.445741	
	0.402823	
	0.391922	
	0.426160	
	0.574652	
	0.458793	
	0.395223	
	0.481165	
	0.466766	
	0.431502	
	0.322463	
	0.358802	
	0.294164	
	0.357863	
	0.460654	
	0.530053	
	0.334805	
	0.339153	
	0.280218	
	0.285839	
	0.269165	
	0.266442	
	0.212233	
	0.195957	
	0.242691	
	0.428305	
	0.430851	
	0.367243	
	0.306902	
	0.244604	
	0.257380	
	0.256509	
	0.280065	
	0.302549	
	0.590529	
	0.419562	
	0.353589	
	0.334289	
	0.292859	
	0.276690	
	0.339093	
	0.335809	
	0.225761	
	0.330950	
	0.628118	
	0.547944	
	0.477185	
	0.351878	
	0.318282	
	0.292642	
	0.278603	
	0.274560	
	0.273660	
	0.285764	
	0.518208	
	0.730563	
	0.631386	
	0.595746	
	0.533720	
	0.437266	
	0.403718	
	0.383020	
	0.440723	
	0.457528	
	0.603125	
	0.565146	
	0.480248	
	0.409912	
	0.466904	
	0.398077	
	0.298334	
	0.362226	
	0.640547	
	0.639144	
	0.602963	
	0.445558	
	0.460271	
	0.464008	
	0.412254	
	0.505177	
	0.445696	
	0.398445	
	0.367261	
	0.432867	
	0.423847	
	0.358675	
	0.331181	
	0.285581	
	0.253479	
	0.228665	
	0.282868	
	0.368963	
	0.686602	
	0.699273	
	0.601255	
	0.406740	
	0.516596	
	0.368628	
	0.305822	
	0.315475	
	0.332090	
	0.303945	
	0.313236	
	0.543698	
	0.568787	
	0.515745	
	0.449323	
	0.447592	
	0.389765	
	0.370110	
	0.361393	
	0.404940	
	0.450144	
	0.482719	
	0.368851	
	0.264191	
	0.241471	
	0.201300	
	0.227794	
	0.247410	
	0.268637	
	0.308089	
	0.486960	
	0.567051	
	0.419874	
	0.327310	
	0.293812	
	0.293488	
	0.240779	
	0.276471	
	0.672574	
	0.816930	
	0.833419	
	0.745332	
	0.580760	
	0.475113	
	0.478484	
	0.372909	
	0.307439	
	0.272942	
	0.256905	
	0.246368	
	0.434658	
	0.537133	
	0.409221	
	0.335299	
	0.448370	
	0.518371	
	0.491674	
	0.360443	
	0.264535	
	0.257472	
	0.402026	
	0.474795	
	0.392776	
	0.339572	
	0.364239	
	0.307848	
	0.321325	
	0.239962	
	0.253221	
	0.312329	
	0.572046	
	0.448470	
	0.370371	
	0.416510	
	0.446751	
	0.519457	
	0.460076	
	0.390675	
	0.367559	
	0.367438	
	0.578939	
	0.651907	
	0.490909	
	0.400998	
	0.355595	
	0.378788	
	0.357893	
	0.322985	
	0.330351	
	0.357626	
	0.420841	
	0.368188	
	0.422992	
	0.395927	
	0.317411	
	0.371210	
	0.428276	
	0.364452	
	0.592635	
	0.668379	
	0.639154	
	0.476567	
	0.323395	
	0.339128	
	0.300777	
	0.267146	
	0.307442	
	0.324725	
	0.362916	
	0.571144	
	0.518893	
	0.420758	
	0.348245	
	0.240352	
	0.258110	
	0.193030	
	0.239237	
	0.252306	
	0.500104	
	0.759898	
	0.732035	
	0.445100	
	0.407348	
	0.385408	
	0.342913	
	0.391282	
	0.413393	
	0.414943	
	0.451689	
	0.469154	
	0.578076	
	0.468282	
	0.383332	
	0.356804	
	0.342214	
	0.371099	
	0.420371	
	0.550683	
	0.609414	
	0.567652	
	0.442127	
	0.395810	
	0.307364	
	0.327166	
	0.333963	
	0.331466	
	0.404580	
	0.454205	
	0.516566	
	0.523638	
	0.453861	
	0.524397	
	0.497490	
	0.385453	
	0.318868	
	0.348375	
	0.654725	
	0.781213	
	0.732631	
	0.628881	
	0.566983	
	0.403235	
	0.301376	
	0.299491	
	0.293462	
	0.255519	
	0.258729	
	0.242038	
	0.440184	
	0.361202	
	0.418745	
	0.352736	
	0.304879	
	0.310416	
	0.269313	
	0.271595	
	0.324753	
	0.450571	
	0.608214	
	0.370376	
	0.285023	
	0.239989	
	0.164983	
	0.175345	
	0.224621	
	0.293235	
	0.294094	
	0.429876	
	0.473493	
	0.432989	
	0.353046	
	0.272290	
	0.301552	
	0.262710	
	0.263413	
	0.312973	
	0.621869	
	0.792888	
	0.816632	
	0.517439	
	0.420194	
	0.391936	
	0.327977	
	0.264056	
	0.231414	
	0.258774	
	0.207276	
	0.280474	
	0.528486	
	0.475534	
	0.403471	
	0.406346	
	0.458050	
	0.463048	
	0.329747	
	0.356162	
	0.616100	
	0.544302	
	0.418895	
	0.513186	
	0.486268	
	0.395684	
	0.311334	
	0.323313	
	0.311190	
	0.283302	
	0.310987	
	0.476858	
	0.371962	
	0.415710	
	0.409798	
	0.380486	
	0.384101	
	0.391772	
	0.339531	
	0.332554	
	0.357266	
	0.550645	
	0.481063	
	0.378591	
	0.361007	
	0.226528	
	0.213187	
	0.222007	
	0.193337	
	0.171020	
	0.195718	
	0.404765	
	0.534715	
	0.377607	
	0.346731	
	0.250914	
	0.219039	
	0.227423	
	0.305720	
	0.290990	
	0.460870	
	0.581957	
	0.383251	
	0.310028	
	0.227597	
	0.168245	
	0.158082	
	0.168241	
	0.189518	
	0.213773	
	0.251286	
	0.505745	
	0.411933	
	0.288153	
	0.197454	
	0.179915	
	0.208465	
	0.577573	
	0.822138	
	0.895422	
	0.858212	
	0.854957	
	0.387519	
	0.307046	
	0.220405	
	0.204627	
	0.182852	
	0.158760	
	0.148329	
	0.132505	
	0.174807	
	0.381843	
	0.365076	
	0.269795	
	0.324930	
	0.349474	
	0.336085	
	0.499187	
	0.732178	
	0.768464	
	0.393519	
	0.471431	
	0.393663	
	0.357936	
	0.316024	
	0.246940	
	0.189679	
	0.188038	
	0.260353	
	0.428370	
	0.344130	
	0.400134	
	0.359501	
	0.376313	
	0.378743	
	0.340497	
	0.458840	
	0.702228	
	0.832327	
	0.847950	
	0.705924	
	0.489273	
	0.358436	
	0.396982	
	0.275837	
	0.250504	
	0.241139	
	0.220584	
	0.206130	
	0.381253	
	0.354210	
	0.388583	
	0.327843	
	0.277638	
	0.239185	
	0.228210	
	0.191336	
	0.226308	
	0.378046	
	0.606137	
	0.466518	
	0.425553	
	0.369631	
	0.301044	
	0.198186	
	0.190507	
	0.218887	
	0.298683	
	0.573083	
	0.637181	
	0.393776	
	0.295118	
	0.196178	
	0.187265	
	0.207972	
	0.222969	
	0.153460	
	0.270062	
	0.527872	
	0.581766	
	0.599016	
	0.501295	
	0.367025	
	0.293963	
	0.270203	
	0.278606	
	0.257235	
	0.360801	
	0.502644	
	0.630351	
	0.549428	
	0.578340	
	0.430044	
	0.428270	
	0.371690	
	0.356649	
	0.381558	
	0.464705	
	0.475906	
	0.309723	
	0.281141	
	0.208903	
	0.185691	
	0.171057	
	0.258949	
	0.174764	
	0.276225	
	0.744478	
	0.735374	
	0.446017	
	0.435624	
	0.386025	
	0.353590	
	0.341599	
	0.298044	
	0.310164	
	0.326993	
	0.450200	
	0.508321	
	0.422663	
	0.358280	
	0.355321	
	0.184682	
	0.186182	
	0.160111	
	0.137841	
	0.145392	
	0.158821	
	0.410272	
	0.515367	
	0.447002	
	0.372612	
	0.363576	
	0.389466	
	0.286543	
	0.321054	
	0.342793	
	0.305987	
	0.384327	
	0.342163	
	0.334629	
	0.210894	
	0.203646	
	0.174913	
	0.137031	
	0.140103	
	0.172421	
	0.387498	
	0.347010	
	0.411284	
	0.489039	
	0.491945	
	0.453380	
	0.492454	
	0.401261	
	0.419061	
	0.495975	
	0.537431	
	0.569030	
	0.532696	
	0.407432	
	0.310172	
	0.297958	
	0.238077	
	0.190724	
	0.147844	
	0.180588	
	0.268369	
	0.477323	
	0.400754	
	0.331215	
	0.314442	
	0.323153	
	0.353373	
	0.355540	
	0.319002	
	0.398571	
	0.508465	
	0.536696	
	0.455506	
	0.381094	
	0.345097	
	0.358635	
	0.386705	
	0.346455	
	0.279884	
	0.328161	
	0.406783	
	0.328905	
	0.381277	
	0.380265	
	0.322887	
	0.285719	
	0.327638	
	0.309565	
	0.242147	
	0.237853	
	0.383963	
	0.440927	
	0.340485	
	0.270873	
	0.242514	
	0.230331	
	0.199839	
	0.178776	
	0.243764	
	0.494999	
	0.642146	
	0.527652	
	0.342545	
	0.275813	
	0.239885	
	0.204656	
	0.224045	
	0.203659	
	0.178558	
	0.373305	
	0.526682	
	0.435917	
	0.294920	
	0.274572	
	0.284421	
	0.282889	
	0.351127	
	0.327592	
	0.350276	
	0.475019	
	0.459669	
	0.387438	
	0.306325	
	0.260741	
	0.258046	
	0.233066	
	0.234754	
	0.223309	
	0.242028	
	0.429948	
	0.550726	
	0.427623	
	0.360627	
	0.297019	
	0.233675	
	0.201227	
	0.186094	
	0.133314	
	0.096621	
	0.358764	
	0.466704	
	0.412966	
	0.343311	
	0.248690	
	0.198153	
	0.286143	
	0.395612	
	0.418425	
	0.400393	
	0.427832	
	0.486066	
	0.376252	
	0.332846	
	0.241692	
	0.243245	
	0.243712	
	0.234027	
	0.269574	
	0.344456	
	0.447123	
	0.463024	
	0.449313	
	0.361019	
	0.294167	
	0.235826	
	0.183428	
	0.186095	
	0.165458	
	0.364637	
	0.485533	
	0.466307	
	0.383161	
	0.363046	
	0.311026	
	0.315293	
	0.350862	
	0.284001	
	0.370249	
	0.382752	
	0.331627	
	0.323654	
	0.259413	
	0.255982	
	0.211715	
	0.266392	
	0.357842	
	0.366724	
	0.373223	
	0.421882	
	0.413454	
	0.282529	
	0.288473	
	0.276321	
	0.283354	
	0.310980	
	0.300844	
	0.326117	
	0.490575	
	0.386903	
	0.278050	
	0.204188	
	0.188919	
	0.180325	
	0.159395	
	0.140525	
	0.174403	
	0.126920	
	0.599743	
	0.704913	
	0.581153	
	0.443511	
	0.319201	
	0.236802	
	0.207259	
	0.182057	
	0.204095	
	0.204229	
	0.292419	
	0.620905	
	0.510296	
	0.357190	
	0.325454	
	0.295444	
	0.271142	
	0.235098	
	0.257353	
	0.399365	
	0.526964	
	0.599928	
	0.458872	
	0.362771	
	0.323792	
	0.329861	
	0.290989	
	0.300038	
	0.321377	
	0.394716	
	0.423149	
	0.434681	
	0.440446	
	0.376608	
	0.350889	
	0.313107	
	0.303186	
	0.317598	
	0.329749	
	0.315748	
	0.632744	
	0.501372	
	0.416924	
	0.345049	
	0.315627	
	0.287192	
	0.256235	
	0.222442	
	0.224868	
	0.291862	
	0.561047	
	0.546807	
	0.519160	
	0.457887	
	0.453855	
	0.419819	
	0.356335	
	0.391905	
	0.526292	
	0.600457	
	0.630634	
	0.461512	
	0.418760	
	0.402293	
	0.379099	
	0.330836	
	0.364068	
	0.422207	
	0.415850	
	0.499977	
	0.508905	
	0.463448	
	0.393216	
	0.309324	
	0.325233	
	0.287952	
	0.286921	
	0.254554	
	0.231292	
	0.295478	
	0.546137	
	0.490032	
	0.415387	
	0.308215	
	0.313257	
	0.299227	
	0.260076	
	0.222346	
	0.231979	
	0.386623	
	0.484266	
	0.518671	
	0.452593	
	0.391058	
	0.305198	
	0.265396	
	0.465941	
	0.467038	
	0.517192	
	0.584320	
	0.504958	
	0.442301	
	0.371752	
	0.334333	
	0.304017	
	0.285282	
	0.296986	
	0.241579	
	0.248566	
	0.350220	
	0.480798	
	0.396812	
	0.337857	
	0.286500	
	0.206505	
	0.171248	
	0.146639	
	0.219346	
	0.439309	
	0.666599	
	0.562964	
	0.412238	
	0.326988	
	0.328538	
	0.322259	
	0.336798	
	0.341457	
	0.320157	
	0.291709	
	0.280325	
	0.258558	
	0.301378	
	0.283813	
	0.247103	
	0.162583	
	0.198799	
	0.246303	
	0.318367	
	0.353290	
	0.410123	
	0.460685	
	0.359419	
	0.336041	
	0.272695	
	0.251459	
	0.190266	
	0.169607	
	0.147740	
	0.500366	
	0.668264	
	0.544750	
	0.453821	
	0.406392	
	0.355118	
	0.302681	
	0.283271	
	0.228004	
	0.301082	
	0.642706	
	0.474379	
	0.350416	
	0.297196	
	0.213340	
	0.204450	
	0.147934	
	0.148286	
	0.131358	
	0.122873	
	0.134587	
	0.155351	
	0.151473	
	0.213486	
	0.201130	
	0.239590	
	0.346713	
	0.347736	
	0.278406	
	0.287223	
	0.328408	
	0.404347	
	0.349519	
	0.315958	
	0.296608	
	0.227307	
	0.186346	
	0.160409	
	0.162991	
	0.192424	
	0.354394	
	0.325963	
	0.341301	
	0.301263	
	0.240929	
	0.218074	
	0.185664	
	0.172721	
	0.224043	
	0.203733	
	0.329160	
	0.409188	
	0.287264	
	0.256377	
	0.201858	
	0.164133	
	0.155841	
	0.099416	
	0.089720	
	0.163542	
	0.428820	
	0.394600	
	0.381489	
	0.302762	
	0.269047	
	0.223994	
	0.201281	
	0.196077	
	0.142044	
	0.169486	
	0.439374	
	0.341237	
	0.284007	
	0.246372	
	0.194675	
	0.178775	
	0.141567	
	0.144311	
	0.144667	
	0.300489	
	0.323089	
	0.336160	
	0.239846	
	0.189194	
	0.137878	
	0.139114	
	0.117132	
	0.105378	
	0.126792	
	0.304780	
	0.574898	
	0.471674	
	0.416826	
	0.377152	
	0.319144	
	0.251615	
	0.255737	
	0.204523	
	0.215975	
	0.191824	
	0.187834	
	0.202305	
	0.212736	
	0.259899	
	0.227642	
	0.206191	
	0.207651	
	0.152334	
	0.157849	
	0.229719	
	0.208898	
	0.233182	
	0.286362	
	0.268033	
	0.266402	
	0.261846	
	0.226682	
	0.238125	
	0.371869	
	0.199379	
	0.238596	
	0.273306	
	0.219969	
	0.318829	
	0.206180	
	0.442146	
	0.317112	
	0.293303	
	0.296201	
	0.287898	
	0.335192	
	0.384683	
	0.355185	
	0.330659	
	0.337731	
	0.299128	
	0.291954	
	0.389675	
	0.391968	
	0.345835	
	0.333790	
	0.278757	
	0.263229	
	0.260095	
	0.233712	
	0.208256	
	0.266180	
	0.359614	
	0.317069	
	0.259374	
	0.203144	
	0.307731	
	0.388437	
	0.445537	
	0.391720	
	0.377098	
	0.318145	
	0.267281	
	0.229460	
	0.188219	
	0.170255	
	0.157723	
	0.152826	
	0.144262	
	0.161944	
	0.158476	
	0.166981	
	0.165301	
	0.190635	
	0.225771	
	0.202808	
	0.176581	
	0.167262	
	0.170671	
	0.181338	
	0.160818	
	0.189187	
	0.166930	
	0.149914	
	0.219998	
	0.179521	
	0.116876	
	0.182245	
	0.197712	
	0.223730	
	0.242714	
	0.246276	
	NaN	
	0.203911	
	0.153167	
	0.166225	
	0.214168	
	NaN	
	NaN	
	0.285896	
	NaN	
	NaN	
	NaN	
	NaN	
	NaN	
	NaN	
	NaN	
	NaN	
	NaN	
	NaN	
	NaN	
	NaN	
	NaN	
	NaN	
	NaN	
	NaN	
	NaN	
	NaN	
	NaN	
	NaN	
	NaN	
	NaN	
	NaN	
	NaN	
	NaN	
	NaN	
	NaN	
	NaN	
	NaN	
	NaN	
	NaN	
	NaN	
	NaN	
	NaN	
	NaN	
	NaN	
	NaN	
	NaN	
	NaN	
	NaN	
	NaN	
	NaN	
	NaN	
	NaN	
	NaN	
	NaN	
	NaN	
	NaN	
	NaN	
	NaN	
	NaN	
	NaN	
	NaN	
	NaN	
	NaN	
	NaN	
	NaN	
	NaN	
	NaN	
	NaN	
	NaN	
	NaN	
	NaN	
	NaN	
	NaN	
	NaN	
	NaN	
	NaN	
	NaN	
	NaN	
	NaN	
	NaN	
	NaN	
	NaN	
	NaN	
	NaN	
	NaN	
	NaN	
	NaN	
	NaN	
	NaN	
	NaN	
	NaN	
	NaN	
	NaN	
	NaN	
	NaN	
	NaN	
	NaN	
	NaN	
	NaN	
	NaN	
	NaN	
	NaN	
	NaN	
	NaN	
	NaN	
	NaN	
	NaN	
	NaN	
	NaN	
	NaN	
	NaN	
	NaN	
	NaN	
	NaN	
	NaN	
	NaN	
	NaN	
	NaN	
	NaN	
