_Brightness		
	NaN	
	NaN	
	NaN	
	NaN	
	NaN	
	NaN	
	NaN	
	NaN	
	NaN	
	NaN	
	NaN	
	NaN	
	NaN	
	NaN	
	NaN	
	NaN	
	NaN	
	NaN	
	NaN	
	NaN	
	NaN	
	0.746794	
	0.791834	
	0.796049	
	0.666059	
	0.579024	
	0.613404	
	0.629869	
	0.602640	
	0.625562	
	0.605880	
	0.529653	
	0.548832	
	0.563532	
	0.586566	
	0.608194	
	0.631724	
	0.764121	
	0.650987	
	0.584032	
	0.631552	
	0.636859	
	0.651900	
	0.655892	
	0.705111	
	0.700604	
	0.681390	
	0.666283	
	0.649742	
	0.628371	
	0.659880	
	0.667482	
	0.728100	
	0.666369	
	0.649546	
	0.608891	
	0.599501	
	0.590393	
	0.635551	
	0.728106	
	0.711242	
	0.666349	
	0.656498	
	0.698505	
	0.722299	
	0.712326	
	0.735277	
	0.666369	
	0.673253	
	0.636224	
	0.637752	
	0.639603	
	0.624339	
	0.615046	
	0.623626	
	0.634536	
	0.624213	
	0.647852	
	0.684613	
	0.616234	
	0.532318	
	0.557741	
	0.602756	
	0.641276	
	0.631031	
	0.608773	
	0.599559	
	0.645679	
	0.624318	
	0.549811	
	0.567751	
	0.553867	
	0.578848	
	0.602558	
	0.661073	
	0.634532	
	0.620446	
	0.621649	
	0.647235	
	0.646583	
	0.630071	
	0.634832	
	0.642817	
	0.633478	
	0.653611	
	0.645637	
	0.644816	
	0.714414	
	0.692667	
	0.743640	
	0.726638	
	0.672210	
	0.758063	
	0.756941	
	0.696286	
	0.707418	
	0.725171	
	0.770088	
	0.710435	
	0.758783	
	0.708076	
	0.701422	
	0.666023	
	0.684151	
	0.623710	
	0.671839	
	0.668771	
	0.576299	
	0.556659	
	0.557216	
	0.567717	
	0.596036	
	0.632373	
	0.581932	
	0.645284	
	0.620961	
	0.615873	
	0.598332	
	0.498301	
	0.522291	
	0.568177	
	0.614398	
	0.547319	
	0.605121	
	0.617213	
	0.555496	
	0.589974	
	0.677240	
	0.637114	
	0.557636	
	0.542653	
	0.509501	
	0.541046	
	0.584218	
	0.617509	
	0.633245	
	0.642862	
	0.602188	
	0.587016	
	0.576685	
	0.518252	
	0.621076	
	0.583375	
	0.532089	
	0.558649	
	0.577503	
	0.560282	
	0.483747	
	0.599610	
	0.558563	
	0.577667	
	0.545575	
	0.580100	
	0.560904	
	0.487678	
	0.505665	
	0.544406	
	0.596753	
	0.582006	
	0.573008	
	0.573034	
	0.490056	
	0.490491	
	0.557814	
	0.544985	
	0.514882	
	0.544944	
	0.574346	
	0.507214	
	0.580532	
	0.546235	
	0.592596	
	0.560521	
	0.508230	
	0.507532	
	0.468374	
	0.421198	
	0.401927	
	0.456233	
	0.513218	
	0.540265	
	0.486388	
	0.496879	
	0.533738	
	0.512966	
	0.510396	
	0.512914	
	0.528521	
	0.518069	
	0.518654	
	0.544345	
	0.605459	
	0.619420	
	0.586508	
	0.552667	
	0.558356	
	0.567905	
	0.558179	
	0.558102	
	0.578433	
	0.584770	
	0.579137	
	0.593129	
	0.584846	
	0.570583	
	0.578452	
	0.589337	
	0.559722	
	0.546187	
	0.559421	
	0.555028	
	0.578931	
	0.566976	
	0.625228	
	0.581479	
	0.555025	
	0.622391	
	0.555031	
	0.583829	
	0.573740	
	0.532102	
	0.574482	
	0.606229	
	0.548621	
	0.580965	
	0.585182	
	0.680141	
	0.720220	
	0.682950	
	0.670078	
	0.692997	
	0.752448	
	0.671570	
	0.656446	
	0.648434	
	0.681571	
	0.711363	
	0.581918	
	0.685151	
	0.627781	
	0.576485	
	0.615386	
	0.634269	
	0.626600	
	0.597123	
	0.539180	
	0.571768	
	0.547320	
	0.518962	
	0.511926	
	0.460475	
	0.523073	
	0.493580	
	0.524478	
	0.551657	
	0.543964	
	0.518987	
	0.503460	
	0.514564	
	0.573540	
	0.740164	
	0.673956	
	0.671205	
	0.599538	
	0.660174	
	0.736435	
	0.589597	
	0.572968	
	0.575561	
	0.611475	
	0.648665	
	0.659244	
	0.626608	
	0.608262	
	0.547954	
	0.551012	
	0.505611	
	0.510357	
	0.508158	
	0.518866	
	0.538303	
	0.483155	
	0.519193	
	0.519704	
	0.525926	
	0.479030	
	0.467103	
	0.546487	
	0.621796	
	0.637386	
	0.611612	
	0.554533	
	0.528017	
	0.441144	
	0.532842	
	0.581655	
	0.510064	
	0.618923	
	0.613693	
	0.567924	
	0.605520	
	0.587857	
	0.590122	
	0.595125	
	0.579712	
	0.588228	
	0.609131	
	0.613555	
	0.610430	
	0.579368	
	0.602114	
	0.594092	
	0.627202	
	0.609794	
	0.461323	
	0.442974	
	0.514046	
	0.492273	
	0.540893	
	0.761036	
	0.862897	
	0.902860	
	0.916519	
	0.913783	
	0.905203	
	0.798023	
	0.700523	
	0.675090	
	0.659541	
	0.617331	
	0.699048	
	0.743557	
	0.745999	
	0.726611	
	0.731990	
	0.752063	
	0.729631	
	0.660471	
	0.629071	
	0.591651	
	0.532960	
	0.566575	
	0.438285	
	0.371597	
	0.422708	
	0.513932	
	0.459616	
	0.403664	
	0.366664	
	0.419211	
	0.563194	
	0.527889	
	0.509532	
	0.532837	
	0.551652	
	0.576831	
	0.591814	
	0.554778	
	0.468625	
	0.427529	
	0.464836	
	0.525287	
	0.538425	
	0.583829	
	0.660596	
	0.618077	
	0.569944	
	0.578849	
	0.569387	
	0.574574	
	0.569967	
	0.573003	
	0.561209	
	0.510105	
	0.524892	
	0.530517	
	0.595669	
	0.600487	
	0.596480	
	0.592265	
	0.549887	
	0.609515	
	0.597336	
	0.556909	
	0.585466	
	0.571055	
	0.606420	
	0.541501	
	0.532411	
	0.573890	
	0.581937	
	0.594595	
	0.573031	
	0.545495	
	0.550716	
	0.536480	
	0.590208	
	0.613900	
	0.603623	
	0.624417	
	0.621109	
	0.610784	
	0.552615	
	0.520912	
	0.595046	
	0.629395	
	0.628782	
	0.622194	
	0.604475	
	0.545608	
	0.500745	
	0.487203	
	0.661179	
	0.674125	
	0.652171	
	0.664346	
	0.620034	
	0.603165	
	0.583572	
	0.576388	
	0.637483	
	0.611699	
	0.549309	
	0.521347	
	0.537663	
	0.518880	
	0.531952	
	0.506982	
	0.506678	
	0.521131	
	0.488954	
	0.520981	
	0.621000	
	0.586552	
	0.545643	
	0.568350	
	0.590715	
	0.537003	
	0.555219	
	0.622524	
	0.727042	
	0.922401	
	0.817283	
	0.773478	
	0.743994	
	0.726196	
	0.725868	
	0.725312	
	0.691113	
	0.705602	
	0.734536	
	0.714520	
	0.694594	
	0.766499	
	0.820173	
	0.844773	
	0.840397	
	0.824037	
	0.794288	
	0.801513	
	0.825059	
	0.830301	
	0.756844	
	0.776537	
	0.805125	
	0.782346	
	0.706776	
	0.612763	
	0.473016	
	0.668408	
	0.686978	
	0.563754	
	0.501727	
	0.603176	
	0.551905	
	0.527230	
	0.483693	
	0.437328	
	0.405256	
	0.388386	
	0.405069	
	0.490756	
	0.505359	
	0.516170	
	0.444003	
	0.408324	
	0.535903	
	0.635262	
	0.771865	
	0.718087	
	0.524385	
	0.492888	
	0.491145	
	0.437544	
	0.427113	
	0.497223	
	0.503085	
	0.431779	
	0.447285	
	0.451135	
	0.501999	
	0.545473	
	0.564984	
	0.567578	
	0.577450	
	0.488949	
	0.445790	
	0.452234	
	0.380992	
	0.388572	
	0.363416	
	0.406249	
	0.371809	
	0.406434	
	0.395685	
	0.360187	
	0.581470	
	0.659546	
	0.652205	
	0.599701	
	0.551046	
	0.470282	
	0.486691	
	0.542607	
	0.590179	
	0.588941	
	0.582280	
	0.602391	
	0.615843	
	0.622365	
	0.501549	
	0.573633	
	0.506222	
	0.452234	
	0.434137	
	0.472170	
	0.532364	
	0.498135	
	0.424752	
	0.446925	
	0.524843	
	0.484744	
	0.347011	
	0.329206	
	0.350268	
	0.378423	
	0.656991	
	0.638051	
	0.576395	
	0.538443	
	0.479711	
	0.342695	
	0.366505	
	0.479165	
	0.564795	
	0.513167	
	0.549741	
	0.500181	
	0.441483	
	0.468842	
	0.601605	
	0.494101	
	0.620004	
	0.538562	
	0.453532	
	0.363316	
	0.379961	
	0.328659	
	0.365795	
	0.351681	
	0.392807	
	0.385254	
	0.321483	
	0.370991	
	0.451457	
	0.697057	
	0.744835	
	0.694349	
	0.622804	
	0.511725	
	0.470224	
	0.458962	
	0.468239	
	0.445468	
	0.477066	
	0.438488	
	0.485798	
	0.446846	
	0.375384	
	0.584532	
	0.579880	
	0.533370	
	0.524744	
	0.510452	
	0.472359	
	0.433160	
	0.357960	
	0.341776	
	0.362731	
	0.377220	
	0.427968	
	0.356212	
	0.262540	
	0.319569	
	0.607410	
	0.698246	
	0.642486	
	0.541466	
	0.485012	
	0.479530	
	0.452227	
	0.472374	
	0.558355	
	0.496761	
	0.530236	
	0.484874	
	0.442097	
	0.463730	
	0.538700	
	0.541401	
	0.550374	
	0.502286	
	0.410641	
	0.293596	
	0.402841	
	0.450411	
	0.414133	
	0.389018	
	0.380955	
	0.444612	
	0.328415	
	0.346556	
	0.542471	
	0.699980	
	0.677059	
	0.670979	
	0.570637	
	0.514916	
	0.510879	
	0.504471	
	0.422903	
	0.353227	
	0.403058	
	0.453498	
	0.466415	
	0.473182	
	0.381996	
	0.594047	
	0.481675	
	0.404958	
	0.372754	
	0.339161	
	0.305020	
	0.319607	
	0.340347	
	0.326073	
	0.325397	
	0.304482	
	0.355766	
	0.433911	
	0.367637	
	0.296197	
	0.588293	
	0.729092	
	0.672016	
	0.638749	
	0.587618	
	0.450825	
	0.457275	
	0.425928	
	0.381751	
	0.426328	
	0.461837	
	0.457273	
	0.369335	
	0.383543	
	0.583363	
	0.476569	
	0.628264	
	0.549912	
	0.492066	
	0.429125	
	0.421810	
	0.446697	
	0.428171	
	0.426789	
	0.452368	
	0.471816	
	0.401816	
	0.376477	
	0.404060	
	0.600091	
	0.706479	
	0.700098	
	0.593547	
	0.533280	
	0.531175	
	0.529197	
	0.483697	
	0.516097	
	0.522483	
	0.526154	
	0.503161	
	0.588165	
	0.487065	
	0.577967	
	0.580606	
	0.588808	
	0.616883	
	0.634550	
	0.642618	
	0.647340	
	0.681682	
	0.616633	
	0.579664	
	0.598316	
	0.583912	
	0.586939	
	0.556410	
	0.516600	
	0.549228	
	0.603948	
	0.614000	
	0.629587	
	0.645627	
	0.651307	
	0.590993	
	0.592885	
	0.653612	
	0.601916	
	0.545617	
	0.524402	
	0.532439	
	0.586202	
	0.605817	
	0.657640	
	0.570863	
	0.567971	
	0.700576	
	0.655551	
	0.649596	
	0.623961	
	0.649172	
	0.591044	
	0.564698	
	0.572633	
	0.580704	
	0.598551	
	0.541995	
	0.591065	
	0.592525	
	0.574041	
	0.583219	
	0.559702	
	0.548455	
	0.535768	
	0.543227	
	0.557294	
	0.538069	
	0.570296	
	0.601299	
	0.594917	
	0.627848	
	0.732681	
	0.541897	
	0.618839	
	0.697056	
	0.665393	
	0.647673	
	0.680985	
	0.635239	
	0.622065	
	0.688361	
	0.681031	
	0.713883	
	0.674078	
	0.673801	
	0.672611	
	0.681998	
	0.805408	
	0.753379	
	0.698941	
	0.701370	
	0.704777	
	0.770799	
	0.770857	
	0.750387	
	0.779794	
	0.761593	
	0.746474	
	0.743183	
	0.730946	
	0.767504	
	0.700489	
	0.721520	
	0.730602	
	0.703194	
	0.708785	
	0.746596	
	0.693965	
	0.768788	
	0.796823	
	0.830990	
	0.778855	
	0.685608	
	0.726187	
	0.757786	
	0.737770	
	0.731676	
	0.736869	
	0.553273	
	0.586966	
	0.685447	
	0.679218	
	0.614591	
	0.650004	
	0.653263	
	0.632602	
	0.630013	
	0.658104	
	0.619127	
	0.615355	
	0.624594	
	0.565951	
	0.595306	
	0.578220	
	0.476575	
	0.528819	
	0.602946	
	0.491730	
	0.523385	
	0.640015	
	0.602497	
	0.662053	
	0.609030	
	0.574469	
	0.547891	
	0.561335	
	0.628276	
	0.733366	
	0.727866	
	0.716207	
	0.685173	
	0.639944	
	0.703047	
	0.745734	
	0.715952	
	0.696434	
	0.706433	
	0.655873	
	0.633178	
	0.537574	
	0.608336	
	0.602901	
	0.561975	
	0.533734	
	0.622769	
	0.494963	
	0.497578	
	0.427357	
	0.425054	
	0.497356	
	0.536916	
	0.451030	
	0.409508	
	0.427037	
	0.541047	
	0.658848	
	0.706431	
	0.727744	
	0.664383	
	0.629320	
	0.597890	
	0.568009	
	0.567703	
	0.612279	
	0.619553	
	0.602473	
	0.619622	
	0.618986	
	0.623969	
	0.681351	
	0.524254	
	0.665891	
	0.647311	
	0.485638	
	0.502281	
	0.488927	
	0.659995	
	0.664834	
	0.607043	
	0.570090	
	0.612459	
	0.567323	
	0.585178	
	0.588808	
	0.648524	
	0.651193	
	0.716448	
	0.629440	
	0.638622	
	0.590934	
	0.589323	
	0.652136	
	0.632178	
	0.654159	
	0.617280	
	0.595995	
	0.488379	
	0.447810	
	0.617021	
	0.572010	
	0.538881	
	0.632030	
	0.584807	
	0.525290	
	0.402513	
	0.404006	
	0.417247	
	0.417820	
	0.470878	
	0.417982	
	0.406901	
	0.407702	
	0.502356	
	0.675146	
	0.698743	
	0.756720	
	0.705160	
	0.670192	
	0.640560	
	0.560541	
	0.518710	
	0.591494	
	0.556545	
	0.601520	
	0.510031	
	0.587499	
	0.651007	
	0.632157	
	0.650543	
	0.456315	
	0.467655	
	0.450511	
	0.312035	
	0.286173	
	0.269573	
	0.254437	
	0.256102	
	0.280138	
	0.299461	
	0.305014	
	0.281848	
	0.290585	
	0.314132	
	0.447073	
	0.567929	
	0.509009	
	0.431063	
	0.419489	
	0.856970	
	0.920289	
	0.883564	
	0.649500	
	0.632039	
	0.577010	
	0.566810	
	0.610584	
	0.740914	
	0.641635	
	0.482016	
	0.598941	
	0.586453	
	0.375312	
	0.350454	
	0.320900	
	0.311741	
	0.289116	
	0.298103	
	0.291570	
	0.312040	
	0.289371	
	0.279372	
	0.256155	
	0.278164	
	0.484586	
	0.582827	
	0.469224	
	0.377201	
	0.340754	
	0.397686	
	0.293467	
	0.345316	
	0.285039	
	0.398580	
	0.345698	
	0.326019	
	0.387871	
	0.760836	
	0.845223	
	0.661813	
	0.643229	
	0.528568	
	0.334538	
	0.280167	
	0.243711	
	0.266946	
	0.323472	
	0.352961	
	0.333711	
	0.321271	
	0.315585	
	0.310564	
	0.340807	
	0.464319	
	0.544116	
	0.595376	
	0.560102	
	0.528458	
	0.576858	
	0.548447	
	0.670200	
	0.622985	
	0.569499	
	0.549552	
	0.555177	
	0.531920	
	0.526230	
	0.608764	
	0.608731	
	0.470667	
	0.482395	
	0.463975	
	0.416672	
	0.326562	
	0.329861	
	0.326745	
	0.390248	
	0.387935	
	0.317465	
	0.287811	
	0.357423	
	0.613117	
	0.684365	
	0.672013	
	0.691661	
	0.618617	
	0.669870	
	0.721707	
	0.768466	
	0.756541	
	0.755769	
	0.731959	
	0.585122	
	0.577164	
	0.585647	
	0.627139	
	0.634891	
	0.732754	
	0.551651	
	0.554074	
	0.521105	
	0.523935	
	0.424919	
	0.423048	
	0.448937	
	0.444064	
	0.469918	
	0.514785	
	0.522174	
	0.552066	
	0.495613	
	0.442755	
	0.597602	
	0.733548	
	0.698912	
	0.575978	
	0.463424	
	0.446672	
	0.501715	
	0.564880	
	0.543546	
	0.490237	
	0.592814	
	0.516076	
	0.510032	
	0.487445	
	0.345164	
	0.510676	
	0.551959	
	0.616364	
	0.615991	
	0.566415	
	0.585543	
	0.606374	
	0.621475	
	0.556174	
	0.482418	
	0.506438	
	0.579307	
	0.637056	
	0.634278	
	0.619891	
	0.620708	
	0.673259	
	0.632745	
	0.626669	
	0.577620	
	0.478400	
	0.500022	
	0.500487	
	0.434183	
	0.469944	
	0.435500	
	0.514961	
	0.717922	
	0.896731	
	0.808707	
	0.675805	
	0.651566	
	0.618575	
	0.355429	
	0.340499	
	0.347889	
	0.362115	
	0.359465	
	0.340909	
	0.370348	
	0.376392	
	0.349244	
	0.374359	
	0.421444	
	0.533263	
	0.579193	
	0.504730	
	0.444423	
	0.444729	
	0.477169	
	0.472269	
	0.531917	
	0.473467	
	0.416146	
	0.413534	
	0.487938	
	0.444190	
	0.451011	
	0.543477	
	0.480120	
	0.546048	
	0.514006	
	0.400687	
	0.417974	
	0.361679	
	0.355470	
	0.370298	
	0.364558	
	0.381164	
	0.395586	
	0.389014	
	0.395064	
	0.490635	
	0.592356	
	0.656054	
	0.659909	
	0.680476	
	0.727371	
	0.723174	
	0.741227	
	0.687316	
	0.546596	
	0.471261	
	0.860165	
	0.951980	
	0.961477	
	0.952447	
	0.858914	
	0.644085	
	0.615878	
	0.536296	
	0.523072	
	0.763328	
	0.880813	
	0.844354	
	0.723500	
	0.627839	
	0.543793	
	0.520215	
	0.493688	
	0.516374	
	0.519368	
	0.653431	
	0.696267	
	0.637401	
	0.641811	
	0.664341	
	0.626737	
	0.604268	
	0.641420	
	0.717774	
	0.731959	
	0.758109	
	0.736844	
	0.670805	
	0.725995	
	0.727846	
	0.543000	
	0.540775	
	0.622346	
	0.587306	
	0.521161	
	0.471460	
	0.454642	
	0.437747	
	0.393750	
	0.350906	
	0.377337	
	0.397830	
	0.356460	
	0.440301	
	0.687206	
	0.848043	
	0.798967	
	0.722453	
	0.664535	
	0.666844	
	0.681207	
	0.736858	
	0.687706	
	0.688375	
	0.570923	
	0.639093	
	0.623695	
	0.639443	
	0.539221	
	0.507383	
	0.472574	
	0.570401	
	0.445588	
	0.454849	
	0.405424	
	0.412839	
	0.376202	
	0.395780	
	0.380224	
	0.390634	
	0.432691	
	0.459578	
	0.479216	
	0.386051	
	0.605749	
	0.736894	
	0.675203	
	0.611749	
	0.519271	
	0.509329	
	0.503057	
	0.519451	
	0.441991	
	0.509375	
	0.526140	
	0.522210	
	0.516338	
	0.496552	
	0.575108	
	0.494982	
	0.551971	
	0.576355	
	0.526492	
	0.524166	
	0.435996	
	0.387439	
	0.428485	
	0.394173	
	0.325012	
	0.387193	
	0.399188	
	0.802265	
	0.909169	
	0.922042	
	0.823658	
	0.702675	
	0.612455	
	0.528107	
	0.509893	
	0.529435	
	0.590272	
	0.598836	
	0.702229	
	0.713110	
	0.698979	
	0.664680	
	0.652103	
	0.702250	
	0.678425	
	0.543272	
	0.441239	
	0.411724	
	0.373784	
	0.392784	
	0.420960	
	0.435291	
	0.567957	
	0.584766	
	0.458677	
	0.455810	
	0.457704	
	0.445123	
	0.558740	
	0.715607	
	0.640224	
	0.644640	
	0.594664	
	0.544922	
	0.552075	
	0.539001	
	0.547325	
	0.662780	
	0.671001	
	0.562374	
	0.531202	
	0.490000	
	0.480814	
	0.511981	
	0.501147	
	0.565606	
	0.506567	
	0.435488	
	0.415679	
	0.401127	
	0.400541	
	0.444177	
	0.459919	
	0.502313	
	0.463156	
	0.473893	
	0.435105	
	0.419562	
	0.573626	
	0.655859	
	0.720135	
	0.628259	
	0.537925	
	0.524315	
	0.482507	
	0.483514	
	0.507520	
	0.523845	
	0.516736	
	0.513646	
	0.487148	
	0.468609	
	0.492655	
	0.538569	
	0.507108	
	0.473643	
	0.500509	
	0.453942	
	0.421798	
	0.423272	
	0.439418	
	0.526635	
	0.512501	
	0.447814	
	0.402147	
	0.395274	
	0.363346	
	0.401629	
	0.583114	
	0.666230	
	0.630768	
	0.513603	
	0.487763	
	0.456881	
	0.410096	
	0.513169	
	0.552481	
	0.401785	
	0.447610	
	0.402462	
	0.383025	
	0.393417	
	0.414325	
	0.477140	
	0.600353	
	0.551166	
	0.431370	
	0.418676	
	0.364399	
	0.314751	
	0.350455	
	0.362304	
	0.352460	
	0.375620	
	0.338252	
	0.347238	
	0.373847	
	0.587403	
	0.621940	
	0.706618	
	0.735944	
	0.779018	
	0.759726	
	0.739103	
	0.706831	
	0.691036	
	0.647183	
	0.566735	
	0.419587	
	0.435375	
	0.477523	
	0.458477	
	0.566568	
	0.482078	
	0.471670	
	0.555637	
	0.502530	
	0.482029	
	0.467398	
	0.472950	
	0.498449	
	0.533713	
	0.513797	
	0.505366	
	0.498266	
	0.487978	
	0.534374	
	0.686348	
	0.692261	
	0.594020	
	0.461610	
	0.341318	
	0.608450	
	0.811841	
	0.776273	
	0.492591	
	0.512499	
	0.488812	
	0.484870	
	0.438369	
	0.383957	
	0.499357	
	0.462405	
	0.489215	
	0.484556	
	0.397276	
	0.388805	
	0.324431	
	0.322477	
	0.292979	
	0.298326	
	0.326593	
	0.281553	
	0.277622	
	0.311613	
	0.325354	
	0.471550	
	0.627435	
	0.668867	
	0.635523	
	0.556393	
	0.448378	
	0.432739	
	0.376407	
	0.315851	
	0.293348	
	0.286044	
	0.277390	
	0.253919	
	0.264970	
	0.403988	
	0.429490	
	0.421602	
	0.421578	
	0.302271	
	0.322092	
	0.303957	
	0.315876	
	0.324009	
	0.333766	
	0.329420	
	0.355526	
	0.323610	
	0.307327	
	0.296532	
	0.448179	
	0.519132	
	0.497658	
	0.440683	
	0.403493	
	0.433502	
	0.400464	
	0.338933	
	0.352081	
	0.294140	
	0.326818	
	0.338120	
	0.335008	
	0.296918	
	0.376732	
	0.416940	
	0.389587	
	0.481349	
	0.429288	
	0.389855	
	0.308114	
	0.285735	
	0.250173	
	0.230714	
	0.261979	
	0.262088	
	0.321353	
	0.328948	
	0.317398	
	0.297033	
	0.503463	
	0.531943	
	0.477264	
	0.418228	
	0.387085	
	0.371409	
	0.415733	
	0.452298	
	0.496622	
	0.545797	
	0.523430	
	0.426467	
	0.388746	
	0.395465	
	0.537240	
	0.472583	
	0.451904	
	0.416265	
	0.390616	
	0.338819	
	0.325106	
	0.338407	
	0.323391	
	0.340631	
	0.365160	
	0.406373	
	0.461679	
	0.443430	
	0.368234	
	0.436362	
	0.535954	
	0.533756	
	0.488534	
	0.454694	
	0.444599	
	0.517422	
	0.473926	
	0.369101	
	0.332224	
	0.379660	
	0.412071	
	0.443510	
	0.431757	
	0.442134	
	0.470948	
	0.498031	
	0.535408	
	0.546565	
	0.486981	
	0.508060	
	0.552281	
	0.541768	
	0.569573	
	0.571694	
	0.564070	
	0.544376	
	0.558777	
	0.557136	
	0.574120	
	0.621254	
	0.626175	
	0.661640	
	0.570645	
	0.525406	
	0.496036	
	0.482286	
	0.538150	
	0.444796	
	0.453178	
	0.389873	
	0.342258	
	0.456106	
	0.435826	
	0.780267	
	0.700225	
	0.615382	
	0.501320	
	0.410131	
	0.344560	
	0.356150	
	0.362485	
	0.311761	
	0.474939	
	0.400016	
	0.357898	
	0.358544	
	0.377122	
	0.393659	
	0.541997	
	0.581463	
	0.570553	
	0.579305	
	0.466919	
	0.374931	
	0.428553	
	0.485251	
	0.536251	
	0.504394	
	0.514070	
	0.502055	
	0.531702	
	0.490439	
	0.576955	
	0.511518	
	0.503540	
	0.489764	
	0.481134	
	0.444868	
	0.393142	
	0.411864	
	0.402526	
	0.482055	
	0.476956	
	0.399037	
	0.405282	
	0.406143	
	0.486641	
	0.667967	
	0.662826	
	0.693376	
	0.669348	
	0.609970	
	0.568489	
	0.572607	
	0.448045	
	0.551365	
	0.514302	
	0.510935	
	0.586014	
	0.516651	
	0.543902	
	0.530031	
	0.423043	
	0.525145	
	0.529024	
	0.533207	
	0.504961	
	0.460490	
	0.501461	
	0.593835	
	0.636761	
	0.640400	
	0.514370	
	0.543913	
	0.540867	
	0.524366	
	0.567466	
	0.543138	
	0.517612	
	0.509616	
	0.516720	
	0.520206	
	0.553773	
	0.476408	
	0.431793	
	0.369199	
	0.469587	
	0.517399	
	0.561638	
	0.424792	
	0.469958	
	0.455277	
	0.516214	
	0.491297	
	0.525753	
	0.510956	
	0.473195	
	0.425488	
	0.382756	
	0.427219	
	0.477384	
	0.549276	
	0.526728	
	0.550379	
	0.540838	
	0.568005	
	0.591732	
	0.648244	
	0.618736	
	0.588540	
	0.602146	
	0.581404	
	0.504487	
	0.439152	
	0.454698	
	0.331156	
	0.433728	
	0.579357	
	0.614011	
	0.837139	
	0.935985	
	0.888992	
	0.610792	
	0.626420	
	0.578804	
	0.532238	
	0.478650	
	0.514531	
	0.581792	
	0.501735	
	0.517470	
	0.494407	
	0.533015	
	0.480864	
	0.417325	
	0.500227	
	0.555869	
	0.474623	
	0.392899	
	0.375439	
	0.420155	
	0.433070	
	0.351507	
	0.359117	
	0.340141	
	0.320952	
	0.366393	
	0.374686	
	0.412383	
	0.458514	
	0.407911	
	0.338103	
	0.444407	
	0.527676	
	0.501955	
	0.542217	
	0.447723	
	0.486866	
	0.489462	
	0.508883	
	0.533259	
	0.583662	
	0.531999	
	0.494832	
	0.450407	
	0.461427	
	0.445050	
	0.387854	
	0.330772	
	0.328635	
	0.297984	
	0.279815	
	0.278253	
	0.298072	
	0.296563	
	0.269589	
	0.315701	
	0.376281	
	0.352194	
	0.482010	
	0.798855	
	0.601429	
	0.341498	
	0.425471	
	0.400674	
	0.366211	
	0.363973	
	0.360280	
	0.361053	
	0.360939	
	0.378366	
	0.379632	
	0.387865	
	0.390734	
	0.415570	
	0.511827	
	0.565726	
	0.532733	
	0.502469	
	0.448442	
	0.407445	
	0.368680	
	0.366394	
	0.390976	
	0.375110	
	0.364789	
	0.379715	
	0.364214	
	0.385646	
	0.431867	
	0.465195	
	0.474637	
	0.505262	
	0.476350	
	0.438716	
	0.395032	
	0.369638	
	0.372007	
	0.410809	
	0.356026	
	0.363290	
	0.362790	
	0.364229	
	0.342286	
	0.445869	
	0.550262	
	0.484389	
	0.404594	
	0.352481	
	0.364524	
	0.373808	
	0.425306	
	0.477851	
	0.508108	
	0.483825	
	0.469433	
	0.419397	
	0.402656	
	0.377780	
	0.588188	
	0.411359	
	0.327305	
	0.380369	
	0.349341	
	0.349718	
	0.310898	
	0.368404	
	0.368840	
	0.327791	
	0.327861	
	0.344438	
	0.348070	
	0.388556	
	0.402401	
	0.520846	
	0.518476	
	0.432001	
	0.320209	
	0.321691	
	0.347689	
	0.535760	
	0.508374	
	0.599128	
	0.578169	
	0.516641	
	0.551095	
	0.558452	
	0.556537	
	0.482561	
	0.498584	
	0.509767	
	0.453735	
	0.423833	
	0.450432	
	0.428542	
	0.445136	
	0.445300	
	0.442898	
	0.448485	
	0.428144	
	0.402322	
	0.430652	
	0.608509	
	0.492371	
	0.594495	
	0.564147	
	0.562718	
	0.510704	
	0.388756	
	0.527417	
	0.668285	
	0.530702	
	0.494547	
	0.533292	
	0.467524	
	0.372408	
	0.545073	
	0.610018	
	0.582840	
	0.521257	
	0.565673	
	0.595022	
	0.585155	
	0.568478	
	0.674426	
	0.701342	
	0.634319	
	0.620417	
	0.639904	
	0.601573	
	0.818489	
	0.900850	
	0.893901	
	0.879607	
	0.775164	
	0.736716	
	0.710048	
	0.742609	
	0.755845	
	0.551321	
	0.564106	
	0.626340	
	0.612704	
	0.642505	
	0.679270	
	0.664876	
	0.558984	
	0.624645	
	0.700901	
	0.630367	
	0.632181	
	0.573377	
	0.540153	
	0.521429	
	0.517709	
	0.458983	
	0.474265	
	0.561849	
	0.460609	
	0.525632	
	0.758913	
	0.825906	
	0.844054	
	0.863419	
	0.834861	
	0.747778	
	0.668579	
	0.686805	
	0.708090	
	0.730779	
	0.746380	
	0.730910	
	0.695119	
	0.690772	
	0.772366	
	0.713060	
	0.525988	
	0.563627	
	0.569441	
	0.571732	
	0.509371	
	0.470008	
	0.513240	
	0.558471	
	0.463095	
	0.466969	
	0.499190	
	0.516524	
	0.529353	
	0.567850	
	0.614852	
	0.666228	
	0.693908	
	0.663977	
	0.598727	
	0.651768	
	0.679701	
	0.625061	
	0.553833	
	0.482448	
	0.551832	
	0.570233	
	0.603391	
	0.642700	
	0.626344	
	0.589334	
	0.603075	
	0.687112	
	0.617651	
	0.574380	
	0.550255	
	0.562091	
	0.560787	
	0.588397	
	0.600406	
	0.619827	
	0.522695	
	0.619324	
	0.586994	
	0.631712	
	0.704860	
	0.733788	
	0.647971	
	0.639181	
	0.660700	
	0.648314	
	0.638776	
	0.635305	
	0.615169	
	0.598281	
	0.626768	
	0.639759	
	0.548217	
	0.531090	
	0.583818	
	0.575009	
	0.516968	
	0.562735	
	0.571769	
	0.509633	
	0.505170	
	0.531116	
	0.517069	
	0.632258	
	0.568197	
	0.578599	
	0.561005	
	0.554650	
	0.613239	
	0.590246	
	0.651950	
	0.637798	
	0.538720	
	0.445143	
	0.468669	
	0.644888	
	0.631172	
	0.615188	
	0.450881	
	0.453532	
	0.457015	
	0.499643	
	0.522426	
	0.583243	
	0.594422	
	0.573137	
	0.602016	
	0.658791	
	0.551388	
	0.520846	
	0.511257	
	0.513703	
	0.549650	
	0.602126	
	0.557491	
	0.483308	
	0.529434	
	0.533536	
	0.608232	
	0.699162	
	0.696299	
	0.627391	
	0.571018	
	0.465185	
	0.452582	
	0.469881	
	0.582886	
	0.608953	
	0.646790	
	0.635120	
	0.544372	
	0.664702	
	0.692744	
	0.611793	
	0.481224	
	0.377408	
	0.316432	
	0.383247	
	0.365772	
	0.369842	
	0.398405	
	0.514290	
	0.510079	
	0.344666	
	0.343031	
	0.323737	
	0.333523	
	0.297979	
	0.374203	
	0.553105	
	0.503187	
	0.440085	
	0.380821	
	0.449347	
	0.473993	
	0.555392	
	0.516124	
	0.371495	
	0.317656	
	0.388423	
	0.371165	
	0.443961	
	0.437656	
	0.595935	
	0.574312	
	0.642494	
	0.585869	
	0.510070	
	0.486128	
	0.441387	
	0.468381	
	0.563322	
	0.410871	
	0.425484	
	0.415082	
	0.363297	
	0.387575	
	0.398026	
	0.623191	
	0.589015	
	0.589222	
	0.615969	
	0.624733	
	0.656449	
	0.652595	
	0.708372	
	0.704814	
	0.690513	
	0.672152	
	0.683031	
	0.619150	
	0.649040	
	0.648532	
	0.572849	
	0.549098	
	0.447745	
	0.474379	
	0.402298	
	0.376856	
	0.365216	
	0.380359	
	0.439626	
	0.406537	
	0.389416	
	0.334068	
	0.691691	
	0.892349	
	0.905863	
	0.872714	
	0.835826	
	0.796503	
	0.703249	
	0.656522	
	0.671271	
	0.673377	
	0.599082	
	0.511543	
	0.530968	
	0.509090	
	0.587244	
	0.634715	
	0.513180	
	0.656619	
	0.628396	
	0.689770	
	0.632470	
	0.592709	
	0.570830	
	0.571041	
	0.513056	
	0.550190	
	0.541295	
	0.523299	
	0.527020	
	0.427150	
	0.594680	
	0.763898	
	0.833538	
	0.806317	
	0.823392	
	0.823766	
	0.771577	
	0.684050	
	0.619549	
	0.622203	
	0.648613	
	0.668186	
	0.674220	
	0.665928	
	0.642636	
	0.661478	
	0.594518	
	0.547346	
	0.545808	
	0.498740	
	0.458374	
	0.467594	
	0.378540	
	0.414766	
	0.463614	
	0.502690	
	0.387073	
	0.397957	
	0.484008	
	0.548361	
	0.606518	
	0.693451	
	0.721449	
	0.682470	
	0.643921	
	0.716806	
	0.685591	
	0.627370	
	0.706844	
	0.613076	
	0.494467	
	0.524452	
	0.529543	
	0.600428	
	0.643737	
	0.613281	
	0.668905	
	0.656169	
	0.677451	
	0.628042	
	0.522785	
	0.548637	
	0.566976	
	0.480940	
	0.501564	
	0.533195	
	0.483313	
	0.449439	
	0.462367	
	0.413489	
	0.545246	
	0.629476	
	0.610594	
	0.615297	
	0.656540	
	0.668278	
	0.651900	
	0.672130	
	0.668189	
	0.632624	
	0.622632	
	0.603483	
	0.532399	
	0.582460	
	0.706861	
	0.663203	
	0.478918	
	0.572930	
	0.507068	
	0.483118	
	0.473125	
	0.410773	
	0.701972	
	0.545435	
	0.529409	
	0.463528	
	0.441998	
	0.433598	
	0.444026	
	0.590047	
	0.666175	
	0.730641	
	0.658707	
	0.636684	
	0.631940	
	0.573393	
	0.862257	
	0.784984	
	0.660679	
	0.592597	
	0.508018	
	0.524429	
	0.426390	
	0.431472	
	0.605947	
	0.558771	
	0.620226	
	0.550843	
	0.485679	
	0.456559	
	0.399671	
	0.378807	
	0.433838	
	0.415886	
	0.339959	
	0.355830	
	0.400738	
	0.376539	
	0.391436	
	0.566219	
	0.439324	
	0.425718	
	0.472293	
	0.473890	
	0.525003	
	0.526040	
	0.526669	
	0.537922	
	0.536956	
	0.573087	
	0.538576	
	0.502073	
	0.493606	
	0.453217	
	0.566858	
	0.679351	
	0.645598	
	0.518294	
	0.413012	
	0.362760	
	0.350352	
	0.348804	
	0.372111	
	0.376525	
	0.389923	
	0.408160	
	0.417976	
	0.441469	
	0.472355	
	0.511164	
	0.463117	
	0.499025	
	0.422015	
	0.412414	
	0.370639	
	0.385496	
	0.379457	
	0.421912	
	0.399085	
	0.464252	
	0.473077	
	0.544871	
	0.709948	
	0.878050	
	0.841767	
	0.922023	
	0.923985	
	0.895976	
	0.891816	
	0.891547	
	0.893544	
	0.889446	
	0.882953	
	0.849236	
	0.875715	
	0.872534	
	0.897192	
	0.870450	
	0.859381	
	0.865135	
	0.858069	
	0.827749	
	0.832432	
	0.817260	
	0.851024	
	0.835304	
	0.825351	
	0.839582	
	0.882851	
	0.893080	
	0.954539	
	0.956604	
	0.691780	
	0.501518	
	0.445247	
	0.694656	
	0.620773	
	0.662892	
	0.687690	
	0.687977	
	0.707569	
	0.702409	
	0.658942	
	0.692857	
	0.678622	
	0.636892	
	0.630903	
	0.628809	
	0.675122	
	0.722430	
	0.767144	
	0.717031	
	0.734544	
	0.760487	
	0.834273	
	0.871161	
	0.798843	
	0.588084	
	0.632699	
	0.488566	
	0.519710	
	0.574011	
	0.766225	
	0.538490	
	0.578740	
	0.573986	
	0.619996	
	0.639061	
	0.594998	
	0.585922	
	0.558745	
	0.573269	
	0.569848	
	0.442610	
	0.414229	
	0.326727	
	0.351463	
	0.348907	
	0.471163	
	0.559871	
	0.498921	
	0.459641	
	0.419300	
	0.414862	
	0.398819	
	0.369500	
	0.316413	
	0.332193	
	0.327928	
	0.283095	
	0.242922	
	0.349246	
	0.586282	
	0.471566	
	0.402521	
	0.276298	
	0.225172	
	0.209194	
	0.237148	
	0.217059	
	0.205916	
	0.206349	
	0.202573	
	0.192059	
	0.146467	
	0.182727	
	0.234136	
	0.423447	
	0.538811	
	0.467994	
	0.378020	
	0.343040	
	0.285077	
	0.284305	
	0.331941	
	0.344896	
	0.330981	
	0.345045	
	0.339369	
	0.334352	
	0.352366	
	0.363401	
	0.432551	
	0.492262	
	0.486161	
	0.387218	
	0.359864	
	0.347660	
	0.336554	
	0.355787	
	0.382320	
	0.376018	
	0.355056	
	0.374629	
	0.349870	
	0.327548	
	0.435017	
	0.546808	
	0.566094	
	0.456792	
	0.504905	
	0.642240	
	0.658370	
	0.690314	
	0.654347	
	0.635192	
	0.614061	
	0.476286	
	0.409491	
	0.417413	
	0.362685	
	0.480438	
	0.405350	
	0.433625	
	0.388588	
	0.336040	
	0.349415	
	0.441715	
	0.455859	
	0.411974	
	0.404122	
	0.417917	
	0.445308	
	0.414216	
	0.416237	
	0.350165	
	0.534261	
	0.565854	
	0.441128	
	0.460312	
	0.395427	
	0.503261	
	0.705958	
	0.710932	
	0.609202	
	0.438862	
	0.488088	
	0.453415	
	0.378481	
	0.371668	
	0.428202	
	0.503119	
	0.543914	
	0.579037	
	0.594818	
	0.534703	
	0.581996	
	0.598750	
	0.558598	
	0.573779	
	0.548565	
	0.543485	
	0.543922	
	0.533191	
	0.520734	
	0.569107	
	0.515045	
	0.551447	
	0.476110	
	0.426626	
	0.457953	
	0.443716	
	0.449096	
	0.483479	
	0.427430	
	0.425390	
	0.336927	
	0.390349	
	0.376296	
	0.394429	
	0.549592	
	0.506489	
	0.434058	
	0.338883	
	0.294484	
	0.284785	
	0.296510	
	0.413894	
	0.404845	
	0.310829	
	0.312456	
	0.362062	
	0.344498	
	0.443703	
	0.554366	
	0.642533	
	0.542397	
	0.522013	
	0.430145	
	0.333416	
	0.361359	
	0.519896	
	0.445578	
	0.476869	
	0.447393	
	0.465574	
	0.438268	
	0.409008	
	0.498534	
	0.484232	
	0.552323	
	0.526525	
	0.479715	
	0.446941	
	0.410060	
	0.375058	
	0.441274	
	0.427762	
	0.413562	
	0.411432	
	0.455143	
	0.451959	
	0.388142	
	0.595826	
	0.684199	
	0.674447	
	0.661168	
	0.657017	
	0.740535	
	0.741216	
	0.762137	
	0.785329	
	0.742026	
	0.701770	
	0.560317	
	0.469862	
	0.488316	
	0.535234	
	0.557764	
	0.503532	
	0.499743	
	0.518319	
	0.547567	
	0.504637	
	0.499155	
	0.463294	
	0.482997	
	0.509206	
	0.551539	
	0.602663	
	0.615275	
	0.543337	
	0.517441	
	0.600271	
	0.647090	
	0.633814	
	0.586970	
	0.555362	
	0.658001	
	0.551270	
	0.645688	
	0.639407	
	0.658346	
	0.703989	
	0.705204	
	0.655607	
	0.636416	
	0.607980	
	0.472651	
	0.574837	
	0.524013	
	0.536340	
	0.581699	
	0.596410	
	0.613867	
	0.603420	
	0.587147	
	0.574109	
	0.563546	
	0.570774	
	0.579943	
	0.623623	
	0.689132	
	0.680885	
	0.674962	
	0.613068	
	0.645366	
	0.619169	
	0.616992	
	0.743985	
	0.757090	
	0.706812	
	0.641883	
	0.646118	
	0.598668	
	0.624106	
	0.617076	
	0.596087	
	0.519738	
	0.489364	
	0.550735	
	0.587380	
	0.523692	
	0.521180	
	0.556178	
	0.502888	
	0.574116	
	0.540958	
	0.564817	
	0.593723	
	0.645175	
	0.634403	
	0.681075	
	0.658850	
	0.589318	
	0.567469	
	0.607029	
	0.614977	
	0.701370	
	0.688451	
	0.690643	
	0.669210	
	0.675450	
	0.589363	
	0.596174	
	0.614132	
	0.562013	
	0.589549	
	0.521762	
	0.591198	
	0.567973	
	0.507472	
	0.490802	
	0.593580	
	0.571948	
	0.527778	
	0.571998	
	0.521053	
	0.506212	
	0.488302	
	0.557284	
	0.668767	
	0.648120	
	0.607571	
	0.668803	
	0.671720	
	0.778190	
	0.821348	
	0.802472	
	0.789213	
	0.753905	
	0.704577	
	0.728118	
	0.655172	
	0.450703	
	0.587243	
	0.586383	
	0.554342	
	0.571177	
	0.558917	
	0.553292	
	0.530931	
	0.568360	
	0.568061	
	0.518995	
	0.556507	
	0.606807	
	0.627612	
	0.593412	
	0.541883	
	0.577488	
	0.727572	
	0.714219	
	0.710325	
	0.696294	
	0.622091	
	0.611821	
	0.540842	
	0.576452	
	0.662093	
	0.643842	
	0.607750	
	0.669919	
	0.578117	
	0.561455	
	0.471398	
	0.544688	
	0.511250	
	0.589777	
	0.573164	
	0.570673	
	0.559360	
	0.541652	
	0.617638	
	0.668228	
	0.613212	
	0.575974	
	0.585162	
	0.566762	
	0.560869	
	0.703582	
	0.691787	
	0.688495	
	0.641418	
	0.617432	
	0.656265	
	0.650119	
	0.540720	
	0.481874	
	0.586166	
	0.610828	
	0.622568	
	0.600352	
	0.588323	
	0.563184	
	0.499374	
	0.529093	
	0.518938	
	0.447624	
	0.492574	
	0.512823	
	0.475610	
	0.458768	
	0.499442	
	0.511734	
	0.540180	
	0.583143	
	0.662268	
	0.627626	
	0.693707	
	0.725967	
	0.654855	
	0.608449	
	0.580302	
	0.578792	
	0.637692	
	0.585060	
	0.592216	
	0.592950	
	0.586233	
	0.525159	
	0.591169	
	0.646931	
	0.557217	
	0.571870	
	0.584438	
	0.541969	
	0.552688	
	0.566739	
	0.531777	
	0.590234	
	0.609431	
	0.541308	
	0.573876	
	0.596118	
	0.548420	
	0.557804	
	0.547675	
	0.637346	
	0.607580	
	0.578755	
	0.498046	
	0.512120	
	0.519063	
	0.672724	
	0.748018	
	0.631039	
	0.581439	
	0.607057	
	0.513079	
	0.537812	
	0.561343	
	0.672600	
	0.522033	
	0.510968	
	0.498711	
	0.469910	
	0.480931	
	0.506635	
	0.480919	
	0.444925	
	0.409240	
	0.442152	
	0.453574	
	0.453285	
	0.432532	
	0.398516	
	0.416596	
	0.410058	
	0.387413	
	0.379851	
	0.411894	
	0.467343	
	0.494330	
	0.560591	
	0.568073	
	0.631372	
	0.608991	
	0.618874	
	0.734904	
	0.608915	
	0.627604	
	0.629522	
	0.566126	
	0.535821	
	0.495931	
	0.451266	
	0.417927	
	0.434274	
	0.491006	
	0.409979	
	0.404936	
	0.386225	
	0.479443	
	0.390675	
	0.413402	
	0.396903	
	0.383217	
	0.433665	
	0.377587	
	0.373165	
	0.350421	
	0.380029	
	0.416815	
	0.445075	
	0.540933	
	0.588559	
	0.600859	
	0.615362	
	0.672915	
	0.470671	
	0.467351	
	0.549236	
	0.546290	
	0.608536	
	0.561300	
	0.496378	
	0.470876	
	0.469438	
	0.469201	
	0.449239	
	0.420577	
	0.396322	
	0.453278	
	0.384043	
	0.430939	
	0.478886	
	0.442843	
	0.507141	
	0.497034	
	0.535340	
	0.538342	
	0.585932	
	0.588364	
	0.522445	
	0.559333	
	0.585700	
	0.582586	
	0.635564	
	0.778683	
	0.905810	
	0.936774	
	0.931933	
	0.916509	
	0.915135	
	0.886373	
	0.749643	
	0.667276	
	0.647687	
	0.616433	
	0.564078	
	0.575275	
	0.568064	
	0.488668	
	0.577424	
	0.544443	
	0.598019	
	0.610042	
	0.587075	
	0.598363	
	0.622258	
	0.587733	
	0.572712	
	0.587600	
	0.533414	
	0.554579	
	0.568486	
	0.536728	
	0.531688	
	0.566809	
	0.594127	
	0.690275	
	0.522983	
	0.455572	
	0.523755	
	0.475102	
	0.404382	
	0.415996	
	0.438650	
	0.434138	
	0.428005	
	0.418100	
	0.428113	
	0.429665	
	0.400316	
	0.413715	
	0.449848	
	0.490484	
	0.485560	
	0.462340	
	0.427539	
	0.457321	
	0.450133	
	0.411021	
	0.425465	
	0.414793	
	0.417751	
	0.389955	
	0.365883	
	0.389318	
	0.420797	
	0.474475	
	0.500638	
	0.468523	
	0.401450	
	0.373337	
	0.380139	
	0.390665	
	0.354546	
	0.362195	
	0.351984	
	0.342668	
	0.368316	
	0.350641	
	0.368228	
	0.455569	
	0.591009	
	0.573320	
	0.428414	
	0.400734	
	0.409762	
	0.395373	
	0.385263	
	0.386539	
	0.371396	
	0.387227	
	0.384569	
	0.343473	
	0.341156	
	0.400220	
	0.425958	
	0.425438	
	0.415207	
	0.340722	
	0.301100	
	0.292845	
	0.275159	
	0.272672	
	0.295874	
	0.297247	
	0.289367	
	0.290293	
	0.284666	
	0.272222	
	0.300182	
	0.514597	
	0.540773	
	0.393541	
	0.389499	
	0.354510	
	0.346148	
	0.362656	
	0.362138	
	0.395136	
	0.340960	
	0.338858	
	0.375879	
	0.376813	
	0.377970	
	0.612945	
	0.545817	
	0.572871	
	0.598936	
	0.526345	
	0.463416	
	0.490453	
	0.386778	
	0.542627	
	0.527960	
	0.489975	
	0.469634	
	0.423855	
	0.448187	
	0.416712	
	0.627628	
	0.648089	
	0.599947	
	0.604601	
	0.558382	
	0.578424	
	0.542995	
	0.650176	
	0.613303	
	0.636960	
	0.584612	
	0.635248	
	0.653609	
	0.662242	
	0.665068	
	0.579057	
	0.538429	
	0.635801	
	0.637071	
	0.615051	
	0.634931	
	0.725522	
	0.724609	
	0.749293	
	0.684836	
	0.670733	
	0.663084	
	0.670001	
	0.654670	
	0.659708	
	0.728193	
	0.683733	
	0.675139	
	0.610867	
	0.608074	
	0.604148	
	0.585196	
	0.617017	
	0.620671	
	0.579106	
	0.621493	
	0.595236	
	0.611970	
	0.594183	
	0.560796	
	0.541813	
	0.499421	
	0.526146	
	0.543081	
	0.566110	
	0.555770	
	0.575549	
	0.586844	
	0.550372	
	0.552137	
	0.586212	
	0.558646	
	0.544701	
	0.527288	
	0.721751	
	0.717240	
	0.712032	
	0.703720	
	0.743292	
	0.678665	
	0.609265	
	0.642255	
	0.686291	
	0.718902	
	0.713567	
	0.731499	
	0.748055	
	0.732747	
	0.667727	
	0.658472	
	0.598662	
	0.668881	
	0.677882	
	0.706168	
	0.715007	
	0.689930	
	0.660087	
	0.680119	
	0.695343	
	0.653897	
	0.644678	
	0.652059	
	0.605312	
	0.617965	
	0.655138	
	0.668612	
	0.640094	
	0.654826	
	0.646358	
	0.660833	
	0.631421	
	0.624674	
	0.618525	
	0.610965	
	0.599661	
	0.596805	
	0.604617	
	0.601268	
	0.621274	
	0.634792	
	0.625311	
	0.671515	
	0.667347	
	0.633848	
	0.648494	
	0.610100	
	0.658524	
	0.645240	
	0.660842	
	0.667150	
	0.704531	
	0.772327	
	0.731321	
	0.716897	
	0.723367	
	0.700187	
	0.764197	
	0.780838	
	0.794599	
	0.838859	
	0.771715	
	0.738982	
	0.692155	
	0.721441	
	0.718632	
	0.683113	
	0.775685	
	0.760829	
	0.581096	
	0.584153	
	0.660626	
	0.663054	
	0.706673	
	0.716986	
	0.739871	
	0.694225	
	0.675710	
	0.690519	
	0.683065	
	0.681851	
	0.667014	
	0.707639	
	0.743222	
	0.711546	
	0.727388	
	0.719035	
	0.687557	
	0.725748	
	0.737714	
	0.724103	
	0.686461	
	0.687624	
	0.639231	
	0.650980	
	0.663821	
	0.740404	
	0.785024	
	0.708768	
	0.534134	
	0.577654	
	0.607279	
	0.672950	
	0.741735	
	0.771780	
	0.771688	
	0.721045	
	0.684769	
	0.657781	
	0.659891	
	0.678495	
	0.684847	
	0.765493	
	0.771756	
	0.777970	
	0.734127	
	0.728286	
	0.686471	
	0.647844	
	0.667839	
	0.683926	
	0.764922	
	0.744652	
	0.751075	
	0.742496	
	0.753841	
	0.748195	
	0.685187	
	0.570041	
	0.599452	
	0.692221	
	0.694075	
	0.714111	
	0.724824	
	0.687828	
	0.686945	
	0.703004	
	0.720174	
	0.718367	
	0.709245	
	0.702554	
	0.707410	
	0.691966	
	0.704771	
	0.693304	
	0.693010	
	0.669681	
	0.639017	
	0.630732	
	0.603297	
	0.648058	
	0.646071	
	0.642363	
	0.625240	
	0.646641	
	0.650531	
	0.629106	
	0.638971	
	0.727712	
	0.539619	
	0.456144	
	0.513996	
	0.670343	
	0.525577	
	0.469235	
	0.482378	
	0.486518	
	0.434469	
	0.527649	
	0.465991	
	0.508704	
	0.547226	
	0.717895	
	0.583338	
	0.547266	
	0.562491	
	0.543744	
	0.570427	
	0.612641	
	0.656660	
	0.551103	
	0.521920	
	0.654796	
	0.591736	
	0.612439	
	0.804885	
	0.560907	
	0.576127	
	0.480716	
	0.527689	
	0.576146	
	0.573674	
	0.542759	
	0.505607	
	0.538963	
	0.560643	
	0.554187	
	0.557063	
	0.506125	
	0.475977	
	0.647021	
	0.648819	
	0.618985	
	0.604876	
	0.554642	
	0.589795	
	0.638605	
	0.533578	
	0.568359	
	0.543150	
	0.594843	
	0.646612	
	0.613092	
	0.571732	
	0.648952	
	0.504075	
	0.570111	
	0.629981	
	0.448324	
	0.380616	
	0.386309	
	0.366981	
	0.385294	
	0.399679	
	0.394196	
	0.361761	
	0.369461	
	0.306664	
	0.371418	
	0.543330	
	0.618696	
	0.629043	
	0.523894	
	0.501996	
	0.501679	
	0.509266	
	0.530100	
	0.535529	
	0.601809	
	0.666845	
	0.628979	
	0.670893	
	0.583001	
	0.544130	
	0.512155	
	0.412675	
	0.425531	
	0.383634	
	0.380294	
	0.320083	
	0.321530	
	0.329875	
	0.393094	
	0.390715	
	0.297161	
	0.275140	
	0.247847	
	0.237858	
	0.363057	
	0.550582	
	0.578796	
	0.512240	
	0.482721	
	0.488568	
	0.345248	
	0.392158	
	0.438538	
	0.507257	
	0.512517	
	0.535708	
	0.456742	
	0.348006	
	0.465528	
	0.483436	
	0.633578	
	0.621542	
	0.559363	
	0.508746	
	0.439283	
	0.432238	
	0.470160	
	0.436489	
	0.522021	
	0.537274	
	0.555456	
	0.480305	
	0.398600	
	0.585912	
	0.653351	
	0.748346	
	0.730152	
	0.700187	
	0.620525	
	0.495358	
	0.457729	
	0.458249	
	0.492051	
	0.524501	
	0.446117	
	0.431530	
	0.375969	
	0.373866	
	0.564176	
	0.462631	
	0.532509	
	0.462185	
	0.398979	
	0.382119	
	0.324584	
	0.281254	
	0.296086	
	0.321613	
	0.381205	
	0.419693	
	0.372757	
	0.234075	
	0.296485	
	0.459883	
	0.666526	
	0.600758	
	0.541864	
	0.555873	
	0.478529	
	0.474445	
	0.545206	
	0.544843	
	0.553372	
	0.614642	
	0.482602	
	0.500698	
	0.484276	
	0.558158	
	0.512011	
	0.535345	
	0.566978	
	0.458950	
	0.387281	
	0.372526	
	0.355702	
	0.367804	
	0.448504	
	0.428155	
	0.394704	
	0.361745	
	0.301757	
	0.383176	
	0.515363	
	0.644644	
	0.669206	
	0.623409	
	0.578469	
	0.517881	
	0.483946	
	0.513926	
	0.476360	
	0.414402	
	0.405259	
	0.426411	
	0.428107	
	0.386056	
	0.382459	
	0.481249	
	0.455966	
	0.448613	
	0.396065	
	0.278796	
	0.267807	
	0.236646	
	0.239256	
	0.291875	
	0.320221	
	0.276577	
	0.274399	
	0.251548	
	0.257806	
	0.280145	
	0.478410	
	0.592189	
	0.606425	
	0.572082	
	0.512247	
	0.471861	
	0.395488	
	0.369677	
	0.476057	
	0.513298	
	0.429519	
	0.432357	
	0.374831	
	0.358224	
	0.415316	
	0.514619	
	0.508329	
	0.551888	
	0.516854	
	0.414060	
	0.337859	
	0.308179	
	0.279923	
	0.310165	
	0.320502	
	0.325467	
	0.357743	
	0.309443	
	0.346687	
	0.407601	
	0.596056	
	0.529234	
	0.442713	
	0.390248	
	0.414814	
	0.388576	
	0.395435	
	0.413274	
	0.401715	
	0.450487	
	0.454525	
	0.405736	
	0.392321	
	0.402295	
	0.604566	
	0.568506	
	0.530685	
	0.631890	
	0.614062	
	0.577352	
	0.592241	
	0.644198	
	0.581470	
	0.563291	
	0.534528	
	0.540446	
	0.509273	
	0.514323	
	0.528814	
	0.497666	
	0.496479	
	0.540294	
	0.543444	
	0.533127	
	0.539833	
	0.563773	
	0.558272	
	0.508791	
	0.486691	
	0.546231	
	0.530071	
	0.507105	
	0.536201	
	0.573683	
	0.628471	
	0.616396	
	0.645657	
	0.664445	
	0.702830	
	0.675082	
	0.636966	
	0.609229	
	0.628304	
	0.564420	
	0.516345	
	0.524989	
	0.512819	
	0.561573	
	0.538653	
	0.514550	
	0.509118	
	0.520528	
	0.502243	
	0.516305	
	0.505308	
	0.485462	
	0.476319	
	0.541569	
	0.506646	
	0.527705	
	0.495490	
	0.530863	
	0.647461	
	0.534230	
	0.507618	
	0.603290	
	0.587601	
	0.573341	
	0.478291	
	0.519954	
	0.514016	
	0.560562	
	0.646456	
	0.681725	
	0.630125	
	0.613386	
	0.580994	
	0.756602	
	0.698345	
	0.738531	
	0.719235	
	0.657344	
	0.706185	
	0.756042	
	0.705367	
	0.748286	
	0.715208	
	0.684047	
	0.607671	
	0.710717	
	0.744620	
	0.761725	
	0.729544	
	0.667012	
	0.683528	
	0.708595	
	0.664768	
	0.688618	
	0.678050	
	0.692718	
	0.682240	
	0.779002	
	0.726071	
	0.710121	
	0.675562	
	0.688471	
	0.765892	
	0.848486	
	0.747279	
	0.729003	
	0.695475	
	0.698998	
	0.656592	
	0.669610	
	0.647772	
	0.625593	
	0.584824	
	0.576600	
	0.592405	
	0.600997	
	0.663841	
	0.626880	
	0.612933	
	0.520137	
	0.557823	
	0.624059	
	0.644117	
	0.667205	
	0.730475	
	0.715151	
	0.684664	
	0.734538	
	0.640268	
	0.619802	
	0.643263	
	0.632087	
	0.690851	
	0.716824	
	0.743190	
	0.673637	
	0.641323	
	0.564090	
	0.618899	
	0.671615	
	0.667619	
	0.627120	
	0.649648	
	0.647342	
	0.669354	
	0.567634	
	0.611428	
	0.654831	
	0.565460	
	0.524128	
	0.549469	
	0.485182	
	0.465203	
	0.423372	
	0.425996	
	0.418058	
	0.453560	
	0.454830	
	0.426948	
	0.406006	
	0.387224	
	0.556294	
	0.662719	
	0.595858	
	0.607477	
	0.556938	
	0.570337	
	0.496869	
	0.531374	
	0.545402	
	0.535890	
	0.564635	
	0.570267	
	0.579021	
	0.544695	
	0.600880	
	0.671871	
	0.513294	
	0.474815	
	0.529389	
	0.528014	
	0.436119	
	0.431733	
	0.507350	
	0.526419	
	0.609914	
	0.630440	
	0.586937	
	0.524244	
	0.526909	
	0.524571	
	0.588167	
	0.689220	
	0.677670	
	0.592429	
	0.596743	
	0.643843	
	0.652694	
	0.707210	
	0.644413	
	0.698906	
	0.661286	
	0.611215	
	0.556019	
	0.601727	
	0.669101	
	0.645734	
	0.552758	
	0.570971	
	0.481315	
	0.503430	
	0.471431	
	0.463265	
	0.447621	
	0.469266	
	0.452843	
	0.441517	
	0.433646	
	0.497674	
	0.663514	
	0.744880	
	0.647768	
	0.714124	
	0.597868	
	0.552541	
	0.531906	
	0.527532	
	0.498930	
	0.501642	
	0.469426	
	0.525279	
	0.516275	
	0.543505	
	0.537409	
	0.589611	
	0.586836	
	0.439808	
	0.468180	
	0.408057	
	0.329992	
	0.266817	
	0.257667	
	0.236777	
	0.243591	
	0.257852	
	0.283462	
	0.283518	
	0.239444	
	0.273342	
	0.304087	
	0.488523	
	0.559549	
	0.495500	
	0.422062	
	0.491015	
	0.865949	
	0.904069	
	0.857734	
	0.632017	
	0.596481	
	0.564284	
	0.547088	
	0.614453	
	0.748912	
	0.578731	
	0.497025	
	0.588317	
	0.521449	
	0.365414	
	0.324714	
	0.296294	
	0.314702	
	0.294134	
	0.282577	
	0.274053	
	0.292773	
	0.288951	
	0.270413	
	0.263509	
	0.306356	
	0.510377	
	0.576452	
	0.426152	
	0.360331	
	0.322597	
	0.318704	
	0.287995	
	0.332082	
	0.315038	
	0.402727	
	0.333880	
	0.319944	
	0.389460	
	0.799033	
	0.771356	
	0.616098	
	0.598333	
	0.487482	
	0.313021	
	0.278046	
	0.245590	
	0.258767	
	0.323417	
	0.326222	
	0.304373	
	0.316942	
	0.296711	
	0.310320	
	0.344736	
	0.458830	
	0.568534	
	0.582312	
	0.549750	
	0.519478	
	0.556690	
	0.549500	
	0.667437	
	0.583110	
	0.560083	
	0.526902	
	0.514904	
	0.524542	
	0.523058	
	0.551306	
	0.575110	
	0.456620	
	0.460282	
	0.430263	
	0.378469	
	0.310010	
	0.320626	
	0.326245	
	0.376765	
	0.352630	
	0.310152	
	0.285735	
	0.395955	
	0.607192	
	0.675499	
	0.680827	
	0.659280	
	0.586482	
	0.643373	
	0.711506	
	0.732445	
	0.745063	
	0.719974	
	0.677486	
	0.583965	
	0.623635	
	0.627384	
	0.652796	
	0.683185	
	0.660148	
	0.556606	
	0.527357	
	0.498286	
	0.496725	
	0.401899	
	0.422154	
	0.424391	
	0.393018	
	0.455026	
	0.482953	
	0.502691	
	0.518543	
	0.475264	
	0.458776	
	0.606074	
	0.712079	
	0.634976	
	0.547186	
	0.464908	
	0.425631	
	0.492290	
	0.543041	
	0.533265	
	0.455860	
	0.540477	
	0.499414	
	0.459533	
	0.446387	
	0.381724	
	0.491892	
	0.561481	
	0.549816	
	0.553255	
	0.538939	
	0.556166	
	0.608117	
	0.580325	
	0.510823	
	0.485691	
	0.494965	
	0.544639	
	0.590627	
	0.601974	
	0.584130	
	0.618188	
	0.628109	
	0.610000	
	0.608597	
	0.539357	
	0.453532	
	0.479218	
	0.463202	
	0.424985	
	0.432777	
	0.443138	
	0.490211	
	0.753152	
	0.891298	
	0.744491	
	0.664405	
	0.609024	
	0.595938	
	0.343466	
	0.313783	
	0.346081	
	0.359394	
	0.348669	
	0.325824	
	0.344873	
	0.342615	
	0.327221	
	0.350471	
	0.421489	
	0.549287	
	0.550165	
	0.438515	
	0.415224	
	0.459154	
	0.459178	
	0.451650	
	0.530678	
	0.435557	
	0.408192	
	0.409936	
	0.489332	
	0.412236	
	0.424326	
	0.531564	
	0.467992	
	0.520025	
	0.471227	
	0.408694	
	0.393537	
	0.350292	
	0.344447	
	0.356620	
	0.367649	
	0.392892	
	0.436034	
	0.361952	
	0.393578	
	0.468226	
	0.615164	
	0.636477	
	0.627996	
	0.675842	
	0.707567	
	0.706819	
	0.704881	
	0.658380	
	0.483336	
	0.479347	
	0.903489	
	0.952101	
	0.962127	
	0.942600	
	0.782248	
	0.611750	
	0.607802	
	0.523570	
	0.498984	
	0.830942	
	0.891697	
	0.851109	
	0.684935	
	0.607083	
	0.552253	
	0.508761	
	0.507719	
	0.541376	
	0.588253	
	0.707361	
	0.666293	
	0.626009	
	0.658169	
	0.671586	
	0.623517	
	0.589039	
	0.683494	
	0.729796	
	0.729591	
	0.744003	
	0.715874	
	0.682450	
	0.734537	
	0.700554	
	0.538263	
	0.554065	
	0.601266	
	0.566546	
	0.543254	
	0.490244	
	0.474871	
	0.443206	
	0.408220	
	0.369994	
	0.403321	
	0.405926	
	0.373452	
	0.469495	
	0.769164	
	0.840552	
	0.767404	
	0.706466	
	0.664050	
	0.688011	
	0.691428	
	0.745945	
	0.664518	
	0.667210	
	0.603488	
	0.632497	
	0.606654	
	0.627359	
	0.492136	
	0.528788	
	0.438033	
	0.592078	
	0.419235	
	0.411111	
	0.409687	
	0.394372	
	0.374194	
	0.370286	
	0.367245	
	0.393400	
	0.433615	
	0.452701	
	0.473688	
	0.380140	
	0.641300	
	0.724900	
	0.656001	
	0.566553	
	0.511341	
	0.510980	
	0.553243	
	0.535124	
	0.434128	
	0.515074	
	0.508618	
	0.515398	
	0.500063	
	0.480605	
	0.547869	
	0.504207	
	0.593032	
	0.579668	
	0.489408	
	0.488551	
	0.437770	
	0.378150	
	0.421735	
	0.385017	
	0.296646	
	0.373891	
	0.455088	
	0.863631	
	0.925702	
	0.919109	
	0.818042	
	0.706752	
	0.600397	
	0.500446	
	0.488888	
	0.551349	
	0.597537	
	0.608344	
	0.724173	
	0.713623	
	0.676919	
	0.655787	
	0.657226	
	0.723979	
	0.663674	
	0.505846	
	0.453714	
	0.418570	
	0.371252	
	0.412399	
	0.433316	
	0.464526	
	0.592110	
	0.581668	
	0.466528	
	0.471170	
	0.453278	
	0.471458	
	0.600022	
	0.700408	
	0.662099	
	0.625694	
	0.605208	
	0.551088	
	0.572650	
	0.551180	
	0.564761	
	0.675525	
	0.645466	
	0.538776	
	0.501743	
	0.456432	
	0.489118	
	0.524982	
	0.496723	
	0.547097	
	0.504263	
	0.446816	
	0.427971	
	0.414015	
	0.437178	
	0.442383	
	0.463310	
	0.495960	
	0.474938	
	0.491255	
	0.465516	
	0.448851	
	0.601007	
	0.678014	
	0.690592	
	0.644721	
	0.574591	
	0.545488	
	0.510462	
	0.494179	
	0.528463	
	0.525774	
	0.530761	
	0.519742	
	0.441782	
	0.455892	
	0.515141	
	0.508164	
	0.536234	
	0.460269	
	0.473699	
	0.472749	
	0.443690	
	0.453930	
	0.432971	
	0.576607	
	0.529134	
	0.460106	
	0.408750	
	0.391204	
	0.414162	
	0.431652	
	0.623513	
	0.652556	
	0.620996	
	0.498178	
	0.441467	
	0.487857	
	0.408239	
	0.549107	
	0.548655	
	0.432214	
	0.471523	
	0.428480	
	0.393007	
	0.416151	
	0.407212	
	0.515038	
	0.603431	
	0.545235	
	0.456208	
	0.409779	
	0.368053	
	0.338524	
	0.371887	
	0.384248	
	0.372660	
	0.392939	
	0.336279	
	0.375499	
	0.468990	
	0.579082	
	0.662313	
	0.722722	
	0.768832	
	0.791824	
	0.769155	
	0.726622	
	0.714482	
	0.690496	
	0.645897	
	0.494490	
	0.442107	
	0.473575	
	0.464811	
	0.467797	
	0.565065	
	0.505003	
	0.502193	
	0.541384	
	0.515775	
	0.493981	
	0.454047	
	0.474164	
	0.491835	
	0.547465	
	0.527230	
	0.488473	
	0.523797	
	0.523461	
	0.562877	
	0.686130	
	0.671144	
	0.523706	
	0.422744	
	0.334843	
	0.672874	
	0.809162	
	0.700520	
	0.499550	
	0.516840	
	0.487053	
	0.506693	
	0.448659	
	0.375832	
	0.533718	
	0.453281	
	0.501333	
	0.535991	
	0.426962	
	0.384761	
	0.331473	
	0.333893	
	0.302191	
	0.322405	
	0.352398	
	0.313070	
	0.310610	
	0.342335	
	0.348844	
	0.550803	
	0.687195	
	0.650267	
	0.616895	
	0.519958	
	0.453779	
	0.393895	
	0.379274	
	0.302019	
	0.301348	
	0.310405	
	0.275218	
	0.235814	
	0.294917	
	0.454959	
	0.416054	
	0.409843	
	0.408986	
	0.318429	
	0.373365	
	0.358686	
	0.342545	
	0.370235	
	0.332901	
	0.339713	
	0.329034	
	0.317982	
	0.325238	
	0.307832	
	0.511720	
	0.548946	
	0.467529	
	0.414435	
	0.398875	
	0.446970	
	0.385621	
	0.341212	
	0.334739	
	0.309084	
	0.340222	
	0.330331	
	0.335363	
	0.304313	
	0.372764	
	0.392280	
	0.451701	
	0.492218	
	0.431700	
	0.384833	
	0.313702	
	0.301903	
	0.264047	
	0.261970	
	0.277787	
	0.286460	
	0.317408	
	0.326685	
	0.292378	
	0.330895	
	0.511766	
	0.541706	
	0.474325	
	0.394354	
	0.395128	
	0.393666	
	0.447565	
	0.456091	
	0.496094	
	0.554079	
	0.491116	
	0.447896	
	0.371081	
	0.419414	
	0.574294	
	0.445760	
	0.444479	
	0.395560	
	0.378559	
	0.352069	
	0.347219	
	0.329683	
	0.336296	
	0.345250	
	0.396582	
	0.413220	
	0.477235	
	0.444242	
	0.366054	
	0.505202	
	0.550483	
	0.521277	
	0.460560	
	0.416837	
	0.436507	
	0.520473	
	0.431179	
	0.352406	
	0.343953	
	0.389294	
	0.389387	
	0.455783	
	0.428806	
	0.471794	
	0.474482	
	0.513118	
	0.532258	
	0.548323	
	0.485759	
	0.474266	
	0.552461	
	0.532264	
	0.570428	
	0.546823	
	0.528424	
	0.534510	
	0.558365	
	0.545413	
	0.589407	
	0.616276	
	0.655571	
	0.637187	
	0.519101	
	0.486812	
	0.449264	
	0.517240	
	0.495824	
	0.426237	
	0.396984	
	0.354484	
	0.373176	
	0.413002	
	0.503660	
	0.804535	
	0.664080	
	0.614427	
	0.485972	
	0.430815	
	0.361436	
	0.371311	
	0.363934	
	0.367374	
	0.486927	
	0.437028	
	0.380883	
	0.399346	
	0.376772	
	0.393404	
	0.555638	
	0.541969	
	0.568730	
	0.560113	
	0.447576	
	0.384928	
	0.430147	
	0.545933	
	0.542720	
	0.499314	
	0.526795	
	0.493710	
	0.491517	
	0.511674	
	0.555513	
	0.499890	
	0.540818	
	0.524264	
	0.513247	
	0.455115	
	0.416287	
	0.469377	
	0.462256	
	0.481998	
	0.462180	
	0.405474	
	0.455471	
	0.436087	
	0.523142	
	0.725109	
	0.665653	
	0.679163	
	0.620201	
	0.595410	
	0.576225	
	0.538745	
	0.469699	
	0.581417	
	0.521704	
	0.525992	
	0.523998	
	0.561936	
	0.577081	
	0.439742	
	0.492101	
	0.537324	
	0.546245	
	0.550798	
	0.526639	
	0.453471	
	0.522863	
	0.606385	
	0.665850	
	0.630735	
	0.517066	
	0.556652	
	0.527103	
	0.535969	
	0.576740	
	0.539410	
	0.537835	
	0.533880	
	0.518936	
	0.548533	
	0.504368	
	0.515110	
	0.379458	
	0.405289	
	0.472478	
	0.515457	
	0.508952	
	0.397636	
	0.450480	
	0.421372	
	0.507452	
	0.518314	
	0.510018	
	0.488471	
	0.466342	
	0.403951	
	0.410050	
	0.491110	
	0.490118	
	0.568682	
	0.488661	
	0.544066	
	0.547191	
	0.582011	
	0.610940	
	0.649873	
	0.616427	
	0.630852	
	0.600423	
	0.596186	
	0.418600	
	0.442898	
	0.418054	
	0.351586	
	0.464806	
	0.609682	
	0.642279	
	0.871672	
	0.945549	
	0.780611	
	0.597923	
	0.612441	
	0.527918	
	0.537288	
	0.457862	
	0.520487	
	0.526050	
	0.471026	
	0.502078	
	0.507964	
	0.503210	
	0.457386	
	0.433437	
	0.535209	
	0.581600	
	0.477264	
	0.375345	
	0.381276	
	0.434070	
	0.424213	
	0.361982	
	0.375145	
	0.350197	
	0.316236	
	0.378026	
	0.380307	
	0.396115	
	0.443311	
	0.362836	
	0.321574	
	0.475965	
	0.520224	
	0.523883	
	0.492410	
	0.438520	
	0.476974	
	0.523392	
	0.511765	
	0.547070	
	0.582563	
	0.525509	
	0.464368	
	0.417016	
	0.437133	
	0.400258	
	0.410660	
	0.276607	
	0.309621	
	0.300528	
	0.298743	
	0.297450	
	0.286217	
	0.286020	
	0.283488	
	0.323113	
	0.361752	
	0.375576	
	0.622205	
	0.813270	
	0.541486	
	0.355410	
	0.464774	
	0.418006	
	0.402383	
	0.424455	
	0.376224	
	0.392079	
	0.393025	
	0.395627	
	0.413555	
	0.396869	
	0.444186	
	0.466655	
	0.587766	
	0.590081	
	0.549186	
	0.515033	
	0.464137	
	0.426011	
	0.373275	
	0.411068	
	0.402357	
	0.401478	
	0.384604	
	0.379213	
	0.371334	
	0.362959	
	0.459787	
	0.479555	
	0.506755	
	0.509723	
	0.464537	
	0.419277	
	0.390689	
	0.383134	
	0.380851	
	0.420550	
	0.376679	
	0.368373	
	0.370721	
	0.345843	
	0.349517	
	0.502746	
	0.561270	
	0.447201	
	0.378956	
	0.377922	
	0.371592	
	0.377722	
	0.440471	
	0.504689	
	0.504140	
	0.486814	
	0.475505	
	0.426513	
	0.431189	
	0.456262	
	0.560314	
	0.371006	
	0.320904	
	0.368768	
	0.334145	
	0.335716	
	0.314527	
	0.399145	
	0.342533	
	0.342635	
	0.345265	
	0.357144	
	0.344708	
	0.374283	
	0.458868	
	0.518759	
	0.526391	
	0.419788	
	0.381783	
	0.361759	
	0.362475	
	0.589017	
	0.535335	
	0.621928	
	0.563615	
	0.535262	
	0.530675	
	0.562866	
	0.556206	
	0.471953	
	0.539413	
	0.490372	
	0.480922	
	0.410172	
	0.444557	
	0.438982	
	0.444423	
	0.446569	
	0.451014	
	0.463978	
	0.391883	
	0.356671	
	0.422709	
	0.554460	
	0.511303	
	0.609833	
	0.542298	
	0.544938	
	0.436835	
	0.399345	
	0.671139	
	0.585725	
	0.528104	
	0.465946	
	0.451346	
	0.424093	
	0.382954	
	0.648079	
	0.573293	
	0.558933	
	0.572148	
	0.606885	
	0.582597	
	0.589248	
	0.555249	
	0.667712	
	0.654966	
	0.616546	
	0.590960	
	0.616961	
	0.699276	
	0.861122	
	0.887920	
	0.886687	
	0.822131	
	0.718730	
	0.715033	
	0.707602	
	0.766435	
	0.665058	
	0.477217	
	0.588511	
	0.594828	
	0.608456	
	0.664563	
	0.671255	
	0.671802	
	0.540689	
	0.669729	
	0.694336	
	0.595823	
	0.618015	
	0.558139	
	0.518120	
	0.509394	
	0.505938	
	0.457191	
	0.558381	
	0.550902	
	0.453429	
	0.588239	
	0.754451	
	0.853743	
	0.861431	
	0.851015	
	0.795854	
	0.726022	
	0.675898	
	0.726002	
	0.728584	
	0.752012	
	0.747649	
	0.717170	
	0.707059	
	0.739205	
	0.769476	
	0.662714	
	0.497010	
	0.572120	
	0.576412	
	0.554779	
	0.493824	
	0.490542	
	0.515014	
	0.554867	
	0.486530	
	0.484109	
	0.524307	
	0.523193	
	0.558752	
	0.583266	
	0.618227	
	0.684907	
	0.686249	
	0.667149	
	0.671953	
	0.655634	
	0.709653	
	0.624382	
	0.523491	
	0.537796	
	0.520786	
	0.583708	
	0.634753	
	0.659661	
	0.631530	
	0.551811	
	0.676137	
	0.671612	
	0.602010	
	0.583706	
	0.557880	
	0.545903	
	0.596678	
	0.591241	
	0.637372	
	0.598502	
	0.572518	
	0.643997	
	0.604762	
	0.628989	
	0.706984	
	0.708065	
	0.641731	
	0.660307	
	0.669812	
	0.672603	
	0.635471	
	0.635876	
	0.626685	
	0.617700	
	0.627474	
	0.633158	
	0.530079	
	0.524646	
	0.621781	
	0.547765	
	0.560470	
	0.593004	
	0.532971	
	0.466851	
	0.508124	
	0.539678	
	0.569224	
	0.588036	
	0.566902	
	0.553757	
	0.541444	
	0.573235	
	0.606784	
	0.606331	
	0.698936	
	0.635959	
	0.520457	
	0.436675	
	0.509899	
	0.646323	
	0.618245	
	0.590443	
	0.441296	
	0.488205	
	0.479295	
	0.540284	
	0.529080	
	0.582167	
	0.618144	
	0.572313	
	0.631120	
	0.632595	
	0.547185	
	0.552631	
	0.507064	
	0.541130	
	0.566562	
	0.625541	
	0.511661	
	0.510464	
	0.517896	
	0.581901	
	0.612723	
	0.713944	
	0.660878	
	0.621768	
	0.523101	
	0.434644	
	0.467369	
	0.542905	
	0.600467	
	0.597058	
	0.623003	
	0.606361	
	0.536541	
	0.687282	
	0.669537	
	0.572236	
	0.471151	
	0.377395	
	0.367095	
	0.397365	
	0.377190	
	0.383675	
	0.451722	
	0.586086	
	0.489308	
	0.376066	
	0.360186	
	0.333848	
	0.339452	
	0.335921	
	0.423069	
	0.559396	
	0.529805	
	0.428271	
	0.402599	
	0.476583	
	0.528816	
	0.547159	
	0.522395	
	0.350697	
	0.337917	
	0.375642	
	0.412587	
	0.445663	
	0.458386	
	0.585712	
	0.590252	
	0.624004	
	0.582163	
	0.522123	
	0.489755	
	0.420220	
	0.489213	
	0.501713	
	0.416223	
	0.422153	
	0.430142	
	0.426226	
	0.420920	
	0.440364	
	0.669187	
	0.584383	
	0.599257	
	0.611780	
	0.645129	
	0.625367	
	0.621055	
	0.642589	
	0.652568	
	0.657304	
	0.657317	
	0.648821	
	0.605619	
	0.631160	
	0.630242	
	0.531618	
	0.497231	
	0.401145	
	0.439644	
	0.395791	
	0.388025	
	0.359238	
	0.461194	
	0.448895	
	0.417460	
	0.391028	
	0.437723	
	0.783437	
	0.905184	
	0.883233	
	0.863678	
	0.832703	
	0.757218	
	0.642237	
	0.624417	
	0.622715	
	0.624525	
	0.527558	
	0.517014	
	0.553641	
	0.528323	
	0.597995	
	0.548314	
	0.542744	
	0.627229	
	0.677774	
	0.686738	
	0.657637	
	0.557151	
	0.586249	
	0.553949	
	0.532220	
	0.531665	
	0.590153	
	0.547546	
	0.513814	
	0.456641	
	0.682359	
	0.794636	
	0.838947	
	0.819063	
	0.827067	
	0.816423	
	0.735475	
	0.658149	
	0.611716	
	0.642304	
	0.644552	
	0.671916	
	0.682027	
	0.671533	
	0.632464	
	0.658238	
	0.630398	
	0.514923	
	0.551141	
	0.482111	
	0.443947	
	0.474086	
	0.396889	
	0.414456	
	0.505144	
	0.463341	
	0.388187	
	0.454667	
	0.477428	
	0.566928	
	0.616333	
	0.697190	
	0.736129	
	0.682481	
	0.694205	
	0.757531	
	0.641495	
	0.653954	
	0.725200	
	0.560310	
	0.518612	
	0.517358	
	0.557449	
	0.628224	
	0.635980	
	0.688076	
	0.669425	
	0.656833	
	0.684785	
	0.584058	
	0.549022	
	0.574637	
	0.533101	
	0.504239	
	0.522001	
	0.525189	
	0.473379	
	0.460849	
	0.460664	
	0.460516	
	0.609741	
	0.682249	
	0.603065	
	0.637735	
	0.653261	
	0.632380	
	0.647826	
	0.633757	
	0.647961	
	0.647062	
	0.630588	
	0.614008	
	0.556763	
	0.641619	
	0.746463	
	0.588695	
	0.464517	
	0.534500	
	0.485864	
	0.478232	
	0.466891	
	0.492165	
	0.667450	
	0.540262	
	0.513242	
	0.465644	
	0.413025	
	0.471831	
	0.463956	
	0.607090	
	0.719642	
	0.714565	
	0.649376	
	0.621795	
	0.577205	
	0.707043	
	0.896650	
	0.706062	
	0.695793	
	0.525799	
	0.517178	
	0.499830	
	0.427440	
	0.492319	
	0.535290	
	0.594849	
	0.611023	
	0.522355	
	0.472624	
	0.449636	
	0.374002	
	0.382551	
	0.446493	
	0.379548	
	0.323207	
	0.386125	
	0.360728	
	0.363452	
	0.417191	
	0.550830	
	0.428253	
	0.427386	
	0.482000	
	0.504894	
	0.552802	
	0.558215	
	0.553606	
	0.536458	
	0.576855	
	0.574457	
	0.521400	
	0.526922	
	0.502700	
	0.469770	
	0.601035	
	0.676853	
	0.593502	
	0.471028	
	0.379844	
	0.351299	
	0.360816	
	0.359437	
	0.371379	
	0.362745	
	0.406365	
	0.405714	
	0.443671	
	0.441310	
	0.450852	
	0.483327	
	0.460680	
	0.458733	
	0.415342	
	0.353283	
	0.363027	
	0.361727	
	0.412589	
	0.408793	
	0.397688	
	0.466133	
	0.443188	
	0.559908	
	0.783504	
	0.864958	
	0.882491	
	0.924290	
	0.921922	
	0.902457	
	0.896486	
	0.888551	
	0.903841	
	0.885709	
	0.870063	
	0.837126	
	0.880627	
	0.880463	
	0.869364	
	0.865627	
	0.851785	
	0.858298	
	0.839162	
	0.843860	
	0.856521	
	0.828418	
	0.818562	
	0.799948	
	0.820431	
	0.850613	
	0.873211	
	0.917790	
	0.953290	
	0.928395	
	0.611266	
	0.539787	
	0.536295	
	0.639283	
	0.690543	
	0.663103	
	0.676281	
	0.689078	
	0.701630	
	0.663487	
	0.678983	
	0.690280	
	0.677333	
	0.625519	
	0.612690	
	0.645774	
	0.694761	
	0.761242	
	0.759176	
	0.729285	
	0.753531	
	0.744538	
	0.864946	
	0.884477	
	0.694156	
	0.618536	
	0.608941	
	0.499715	
	0.517682	
	0.630994	
	0.669965	
	0.563045	
	0.571526	
	0.561002	
	0.633405	
	0.604942	
	0.575216	
	0.584143	
	0.580994	
	0.586217	
	0.537510	
	0.394216	
	0.418567	
	0.336999	
	0.364793	
	0.396197	
	0.540863	
	0.552370	
	0.503504	
	0.425372	
	0.403771	
	0.400664	
	0.361945	
	0.359550	
	0.330577	
	0.323981	
	0.316677	
	0.283349	
	0.250221	
	0.383392	
	0.598450	
	0.407491	
	0.348397	
	0.255560	
	0.218324	
	0.217742	
	0.236048	
	0.247789	
	0.234465	
	0.217914	
	0.225094	
	0.181439	
	0.167731	
	0.181455	
	0.272999	
	0.506766	
	0.559421	
	0.434871	
	0.364399	
	0.324169	
	0.301762	
	0.288704	
	0.346628	
	0.356017	
	0.367784	
	0.322775	
	0.341247	
	0.346809	
	0.357745	
	0.424502	
	0.435486	
	0.532951	
	0.482028	
	0.393577	
	0.343499	
	0.347141	
	0.320855	
	0.390810	
	0.373552	
	0.345052	
	0.330668	
	0.383019	
	0.315873	
	0.340750	
	0.481068	
	0.536363	
	0.506492	
	0.436629	
	0.562837	
	0.642599	
	0.658365	
	0.687707	
	0.651407	
	0.608107	
	0.579193	
	0.435231	
	0.370050	
	0.321750	
	0.429483	
	0.384968	
	0.437849	
	0.388559	
	0.385663	
	0.376705	
	0.379422	
	0.428904	
	0.443436	
	0.437631	
	0.373109	
	0.412175	
	0.416924	
	0.396095	
	0.388111	
	0.413072	
	0.541696	
	0.543742	
	0.451043	
	0.435259	
	0.384471	
	0.578955	
	0.704992	
	0.734505	
	0.494212	
	0.445135	
	0.518988	
	0.398625	
	0.360465	
	0.376664	
	0.444978	
	0.542835	
	0.549099	
	0.601746	
	0.556521	
	0.553501	
	0.602455	
	0.623613	
	0.562138	
	0.573000	
	0.528898	
	0.549501	
	0.502805	
	0.513530	
	0.531899	
	0.584909	
	0.548569	
	0.548500	
	0.451094	
	0.450027	
	0.453489	
	0.435299	
	0.473387	
	0.452342	
	0.413369	
	0.357420	
	0.351953	
	0.390777	
	0.406698	
	0.491946	
	0.526975	
	0.514170	
	0.378111	
	0.331729	
	0.297155	
	0.330000	
	0.325444	
	0.465466	
	0.369703	
	0.316264	
	0.340647	
	0.352148	
	0.397345	
	0.469929	
	0.611807	
	0.628859	
	0.493497	
	0.505578	
	0.421628	
	0.324542	
	0.490746	
	0.559386	
	0.449535	
	0.481811	
	0.462054	
	0.498101	
	0.436321	
	0.460570	
	0.517294	
	0.515347	
	0.565465	
	0.522706	
	0.489393	
	0.429160	
	0.404640	
	0.394390	
	0.457619	
	0.423320	
	0.460503	
	0.434257	
	0.456523	
	0.455014	
	0.446652	
	0.666555	
	0.699284	
	0.665586	
	0.665267	
	0.698809	
	0.705444	
	0.708335	
	0.731975	
	0.754047	
	0.736596	
	0.712994	
	0.637951	
	0.516350	
	0.510436	
	0.621806	
	0.537161	
	0.527035	
	0.497179	
	0.519073	
	0.521015	
	0.498501	
	0.486973	
	0.474777	
	0.500143	
	0.495057	
	0.572452	
	0.606942	
	0.589874	
	0.558461	
	0.534595	
	0.595819	
	0.624642	
	0.600979	
	0.585710	
	0.572519	
	0.615785	
	0.584066	
	0.645717	
	0.652852	
	0.662806	
	0.698205	
	0.692657	
	0.660842	
	0.621067	
	0.526767	
	0.509650	
	0.551208	
	0.523526	
	0.531472	
	0.580382	
	0.613317	
	0.591046	
	0.567686	
	0.577391	
	0.539749	
	0.546666	
	0.578260	
	0.599748	
	0.655097	
	0.689471	
	0.697680	
	0.642874	
	0.623383	
	0.650968	
	0.614496	
	0.676062	
	0.745061	
	0.727451	
	0.678623	
	0.620249	
	0.618828	
	0.589487	
	0.603283	
	0.618080	
	0.565598	
	0.504909	
	0.493791	
	0.553537	
	0.560279	
	0.544631	
	0.544155	
	0.550395	
	0.521643	
	0.540147	
	0.555235	
	0.566448	
	0.602564	
	0.645928	
	0.660150	
	0.716017	
	0.663516	
	0.568195	
	0.577612	
	0.556600	
	0.598121	
	0.694320	
	0.666305	
	0.675770	
	0.638938	
	0.658224	
	0.585954	
	0.616834	
	0.598663	
	0.544282	
	0.562835	
	0.526679	
	0.579607	
	0.569561	
	0.534910	
	0.520311	
	0.597780	
	0.533850	
	0.474456	
	0.525100	
	0.521320	
	0.526279	
	0.521344	
	0.616840	
	0.658791	
	0.657325	
	0.603237	
	0.679521	
	0.702512	
	0.761662	
	0.795550	
	0.772347	
	0.794638	
	0.719215	
	0.718922	
	0.716125	
	0.525474	
	0.490422	
	0.565659	
	0.561390	
	0.524285	
	0.569885	
	0.560648	
	0.523080	
	0.519641	
	0.545442	
	0.545373	
	0.500107	
	0.531746	
	0.551442	
	0.609525	
	0.537508	
	0.531781	
	0.650346	
	0.739874	
	0.699573	
	0.673894	
	0.687997	
	0.642666	
	0.565407	
	0.553195	
	0.598823	
	0.654057	
	0.577054	
	0.640077	
	0.635289	
	0.611824	
	0.537164	
	0.486200	
	0.574057	
	0.523173	
	0.570015	
	0.542988	
	0.541647	
	0.543329	
	0.541957	
	0.643598	
	0.623164	
	0.569534	
	0.588945	
	0.550833	
	0.578455	
	0.625276	
	0.710212	
	0.720599	
	0.651667	
	0.667832	
	0.585050	
	0.671112	
	0.603312	
	0.472755	
	0.537336	
	0.575972	
	0.599521	
	0.585035	
	0.573224	
	0.593479	
	0.518143	
	0.566351	
	0.516331	
	0.506315	
	0.490909	
	0.498841	
	0.499000	
	0.485036	
	0.494386	
	0.493291	
	0.513819	
	0.516645	
	0.614774	
	0.635899	
	0.679436	
	0.705879	
	0.735366	
	0.653408	
	0.620110	
	0.596681	
	0.607328	
	0.571509	
	0.606199	
	0.558808	
	0.586673	
	0.585540	
	0.555891	
	0.612803	
	0.657729	
	0.527380	
	0.560535	
	0.558036	
	0.559146	
	0.549648	
	0.528044	
	0.547721	
	0.603371	
	0.615626	
	0.527038	
	0.558369	
	0.610061	
	0.558967	
	0.551074	
	0.555476	
	0.629098	
	0.631382	
	0.554240	
	0.470963	
	0.488783	
	0.543494	
	0.683461	
	0.721537	
	0.649983	
	0.641601	
	0.527926	
	0.516571	
	0.515657	
	0.673025	
	0.563051	
	0.482814	
	0.430012	
	0.441388	
	0.487369	
	0.529203	
	0.621098	
	0.564995	
	0.531498	
	0.528234	
	0.560872	
	0.587769	
	0.567781	
	0.573982	
	0.499724	
	0.459593	
	0.444293	
	0.485456	
	0.576109	
	0.545748	
	0.571044	
	0.558314	
	0.537317	
	0.527064	
	0.606601	
	0.577401	
	0.625199	
	0.620391	
	0.596055	
	0.617990	
	0.505192	
	0.543444	
	0.492906	
	0.514007	
	0.496267	
	0.516440	
	0.571861	
	0.507154	
	0.503276	
	0.441610	
	0.459173	
	0.475106	
	0.490630	
	0.484321	
	0.512661	
	0.459139	
	0.467299	
	0.457076	
	0.447402	
	0.388527	
	0.406057	
	0.457483	
	0.631736	
	0.622744	
	0.622448	
	0.606900	
	0.611569	
	0.552492	
	0.373337	
	0.521438	
	0.446962	
	0.558930	
	0.505335	
	0.502277	
	0.451034	
	0.445266	
	0.440620	
	0.435707	
	0.390548	
	0.367850	
	0.371446	
	0.377027	
	0.357626	
	0.368898	
	0.373975	
	0.368205	
	0.370924	
	0.406299	
	0.406985	
	0.438330	
	0.412985	
	0.424456	
	0.517853	
	0.539039	
	0.425531	
	0.420338	
	0.465251	
	0.521505	
	0.590743	
	0.787284	
	0.874343	
	0.907753	
	0.903286	
	0.864393	
	0.807605	
	0.669305	
	0.664417	
	0.640052	
	0.644406	
	0.645147	
	0.578779	
	0.513283	
	0.432642	
	0.484341	
	0.428077	
	0.500266	
	0.508479	
	0.517450	
	0.559030	
	0.576970	
	0.581656	
	0.596497	
	0.613340	
	0.555117	
	0.490234	
	0.529729	
	0.585986	
	0.583351	
	0.528110	
	0.441856	
	0.532022	
	0.566077	
	0.534334	
	0.455376	
	0.408637	
	0.416956	
	0.393913	
	0.465702	
	0.475587	
	0.526437	
	0.444733	
	0.419580	
	0.415764	
	0.418377	
	0.531076	
	0.535479	
	0.512085	
	0.546387	
	0.564431	
	0.567199	
	0.579557	
	0.614376	
	0.576730	
	0.537287	
	0.516176	
	0.515292	
	0.520024	
	0.498475	
	0.462521	
	0.501863	
	0.559331	
	0.488166	
	0.438291	
	0.401943	
	0.379756	
	0.374177	
	0.377991	
	0.363965	
	0.335270	
	0.314642	
	0.341679	
	0.368285	
	0.388463	
	0.620129	
	0.605039	
	0.587853	
	0.531997	
	0.470876	
	0.472567	
	0.439193	
	0.446675	
	0.463507	
	0.476387	
	0.520843	
	0.462831	
	0.449153	
	0.483552	
	0.559435	
	0.492217	
	0.507795	
	0.470449	
	0.429867	
	0.387480	
	0.363409	
	0.388332	
	0.502166	
	0.546376	
	0.475844	
	0.406833	
	0.401098	
	0.412669	
	0.418855	
	0.512864	
	0.571138	
	0.527940	
	0.460842	
	0.422591	
	0.411271	
	0.479728	
	0.519777	
	0.675218	
	0.637050	
	0.477714	
	0.468544	
	0.430218	
	0.389219	
	0.525517	
	0.465408	
	0.564958	
	0.505644	
	0.389582	
	0.323207	
	0.307218	
	0.292113	
	0.276809	
	0.295328	
	0.284241	
	0.284848	
	0.297373	
	0.366760	
	0.419247	
	0.657659	
	0.623774	
	0.537830	
	0.462217	
	0.462610	
	0.454544	
	0.471303	
	0.394494	
	0.377811	
	0.467144	
	0.524111	
	0.659003	
	0.660520	
	0.723028	
	0.635288	
	0.592006	
	0.404202	
	0.407049	
	0.389259	
	0.350619	
	0.369616	
	0.274681	
	0.340145	
	0.368731	
	0.345287	
	0.315942	
	0.321218	
	0.319195	
	0.325241	
	0.517457	
	0.619606	
	0.647370	
	0.538731	
	0.464359	
	0.687889	
	0.871150	
	0.907919	
	0.864090	
	0.578508	
	0.589510	
	0.571282	
	0.505589	
	0.610300	
	0.626334	
	0.633178	
	0.478019	
	0.488385	
	0.461849	
	0.365620	
	0.322905	
	0.275076	
	0.282173	
	0.262238	
	0.265677	
	0.229264	
	0.236178	
	0.284151	
	0.239697	
	0.242964	
	0.437909	
	0.463037	
	0.460581	
	0.469700	
	0.431917	
	0.430789	
	0.410160	
	0.416703	
	0.317221	
	0.339381	
	0.617508	
	0.824545	
	0.869540	
	0.886095	
	0.816409	
	0.535256	
	0.338686	
	0.284629	
	0.337589	
	0.335593	
	0.372678	
	0.398386	
	0.421094	
	0.438778	
	0.436591	
	0.419542	
	0.439906	
	0.394926	
	0.400977	
	0.526408	
	0.657531	
	0.559028	
	0.546901	
	0.598222	
	0.604671	
	0.598047	
	0.560461	
	0.613163	
	0.539328	
	0.530552	
	0.644336	
	0.580950	
	0.542234	
	0.668039	
	0.565365	
	0.465313	
	0.543078	
	0.471516	
	0.413863	
	0.357554	
	0.318378	
	0.349156	
	0.415903	
	0.390887	
	0.385778	
	0.313106	
	0.311551	
	0.394130	
	0.495110	
	0.541442	
	0.525199	
	0.491940	
	0.540679	
	0.590068	
	0.572350	
	0.591894	
	0.580877	
	0.592126	
	0.589434	
	0.573844	
	0.639585	
	0.693280	
	0.687344	
	0.557149	
	0.507298	
	0.470538	
	0.418916	
	0.334972	
	0.357546	
	0.349139	
	0.381854	
	0.373303	
	0.296764	
	0.354546	
	0.395060	
	0.305722	
	0.329421	
	0.414935	
	0.643765	
	0.670445	
	0.658720	
	0.638284	
	0.558606	
	0.524339	
	0.450782	
	0.469305	
	0.369745	
	0.398691	
	0.446890	
	0.432125	
	0.400311	
	0.453026	
	0.527082	
	0.506182	
	0.587788	
	0.524881	
	0.480884	
	0.450370	
	0.546929	
	0.486898	
	0.533918	
	0.538263	
	0.533681	
	0.491870	
	0.498501	
	0.435998	
	0.401297	
	0.492840	
	0.529341	
	0.491426	
	0.483079	
	0.513453	
	0.492728	
	0.368551	
	0.398047	
	0.390922	
	0.406658	
	0.373922	
	0.424723	
	0.639478	
	0.798000	
	0.835055	
	0.707787	
	0.614060	
	0.619959	
	0.529915	
	0.391856	
	0.357823	
	0.330350	
	0.328705	
	0.289530	
	0.313502	
	0.296057	
	0.284233	
	0.286098	
	0.278725	
	0.429249	
	0.571556	
	0.501279	
	0.485262	
	0.415402	
	0.454288	
	0.416297	
	0.437195	
	0.488913	
	0.477974	
	0.456083	
	0.425640	
	0.428333	
	0.407479	
	0.378376	
	0.472287	
	0.416013	
	0.508379	
	0.441963	
	0.426679	
	0.322140	
	0.299492	
	0.328453	
	0.326384	
	0.293634	
	0.289533	
	0.291641	
	0.303420	
	0.319352	
	0.404374	
	0.596301	
	0.655110	
	0.593979	
	0.559879	
	0.563662	
	0.562288	
	0.569743	
	0.570486	
	0.632385	
	0.613103	
	0.546272	
	0.733606	
	0.895025	
	0.924396	
	0.912980	
	0.646321	
	0.557715	
	0.486787	
	0.344582	
	0.464771	
	0.728120	
	0.865596	
	0.686562	
	0.657728	
	0.667019	
	0.612339	
	0.534945	
	0.530219	
	0.657108	
	0.689198	
	0.677769	
	0.641731	
	0.621002	
	0.601401	
	0.594574	
	0.630103	
	0.691637	
	0.724241	
	0.752969	
	0.703557	
	0.701240	
	0.789486	
	0.798235	
	0.668645	
	0.571993	
	0.512149	
	0.521720	
	0.472285	
	0.386209	
	0.384082	
	0.297126	
	0.297108	
	0.324756	
	0.337458	
	0.548326	
	0.733005	
	0.786286	
	0.738128	
	0.686119	
	0.707500	
	0.696069	
	0.678520	
	0.636737	
	0.568317	
	0.576259	
	0.559210	
	0.558228	
	0.596097	
	0.486570	
	0.444145	
	0.382657	
	0.414518	
	0.597492	
	0.702379	
	0.511258	
	0.543609	
	0.544236	
	0.587694	
	0.623028	
	0.682480	
	0.664610	
	0.606356	
	0.633012	
	0.623855	
	0.633936	
	0.636980	
	0.616517	
	0.615610	
	0.655467	
	0.739114	
	0.684812	
	0.660616	
	0.653762	
	0.626100	
	0.544130	
	0.537513	
	0.496671	
	0.486274	
	0.567959	
	0.609473	
	0.448726	
	0.486927	
	0.667470	
	0.457499	
	0.547498	
	0.597798	
	0.520988	
	0.398586	
	0.323593	
	0.345165	
	0.321301	
	0.344728	
	0.327988	
	0.367472	
	0.487687	
	0.820062	
	0.904670	
	0.824223	
	0.711064	
	0.789833	
	0.752306	
	0.723724	
	0.668163	
	0.639259	
	0.603957	
	0.630448	
	0.624944	
	0.653498	
	0.680805	
	0.698767	
	0.733148	
	0.663793	
	0.632084	
	0.432154	
	0.442395	
	0.440009	
	0.410686	
	0.390143	
	0.437935	
	0.556826	
	0.517093	
	0.501011	
	0.404253	
	0.352947	
	0.407546	
	0.461892	
	0.551553	
	0.610483	
	0.624107	
	0.608700	
	0.544527	
	0.585750	
	0.556586	
	0.602979	
	0.502338	
	0.519188	
	0.558653	
	0.555664	
	0.449995	
	0.477685	
	0.576825	
	0.496015	
	0.502712	
	0.525681	
	0.448117	
	0.462727	
	0.442078	
	0.427520	
	0.454130	
	0.410679	
	0.404224	
	0.461093	
	0.485910	
	0.385819	
	0.408912	
	0.427029	
	0.601461	
	0.610919	
	0.551124	
	0.633789	
	0.503201	
	0.481574	
	0.541355	
	0.545249	
	0.606981	
	0.533284	
	0.480930	
	0.465775	
	0.430102	
	0.524757	
	0.501484	
	0.470338	
	0.465191	
	0.383134	
	0.429168	
	0.343303	
	0.468798	
	0.459296	
	0.574358	
	0.501574	
	0.445236	
	0.460738	
	0.449971	
	0.426242	
	0.408699	
	0.546036	
	0.682406	
	0.674168	
	0.608107	
	0.564772	
	0.517438	
	0.506582	
	0.529181	
	0.598459	
	0.512346	
	0.483584	
	0.491435	
	0.492027	
	0.476083	
	0.532500	
	0.531637	
	0.550394	
	0.548442	
	0.538220	
	0.451461	
	0.406431	
	0.402530	
	0.380164	
	0.347587	
	0.332918	
	0.362428	
	0.431976	
	0.436352	
	0.458983	
	0.647961	
	0.760193	
	0.764431	
	0.728896	
	0.733384	
	0.741445	
	0.780181	
	0.741110	
	0.684466	
	0.623117	
	0.649163	
	0.693166	
	0.630901	
	0.565350	
	0.471323	
	0.523118	
	0.472668	
	0.520844	
	0.510473	
	0.596801	
	0.592987	
	0.592714	
	0.675238	
	0.683653	
	0.609178	
	0.590191	
	0.642222	
	0.628160	
	0.665411	
	0.689677	
	0.682381	
	0.687546	
	0.653471	
	0.550123	
	0.577592	
	0.683124	
	0.752749	
	0.736581	
	0.553208	
	0.548524	
	0.440033	
	0.429878	
	0.440613	
	0.442804	
	0.418228	
	0.512496	
	0.474514	
	0.485721	
	0.444066	
	0.383176	
	0.331119	
	0.306851	
	0.308273	
	0.347506	
	0.304545	
	0.318317	
	0.368806	
	0.355820	
	0.312189	
	0.354035	
	0.566998	
	0.611657	
	0.578888	
	0.514431	
	0.450591	
	0.384459	
	0.418264	
	0.400794	
	0.337929	
	0.364579	
	0.337512	
	0.321303	
	0.298903	
	0.267897	
	0.419553	
	0.428211	
	0.360919	
	0.318195	
	0.353943	
	0.321670	
	0.369114	
	0.366579	
	0.346941	
	0.332388	
	0.371981	
	0.361648	
	0.404619	
	0.391920	
	0.451670	
	0.551540	
	0.513194	
	0.455753	
	0.410505	
	0.410425	
	0.431700	
	0.462728	
	0.480039	
	0.460499	
	0.402786	
	0.440247	
	0.408771	
	0.432485	
	0.477962	
	0.478963	
	0.423468	
	0.513551	
	0.495787	
	0.451762	
	0.360786	
	0.328413	
	0.343334	
	0.403459	
	0.421905	
	0.430615	
	0.425579	
	0.426904	
	0.381403	
	0.384470	
	0.461242	
	0.548859	
	0.589481	
	0.552292	
	0.563466	
	0.555451	
	0.543097	
	0.538337	
	0.554341	
	0.542325	
	0.469456	
	0.582187	
	0.583748	
	0.598090	
	0.731351	
	0.512306	
	0.389920	
	0.406938	
	0.380291	
	0.382093	
	0.420080	
	0.426873	
	0.343268	
	0.340467	
	0.414204	
	0.447663	
	0.412988	
	0.342161	
	0.322175	
	0.373274	
	0.585105	
	0.603613	
	0.516695	
	0.527267	
	0.428294	
	0.387995	
	0.464168	
	0.453467	
	0.378936	
	0.416286	
	0.492739	
	0.468458	
	0.573473	
	0.499674	
	0.481643	
	0.442133	
	0.587842	
	0.463263	
	0.468022	
	0.461406	
	0.500234	
	0.441364	
	0.485863	
	0.501324	
	0.522449	
	0.528080	
	0.572771	
	0.552051	
	0.568105	
	0.635962	
	0.706290	
	0.678062	
	0.655271	
	0.631298	
	0.592492	
	0.534750	
	0.493987	
	0.508108	
	0.490823	
	0.604179	
	0.747624	
	0.814576	
	0.875712	
	0.795258	
	0.542471	
	0.478824	
	0.394387	
	0.379828	
	0.361517	
	0.409031	
	0.437830	
	0.439365	
	0.528746	
	0.501386	
	0.554169	
	0.557877	
	0.576459	
	0.460875	
	0.542217	
	0.562623	
	0.640585	
	0.645282	
	0.611888	
	0.563236	
	0.543533	
	0.521948	
	0.495021	
	0.518773	
	0.516707	
	0.543651	
	0.517200	
	0.540286	
	0.605559	
	0.503303	
	0.495396	
	0.514197	
	0.463322	
	0.426413	
	0.444954	
	0.413008	
	0.415777	
	0.427566	
	0.459443	
	0.429221	
	0.445775	
	0.426149	
	0.434957	
	0.522639	
	0.627196	
	0.674458	
	0.655333	
	0.619914	
	0.632246	
	0.603412	
	0.659628	
	0.671225	
	0.642757	
	0.594037	
	0.632520	
	0.642945	
	0.649320	
	0.639945	
	0.479237	
	0.525359	
	0.507172	
	0.582574	
	0.533086	
	0.515444	
	0.621379	
	0.744678	
	0.741660	
	0.669517	
	0.585664	
	0.487637	
	0.577119	
	0.582580	
	0.563905	
	0.550750	
	0.527226	
	0.503096	
	0.500926	
	0.472269	
	0.460855	
	0.505677	
	0.532694	
	0.469394	
	0.507524	
	0.386891	
	0.379299	
	0.433744	
	0.480468	
	0.542851	
	0.440289	
	0.505995	
	0.556023	
	0.543698	
	0.449176	
	0.552424	
	0.675532	
	0.728480	
	0.695861	
	0.536419	
	0.525516	
	0.557263	
	0.580677	
	0.537596	
	0.573463	
	0.514032	
	0.506544	
	0.496771	
	0.431548	
	0.499076	
	0.492614	
	0.465797	
	0.414421	
	0.395670	
	0.515841	
	0.659590	
	0.837946	
	0.913995	
	0.918614	
	0.907762	
	0.587069	
	0.590723	
	0.607203	
	0.486950	
	0.451203	
	0.421326	
	0.314601	
	0.381368	
	0.428415	
	0.396817	
	0.411164	
	0.483431	
	0.461537	
	0.419450	
	0.383256	
	0.350024	
	0.414832	
	0.359978	
	0.319542	
	0.391656	
	0.387031	
	0.403929	
	0.369539	
	0.343369	
	0.379494	
	0.378512	
	0.369363	
	0.302712	
	0.464436	
	0.474135	
	0.435830	
	0.547526	
	0.540765	
	0.521043	
	0.625538	
	0.623638	
	0.563275	
	0.615401	
	0.616963	
	0.640347	
	0.629887	
	0.550133	
	0.492035	
	0.545915	
	0.483486	
	0.343958	
	0.344656	
	0.339304	
	0.296624	
	0.263122	
	0.298311	
	0.351364	
	0.330755	
	0.349252	
	0.384065	
	0.311797	
	0.315414	
	0.396355	
	0.641601	
	0.511259	
	0.479448	
	0.501512	
	0.567846	
	0.590393	
	0.608090	
	0.594839	
	0.603895	
	0.576781	
	0.607015	
	0.586449	
	0.614398	
	0.567901	
	0.543573	
	0.537731	
	0.554413	
	0.570494	
	0.585935	
	0.555781	
	0.487134	
	0.484943	
	0.505632	
	0.550116	
	0.472029	
	0.442999	
	0.411949	
	0.433164	
	0.456947	
	0.398881	
	0.484056	
	0.452621	
	0.481529	
	0.462974	
	0.453555	
	0.388589	
	0.376496	
	0.408513	
	0.397222	
	0.383547	
	0.353706	
	0.372676	
	0.377888	
	0.393533	
	0.390850	
	0.503560	
	0.593692	
	0.524644	
	0.469671	
	0.493243	
	0.509349	
	0.452126	
	0.443998	
	0.489623	
	0.487184	
	0.480462	
	0.411205	
	0.438732	
	0.444868	
	0.512253	
	0.424102	
	0.509577	
	0.505275	
	0.463039	
	0.427742	
	0.436277	
	0.363623	
	0.469690	
	0.540613	
	0.618199	
	0.450829	
	0.363078	
	0.362023	
	0.410337	
	0.573055	
	0.576032	
	0.481683	
	0.426681	
	0.388786	
	0.440834	
	0.395157	
	0.456022	
	0.620977	
	0.486296	
	0.516382	
	0.529853	
	0.455823	
	0.455594	
	0.408107	
	0.448721	
	0.408516	
	0.335430	
	0.305303	
	0.293194	
	0.220604	
	0.229015	
	0.440775	
	0.542059	
	0.376377	
	0.340622	
	0.306957	
	0.314127	
	0.311896	
	0.548867	
	0.630201	
	0.546596	
	0.501065	
	0.364169	
	0.378083	
	0.376422	
	0.472126	
	0.652583	
	0.493276	
	0.388588	
	0.433418	
	0.497168	
	0.404791	
	0.477225	
	0.628322	
	0.525268	
	0.526157	
	0.581722	
	0.611429	
	0.591828	
	0.584302	
	0.557594	
	0.666474	
	0.640032	
	0.601918	
	0.589902	
	0.578061	
	0.721812	
	0.872495	
	0.898753	
	0.879552	
	0.833601	
	0.730167	
	0.720545	
	0.696818	
	0.760187	
	0.640669	
	0.475840	
	0.583580	
	0.604924	
	0.633918	
	0.672705	
	0.662897	
	0.667756	
	0.526825	
	0.690180	
	0.682183	
	0.604432	
	0.587672	
	0.527094	
	0.498370	
	0.465066	
	0.463301	
	0.383834	
	0.534574	
	0.500325	
	0.446937	
	0.641858	
	0.773019	
	0.859435	
	0.860368	
	0.855688	
	0.803993	
	0.702297	
	0.676947	
	0.734597	
	0.706318	
	0.703485	
	0.723587	
	0.712905	
	0.688940	
	0.717029	
	0.736380	
	0.624890	
	0.501149	
	0.552760	
	0.562696	
	0.530414	
	0.491683	
	0.481064	
	0.528126	
	0.531416	
	0.469374	
	0.481289	
	0.513242	
	0.507061	
	0.572488	
	0.597913	
	0.633691	
	0.685456	
	0.689267	
	0.637609	
	0.634273	
	0.647423	
	0.682626	
	0.603937	
	0.508409	
	0.536329	
	0.495542	
	0.551515	
	0.597978	
	0.618636	
	0.644838	
	0.547683	
	0.672538	
	0.627887	
	0.573287	
	0.553821	
	0.550875	
	0.549054	
	0.589020	
	0.606763	
	0.647623	
	0.572637	
	0.563590	
	0.633452	
	0.600961	
	0.626781	
	0.730508	
	0.690873	
	0.623930	
	0.642641	
	0.669533	
	0.648759	
	0.632451	
	0.630666	
	0.609870	
	0.613088	
	0.626344	
	0.648071	
	0.536202	
	0.535896	
	0.620372	
	0.510506	
	0.577089	
	0.601514	
	0.528252	
	0.509739	
	0.502655	
	0.508125	
	0.565356	
	0.613321	
	0.572411	
	0.554572	
	0.554847	
	0.570367	
	0.606425	
	0.588284	
	0.684075	
	0.601039	
	0.500883	
	0.440267	
	0.517447	
	0.626064	
	0.587359	
	0.561891	
	0.439390	
	0.487569	
	0.472516	
	0.534706	
	0.537947	
	0.569456	
	0.587497	
	0.571110	
	0.638521	
	0.626300	
	0.551080	
	0.527768	
	0.512207	
	0.541591	
	0.542979	
	0.622543	
	0.495116	
	0.503380	
	0.533542	
	0.564841	
	0.647133	
	0.745429	
	0.644535	
	0.601569	
	0.524845	
	0.441776	
	0.458674	
	0.534277	
	0.622520	
	0.638325	
	0.616171	
	0.591486	
	0.552772	
	0.686507	
	0.655381	
	0.552994	
	0.447820	
	0.363824	
	0.347152	
	0.398606	
	0.387653	
	0.391918	
	0.456000	
	0.559251	
	0.454868	
	0.377881	
	0.351058	
	0.320428	
	0.339000	
	0.345295	
	0.452460	
	0.540706	
	0.495698	
	0.410178	
	0.418329	
	0.476960	
	0.525517	
	0.540420	
	0.505720	
	0.327635	
	0.362539	
	0.355381	
	0.433969	
	0.472012	
	0.467964	
	0.580845	
	0.597531	
	0.605996	
	0.557075	
	0.489128	
	0.458920	
	0.427493	
	0.501841	
	0.479713	
	0.430025	
	0.412746	
	0.419210	
	0.432336	
	0.418937	
	0.467553	
	0.660284	
	0.541958	
	0.584175	
	0.591457	
	0.627878	
	0.631238	
	0.665166	
	0.688815	
	0.676667	
	0.686167	
	0.642353	
	0.585238	
	0.625679	
	0.646190	
	0.629166	
	0.526889	
	0.494340	
	0.399600	
	0.409268	
	0.377715	
	0.379091	
	0.351209	
	0.457856	
	0.461917	
	0.417895	
	0.392016	
	0.449752	
	0.809126	
	0.917847	
	0.896010	
	0.854012	
	0.805025	
	0.783073	
	0.700241	
	0.648475	
	0.652586	
	0.631148	
	0.530133	
	0.525224	
	0.559701	
	0.552708	
	0.644788	
	0.568869	
	0.591561	
	0.626155	
	0.698530	
	0.682872	
	0.656729	
	0.573861	
	0.587392	
	0.583121	
	0.527461	
	0.513978	
	0.526907	
	0.508914	
	0.479341	
	0.484476	
	0.729394	
	0.792625	
	0.834046	
	0.815752	
	0.822450	
	0.802797	
	0.728051	
	0.644062	
	0.609764	
	0.666148	
	0.666434	
	0.611479	
	0.660380	
	0.668491	
	0.644531	
	0.672917	
	0.636824	
	0.521861	
	0.550105	
	0.463795	
	0.485339	
	0.441980	
	0.411017	
	0.433769	
	0.518732	
	0.445656	
	0.381788	
	0.463470	
	0.476195	
	0.571460	
	0.615894	
	0.719885	
	0.726010	
	0.650740	
	0.671227	
	0.756101	
	0.665049	
	0.674507	
	0.724494	
	0.578845	
	0.536870	
	0.529504	
	0.581535	
	0.653622	
	0.636049	
	0.657721	
	0.645074	
	0.662186	
	0.681317	
	0.583748	
	0.547115	
	0.586412	
	0.504000	
	0.522801	
	0.496793	
	0.488778	
	0.480615	
	0.489309	
	0.496863	
	0.504777	
	0.616851	
	0.680481	
	0.613658	
	0.651747	
	0.678116	
	0.672058	
	0.665652	
	0.647493	
	0.668448	
	0.657696	
	0.630643	
	0.595329	
	0.546079	
	0.610703	
	0.715848	
	0.570205	
	0.492206	
	0.543414	
	0.520817	
	0.502647	
	0.445538	
	0.515527	
	0.694165	
	0.550821	
	0.508025	
	0.471754	
	0.428504	
	0.483511	
	0.483103	
	0.606596	
	0.733216	
	0.731333	
	0.665022	
	0.628581	
	0.572978	
	0.697183	
	0.904107	
	0.715592	
	0.696255	
	0.530470	
	0.535471	
	0.502553	
	0.419317	
	0.503591	
	0.530838	
	0.597104	
	0.610739	
	0.519989	
	0.465004	
	0.442812	
	0.406124	
	0.399466	
	0.443562	
	0.388099	
	0.322944	
	0.383758	
	0.342573	
	0.348368	
	0.405344	
	0.523747	
	0.410801	
	0.405458	
	0.466316	
	0.465024	
	0.535218	
	0.541047	
	0.549660	
	0.534191	
	0.571214	
	0.589294	
	0.547902	
	0.508392	
	0.479724	
	0.469757	
	0.583131	
	0.692806	
	0.598458	
	0.475628	
	0.384331	
	0.360749	
	0.338892	
	0.365242	
	0.376468	
	0.371232	
	0.420852	
	0.403706	
	0.433159	
	0.443615	
	0.492665	
	0.503242	
	0.489913	
	0.465115	
	0.385669	
	0.396591	
	0.380019	
	0.387435	
	0.412002	
	0.433725	
	0.415648	
	0.485296	
	0.498362	
	0.602310	
	0.789906	
	0.862321	
	0.872422	
	0.924981	
	0.916509	
	0.909665	
	0.894221	
	0.895589	
	0.897783	
	0.878677	
	0.880568	
	0.843466	
	0.886009	
	0.882963	
	0.878453	
	0.874285	
	0.854916	
	0.864194	
	0.862500	
	0.816738	
	0.841281	
	0.836005	
	0.824228	
	0.838690	
	0.847156	
	0.848807	
	0.870530	
	0.927992	
	0.960372	
	0.932300	
	0.620740	
	0.519968	
	0.522605	
	0.637296	
	0.663550	
	0.651120	
	0.670728	
	0.693988	
	0.688774	
	0.678674	
	0.702357	
	0.676798	
	0.679199	
	0.644065	
	0.634522	
	0.653887	
	0.698372	
	0.756003	
	0.746899	
	0.735400	
	0.752244	
	0.750643	
	0.853139	
	0.876729	
	0.682300	
	0.619861	
	0.608024	
	0.469143	
	0.509374	
	0.606649	
	0.692198	
	0.568490	
	0.577390	
	0.554956	
	0.661119	
	0.650524	
	0.603979	
	0.600778	
	0.595780	
	0.578778	
	0.532317	
	0.413196	
	0.425851	
	0.349498	
	0.373299	
	0.386354	
	0.535813	
	0.531470	
	0.498913	
	0.457284	
	0.412214	
	0.395921	
	0.373145	
	0.348748	
	0.314879	
	0.309522	
	0.311442	
	0.289158	
	0.258235	
	0.371476	
	0.586309	
	0.407705	
	0.364275	
	0.249870	
	0.222191	
	0.237009	
	0.243207	
	0.255091	
	0.242273	
	0.213807	
	0.218573	
	0.181350	
	0.164284	
	0.186045	
	0.275454	
	0.492298	
	0.557545	
	0.416541	
	0.372162	
	0.345828	
	0.326522	
	0.326028	
	0.361022	
	0.350838	
	0.325931	
	0.321252	
	0.355821	
	0.375123	
	0.390818	
	0.438813	
	0.441053	
	0.537184	
	0.466382	
	0.391889	
	0.367679	
	0.355633	
	0.313026	
	0.359924	
	0.358060	
	0.366408	
	0.336099	
	0.377036	
	0.350736	
	0.368310	
	0.480961	
	0.543695	
	0.533239	
	0.461639	
	0.572255	
	0.662190	
	0.685004	
	0.703716	
	0.682083	
	0.648313	
	0.574618	
	0.463799	
	0.429138	
	0.397407	
	0.431056	
	0.427278	
	0.425522	
	0.401825	
	0.377730	
	0.365701	
	0.389616	
	0.454213	
	0.444235	
	0.406320	
	0.377704	
	0.433917	
	0.455124	
	0.422320	
	0.404736	
	0.386527	
	0.559690	
	0.549386	
	0.435415	
	0.433342	
	0.352271	
	0.528597	
	0.733072	
	0.714928	
	0.511141	
	0.460109	
	0.506327	
	0.424157	
	0.345610	
	0.315992	
	0.438622	
	0.526521	
	0.547049	
	0.587540	
	0.586094	
	0.553181	
	0.589838	
	0.624658	
	0.562139	
	0.563723	
	0.551755	
	0.556591	
	0.516532	
	0.533820	
	0.511974	
	0.572978	
	0.514462	
	0.534610	
	0.452312	
	0.435990	
	0.462082	
	0.453553	
	0.448331	
	0.450512	
	0.440132	
	0.389800	
	0.325517	
	0.380746	
	0.375948	
	0.435316	
	0.517336	
	0.495143	
	0.392286	
	0.327706	
	0.285721	
	0.306612	
	0.323973	
	0.452486	
	0.384286	
	0.310300	
	0.333041	
	0.355221	
	0.362530	
	0.448744	
	0.604279	
	0.633398	
	0.500602	
	0.520474	
	0.408515	
	0.330655	
	0.433374	
	0.557953	
	0.454099	
	0.489881	
	0.465185	
	0.489925	
	0.457125	
	0.480078	
	0.510484	
	0.500182	
	0.536548	
	0.495326	
	0.475156	
	0.402506	
	0.400385	
	0.389852	
	0.438969	
	0.430822	
	0.446399	
	0.410219	
	0.450360	
	0.430240	
	0.403832	
	0.647750	
	0.708523	
	0.653015	
	0.659984	
	0.669375	
	0.710275	
	0.693774	
	0.739575	
	0.726939	
	0.713596	
	0.704440	
	0.561219	
	0.504250	
	0.498264	
	0.594080	
	0.556470	
	0.512436	
	0.490486	
	0.508737	
	0.505304	
	0.489096	
	0.480505	
	0.470402	
	0.497816	
	0.510521	
	0.580216	
	0.607888	
	0.601155	
	0.565146	
	0.539400	
	0.585259	
	0.616202	
	0.610302	
	0.561014	
	0.568613	
	0.610148	
	0.577999	
	0.626212	
	0.640578	
	0.641342	
	0.690495	
	0.684134	
	0.639625	
	0.607778	
	0.581722	
	0.512405	
	0.543360	
	0.524944	
	0.526919	
	0.562137	
	0.605923	
	0.601820	
	0.569704	
	0.570082	
	0.544876	
	0.546742	
	0.577470	
	0.590476	
	0.646128	
	0.690088	
	0.690538	
	0.681884	
	0.620830	
	0.643982	
	0.629663	
	0.684416	
	0.775855	
	0.765440	
	0.680723	
	0.609496	
	0.640783	
	0.614301	
	0.649250	
	0.623349	
	0.588642	
	0.501847	
	0.459967	
	0.542346	
	0.574186	
	0.529309	
	0.534636	
	0.546259	
	0.504805	
	0.557175	
	0.546313	
	0.577169	
	0.595084	
	0.656999	
	0.659837	
	0.698348	
	0.656962	
	0.572924	
	0.596024	
	0.576957	
	0.621505	
	0.682752	
	0.672910	
	0.681645	
	0.663630	
	0.675784	
	0.579700	
	0.610016	
	0.595424	
	0.534152	
	0.583050	
	0.531289	
	0.598077	
	0.584798	
	0.526050	
	0.502539	
	0.607464	
	0.546495	
	0.501101	
	0.510940	
	0.524528	
	0.517057	
	0.484993	
	0.570611	
	0.663148	
	0.638170	
	0.613545	
	0.663013	
	0.703882	
	0.750850	
	0.785466	
	0.786613	
	0.812958	
	0.720822	
	0.654845	
	0.669380	
	0.562762	
	0.452281	
	0.574426	
	0.552132	
	0.512989	
	0.547075	
	0.537614	
	0.539685	
	0.535395	
	0.536215	
	0.536576	
	0.493678	
	0.548016	
	0.583115	
	0.595771	
	0.577094	
	0.526471	
	0.622950	
	0.732041	
	0.691302	
	0.670493	
	0.681873	
	0.604281	
	0.601138	
	0.563708	
	0.607346	
	0.665774	
	0.638892	
	0.634991	
	0.641312	
	0.576378	
	0.572514	
	0.475923	
	0.570706	
	0.528238	
	0.583139	
	0.566694	
	0.535541	
	0.540039	
	0.527596	
	0.620754	
	0.651525	
	0.582854	
	0.595818	
	0.555047	
	0.583883	
	0.596137	
	0.714603	
	0.718825	
	0.680771	
	0.673877	
	0.611714	
	0.665046	
	0.621939	
	0.521315	
	0.504696	
	0.570522	
	0.606002	
	0.600357	
	0.587749	
	0.582902	
	0.542557	
	0.520762	
	0.515327	
	0.504502	
	0.488239	
	0.491890	
	0.496412	
	0.456514	
	0.467037	
	0.508515	
	0.512463	
	0.524401	
	0.586649	
	0.643540	
	0.657574	
	0.703001	
	0.736780	
	0.662975	
	0.605112	
	0.592503	
	0.595754	
	0.609663	
	0.616241	
	0.594002	
	0.586774	
	0.575724	
	0.546761	
	0.604169	
	0.663169	
	0.540464	
	0.557158	
	0.566225	
	0.560749	
	0.544956	
	0.548531	
	0.534801	
	0.576877	
	0.588130	
	0.515220	
	0.553185	
	0.593806	
	0.565328	
	0.525736	
	0.536238	
	0.619633	
	0.598996	
	0.570352	
	0.513729	
	0.490704	
	0.559350	
	0.699000	
	0.733774	
	0.660875	
	0.620828	
	0.600159	
	0.557388	
	0.544846	
	0.545395	
	0.707019	
	0.538636	
	0.504937	
	0.508225	
	0.486909	
	0.510150	
	0.474761	
	0.489626	
	0.435480	
	0.464571	
	0.471100	
	0.485930	
	0.457946	
	0.430509	
	0.398438	
	0.406789	
	0.397726	
	0.416040	
	0.459220	
	0.419023	
	0.455713	
	0.485536	
	0.467161	
	0.446930	
	0.619621	
	0.696550	
	0.662809	
	0.726534	
	0.635695	
	0.580163	
	0.639914	
	0.621722	
	0.572249	
	0.466358	
	0.446134	
	0.409437	
	0.430779	
	0.399426	
	0.368941	
	0.388150	
	0.389366	
	0.478844	
	0.489000	
	0.449972	
	0.428701	
	0.427322	
	0.400599	
	0.369848	
	0.348451	
	0.355876	
	0.392475	
	0.345992	
	0.335905	
	0.583076	
	0.656096	
	0.636827	
	0.622224	
	0.671173	
	0.600073	
	0.432862	
	0.539471	
	0.536406	
	0.542054	
	0.526775	
	0.479591	
	0.472337	
	0.419757	
	0.388555	
	0.322940	
	0.349151	
	0.375130	
	0.385909	
	0.374891	
	0.409235	
	0.364010	
	0.334366	
	0.385331	
	0.406684	
	0.394521	
	0.385032	
	0.404608	
	0.416036	
	0.484665	
	0.405813	
	0.369127	
	0.389303	
	0.480522	
	0.588629	
	0.822912	
	0.904914	
	0.933415	
	0.916874	
	0.896357	
	0.843151	
	0.679036	
	0.580821	
	0.550079	
	0.586712	
	0.561569	
	0.511827	
	0.542930	
	0.518998	
	0.473451	
	0.483587	
	0.529442	
	0.493840	
	0.490839	
	0.541688	
	0.586082	
	0.575717	
	0.507389	
	0.534639	
	0.504518	
	0.500158	
	0.462732	
	0.502744	
	0.499739	
	0.478084	
	0.461485	
	0.532195	
	0.550607	
	0.583800	
	0.491414	
	0.385768	
	0.302692	
	0.280697	
	0.250561	
	0.238848	
	0.240861	
	0.248293	
	0.239413	
	0.251462	
	0.252580	
	0.252789	
	0.461719	
	0.466175	
	0.364930	
	0.281384	
	0.257858	
	0.290989	
	0.293697	
	0.284700	
	0.269322	
	0.268438	
	0.302755	
	0.332065	
	0.302110	
	0.315302	
	0.442139	
	0.477362	
	0.543402	
	0.450320	
	0.331503	
	0.319244	
	0.306638	
	0.292225	
	0.318430	
	0.287295	
	0.285096	
	0.291707	
	0.287921	
	0.281338	
	0.288647	
	0.442211	
	0.533575	
	0.519412	
	0.481915	
	0.428218	
	0.399241	
	0.402442	
	0.418366	
	0.432966	
	0.376338	
	0.339747	
	0.369860	
	0.396162	
	0.354493	
	0.509445	
	0.470670	
	0.452247	
	0.401968	
	0.323856	
	0.306103	
	0.311471	
	0.332211	
	0.371964	
	0.336504	
	0.298149	
	0.306896	
	0.318307	
	0.290819	
	0.298916	
	0.541285	
	0.621031	
	0.525280	
	0.424202	
	0.430408	
	0.394506	
	0.368231	
	0.390480	
	0.594152	
	0.581196	
	0.511515	
	0.460063	
	0.426046	
	0.446471	
	0.675425	
	0.547963	
	0.614364	
	0.651870	
	0.608971	
	0.531338	
	0.534217	
	0.569274	
	0.556385	
	0.547938	
	0.536441	
	0.553005	
	0.522243	
	0.472687	
	0.494812	
	0.622311	
	0.666374	
	0.586367	
	0.580078	
	0.557105	
	0.549140	
	0.496189	
	0.577532	
	0.606123	
	0.633149	
	0.608581	
	0.570740	
	0.562232	
	0.603050	
	0.615086	
	0.573055	
	0.545629	
	0.632061	
	0.655622	
	0.645641	
	0.631705	
	0.743018	
	0.715655	
	0.739109	
	0.705746	
	0.687852	
	0.690488	
	0.670679	
	0.691907	
	0.687870	
	0.687381	
	0.668666	
	0.618039	
	0.624321	
	0.608922	
	0.633895	
	0.616083	
	0.627096	
	0.610649	
	0.622049	
	0.592017	
	0.602688	
	0.590252	
	0.561974	
	0.591953	
	0.630119	
	0.625316	
	0.645148	
	0.654232	
	0.598076	
	0.596267	
	0.591912	
	0.547053	
	0.537264	
	0.476241	
	0.532365	
	0.509723	
	0.542653	
	0.559479	
	0.554008	
	0.770348	
	0.779719	
	0.760961	
	0.738457	
	0.757802	
	0.700175	
	0.627278	
	0.727007	
	0.784499	
	0.790877	
	0.780383	
	0.807668	
	0.792594	
	0.737498	
	0.622267	
	0.661805	
	0.655665	
	0.695133	
	0.707955	
	0.709117	
	0.705371	
	0.694305	
	0.666276	
	0.683796	
	0.673368	
	0.655860	
	0.637251	
	0.644459	
	0.635537	
	0.610404	
	0.636599	
	0.643852	
	0.634444	
	0.639374	
	0.655522	
	0.640115	
	0.658506	
	0.638547	
	0.608376	
	0.604148	
	0.593252	
	0.627719	
	0.640590	
	0.637621	
	0.616323	
	0.589634	
	0.565595	
	0.571049	
	0.563792	
	0.583277	
	0.586554	
	0.583635	
	0.624538	
	0.640578	
	0.634977	
	0.627979	
	0.607827	
	0.762741	
	0.797636	
	0.748041	
	0.705980	
	0.702125	
	0.727361	
	0.705583	
	0.799964	
	0.836131	
	0.805823	
	0.788666	
	0.777416	
	0.776054	
	0.687467	
	0.739391	
	0.682962	
	0.607230	
	0.647560	
	0.657457	
	0.675604	
	0.639496	
	0.637770	
	0.621383	
	0.658685	
	0.667526	
	0.664840	
	0.669052	
	0.689424	
	0.660544	
	0.662670	
	0.658507	
	0.754107	
	0.692266	
	0.686144	
	0.633222	
	0.614994	
	0.655030	
	0.661001	
	0.630238	
	0.641797	
	0.618087	
	0.671022	
	0.670247	
	0.701349	
	0.729521	
	0.818583	
	0.656610	
	0.651035	
	0.651191	
	0.682580	
	0.646876	
	0.702470	
	0.749332	
	0.774013	
	0.712589	
	0.676466	
	0.676824	
	0.686069	
	0.682031	
	0.635395	
	0.645142	
	0.806335	
	0.772471	
	0.742872	
	0.749930	
	0.716470	
	0.664527	
	0.696896	
	0.718744	
	0.765150	
	0.714309	
	0.732118	
	0.717156	
	0.689588	
	0.675485	
	0.719064	
	0.719841	
	0.695689	
	0.732267	
	0.715441	
	0.721263	
	0.719873	
	0.709943	
	0.709487	
	0.693683	
	0.694131	
	0.685000	
	0.666558	
	0.648053	
	0.660160	
	0.669609	
	0.702902	
	0.704875	
	0.726558	
	0.694073	
	0.706152	
	0.697700	
	0.682730	
	0.694236	
	0.660746	
	0.679271	
	0.691203	
	0.644294	
	0.671102	
	0.665683	
	0.640326	
	0.627590	
	0.658520	
	0.617164	
	0.618167	
	0.580995	
	0.604278	
	0.594088	
	0.592901	
	0.574742	
	0.600618	
	0.564125	
	0.570026	
	0.577688	
	0.589111	
	0.622101	
	0.552861	
	0.557477	
	0.584555	
	0.620890	
	0.612788	
	0.616400	
	0.624732	
	0.576266	
	0.483422	
	0.532317	
	0.511159	
	0.465220	
	0.539125	
	0.620500	
	0.485722	
	0.566829	
	0.645308	
	0.660963	
	0.697455	
	0.674839	
	0.656474	
	0.661253	
	0.616581	
	0.704311	
	0.673397	
	0.636775	
	0.642272	
	0.659075	
	0.651388	
	0.612670	
	0.595023	
	0.646905	
	0.602909	
	0.617227	
	0.588337	
	0.581734	
	0.628801	
	0.550120	
	0.549104	
	0.537947	
	0.533903	
	0.547105	
	0.655610	
	0.639318	
	0.493744	
	0.563822	
	0.687569	
	0.677844	
	0.688540	
	0.711299	
	0.740686	
	0.729486	
	0.737457	
	0.665950	
	0.637111	
	0.700743	
	0.733353	
	0.720708	
	0.714544	
	0.650455	
	0.615068	
	0.597687	
	0.616593	
	0.628050	
	0.646642	
	0.692343	
	0.649143	
	0.558302	
	0.502300	
	0.535826	
	0.554472	
	0.641435	
	0.638457	
	0.545830	
	0.638240	
	0.647150	
	0.628179	
	0.635537	
	0.672202	
	0.657385	
	0.598573	
	0.621753	
	0.669162	
	0.683637	
	0.666671	
	0.655186	
	0.644493	
	0.680533	
	0.650930	
	0.658810	
	0.652156	
	0.685931	
	0.639406	
	0.724277	
	0.660382	
	0.629824	
	0.595895	
	0.600735	
	0.596208	
	0.609678	
	0.618089	
	0.645628	
	0.580355	
	0.460641	
	0.581701	
	0.677939	
	0.655104	
	0.657149	
	0.646044	
	0.662007	
	0.688502	
	0.666342	
	0.670913	
	0.660219	
	0.660974	
	0.635594	
	0.679951	
	0.684784	
	0.509627	
	0.565853	
	0.602836	
	0.614994	
	0.672289	
	0.636893	
	0.640263	
	0.615777	
	0.601761	
	0.643991	
	0.623759	
	0.645348	
	0.624528	
	0.611014	
	0.497024	
	0.483821	
	0.522007	
	0.520415	
	0.565514	
	0.549849	
	0.588710	
	0.643646	
	0.597392	
	0.549149	
	0.568921	
	0.563161	
	0.588294	
	0.652194	
	0.749242	
	0.718563	
	0.746080	
	0.779179	
	0.782996	
	0.746137	
	0.744815	
	0.776934	
	0.767348	
	0.723563	
	0.641090	
	0.613202	
	0.615246	
	0.673305	
	0.617175	
	0.473527	
	0.615891	
	0.627936	
	0.507528	
	0.535251	
	0.531776	
	0.461154	
	0.441150	
	0.425677	
	0.438512	
	0.455936	
	0.449811	
	0.452697	
	0.482792	
	0.652312	
	0.637663	
	0.654093	
	0.613915	
	0.606279	
	0.588073	
	0.523301	
	0.616728	
	0.554078	
	0.560550	
	0.496390	
	0.491474	
	0.524401	
	0.665700	
	0.721368	
	0.652991	
	0.530123	
	0.459404	
	0.446187	
	0.397155	
	0.387676	
	0.468303	
	0.475292	
	0.436994	
	0.530666	
	0.496356	
	0.470710	
	0.491669	
	0.498304	
	0.624515	
	0.424587	
	0.405656	
	0.438242	
	0.448332	
	0.453782	
	0.432747	
	0.366270	
	0.365849	
	0.469824	
	0.475520	
	0.445949	
	0.429570	
	0.552147	
	0.785783	
	0.654507	
	0.532609	
	0.596298	
	0.500672	
	0.468206	
	0.512524	
	0.497532	
	0.435365	
	0.519656	
	0.475544	
	0.435171	
	0.465731	
	0.420481	
	0.411699	
	0.430234	
	0.356611	
	0.418344	
	0.473303	
	0.498797	
	0.451689	
	0.481310	
	0.485516	
	0.458416	
	0.480863	
	0.453586	
	0.449396	
	0.446447	
	0.407200	
	0.437450	
	0.490236	
	0.448641	
	0.473433	
	0.514148	
	0.479290	
	0.492968	
	0.509944	
	0.478660	
	0.503837	
	0.495684	
	0.494118	
	0.512035	
	0.467591	
	0.437198	
	0.482645	
	0.478403	
	0.534450	
	0.556437	
	0.535954	
	0.541607	
	0.547961	
	NaN	
	NaN	
	NaN	
	NaN	
	NaN	
	NaN	
	NaN	
	NaN	
	NaN	
	NaN	
	NaN	
	NaN	
	NaN	
	NaN	
	NaN	
	NaN	
	NaN	
	NaN	
	NaN	
	NaN	
	NaN	
	NaN	
	NaN	
	NaN	
	NaN	
	NaN	
	NaN	
	NaN	
	NaN	
	NaN	
	NaN	
	NaN	
	NaN	
	NaN	
	NaN	
	NaN	
	NaN	
	NaN	
	NaN	
	NaN	
	NaN	
	NaN	
	NaN	
	NaN	
	NaN	
	NaN	
	NaN	
	NaN	
	NaN	
	NaN	
	NaN	
	NaN	
	NaN	
	NaN	
	NaN	
	NaN	
	NaN	
	NaN	
	NaN	
	NaN	
	NaN	
	NaN	
	NaN	
	NaN	
	NaN	
	NaN	
	NaN	
	NaN	
	NaN	
	NaN	
	NaN	
	NaN	
	NaN	
	NaN	
	NaN	
	NaN	
	NaN	
	NaN	
	NaN	
	NaN	
	NaN	
	NaN	
	NaN	
	NaN	
	NaN	
	NaN	
	NaN	
	NaN	
	NaN	
	NaN	
	NaN	
	NaN	
	NaN	
	NaN	
	NaN	
	NaN	
	NaN	
	NaN	
	NaN	
	NaN	
	NaN	
	NaN	
	NaN	
	NaN	
	NaN	
	NaN	
	NaN	
	NaN	
	NaN	
	NaN	
	NaN	
	NaN	
	NaN	
	NaN	
	NaN	
	NaN	
	NaN	
	NaN	
	NaN	
	NaN	
	NaN	
	NaN	
	NaN	
	NaN	
	NaN	
	NaN	
	NaN	
	NaN	
	NaN	
	NaN	
	NaN	
