_Mode		
	-0.050620	
	0.204580	
	0.206505	
	0.077448	
	0.027513	
	0.009729	
	-0.027753	
	0.150450	
	-0.075352	
	-0.045684	
	0.160182	
	-0.022093	
	0.182480	
	0.104168	
	-0.011497	
	-0.021866	
	0.064501	
	0.243928	
	-0.126463	
	0.177515	
	0.004078	
	-0.067894	
	-0.162422	
	-0.341085	
	-0.102688	
	-0.050689	
	-0.063671	
	-0.391880	
	-0.094970	
	0.144055	
	-0.158249	
	-0.007555	
	-0.069605	
	-0.040470	
	0.120235	
	-0.083525	
	-0.121731	
	0.110242	
	-0.311116	
	0.046543	
	-0.192573	
	-0.008301	
	-0.044766	
	-0.313674	
	-0.170589	
	-0.080659	
	0.032120	
	0.028591	
	0.195953	
	-0.100536	
	-0.115802	
	0.052189	
	0.246846	
	-0.089272	
	0.020598	
	-0.184020	
	0.014359	
	-0.087464	
	0.024446	
	-0.058799	
	-0.056952	
	0.125133	
	-0.010287	
	-0.010683	
	-0.269495	
	-0.073950	
	0.149481	
	0.209220	
	-0.057527	
	0.004267	
	-0.115199	
	-0.307142	
	-0.013664	
	-0.071646	
	-0.303725	
	-0.092930	
	-0.326523	
	0.018292	
	0.020870	
	0.060194	
	-0.091954	
	-0.288120	
	0.050180	
	-0.088266	
	-0.056980	
	-0.237726	
	0.141428	
	-0.089067	
	-0.070239	
	-0.068271	
	-0.178100	
	0.191414	
	0.055277	
	0.159007	
	0.112023	
	0.068507	
	-0.035882	
	0.042474	
	0.031456	
	0.129228	
	-0.025805	
	0.080851	
	0.150177	
	-0.083486	
	-0.160073	
	0.143662	
	0.000659	
	-0.221336	
	-0.006569	
	-0.227154	
	0.204439	
	0.022809	
	0.143107	
	-0.033952	
	0.028945	
	-0.076640	
	0.026986	
	-0.190594	
	-0.198584	
	0.169932	
	-0.093944	
	0.084605	
	-0.110343	
	-0.103250	
	0.025143	
	0.090344	
	-0.062740	
	0.017067	
	-0.343533	
	-0.093774	
	-0.064658	
	0.009092	
	0.004385	
	-0.122777	
	-0.018077	
	0.014467	
	-0.134176	
	0.034156	
	-0.259060	
	-0.175558	
	0.069537	
	0.115582	
	0.004120	
	0.172754	
	-0.071158	
	0.059426	
	0.092097	
	0.084055	
	-0.005209	
	-0.060342	
	0.232898	
	0.032629	
	0.108629	
	-0.011796	
	-0.135198	
	-0.072220	
	0.041557	
	-0.025698	
	-0.051673	
	-0.022303	
	0.011940	
	-0.188249	
	0.150762	
	0.151731	
	0.134058	
	0.118212	
	0.018594	
	-0.147504	
	-0.082503	
	-0.028083	
	0.148491	
	-0.030026	
	-0.062512	
	0.060196	
	-0.326449	
	-0.127704	
	0.077141	
	-0.055721	
	0.048290	
	-0.293568	
	-0.282728	
	0.082440	
	0.222285	
	0.036960	
	0.085078	
	-0.225687	
	-0.065795	
	0.035915	
	-0.057657	
	0.003009	
	0.146027	
	-0.093740	
	-0.215617	
	-0.061937	
	-0.234992	
	0.166681	
	0.119625	
	0.232254	
	0.060841	
	0.088689	
	0.130168	
	0.062707	
	0.040476	
	-0.004956	
	0.118439	
	-0.050878	
	0.097245	
	0.114299	
	0.065693	
	0.247767	
	-0.078319	
	-0.216107	
	0.015560	
	-0.220053	
	0.143784	
	-0.012234	
	0.163226	
	-0.041711	
	-0.066313	
	-0.001477	
	-0.051512	
	-0.118465	
	-0.127673	
	-0.045684	
	-0.078865	
	-0.035934	
	-0.111741	
	-0.058771	
	0.083558	
	-0.298699	
	-0.102079	
	-0.090552	
	-0.259220	
	0.230161	
	-0.091819	
	0.020285	
	0.054798	
	-0.196760	
	0.080691	
	-0.037792	
	0.023300	
	-0.130484	
	-0.290526	
	-0.035990	
	0.080796	
	0.026245	
	0.053597	
	0.141897	
	-0.042109	
	-0.182051	
	0.046818	
	0.075452	
	-0.073055	
	-0.017638	
	0.116530	
	0.127761	
	-0.032851	
	-0.031577	
	0.003999	
	-0.035205	
	-0.045403	
	-0.300394	
	0.019611	
	-0.020841	
	0.155770	
	-0.033171	
	0.091976	
	0.197807	
	0.133128	
	0.008825	
	0.013974	
	0.196925	
	0.212806	
	0.176729	
	0.020635	
	0.012242	
	-0.156760	
	0.213647	
	0.031748	
	-0.101771	
	0.148635	
	-0.059337	
	0.050981	
	-0.000467	
	-0.045275	
	0.174678	
	0.093338	
	0.215477	
	-0.111224	
	0.010862	
	-0.018428	
	-0.099228	
	-0.098449	
	-0.353705	
	-0.245858	
	-0.036180	
	-0.048674	
	-0.343680	
	-0.183523	
	-0.003881	
	0.088851	
	-0.026251	
	0.047653	
	-0.095520	
	0.102980	
	-0.076293	
	-0.106394	
	-0.062541	
	-0.213837	
	0.052622	
	0.123882	
	0.116855	
	-0.128305	
	-0.325121	
	0.073338	
	-0.021803	
	-0.007915	
	-0.037292	
	0.165128	
	-0.061425	
	-0.007260	
	-0.092160	
	0.113397	
	-0.062750	
	-0.033636	
	0.176357	
	-0.150474	
	-0.008525	
	-0.023228	
	-0.027261	
	0.097919	
	-0.020641	
	-0.260480	
	-0.086715	
	0.027424	
	0.083606	
	0.128553	
	0.156463	
	-0.114112	
	-0.056544	
	-0.098867	
	-0.286855	
	0.035291	
	-0.077216	
	-0.332591	
	-0.119827	
	-0.226353	
	-0.018972	
	0.040009	
	0.081061	
	0.053686	
	-0.312740	
	-0.054134	
	-0.119782	
	-0.017347	
	-0.112956	
	0.160852	
	-0.044575	
	0.007097	
	0.207050	
	-0.073327	
	-0.167335	
	-0.135573	
	-0.080600	
	0.214936	
	0.201742	
	0.074688	
	0.033849	
	0.034307	
	0.074950	
	-0.007247	
	0.019508	
	0.175395	
	0.011423	
	-0.132149	
	0.149486	
	-0.180792	
	-0.238440	
	0.153792	
	-0.212947	
	0.144691	
	-0.178638	
	0.125907	
	0.112781	
	0.027680	
	0.236961	
	0.235596	
	0.158120	
	-0.001406	
	-0.091814	
	-0.099250	
	-0.091470	
	-0.002625	
	0.037314	
	0.007359	
	0.102279	
	0.240142	
	-0.148095	
	0.134923	
	0.122483	
	-0.063478	
	-0.030834	
	0.011047	
