_Brightness		
	NaN	
	NaN	
	NaN	
	NaN	
	NaN	
	NaN	
	NaN	
	NaN	
	NaN	
	NaN	
	NaN	
	NaN	
	NaN	
	NaN	
	NaN	
	NaN	
	NaN	
	NaN	
	NaN	
	NaN	
	NaN	
	NaN	
	NaN	
	NaN	
	NaN	
	NaN	
	NaN	
	NaN	
	NaN	
	NaN	
	NaN	
	NaN	
	NaN	
	0.583004	
	0.428243	
	0.698192	
	0.753866	
	0.751172	
	0.719909	
	0.741761	
	0.583288	
	0.565807	
	0.663238	
	0.718512	
	0.698289	
	0.699014	
	0.691175	
	0.640632	
	0.653691	
	0.627829	
	0.611964	
	0.572461	
	0.579314	
	0.735084	
	0.475196	
	0.333231	
	0.345548	
	0.309628	
	0.273526	
	0.255962	
	0.246294	
	0.227499	
	0.246545	
	0.211182	
	0.182411	
	0.313901	
	0.516279	
	0.483331	
	0.485566	
	0.471411	
	0.485470	
	0.493206	
	0.456867	
	0.495929	
	0.472813	
	0.434475	
	0.434948	
	0.418812	
	0.396537	
	0.441599	
	0.591333	
	0.669917	
	0.668841	
	0.618449	
	0.601565	
	0.633816	
	0.634091	
	0.612191	
	0.605795	
	0.613182	
	0.561792	
	0.554660	
	0.526116	
	0.551466	
	0.542011	
	0.511371	
	0.446444	
	0.389838	
	0.330508	
	0.391746	
	0.308389	
	0.315114	
	0.345471	
	0.366079	
	0.379850	
	0.395557	
	0.416894	
	0.704590	
	0.729555	
	0.699543	
	0.664464	
	0.668496	
	0.706047	
	0.655816	
	0.663372	
	0.626445	
	0.606500	
	0.570932	
	0.563795	
	0.528496	
	0.523110	
	0.520729	
	0.472046	
	0.419685	
	0.379095	
	0.352839	
	0.396926	
	0.410154	
	0.398848	
	0.384709	
	0.423796	
	0.443050	
	0.418573	
	0.529351	
	0.651163	
	0.706477	
	0.698914	
	0.699053	
	0.706244	
	0.676976	
	0.636012	
	0.631180	
	0.611315	
	0.627111	
	0.560576	
	0.553937	
	0.523352	
	0.499643	
	0.531759	
	0.444471	
	0.430261	
	0.479510	
	0.484797	
	0.343848	
	0.404799	
	0.503757	
	0.580374	
	0.587904	
	0.518344	
	0.450692	
	0.689503	
	0.709961	
	0.690361	
	0.641911	
	0.663615	
	0.702398	
	0.727053	
	0.636705	
	0.651645	
	0.602451	
	0.541818	
	0.554980	
	0.524374	
	0.568079	
	0.460897	
	0.442535	
	0.382753	
	0.449149	
	0.416234	
	0.365170	
	0.347327	
	0.344664	
	0.322873	
	0.337685	
	0.337398	
	0.368655	
	0.439196	
	0.644369	
	0.656352	
	0.641130	
	0.635752	
	0.609594	
	0.617406	
	0.662387	
	0.598279	
	0.577357	
	0.598316	
	0.546040	
	0.493873	
	0.448733	
	0.504332	
	0.444260	
	0.384151	
	0.333067	
	0.309175	
	0.303508	
	0.347058	
	0.284591	
	0.333474	
	0.282675	
	0.279399	
	0.256061	
	0.284613	
	0.557304	
	0.735465	
	0.697956	
	0.696341	
	0.657408	
	0.641668	
	0.662835	
	0.600311	
	0.637374	
	0.581800	
	0.548800	
	0.558663	
	0.501557	
	0.545766	
	0.460185	
	0.437870	
	0.465249	
	0.412571	
	0.403120	
	0.419495	
	0.409186	
	0.342226	
	0.392510	
	0.388800	
	0.396018	
	0.388432	
	0.435002	
	0.602039	
	0.613162	
	0.594294	
	0.575984	
	0.567343	
	0.553118	
	0.611165	
	0.577012	
	0.692125	
	0.665894	
	0.664968	
	0.618996	
	0.721927	
	0.664312	
	0.460854	
	0.483771	
	0.420240	
	0.454631	
	0.437251	
	0.382791	
	0.314294	
	0.331580	
	0.433040	
	0.471410	
	0.486398	
	0.580389	
	0.667363	
	0.666988	
	0.695899	
	0.732488	
	0.740213	
	0.743846	
	0.765264	
	0.730792	
	0.693904	
	0.704653	
	0.742079	
	0.810337	
	0.724093	
	0.446439	
	0.535912	
	0.490152	
	0.505729	
	0.461099	
	0.459003	
	0.453049	
	0.442641	
	0.431592	
	0.401397	
	0.437808	
	0.383715	
	0.390537	
	0.435618	
	0.490546	
	0.619381	
	0.646568	
	0.616465	
	0.625064	
	0.595383	
	0.593830	
	0.600660	
	0.603853	
	0.591012	
	0.586057	
	0.544382	
	0.521110	
	0.491134	
	0.497237	
	0.573264	
	0.505580	
	0.448952	
	0.434883	
	0.488980	
	0.512089	
	0.488037	
	0.486258	
	0.470023	
	0.440390	
	0.444706	
	0.472574	
	0.646043	
	0.698865	
	0.666169	
	0.637598	
	0.639306	
	0.683093	
	0.635497	
	0.585776	
	0.575349	
	0.595570	
	0.593677	
	0.576512	
	0.561699	
	0.561715	
	0.495368	
	0.499401	
	0.413060	
	0.396319	
	0.414776	
	0.436264	
	0.426754	
	0.453094	
	0.462217	
	0.422991	
	0.472017	
	0.481535	
	0.511137	
	0.634398	
	0.684411	
	0.624647	
	0.632691	
	0.624384	
	0.650394	
	0.642476	
	0.608000	
	0.588646	
	0.573680	
	0.566167	
	0.550307	
	0.532346	
	0.543962	
	0.578231	
	0.605438	
	0.565549	
	0.557751	
	0.500230	
	0.477584	
	0.523136	
	0.475977	
	0.489492	
	0.482983	
	0.526342	
	0.444037	
	0.517855	
	0.691913	
	0.700935	
	0.643471	
	0.624715	
	0.588846	
	0.680546	
	0.656841	
	0.662328	
	0.598527	
	0.577018	
	0.580788	
	0.537588	
	0.564039	
	0.522018	
	0.532024	
	0.516142	
	0.509504	
	0.563539	
	0.549761	
	0.499501	
	0.501679	
	0.545919	
	0.478715	
	0.496225	
	0.483872	
	0.480703	
	0.601101	
	0.656731	
	0.670282	
	0.661211	
	0.650536	
	0.651188	
	0.644425	
	0.659946	
	0.668958	
	0.646171	
	0.582374	
	0.545011	
	0.554262	
	0.543262	
	0.502942	
	0.490121	
	0.446626	
	0.435561	
	0.431345	
	0.440855	
	0.470738	
	0.467161	
	0.443164	
	0.458673	
	0.491866	
	0.479006	
	0.491513	
	0.705438	
	0.747999	
	0.711445	
	0.683741	
	0.678776	
	0.687500	
	0.670678	
	0.638316	
	0.584071	
	0.613452	
	0.573529	
	0.605154	
	0.557199	
	0.605015	
	0.435066	
	0.466880	
	0.448369	
	0.453048	
	0.437726	
	0.464971	
	0.481793	
	0.489545	
	0.576462	
	0.582056	
	0.534735	
	0.617317	
	0.709287	
	0.621818	
	0.638393	
	0.559820	
	0.589435	
	0.594332	
	0.647022	
	0.645984	
	0.721415	
	0.719389	
	0.735978	
	0.737454	
	0.776563	
	0.732531	
	0.570598	
	0.466842	
	0.482559	
	0.482511	
	0.428846	
	0.408385	
	0.353353	
	0.308910	
	0.300053	
	0.305154	
	0.340980	
	0.387898	
	0.464901	
	0.471532	
	0.499506	
	0.430396	
	0.442938	
	0.444665	
	0.430124	
	0.404758	
	0.458096	
	0.439827	
	0.423035	
	0.475487	
	0.448751	
	0.507708	
	0.556389	
	0.425443	
	0.521520	
	0.589470	
	0.610212	
	0.595297	
	0.634049	
	0.606694	
	0.624826	
	0.572338	
	0.567531	
	0.526986	
	0.534445	
	0.523788	
	0.623984	
	0.709626	
	0.703112	
	0.679331	
	0.668605	
	0.686868	
	0.719818	
	0.767141	
	0.824044	
	0.823031	
	0.838434	
	0.865101	
	0.859532	
	0.628753	
	0.530863	
	0.571077	
	0.575184	
	0.579040	
	0.579374	
	0.536927	
	0.539221	
	0.505552	
	0.495436	
	0.472373	
	0.483161	
	0.460822	
	0.559654	
	0.586025	
	0.637482	
	0.674692	
	0.715321	
	0.746387	
	0.758337	
	0.765651	
	0.752513	
	0.696209	
	0.690664	
	0.653470	
	0.701591	
	0.723333	
	0.579139	
	0.494550	
	0.447702	
	0.363242	
	0.343217	
	0.299533	
	0.260912	
	0.259363	
	0.223339	
	0.211606	
	0.209910	
	0.168341	
	0.239500	
	0.609554	
	0.683557	
	0.698635	
	0.659635	
	0.656612	
	0.770862	
	0.794171	
	0.806417	
	0.788995	
	0.804582	
	0.804421	
	0.807800	
	0.849872	
	0.669464	
	0.560542	
	0.595274	
	0.574607	
	0.529037	
	0.481356	
	0.517276	
	0.447415	
	0.497959	
	0.484208	
	0.449826	
	0.418141	
	0.475525	
	0.489839	
	0.549743	
	0.617699	
	0.620842	
	0.626196	
	0.676750	
	0.654948	
	0.700829	
	0.720614	
	0.723423	
	0.784647	
	0.746601	
	0.797609	
	0.731289	
	0.629388	
	0.571111	
	0.566396	
	0.447721	
	0.449143	
	0.437728	
	0.486377	
	0.546137	
	0.506718	
	0.491076	
	0.476325	
	0.450147	
	0.429423	
	0.547456	
	0.631519	
	0.718747	
	0.703337	
	0.687918	
	0.708922	
	0.789739	
	0.784331	
	0.746342	
	0.771481	
	0.761709	
	0.751899	
	0.754599	
	0.754397	
	0.613935	
	0.561861	
	0.545216	
	0.585557	
	0.521785	
	0.524578	
	0.548998	
	0.551384	
	0.557293	
	0.480407	
	0.457019	
	0.473273	
	0.501509	
	0.545475	
	0.625702	
	0.588335	
	0.578273	
	0.592035	
	0.615932	
	0.619905	
	0.577590	
	0.562368	
	0.532612	
	0.481520	
	0.504346	
	0.523346	
	0.545181	
	0.494498	
	0.495013	
	0.455010	
	0.388365	
	0.376381	
	0.374033	
	0.331579	
	0.383759	
	0.411635	
	0.399140	
	0.442959	
	0.415200	
	0.468841	
	0.604457	
	0.682397	
	0.687702	
	0.676360	
	0.659066	
	0.716283	
	0.724670	
	0.687553	
	0.720055	
	0.703136	
	0.678302	
	0.673133	
	0.673033	
	0.613625	
	0.527089	
	0.536776	
	0.518879	
	0.483729	
	0.481844	
	0.488881	
	0.474531	
	0.414598	
	0.447118	
	0.435971	
	0.412474	
	0.449125	
	0.534411	
	0.563470	
	0.642017	
	0.652602	
	0.696496	
	0.750806	
	0.776260	
	0.716347	
	0.793914	
	0.802390	
	0.792139	
	0.775304	
	0.796565	
	0.708112	
	0.477815	
	0.408959	
	0.505002	
	0.435402	
	0.424979	
	0.433838	
	0.431167	
	0.447082	
	0.368722	
	0.313799	
	0.284889	
	0.310919	
	0.342289	
	0.601174	
	0.658990	
	0.708229	
	0.684804	
	0.711463	
	0.765594	
	0.753247	
	0.718569	
	0.720318	
	0.729229	
	0.731617	
	0.758225	
	0.724858	
	0.688763	
	0.550821	
	0.626365	
	0.527780	
	0.532728	
	0.546337	
	0.523313	
	0.459728	
	0.474000	
	0.477469	
	0.475801	
	0.484204	
	0.441196	
	0.512730	
	0.575047	
	0.626831	
	0.626123	
	0.597051	
	0.617973	
	0.619025	
	0.627031	
	0.629976	
	0.570865	
	0.563066	
	0.528937	
	0.541843	
	0.551347	
	0.526617	
	0.502534	
	0.552355	
	0.433138	
	0.441685	
	0.418688	
	0.398549	
	0.397576	
	0.418928	
	0.437146	
	0.314041	
	0.337060	
	0.395820	
	0.466446	
	0.486138	
	0.475705	
	0.569573	
	0.608255	
	0.604670	
	0.652188	
	0.585200	
	0.602902	
	0.614644	
	0.570366	
	0.608643	
	0.569599	
	0.628553	
	0.455774	
	0.408062	
	0.519636	
	0.483053	
	0.522159	
	0.495179	
	0.482854	
	0.552853	
	0.546924	
	0.513403	
	0.490622	
	0.495614	
	0.546524	
	0.508795	
	0.577963	
	0.533365	
	0.493538	
	0.493448	
	0.502050	
	0.521358	
	0.504299	
	0.508812	
	0.512762	
	0.489407	
	0.469703	
	0.450182	
	0.511958	
	0.400229	
	0.501321	
	0.560902	
	0.554768	
	0.568874	
	0.576563	
	0.588252	
	0.536469	
	0.522297	
	0.547825	
	0.535665	
	0.518734	
	0.492559	
	0.612536	
	0.658239	
	0.680833	
	0.707634	
	0.657414	
	0.751661	
	0.731601	
	0.607314	
	0.553243	
	0.522757	
	0.536012	
	0.540363	
	0.507187	
	0.560702	
	0.590755	
	0.540204	
	0.498962	
	0.490291	
	0.501620	
	0.482535	
	0.381754	
	0.378632	
	0.388892	
	0.397261	
	0.350551	
	0.381166	
	0.491143	
	0.626018	
	0.607453	
	0.614490	
	0.608621	
	0.545497	
	0.597718	
	0.503541	
	0.512778	
	0.498048	
	0.501746	
	0.473182	
	0.442268	
	0.465188	
	0.479516	
	0.402004	
	0.404860	
	0.378422	
	0.407742	
	0.412481	
	0.568786	
	0.490111	
	0.518324	
	0.546039	
	0.571906	
	0.597464	
	0.637160	
	0.687920	
	0.443573	
	0.439859	
	0.392454	
	0.339582	
	0.370267	
	0.529161	
	0.545170	
	0.415700	
	0.402656	
	0.313959	
	0.271710	
	0.345502	
	0.605526	
	0.584358	
	0.649446	
	0.676847	
	0.667284	
	0.653905	
	0.612507	
	0.601654	
	0.570115	
	0.581215	
	0.603717	
	0.645722	
	0.630594	
	0.654037	
	0.664496	
	0.635060	
	0.642743	
	0.658570	
	0.622514	
	0.632811	
	0.624980	
	0.641357	
	0.650585	
	0.654601	
	0.651932	
	0.652404	
	0.605077	
	0.522823	
	0.433767	
	0.489400	
	0.506785	
	0.485850	
	0.480923	
	0.451548	
	0.461337	
	0.449910	
	0.373149	
	0.390302	
	0.381873	
	0.422869	
	0.566207	
	0.556552	
	0.490886	
	0.432155	
	0.474834	
	0.477851	
	0.513332	
	0.525390	
	0.515823	
	0.497304	
	0.499081	
	0.478955	
	0.470517	
	0.542054	
	0.525094	
	0.485090	
	0.489722	
	0.471828	
	0.417012	
	0.465438	
	0.435344	
	0.390996	
	0.385744	
	0.418549	
	0.440740	
	0.591760	
	0.840383	
	0.878195	
	0.864715	
	0.833144	
	0.650664	
	0.404912	
	0.398970	
	0.378796	
	0.409425	
	0.491673	
	0.700640	
	0.936690	
	0.921035	
	0.904036	
	0.864407	
	0.730521	
	0.712611	
	0.465992	
	0.366966	
	0.409134	
	0.391821	
	0.405063	
	0.377252	
	0.391993	
	0.385465	
	0.418820	
	0.422392	
	0.456646	
	0.537555	
	0.525538	
	0.465949	
	0.454477	
	0.423939	
	0.432885	
	0.405188	
	0.294574	
	0.232344	
	0.226077	
	0.206555	
	0.211312	
	0.324053	
	0.510380	
	0.386459	
	0.442131	
	0.400612	
	0.360318	
	0.327757	
	0.359562	
	0.348062	
	0.325510	
	0.328399	
	0.412131	
	0.433680	
	0.403860	
	0.460162	
	0.463382	
	0.368137	
	0.286595	
	0.327319	
	0.384703	
	0.504515	
	0.614334	
	0.655863	
	0.597333	
	0.587500	
	0.418849	
	0.298169	
	0.340701	
	0.388163	
	0.213547	
	0.199768	
	0.262713	
	0.326922	
	0.444874	
	0.499065	
	0.506942	
	0.494822	
	0.519206	
	0.517497	
	0.487335	
	0.493847	
	0.618217	
	0.551323	
	0.486567	
	0.531724	
	0.548385	
	0.562320	
	0.525909	
	0.516403	
	0.513014	
	0.496535	
	0.646679	
	0.854253	
	0.932212	
	0.869521	
	0.738740	
	0.645460	
	0.542663	
	0.585137	
	0.556072	
	0.487086	
	0.428549	
	0.432391	
	0.447356	
	0.393847	
	0.383023	
	0.393098	
	0.467320	
	0.502775	
	0.378224	
	0.340269	
	0.321746	
	0.290043	
	0.295772	
	0.333033	
	0.280877	
	0.280058	
	0.296111	
	0.266370	
	0.469901	
	0.681354	
	0.486557	
	0.344747	
	0.457851	
	0.433800	
	0.406476	
	0.385268	
	0.374705	
	0.362240	
	0.327703	
	0.322767	
	0.339404	
	0.356184	
	0.346535	
	0.468888	
	0.549823	
	0.478012	
	0.375433	
	0.346806	
	0.305796	
	0.310152	
	0.351641	
	0.393298	
	0.443335	
	0.402628	
	0.408124	
	0.402826	
	0.488586	
	0.515661	
	0.419791	
	0.417251	
	0.498487	
	0.463310	
	0.441480	
	0.420684	
	0.388564	
	0.378271	
	0.391896	
	0.373153	
	0.338107	
	0.317372	
	0.536534	
	0.491049	
	0.452687	
	0.427369	
	0.370873	
	0.357617	
	0.420993	
	0.483378	
	0.508724	
	0.516372	
	0.470263	
	0.407870	
	0.302212	
	0.565791	
	0.326077	
	0.266836	
	0.312155	
	0.293198	
	0.344685	
	0.289792	
	0.267772	
	0.282670	
	0.332233	
	0.353302	
	0.228171	
	0.213873	
	0.350232	
	0.607080	
	0.450705	
	0.370485	
	0.421226	
	0.477928	
	0.558943	
	0.512060	
	0.503046	
	0.550317	
	0.435931	
	0.531728	
	0.640296	
	0.346709	
	0.527842	
	0.399670	
	0.400025	
	0.414024	
	0.383233	
	0.339705	
	0.354913	
	0.347832	
	0.421564	
	0.517401	
	0.602318	
	0.550018	
	0.433565	
	0.529141	
	0.493287	
	0.386016	
	0.321092	
	0.321100	
	0.317833	
	0.270340	
	0.249535	
	0.283398	
	0.256689	
	0.805621	
	0.951625	
	0.964998	
	0.933996	
	0.479567	
	0.387713	
	0.346951	
	0.323735	
	0.307048	
	0.290081	
	0.276638	
	0.296232	
	0.328148	
	0.289159	
	0.290639	
	0.281391	
	0.265676	
	0.574814	
	0.585104	
	0.442651	
	0.400812	
	0.394503	
	0.403483	
	0.370585	
	0.361789	
	0.385662	
	0.287795	
	0.278319	
	0.325735	
	0.776764	
	0.701897	
	0.508903	
	0.511110	
	0.493718	
	0.451279	
	0.465423	
	0.443173	
	0.426570	
	0.424908	
	0.439272	
	0.456420	
	0.479201	
	0.458806	
	0.469762	
	0.496676	
	0.388738	
	0.301549	
	0.290325	
	0.309717	
	0.303863	
	0.288533	
	0.303660	
	0.299562	
	0.274520	
	0.312484	
	0.198749	
	0.377217	
	0.528091	
	0.297542	
	0.306749	
	0.305518	
	0.289719	
	0.308662	
	0.357445	
	0.337844	
	0.315829	
	0.286071	
	0.279903	
	0.315739	
	0.324882	
	0.516568	
	0.539935	
	0.465774	
	0.407058	
	0.363808	
	0.397052	
	0.398876	
	0.441382	
	0.402490	
	0.410571	
	0.408761	
	0.412165	
	0.385022	
	0.497308	
	0.508243	
	0.491092	
	0.490382	
	0.530055	
	0.464279	
	0.443830	
	0.384934	
	0.325927	
	0.320860	
	0.309520	
	0.288181	
	0.289908	
	0.343749	
	0.561530	
	0.507382	
	0.411248	
	0.358823	
	0.356328	
	0.400678	
	0.421748	
	0.447628	
	0.444336	
	0.437980	
	0.401358	
	0.411194	
	0.421669	
	0.532162	
	0.343902	
	0.272741	
	0.272511	
	0.259561	
	0.282906	
	0.294498	
	0.281000	
	0.247112	
	0.250209	
	0.290726	
	0.218787	
	0.211042	
	0.464418	
	0.625084	
	0.520513	
	0.390925	
	0.332782	
	0.313460	
	0.305232	
	0.288153	
	0.345564	
	0.370366	
	0.439167	
	0.430889	
	0.417798	
	0.341470	
	0.612371	
	0.436998	
	0.480996	
	0.483584	
	0.445322	
	0.415433	
	0.392595	
	0.335892	
	0.342953	
	0.354018	
	0.366979	
	0.367197	
	0.376717	
	0.535633	
	0.600322	
	0.470191	
	0.385860	
	0.312578	
	0.220683	
	0.200291	
	0.191891	
	0.210174	
	0.225190	
	0.216113	
	0.206944	
	0.212172	
	0.371915	
	0.431695	
	0.285070	
	0.284943	
	0.268339	
	0.262172	
	0.278996	
	0.295488	
	0.298211	
	0.258160	
	0.298631	
	0.274011	
	0.253424	
	0.251850	
	0.527779	
	0.494405	
	0.444389	
	0.383710	
	0.352347	
	0.352756	
	0.381004	
	0.365551	
	0.393633	
	0.331258	
	0.267824	
	0.268057	
	0.303652	
	0.599930	
	0.446368	
	0.451376	
	0.468972	
	0.443564	
	0.411870	
	0.376468	
	0.349278	
	0.283914	
	0.510398	
	0.728090	
	0.781863	
	0.782233	
	0.689836	
	0.573261	
	0.376097	
	0.406977	
	0.392495	
	0.385761	
	0.415227	
	0.462572	
	0.460273	
	0.464645	
	0.385209	
	0.306666	
	0.245874	
	0.247498	
	0.493376	
	0.253372	
	0.214694	
	0.225780	
	0.219804	
	0.200519	
	0.202881	
	0.222718	
	0.258803	
	0.278054	
	0.273884	
	0.290114	
	0.320670	
	0.517987	
	0.552082	
	0.474853	
	0.429507	
	0.382208	
	0.400904	
	0.372921	
	0.339083	
	0.282428	
	0.265935	
	0.237424	
	0.273703	
	0.270975	
	0.689322	
	0.488208	
	0.442347	
	0.438201	
	0.409844	
	0.376903	
	0.365798	
	0.307662	
	0.271325	
	0.254364	
	0.218622	
	0.244436	
	0.231122	
	0.209536	
	0.477468	
	0.417097	
	0.417011	
	0.479663	
	0.468276	
	0.475001	
	0.424425	
	0.362903	
	0.277130	
	0.206549	
	0.452368	
	0.852417	
	0.907083	
	0.854677	
	0.521056	
	0.360227	
	0.315592	
	0.327805	
	0.335600	
	0.355685	
	0.379781	
	0.400255	
	0.463060	
	0.401311	
	0.413027	
	0.311723	
	0.357687	
	0.572280	
	0.507834	
	0.446500	
	0.404946	
	0.377606	
	0.404302	
	0.431626	
	0.444656	
	0.489388	
	0.481743	
	0.305440	
	0.236541	
	0.232195	
	0.611256	
	0.452751	
	0.453482	
	0.418900	
	0.437378	
	0.393391	
	0.368929	
	0.322782	
	0.248630	
	0.228653	
	0.191105	
	0.190594	
	0.172942	
	0.483923	
	0.490385	
	0.380187	
	0.317610	
	0.270709	
	0.271998	
	0.344913	
	0.302882	
	0.288188	
	0.264925	
	0.218071	
	0.214987	
	0.240943	
	0.445106	
	0.541077	
	0.426541	
	0.426845	
	0.314305	
	0.297191	
	0.325000	
	0.285184	
	0.298299	
	0.290872	
	0.278862	
	0.286217	
	0.277199	
	0.422257	
	0.607570	
	0.536433	
	0.418977	
	0.326944	
	0.324520	
	0.368290	
	0.385277	
	0.364889	
	0.354981	
	0.333109	
	0.339056	
	0.331636	
	0.319580	
	0.573122	
	0.462771	
	0.472753	
	0.440627	
	0.442951	
	0.431810	
	0.409904	
	0.311428	
	0.279726	
	0.276995	
	0.239813	
	0.248085	
	0.248237	
	0.323413	
	0.666189	
	0.440731	
	0.406054	
	0.406688	
	0.440254	
	0.541215	
	0.535686	
	0.474285	
	0.319394	
	0.233626	
	0.659133	
	0.840409	
	0.865840	
	0.739837	
	0.443781	
	0.401433	
	0.288316	
	0.215283	
	0.168610	
	0.167269	
	0.167649	
	0.166130	
	0.170181	
	0.148177	
	0.148048	
	0.138670	
	0.572101	
	0.497086	
	0.381149	
	0.322312	
	0.301390	
	0.293206	
	0.268775	
	0.254911	
	0.282710	
	0.254159	
	0.248285	
	0.249468	
	0.180727	
	0.584624	
	0.443062	
	0.407402	
	0.388063	
	0.372724	
	0.350028	
	0.341354	
	0.303560	
	0.292989	
	0.225060	
	0.181805	
	0.148408	
	0.155470	
	0.173777	
	0.410970	
	0.335271	
	0.259653	
	0.283026	
	0.302275	
	0.336992	
	0.384757	
	0.352580	
	0.387915	
	0.733191	
	0.934091	
	0.941696	
	0.930472	
	0.898727	
	0.741205	
	0.688923	
	0.491755	
	0.492985	
	0.457119	
	0.454789	
	0.482009	
	0.397006	
	0.376207	
	0.302634	
	0.255962	
	0.216360	
	0.313267	
	0.508628	
	0.457384	
	0.341318	
	0.264903	
	0.227732	
	0.212218	
	0.206844	
	0.268921	
	0.270809	
	0.369031	
	0.376990	
	0.442896	
	0.580420	
	0.512140	
	0.365575	
	0.403264	
	0.398456	
	0.377188	
	0.347317	
	0.297827	
	0.256394	
	0.285546	
	0.311829	
	0.238506	
	0.276637	
	0.282051	
	0.543701	
	0.387695	
	0.308230	
	0.379004	
	0.340717	
	0.366774	
	0.330819	
	0.314000	
	0.269404	
	0.307937	
	0.410948	
	0.299428	
	0.258661	
	0.288507	
	0.420559	
	0.309017	
	0.307922	
	0.417766	
	0.361052	
	0.300398	
	0.319492	
	0.324845	
	0.372312	
	0.355182	
	0.410814	
	0.377315	
	0.397649	
	0.587418	
	0.511490	
	0.428658	
	0.351863	
	0.419850	
	0.493167	
	0.427956	
	0.476052	
	0.641012	
	0.763021	
	0.764368	
	0.684486	
	0.513038	
	0.527467	
	0.488762	
	0.477167	
	0.489249	
	0.511183	
	0.473368	
	0.479513	
	0.398010	
	0.369891	
	0.347604	
	0.328566	
	0.322472	
	0.339913	
	0.435159	
	0.532443	
	0.496102	
	0.436395	
	0.396070	
	0.350965	
	0.363122	
	0.461786	
	0.446609	
	0.384076	
	0.368814	
	0.372540	
	0.342845	
	0.401450	
	0.503718	
	0.328562	
	0.328146	
	0.304695	
	0.304961	
	0.306014	
	0.302758	
	0.329512	
	0.439745	
	0.303114	
	0.290071	
	0.298190	
	0.296073	
	0.559018	
	0.568581	
	0.508081	
	0.433135	
	0.394519	
	0.380092	
	0.396178	
	0.401609	
	0.326143	
	0.430473	
	0.402645	
	0.397694	
	0.442647	
	0.487949	
	0.522795	
	0.492557	
	0.508759	
	0.490863	
	0.473215	
	0.474471	
	0.423192	
	0.323538	
	0.301038	
	0.301249	
	0.381906	
	0.444921	
	0.448325	
	0.594619	
	0.680412	
	0.695162	
	0.694007	
	0.685858	
	0.670650	
	0.675455	
	0.633037	
	0.609764	
	0.553371	
	0.523597	
	0.486347	
	0.459428	
	0.624316	
	0.428560	
	0.432158	
	0.485829	
	0.487290	
	0.456655	
	0.431158	
	0.398816	
	0.358045	
	0.369954	
	0.389198	
	0.472354	
	0.519283	
	0.505121	
	0.579123	
	0.593281	
	0.589099	
	0.511109	
	0.513760	
	0.353544	
	0.391428	
	0.383924	
	0.438769	
	0.768113	
	0.920963	
	0.946592	
	0.936901	
	0.871806	
	0.794351	
	0.571668	
	0.561864	
	0.607323	
	0.661081	
	0.655160	
	0.657738	
	0.631456	
	0.619928	
	0.629433	
	0.614532	
	0.592955	
	0.512554	
	0.507214	
	0.642012	
	0.631517	
	0.487710	
	0.496550	
	0.610479	
	0.575201	
	0.565907	
	0.591483	
	0.546761	
	0.555208	
	0.552651	
	0.551966	
	0.602667	
	0.625868	
	0.548005	
	0.548874	
	0.449826	
	0.473803	
	0.469650	
	0.391939	
	0.412566	
	0.377401	
	0.320967	
	0.394723	
	0.418147	
	0.520469	
	0.478329	
	0.485740	
	0.452390	
	0.447569	
	0.408994	
	0.398614	
	0.438508	
	0.618897	
	0.631022	
	0.733400	
	0.825065	
	0.916439	
	0.882206	
	0.632927	
	0.514862	
	0.525739	
	0.531637	
	0.526161	
	0.512897	
	0.509491	
	0.574190	
	0.601981	
	0.655857	
	0.652473	
	0.662239	
	0.700670	
	0.634387	
	0.716569	
	0.801223	
	0.849812	
	0.859305	
	0.744771	
	0.611276	
	0.859277	
	0.948208	
	0.969160	
	0.972972	
	0.964339	
	0.920569	
	0.664248	
	0.506015	
	0.494165	
	0.449628	
	0.454824	
	0.409321	
	0.355585	
	0.355358	
	0.441517	
	0.428927	
	0.600957	
	0.896692	
	0.941006	
	0.926893	
	0.861831	
	0.652616	
	0.543786	
	0.455338	
	0.431534	
	0.355511	
	0.363271	
	0.325586	
	0.449908	
	0.553832	
	0.647689	
	0.682713	
	0.674382	
	0.702068	
	0.480911	
	0.313924	
	0.242449	
	0.256152	
	0.311986	
	0.295638	
	0.402908	
	0.772980	
	0.858104	
	0.935768	
	0.956759	
	0.960700	
	0.952956	
	0.845639	
	0.533790	
	0.406540	
	0.395480	
	0.390447	
	0.405471	
	0.389172	
	0.405552	
	0.367911	
	0.434164	
	0.362970	
	0.462793	
	0.601932	
	0.522221	
	0.569867	
	0.559311	
	0.573904	
	0.467957	
	0.493398	
	0.481580	
	0.499105	
	0.522145	
	0.514079	
	0.496854	
	0.594817	
	0.654764	
	0.632288	
	0.637590	
	0.600575	
	0.576104	
	0.560911	
	0.567565	
	0.545643	
	0.556174	
	0.572536	
	0.549802	
	0.473004	
	0.456389	
	0.456341	
	0.572451	
	0.464821	
	0.493040	
	0.518531	
	0.437082	
	0.461882	
	0.440986	
	0.444954	
	0.416624	
	0.424916	
	0.469055	
	0.546828	
	0.471433	
	0.514559	
	0.538961	
	0.637553	
	0.737156	
	0.760134	
	0.777795	
	0.769339	
	0.671163	
	0.529641	
	0.909608	
	0.944098	
	0.961518	
	0.971550	
	0.942478	
	0.742728	
	0.644701	
	0.685062	
	0.558786	
	0.507901	
	0.546466	
	0.519342	
	0.457529	
	0.423249	
	0.405231	
	0.365443	
	0.357252	
	0.352665	
	0.537889	
	0.537474	
	0.432462	
	0.397404	
	0.445604	
	0.447439	
	0.462205	
	0.436406	
	0.436050	
	0.456796	
	0.454345	
	0.544128	
	0.500251	
	0.641059	
	0.473445	
	0.428972	
	0.438612	
	0.410068	
	0.407681	
	0.375883	
	0.359922	
	0.380899	
	0.368561	
	0.370353	
	0.344933	
	0.326100	
	0.371392	
	0.401681	
	0.317628	
	0.323152	
	0.382426	
	0.619617	
	0.907144	
	0.906914	
	0.913086	
	0.921824	
	0.914873	
	0.907600	
	0.855118	
	0.853875	
	0.606885	
	0.363299	
	0.349855	
	0.269192	
	0.283935	
	0.273122	
	0.272635	
	0.235986	
	0.269944	
	0.360013	
	0.384045	
	0.395849	
	0.404203	
	0.519727	
	0.550830	
	0.530371	
	0.498181	
	0.512828	
	0.549120	
	0.481261	
	0.455969	
	0.485987	
	0.536179	
	0.545012	
	0.487382	
	0.499522	
	0.570639	
	0.528015	
	0.520090	
	0.544310	
	0.538932	
	0.497783	
	0.503329	
	0.488255	
	0.497147	
	0.513074	
	0.484794	
	0.468556	
	0.421270	
	0.407405	
	0.504404	
	0.403371	
	0.421424	
	0.477684	
	0.468275	
	0.508297	
	0.574327	
	0.536147	
	0.478689	
	0.387435	
	0.387061	
	0.394557	
	0.391498	
	0.557538	
	0.431412	
	0.410261	
	0.387408	
	0.323870	
	0.354098	
	0.383164	
	0.391232	
	0.422888	
	0.411286	
	0.352506	
	0.310888	
	0.287461	
	0.432249	
	0.563917	
	0.523392	
	0.464161	
	0.450861	
	0.398271	
	0.447120	
	0.427176	
	0.420677	
	0.403146	
	0.359726	
	0.402435	
	0.391508	
	0.444288	
	0.575349	
	0.410062	
	0.434924	
	0.435422	
	0.407080	
	0.353526	
	0.339507	
	0.334038	
	0.328382	
	0.338143	
	0.297691	
	0.314647	
	0.353177	
	0.482263	
	0.467592	
	0.419019	
	0.442312	
	0.469917	
	0.499321	
	0.466772	
	0.465779	
	0.459331	
	0.446176	
	0.454860	
	0.437656	
	0.452666	
	0.491720	
	0.343509	
	0.272400	
	0.243194	
	0.244487	
	0.268883	
	0.260035	
	0.244527	
	0.264019	
	0.268380	
	0.261323	
	0.281508	
	0.246972	
	0.314260	
	0.568744	
	0.573163	
	0.607409	
	0.593382	
	0.570073	
	0.524711	
	0.484695	
	0.394842	
	0.428146	
	0.374565	
	0.355698	
	0.366161	
	0.410282	
	0.568131	
	0.471065	
	0.445998	
	0.478428	
	0.473832	
	0.456143	
	0.448081	
	0.386488	
	0.400844	
	0.407617	
	0.388138	
	0.360090	
	0.398595	
	0.445762	
	0.476225	
	0.412570	
	0.382350	
	0.505964	
	0.613814	
	0.638701	
	0.602081	
	0.496036	
	0.347979	
	0.748595	
	0.867131	
	0.886523	
	0.860055	
	0.729151	
	0.468392	
	0.345565	
	0.325328	
	0.307008	
	0.332197	
	0.329182	
	0.330052	
	0.342035	
	0.389710	
	0.402086	
	0.441011	
	0.461155	
	0.547191	
	0.565349	
	0.524741	
	0.470469	
	0.436446	
	0.467454	
	0.543911	
	0.502256	
	0.525252	
	0.441922	
	0.480367	
	0.515939	
	0.556315	
	0.588255	
	0.543128	
	0.498740	
	0.502310	
	0.506281	
	0.468137	
	0.440451	
	0.421184	
	0.433574	
	0.416763	
	0.428496	
	0.432054	
	0.360445	
	0.360577	
	0.505531	
	0.448013	
	0.497864	
	0.508464	
	0.451743	
	0.470507	
	0.428067	
	0.427650	
	0.432949	
	0.432325	
	0.389275	
	0.452383	
	0.439916	
	0.572704	
	0.408794	
	0.389158	
	0.409766	
	0.460196	
	0.415226	
	0.436160	
	0.445212	
	0.401206	
	0.362638	
	0.331614	
	0.324426	
	0.384873	
	0.499091	
	0.599776	
	0.542570	
	0.435928	
	0.442971	
	0.465110	
	0.436284	
	0.390878	
	0.381793	
	0.415759	
	0.485962	
	0.519155	
	0.457296	
	0.526271	
	0.594291	
	0.419992	
	0.478228	
	0.473998	
	0.406046	
	0.448675	
	0.425004	
	0.401612	
	0.384256	
	0.277287	
	0.262884	
	0.271572	
	0.239429	
	0.446146	
	0.438377	
	0.372751	
	0.309484	
	0.354853	
	0.327279	
	0.374697	
	0.311377	
	0.299532	
	0.336533	
	0.302581	
	0.325496	
	0.346475	
	0.438243	
	0.442229	
	0.349295	
	0.322040	
	0.328813	
	0.341168	
	0.328234	
	0.337395	
	0.323363	
	0.315923	
	0.298057	
	0.314502	
	0.309750	
	0.326009	
	0.522215	
	0.547959	
	0.489099	
	0.413751	
	0.441009	
	0.454608	
	0.473741	
	0.471605	
	0.471109	
	0.452706	
	0.427007	
	0.477925	
	0.549123	
	0.596317	
	0.480043	
	0.507328	
	0.533593	
	0.533219	
	0.508220	
	0.468766	
	0.456547	
	0.443709	
	0.461608	
	0.458859	
	0.432066	
	0.444099	
	0.564097	
	0.627580	
	0.605114	
	0.578868	
	0.641635	
	0.669927	
	0.696688	
	0.674259	
	0.652976	
	0.630816	
	0.615536	
	0.624270	
	0.631539	
	0.622292	
	0.554198	
	0.422473	
	0.455910	
	0.484881	
	0.511064	
	0.530990	
	0.659096	
	0.525721	
	0.535220	
	0.541131	
	0.527324	
	0.502837	
	0.580872	
	0.595142	
	0.618286	
	0.635478	
	0.605152	
	0.547126	
	0.499881	
	0.574252	
	0.566393	
	0.542663	
	0.490703	
	0.454604	
	0.432148	
	0.429762	
	0.583311	
	0.528031	
	0.528143	
	0.546359	
	0.553552	
	0.508912	
	0.484370	
	0.564116	
	0.521432	
	0.450130	
	0.424329	
	0.441463	
	0.386269	
	0.424407	
	0.475046	
	0.380645	
	0.411844	
	0.412745	
	0.465188	
	0.450393	
	0.486262	
	0.425444	
	0.425352	
	0.417696	
	0.359959	
	0.342505	
	0.295464	
	0.474187	
	0.437590	
	0.534431	
	0.531233	
	0.496762	
	0.457692	
	0.430773	
	0.417472	
	0.431433	
	0.400120	
	0.362508	
	0.358502	
	0.386816	
	0.401687	
	0.575632	
	0.616721	
	0.567731	
	0.610684	
	0.631812	
	0.684434	
	0.705724	
	0.631820	
	0.600327	
	0.559019	
	0.599718	
	0.658384	
	0.652764	
	0.629082	
	0.492648	
	0.507557	
	0.492487	
	0.535575	
	0.512794	
	0.559171	
	0.844181	
	0.866473	
	0.863986	
	0.827848	
	0.833094	
	0.841715	
	0.716809	
	0.615563	
	0.465192	
	0.497506	
	0.546068	
	0.522412	
	0.509524	
	0.488285	
	0.432775	
	0.496881	
	0.473569	
	0.437330	
	0.525639	
	0.555749	
	0.517228	
	0.398539	
	0.341076	
	0.319109	
	0.355815	
	0.364938	
	0.301010	
	0.338658	
	0.333799	
	0.336585	
	0.344801	
	0.390559	
	0.418688	
	0.563853	
	0.629251	
	0.623410	
	0.600172	
	0.578438	
	0.611061	
	0.711380	
	0.877792	
	0.903726	
	0.941902	
	0.951998	
	0.942790	
	0.931126	
	0.806227	
	0.593698	
	0.540014	
	0.538725	
	0.562882	
	0.568270	
	0.568785	
	0.539184	
	0.593788	
	0.504544	
	0.521018	
	0.594608	
	0.578373	
	0.630563	
	0.633322	
	0.611427	
	0.551893	
	0.519912	
	0.503295	
	0.505880	
	0.541863	
	0.586815	
	0.626465	
	0.595341	
	0.425610	
	0.380394	
	0.405951	
	0.570005	
	0.276363	
	0.413545	
	0.380878	
	0.301767	
	0.285219	
	0.287772	
	0.297835	
	0.340822	
	0.329272	
	0.433338	
	0.414971	
	0.396581	
	0.473528	
	0.616151	
	0.617708	
	0.595571	
	0.569663	
	0.600736	
	0.639949	
	0.632116	
	0.705856	
	0.776568	
	0.710242	
	0.738461	
	0.816803	
	0.831565	
	0.640616	
	0.590610	
	0.590040	
	0.563716	
	0.568995	
	0.576777	
	0.591146	
	0.600317	
	0.557725	
	0.524665	
	0.517016	
	0.581388	
	0.427701	
	0.489426	
	0.460443	
	0.487812	
	0.524530	
	0.534185	
	0.574356	
	0.612926	
	0.616300	
	0.600429	
	0.651758	
	0.636969	
	0.662999	
	0.704283	
	0.746286	
	0.566901	
	0.486153	
	0.464930	
	0.391676	
	0.391358	
	0.398822	
	0.421038	
	0.445414	
	0.412277	
	0.372883	
	0.357230	
	0.358144	
	0.373393	
	0.568180	
	0.567940	
	0.607730	
	0.566712	
	0.589103	
	0.669073	
	0.692585	
	0.653204	
	0.678743	
	0.669066	
	0.687999	
	0.702812	
	0.688940	
	0.631767	
	0.490147	
	0.508257	
	0.508737	
	0.527834	
	0.491613	
	0.458829	
	0.456227	
	0.415212	
	0.411323	
	0.431297	
	0.408965	
	0.440706	
	0.621096	
	0.554214	
	0.546979	
	0.568030	
	0.545741	
	0.598480	
	0.620236	
	0.657402	
	0.654873	
	0.608525	
	0.519492	
	0.443750	
	0.380662	
	0.427544	
	0.479096	
	0.353049	
	0.379824	
	0.393253	
	0.401256	
	0.361888	
	0.355368	
	0.359063	
	0.344578	
	0.285889	
	0.279613	
	0.269149	
	0.288458	
	0.545774	
	0.638840	
	0.675527	
	0.649227	
	0.571137	
	0.580461	
	0.603713	
	0.649692	
	0.630612	
	0.582838	
	0.585203	
	0.598666	
	0.594177	
	0.557942	
	0.474336	
	0.468439	
	0.464283	
	0.463764	
	0.446104	
	0.433419	
	0.373155	
	0.384307	
	0.315135	
	0.333672	
	0.333176	
	0.356545	
	0.406688	
	0.420075	
	0.409093	
	0.383449	
	0.372438	
	0.356044	
	0.321581	
	0.307047	
	0.269674	
	0.301267	
	0.280533	
	0.311394	
	0.248102	
	0.338686	
	0.467793	
	0.256566	
	0.328447	
	0.278618	
	0.295427	
	0.315693	
	0.346244	
	0.326972	
	0.327090	
	0.296801	
	0.318216	
	0.343472	
	0.350153	
	0.518221	
	0.612090	
	0.617019	
	0.591863	
	0.566916	
	0.655267	
	0.847083	
	0.906686	
	0.928509	
	0.915239	
	0.911476	
	0.882066	
	0.925796	
	0.917599	
	0.653190	
	0.498239	
	0.505705	
	0.527240	
	0.488195	
	0.507301	
	0.461681	
	0.449113	
	0.506004	
	0.493826	
	0.485287	
	0.463341	
	0.492633	
	0.537141	
	0.441040	
	0.446855	
	0.449222	
	0.469778	
	0.560646	
	0.571170	
	0.568646	
	0.568045	
	0.695591	
	0.547793	
	0.526682	
	0.777797	
	0.730147	
	0.446151	
	0.333708	
	0.389286	
	0.325466	
	0.286409	
	0.354617	
	0.426128	
	0.376020	
	0.366036	
	0.346713	
	0.375644	
	0.383449	
	0.430657	
	0.589842	
	0.677870	
	0.671981	
	0.641891	
	0.633392	
	0.693661	
	0.682527	
	0.648125	
	0.663133	
	0.716368	
	0.706870	
	0.721518	
	0.727279	
	0.560930	
	0.350386	
	0.456172	
	0.481998	
	0.525868	
	0.519624	
	0.498154	
	0.470443	
	0.446863	
	0.562532	
	0.503154	
	0.526885	
	0.478674	
	0.509982	
	0.481610	
	0.442359	
	0.418998	
	0.415474	
	0.430260	
	0.436515	
	0.469410	
	0.431288	
	0.449349	
	0.462521	
	0.459529	
	0.364199	
	0.422077	
	0.456163	
	0.379156	
	0.354141	
	0.387592	
	0.422388	
	0.407662	
	0.418173	
	0.432041	
	0.450799	
	0.460934	
	0.414756	
	0.437228	
	0.393611	
	0.560213	
	0.637110	
	0.633737	
	0.608134	
	0.592154	
	0.636002	
	0.609041	
	0.690154	
	0.677986	
	0.660486	
	0.647474	
	0.633983	
	0.632066	
	0.641680	
	0.490608	
	0.515279	
	0.512152	
	0.486786	
	0.483555	
	0.481400	
	0.447594	
	0.420278	
	0.429899	
	0.376480	
	0.354775	
	0.412870	
	0.518436	
	0.554445	
	0.673393	
	0.701465	
	0.687537	
	0.690677	
	0.718182	
	0.702000	
	0.662024	
	0.620390	
	0.621943	
	0.613782	
	0.544360	
	0.426770	
	0.443433	
	0.364225	
	0.445573	
	0.467189	
	0.442187	
	0.420764	
	0.417518	
	0.454133	
	0.420004	
	0.363368	
	0.373774	
	0.381500	
	0.380903	
	0.339521	
	0.362874	
	0.409368	
	0.404649	
	0.405319	
	0.335836	
	0.356618	
	0.324930	
	0.318433	
	0.335974	
	0.384250	
	0.355585	
	0.330571	
	0.313003	
	0.363042	
	0.405598	
	0.399577	
	0.373337	
	0.345964	
	0.286724	
	0.259952	
	0.292620	
	0.291744	
	0.289229	
	0.312535	
	0.332296	
	0.314783	
	0.328069	
	0.356447	
	0.305962	
	0.310012	
	0.287126	
	0.321564	
	0.291393	
	0.289670	
	0.307621	
	0.338282	
	0.320017	
	0.309595	
	0.295094	
	0.314331	
	0.328178	
	0.305430	
	0.286112	
	0.281874	
	0.299988	
	0.301557	
	0.347757	
	0.333300	
	0.344008	
	0.327079	
	0.329237	
	0.314175	
	0.323681	
	0.349273	
	0.364656	
	0.360750	
	0.355488	
	0.360266	
	0.340240	
	0.362286	
	0.299754	
	0.283379	
	0.279541	
	0.280097	
	0.311133	
	0.310600	
	0.688118	
	0.803849	
	0.768888	
	0.666161	
	0.580799	
	0.389233	
	0.361182	
	0.376232	
	0.387114	
	0.389255	
	0.388564	
	0.394263	
	0.402166	
	0.408421	
	0.411295	
	0.371297	
	0.403425	
	0.489305	
	0.537956	
	0.658297	
	0.615946	
	0.523035	
	0.347093	
	0.452927	
	0.861156	
	0.914932	
	0.899763	
	0.756578	
	0.622107	
	0.544940	
	0.515042	
	0.486718	
	0.514191	
	0.508890	
	0.516439	
	0.519754	
	0.516543	
	0.498360	
	0.507896	
	0.502075	
	0.436741	
	0.417312	
	0.427821	
	0.442324	
	0.404918	
	0.385265	
	0.375858	
	0.356348	
	0.409025	
	0.629255	
	0.802312	
	0.787234	
	0.792361	
	0.745174	
	0.729252	
	0.606269	
	0.441416	
	0.398064	
	0.402741	
	0.395551	
	0.395587	
	0.365884	
	0.341827	
	0.382074	
	0.419912	
	0.491747	
	0.701112	
	0.620374	
	0.615221	
	0.414591	
	0.439331	
	0.407128	
	0.372126	
	0.343200	
	0.406832	
	0.352337	
	0.364410	
	0.376986	
	0.399078	
	0.393160	
	0.396033	
	0.447221	
	0.504468	
	0.417811	
	0.392439	
	0.376222	
	0.349329	
	0.411783	
	0.401272	
	0.385783	
	0.276954	
	0.491057	
	0.699697	
	0.726167	
	0.712999	
	0.672990	
	0.542787	
	0.369863	
	0.390346	
	0.292892	
	0.256065	
	0.245639	
	0.237478	
	0.293870	
	0.298210	
	0.313882	
	0.483972	
	0.413309	
	0.261003	
	0.281269	
	0.324392	
	0.339795	
	0.339610	
	0.378349	
	0.433823	
	0.356347	
	0.383713	
	0.347971	
	0.430366	
	0.417731	
	0.581615	
	0.406453	
	0.396134	
	0.526296	
	0.582852	
	0.584549	
	0.660820	
	0.686273	
	0.533910	
	0.325658	
	0.317222	
	0.309056	
	0.376876	
	0.623511	
	0.578762	
	0.569390	
	0.567217	
	0.574401	
	0.570263	
	0.592460	
	0.672866	
	0.656314	
	0.668521	
	0.670025	
	0.691106	
	0.680834	
	0.691716	
	0.539799	
	0.580084	
	0.567924	
	0.555968	
	0.554250	
	0.543161	
	0.576554	
	0.647537	
	0.662325	
	0.656466	
	0.707339	
	0.622254	
	0.665249	
	0.575603	
	0.522488	
	0.491993	
	0.442406	
	0.486672	
	0.474707	
	0.516577	
	0.474954	
	0.451712	
	0.431982	
	0.416327	
	0.384643	
	0.380441	
	0.318344	
	0.305632	
	0.350464	
	0.442317	
	0.335220	
	0.340080	
	0.361100	
	0.491850	
	0.393191	
	0.440707	
	0.458982	
	0.411377	
	0.394073	
	0.517268	
	0.480446	
	0.502133	
	0.469818	
	0.460760	
	0.412784	
	0.390035	
	0.347446	
	0.306277	
	0.375783	
	0.446473	
	0.568366	
	0.677920	
	0.717317	
	0.764153	
	0.747516	
	0.694018	
	0.601140	
	0.472820	
	0.472489	
	0.496103	
	0.407518	
	0.254693	
	0.331729	
	0.398947	
	0.422006	
	0.460581	
	0.599931	
	0.589038	
	0.624321	
	0.626270	
	0.586865	
	0.595095	
	0.552083	
	0.572018	
	0.523447	
	0.492782	
	0.487333	
	0.516631	
	0.474660	
	0.465124	
	0.435559	
	0.420060	
	0.393246	
	0.378752	
	0.365795	
	0.339579	
	0.326939	
	0.340436	
	0.327611	
	0.334558	
	0.349163	
	0.387665	
	0.369592	
	0.491666	
	0.400510	
	0.477793	
	0.507516	
	0.539028	
	0.531558	
	0.500088	
	0.505434	
	0.506271	
	0.482011	
	0.475459	
	0.450560	
	0.457578	
	0.548451	
	0.680295	
	0.672237	
	0.620301	
	0.692508	
	0.700240	
	0.742718	
	0.719637	
	0.729244	
	0.699334	
	0.635826	
	0.645287	
	0.626500	
	0.626965	
	0.566869	
	0.525628	
	0.535759	
	0.518161	
	0.538052	
	0.508594	
	0.505298	
	0.453749	
	0.461330	
	0.468070	
	0.453061	
	0.431060	
	0.441334	
	0.536689	
	0.556300	
	0.480021	
	0.487450	
	0.482515	
	0.470137	
	0.490897	
	0.548897	
	0.548912	
	0.555827	
	0.528275	
	0.503270	
	0.559331	
	0.569671	
	0.514413	
	0.455051	
	0.501266	
	0.521840	
	0.584585	
	0.609216	
	0.585955	
	0.520282	
	0.540046	
	0.534562	
	0.516297	
	0.490372	
	0.548049	
	0.498314	
	0.494663	
	0.527325	
	0.505003	
	0.510524	
	0.493476	
	0.453308	
	0.402190	
	0.383240	
	0.341473	
	0.328807	
	0.311612	
	0.356686	
	0.517242	
	0.426028	
	0.482662	
	0.492445	
	0.490976	
	0.470863	
	0.507303	
	0.494201	
	0.409871	
	0.412822	
	0.478801	
	0.448080	
	0.423730	
	0.499761	
	0.435709	
	0.410216	
	0.433850	
	0.440106	
	0.408737	
	0.342516	
	0.354816	
	0.306962	
	0.328863	
	0.385508	
	0.312074	
	0.324286	
	0.455046	
	0.418495	
	0.434963	
	0.557601	
	0.516168	
	0.593950	
	0.610842	
	0.578875	
	0.580834	
	0.572486	
	0.525243	
	0.494425	
	0.538958	
	0.520145	
	0.595073	
	0.698492	
	0.708553	
	0.650046	
	0.636448	
	0.718830	
	0.760835	
	0.781876	
	0.813717	
	0.812893	
	0.827961	
	0.832762	
	0.806345	
	0.686748	
	0.541474	
	0.603278	
	0.568644	
	0.560216	
	0.527717	
	0.534118	
	0.508796	
	0.520168	
	0.483087	
	0.461894	
	0.474359	
	0.477453	
	0.519887	
	0.558664	
	0.665705	
	0.690044	
	0.710309	
	0.704872	
	0.732359	
	0.765152	
	0.788584	
	0.717022	
	0.715856	
	0.703072	
	0.694885	
	0.714471	
	0.592498	
	0.477410	
	0.503077	
	0.397931	
	0.336195	
	0.314475	
	0.273954	
	0.230249	
	0.264804	
	0.230041	
	0.197150	
	0.177711	
	0.165560	
	0.524398	
	0.659818	
	0.695186	
	0.648188	
	0.643119	
	0.728809	
	0.797551	
	0.793209	
	0.816988	
	0.793140	
	0.763548	
	0.799607	
	0.836568	
	0.748488	
	0.551410	
	0.590207	
	0.576546	
	0.539335	
	0.505771	
	0.494155	
	0.462527	
	0.457062	
	0.448417	
	0.500703	
	0.467509	
	0.477591	
	0.410013	
	0.456895	
	0.622940	
	0.633096	
	0.630670	
	0.701553	
	0.711870	
	0.763014	
	0.745685	
	0.757628	
	0.787211	
	0.777578	
	0.737253	
	0.807266	
	0.724562	
	0.557948	
	0.598363	
	0.474014	
	0.445924	
	0.411511	
	0.479973	
	0.517163	
	0.491924	
	0.483286	
	0.464049	
	0.452882	
	0.430287	
	0.509184	
	0.636349	
	0.722738	
	0.697158	
	0.692597	
	0.733765	
	0.775007	
	0.780735	
	0.769700	
	0.768359	
	0.769961	
	0.796830	
	0.800050	
	0.763641	
	0.637794	
	0.541630	
	0.558306	
	0.564958	
	0.559752	
	0.534099	
	0.541920	
	0.509908	
	0.514091	
	0.471617	
	0.496480	
	0.489096	
	0.417324	
	0.470066	
	0.627055	
	0.621224	
	0.609048	
	0.610130	
	0.596422	
	0.622304	
	0.602124	
	0.571707	
	0.534795	
	0.532463	
	0.516927	
	0.523782	
	0.548310	
	0.506600	
	0.497197	
	0.518655	
	0.388489	
	0.381614	
	0.363215	
	0.348495	
	0.349138	
	0.384586	
	0.395444	
	0.397799	
	0.402143	
	0.438008	
	0.602576	
	0.656776	
	0.652126	
	0.647624	
	0.692991	
	0.685232	
	0.738776	
	0.742882	
	0.752000	
	0.735046	
	0.727356	
	0.701822	
	0.685714	
	0.646422	
	0.539204	
	0.544123	
	0.513880	
	0.490068	
	0.491361	
	0.478158	
	0.438483	
	0.430623	
	0.363055	
	0.412293	
	0.413865	
	0.404300	
	0.476996	
	0.521788	
	0.633537	
	0.631273	
	0.684888	
	0.705517	
	0.706429	
	0.707032	
	0.710505	
	0.768753	
	0.778339	
	0.785239	
	0.796943	
	0.758117	
	0.531179	
	0.453790	
	0.552416	
	0.456740	
	0.433850	
	0.453544	
	0.432736	
	0.388011	
	0.427569	
	0.382977	
	0.311563	
	0.292692	
	0.285501	
	0.538259	
	0.660257	
	0.723086	
	0.651007	
	0.712663	
	0.723837	
	0.750549	
	0.757815	
	0.765594	
	0.755601	
	0.712190	
	0.679810	
	0.709133	
	0.715443	
	0.542729	
	0.583440	
	0.559727	
	0.521050	
	0.507321	
	0.513677	
	0.446158	
	0.453385	
	0.436735	
	0.443013	
	0.441596	
	0.490010	
	0.454889	
	0.573551	
	0.626515	
	0.639833	
	0.596435	
	0.599284	
	0.607667	
	0.615100	
	0.619840	
	0.596866	
	0.560722	
	0.571444	
	0.557288	
	0.547763	
	0.554019	
	0.508674	
	0.529749	
	0.499316	
	0.457017	
	0.517239	
	0.485082	
	0.475678	
	0.474712	
	0.431424	
	0.365743	
	0.345524	
	0.379336	
	0.452755	
	0.549448	
	0.528990	
	0.576603	
	0.559190	
	0.501278	
	0.582362	
	0.582636	
	0.583206	
	0.599416	
	0.545534	
	0.553541	
	0.558487	
	0.587826	
	0.478172	
	0.403888	
	0.466714	
	0.453321	
	0.534223	
	0.505197	
	0.510207	
	0.521543	
	0.539972	
	0.502354	
	0.481296	
	0.538653	
	0.524606	
	0.519502	
	0.560198	
	0.591135	
	0.477266	
	0.507189	
	0.504325	
	0.482959	
	0.507560	
	0.493877	
	0.529073	
	0.492653	
	0.443311	
	0.461985	
	0.530324	
	0.454430	
	0.493351	
	0.535714	
	0.526847	
	0.526409	
	0.536284	
	0.528885	
	0.526153	
	0.506966	
	0.525442	
	0.506095	
	0.491599	
	0.474734	
	0.554032	
	0.644614	
	0.672245	
	0.669653	
	0.661289	
	0.664299	
	0.732271	
	0.622879	
	0.572373	
	0.552237	
	0.532284	
	0.542525	
	0.486855	
	0.592834	
	0.580991	
	0.539226	
	0.496718	
	0.487018	
	0.481277	
	0.465411	
	0.419165	
	0.365520	
	0.364043	
	0.367687	
	0.360985	
	0.375299	
	0.365973	
	0.547035	
	0.618357	
	0.621004	
	0.621148	
	0.565029	
	0.585987	
	0.535880	
	0.478800	
	0.493161	
	0.516927	
	0.481208	
	0.448839	
	0.473545	
	0.488627	
	0.399820	
	0.398308	
	0.384225	
	0.433421	
	0.399378	
	0.487372	
	0.478675	
	0.509030	
	0.490745	
	0.556497	
	0.598211	
	0.641898	
	0.752599	
	0.532288	
	0.448718	
	0.386590	
	0.368690	
	0.378613	
	0.387639	
	0.582074	
	0.361878	
	0.360873	
	0.293830	
	0.251096	
	0.324167	
	0.656474	
	0.623534	
	0.640255	
	0.674491	
	0.637034	
	0.665584	
	0.636413	
	0.646875	
	0.614688	
	0.584508	
	0.586525	
	0.618521	
	0.568182	
	0.664599	
	0.667329	
	0.681575	
	0.661969	
	0.655761	
	0.637316	
	0.679270	
	0.633775	
	0.628935	
	0.631099	
	0.640288	
	0.659555	
	0.650925	
	0.623384	
	0.612468	
	0.331283	
	0.489655	
	0.476437	
	0.494870	
	0.455738	
	0.440916	
	0.439614	
	0.436036	
	0.417502	
	0.390018	
	0.381510	
	0.391963	
	0.442589	
	0.532395	
	0.526610	
	0.462002	
	0.482290	
	0.503590	
	0.533268	
	0.529871	
	0.498222	
	0.517386	
	0.471016	
	0.464605	
	0.459752	
	0.462819	
	0.605105	
	0.454391	
	0.479154	
	0.529693	
	0.462293	
	0.448665	
	0.432147	
	0.390948	
	0.383589	
	0.384565	
	0.461925	
	0.423016	
	0.731225	
	0.857034	
	0.865415	
	0.853037	
	0.774013	
	0.491114	
	0.410087	
	0.414108	
	0.382741	
	0.441432	
	0.518645	
	0.835613	
	0.913036	
	0.944520	
	0.925913	
	0.739287	
	0.747770	
	0.666280	
	0.376122	
	0.377973	
	0.402392	
	0.385991	
	0.377538	
	0.386369	
	0.390579	
	0.407431	
	0.460865	
	0.426710	
	0.575061	
	0.533287	
	0.497998	
	0.465719	
	0.461775	
	0.445349	
	0.435431	
	0.312297	
	0.249254	
	0.217655	
	0.217639	
	0.209456	
	0.213054	
	0.562302	
	0.448286	
	0.455566	
	0.436716	
	0.376165	
	0.325788	
	0.326240	
	0.329097	
	0.342336	
	0.325157	
	0.379820	
	0.439905	
	0.436965	
	0.419652	
	0.464017	
	0.395884	
	0.301646	
	0.291789	
	0.337983	
	0.421212	
	0.570435	
	0.658365	
	0.657285	
	0.672709	
	0.569667	
	0.327322	
	0.340561	
	0.470440	
	0.205240	
	0.218968	
	0.237076	
	0.294433	
	0.389512	
	0.482105	
	0.546507	
	0.513409	
	0.577245	
	0.486428	
	0.475944	
	0.482767	
	0.608449	
	0.584100	
	0.529788	
	0.484412	
	0.500056	
	0.530017	
	0.542037	
	0.485355	
	0.529429	
	0.494679	
	0.532116	
	0.745123	
	0.941276	
	0.914775	
	0.750168	
	0.753785	
	0.603684	
	0.535669	
	0.548778	
	0.574227	
	0.465072	
	0.435957	
	0.436492	
	0.429015	
	0.373166	
	0.413890	
	0.376697	
	0.543819	
	0.425594	
	0.345913	
	0.328509	
	0.304886	
	0.296023	
	0.307844	
	0.290848	
	0.284767	
	0.289495	
	0.281248	
	0.316372	
	0.618306	
	0.641239	
	0.348742	
	0.380034	
	0.466419	
	0.428243	
	0.416112	
	0.399977	
	0.393967	
	0.342456	
	0.317033	
	0.338903	
	0.331011	
	0.353210	
	0.400931	
	0.583886	
	0.495278	
	0.392595	
	0.341002	
	0.322398	
	0.310874	
	0.332696	
	0.396030	
	0.435900	
	0.381166	
	0.400970	
	0.415808	
	0.447724	
	0.541152	
	0.424073	
	0.426676	
	0.462385	
	0.484197	
	0.441911	
	0.409717	
	0.407361	
	0.393694	
	0.390405	
	0.382564	
	0.375761	
	0.331729	
	0.465134	
	0.557116	
	0.434642	
	0.447774	
	0.421897	
	0.352552	
	0.378040	
	0.464994	
	0.476122	
	0.509187	
	0.502239	
	0.456376	
	0.344455	
	0.479357	
	0.429709	
	0.277242	
	0.278763	
	0.282456	
	0.335596	
	0.330289	
	0.281477	
	0.271616	
	0.291645	
	0.367439	
	0.291964	
	0.182047	
	0.278675	
	0.580177	
	0.562637	
	0.354853	
	0.375180	
	0.435994	
	0.526498	
	0.570703	
	0.517918	
	0.536886	
	0.486066	
	0.472568	
	0.619731	
	0.571328	
	0.510248	
	0.423505	
	0.413957	
	0.395757	
	0.397255	
	0.370124	
	0.337824	
	0.330571	
	0.353732	
	0.452672	
	0.554993	
	0.612239	
	0.489329	
	0.478619	
	0.551509	
	0.403791	
	0.344834	
	0.312838	
	0.311658	
	0.301915	
	0.254314	
	0.226976	
	0.287140	
	0.415478	
	0.908177	
	0.957412	
	0.964714	
	0.796657	
	0.352401	
	0.370061	
	0.347374	
	0.301603	
	0.297968	
	0.280067	
	0.279253	
	0.276599	
	0.311584	
	0.341934	
	0.280382	
	0.271234	
	0.514893	
	0.561066	
	0.497039	
	0.401882	
	0.388982	
	0.396239	
	0.392627	
	0.356201	
	0.336983	
	0.387487	
	0.221413	
	0.258668	
	0.666241	
	0.760205	
	0.565056	
	0.542128	
	0.522233	
	0.472006	
	0.416481	
	0.467518	
	0.425038	
	0.433006	
	0.445666	
	0.459814	
	0.453061	
	0.471067	
	0.469438	
	0.522255	
	0.458646	
	0.327187	
	0.287146	
	0.276267	
	0.323034	
	0.352399	
	0.322631	
	0.317612	
	0.295400	
	0.322489	
	0.259745	
	0.183163	
	0.494362	
	0.328321	
	0.326494	
	0.314321	
	0.324202	
	0.318781	
	0.327182	
	0.358968	
	0.355410	
	0.318270	
	0.310776	
	0.329493	
	0.317739	
	0.457324	
	0.551568	
	0.453965	
	0.404215	
	0.368163	
	0.386478	
	0.406878	
	0.418396	
	0.417618	
	0.401622	
	0.390030	
	0.403959	
	0.427663	
	0.437852	
	0.561785	
	0.490759	
	0.473587	
	0.513244	
	0.498488	
	0.469442	
	0.399605	
	0.339655	
	0.318001	
	0.316011	
	0.323760	
	0.287363	
	0.303440	
	0.495964	
	0.542304	
	0.427849	
	0.375737	
	0.355664	
	0.369352	
	0.397079	
	0.440936	
	0.413353	
	0.423688	
	0.388848	
	0.390715	
	0.407928	
	0.444930	
	0.465396	
	0.311544	
	0.262252	
	0.262971	
	0.269179	
	0.323028	
	0.259776	
	0.248007	
	0.221750	
	0.220282	
	0.218488	
	0.219008	
	0.286758	
	0.605619	
	0.543187	
	0.425063	
	0.341958	
	0.290137	
	0.307657	
	0.290575	
	0.344525	
	0.344002	
	0.359346	
	0.333868	
	0.358088	
	0.299142	
	0.583224	
	0.430814	
	0.471983	
	0.492484	
	0.481703	
	0.442772	
	0.414960	
	0.363535	
	0.342443	
	0.357109	
	0.359245	
	0.372438	
	0.366200	
	0.488817	
	0.616019	
	0.465121	
	0.407783	
	0.350043	
	0.276510	
	0.185982	
	0.175470	
	0.200032	
	0.251108	
	0.305513	
	0.184115	
	0.225663	
	0.254415	
	0.492756	
	0.271690	
	0.292263	
	0.276468	
	0.252280	
	0.256466	
	0.272735	
	0.280525	
	0.268932	
	0.257799	
	0.307205	
	0.279376	
	0.240075	
	0.518946	
	0.567976	
	0.492549	
	0.431102	
	0.368714	
	0.369774	
	0.372826	
	0.354523	
	0.323745	
	0.326096	
	0.298158	
	0.269003	
	0.323493	
	0.552936	
	0.555674	
	0.483507	
	0.482932	
	0.460472	
	0.416591	
	0.387510	
	0.364721	
	0.307296	
	0.397389	
	0.630778	
	0.771114	
	0.779260	
	0.741613	
	0.631611	
	0.423065	
	0.395433	
	0.388772	
	0.373350	
	0.432138	
	0.447833	
	0.505807	
	0.449747	
	0.450768	
	0.363293	
	0.287981	
	0.248289	
	0.477353	
	0.317285	
	0.201271	
	0.225993	
	0.221433	
	0.205631	
	0.210539	
	0.204517	
	0.242425	
	0.292473	
	0.302759	
	0.286558	
	0.313893	
	0.472734	
	0.568318	
	0.477070	
	0.419643	
	0.365653	
	0.351050	
	0.357415	
	0.346208	
	0.294284	
	0.285495	
	0.282164	
	0.235938	
	0.266067	
	0.522997	
	0.543263	
	0.456522	
	0.440238	
	0.405561	
	0.385143	
	0.372859	
	0.359017	
	0.290262	
	0.267262	
	0.234410	
	0.221299	
	0.228895	
	0.222099	
	0.562096	
	0.454526	
	0.407481	
	0.443976	
	0.447709	
	0.456137	
	0.450839	
	0.386880	
	0.282319	
	0.231536	
	0.238204	
	0.682936	
	0.826681	
	0.909764	
	0.703738	
	0.405493	
	0.361089	
	0.315584	
	0.337334	
	0.369065	
	0.396973	
	0.389056	
	0.429327	
	0.440068	
	0.404248	
	0.389084	
	0.278546	
	0.530421	
	0.519994	
	0.464173	
	0.414531	
	0.375503	
	0.399604	
	0.449463	
	0.482860	
	0.484144	
	0.494242	
	0.406542	
	0.253246	
	0.236414	
	0.627084	
	0.438680	
	0.468206	
	0.479225	
	0.446766	
	0.399343	
	0.370731	
	0.333474	
	0.281672	
	0.215319	
	0.228652	
	0.196398	
	0.186770	
	0.282089	
	0.556157	
	0.401547	
	0.339923	
	0.277725	
	0.256054	
	0.286223	
	0.349541	
	0.282522	
	0.273246	
	0.230049	
	0.208603	
	0.202972	
	0.231091	
	0.547535	
	0.466484	
	0.489093	
	0.361049	
	0.358278	
	0.275369	
	0.284833	
	0.298971	
	0.309274	
	0.274344	
	0.283626	
	0.365650	
	0.306027	
	0.555918	
	0.599796	
	0.515553	
	0.370748	
	0.312980	
	0.361871	
	0.407798	
	0.368947	
	0.365716	
	0.363179	
	0.372459	
	0.359023	
	0.348221	
	0.515233	
	0.534984	
	0.466471	
	0.480225	
	0.473312	
	0.414460	
	0.385989	
	0.346609	
	0.325225	
	0.309844	
	0.269001	
	0.232849	
	0.255594	
	0.260163	
	0.588674	
	0.500267	
	0.436788	
	0.418048	
	0.406788	
	0.477818	
	0.533989	
	0.511503	
	0.389406	
	0.238650	
	0.345527	
	0.774311	
	0.842540	
	0.853460	
	0.519133	
	0.407275	
	0.356572	
	0.270717	
	0.206461	
	0.161744	
	0.155968	
	0.163376	
	0.214204	
	0.148971	
	0.145287	
	0.136739	
	0.451473	
	0.572782	
	0.407102	
	0.343327	
	0.288604	
	0.297890	
	0.288664	
	0.258004	
	0.276330	
	0.274742	
	0.279118	
	0.334648	
	0.170070	
	0.347467	
	0.565415	
	0.379354	
	0.381097	
	0.375200	
	0.358753	
	0.333887	
	0.291311	
	0.293567	
	0.252512	
	0.195654	
	0.165797	
	0.156538	
	0.181352	
	0.351421	
	0.387262	
	0.270921	
	0.271585	
	0.284442	
	0.306436	
	0.331145	
	0.371625	
	0.349421	
	0.538242	
	0.847021	
	0.941731	
	0.936805	
	0.901692	
	0.798720	
	0.730638	
	0.646345	
	0.460670	
	0.493718	
	0.443306	
	0.485590	
	0.452073	
	0.384271	
	0.344604	
	0.296633	
	0.241133	
	0.266542	
	0.544114	
	0.473284	
	0.379517	
	0.283659	
	0.233246	
	0.215537	
	0.218098	
	0.212484	
	0.331103	
	0.316667	
	0.357086	
	0.398212	
	0.488719	
	0.647700	
	0.400210	
	0.404637	
	0.384695	
	0.406215	
	0.359361	
	0.339559	
	0.280567	
	0.261411	
	0.278904	
	0.406697	
	0.254610	
	0.282813	
	0.451770	
	0.448127	
	0.347093	
	0.286523	
	0.386316	
	0.373414	
	0.355461	
	0.318186	
	0.310778	
	0.261112	
	0.295404	
	0.396925	
	0.317815	
	0.269418	
	0.403240	
	0.304026	
	0.315932	
	0.296370	
	0.375935	
	0.432146	
	0.304810	
	0.320118	
	0.337197	
	0.373017	
	0.341663	
	0.307265	
	0.470395	
	0.588241	
	0.542860	
	0.442969	
	0.368609	
	0.363493	
	0.425912	
	0.541870	
	0.469012	
	0.540810	
	0.699765	
	0.769384	
	0.736983	
	0.566708	
	0.505478	
	0.481487	
	0.477666	
	0.475108	
	0.516080	
	0.478723	
	0.461939	
	0.416064	
	0.507009	
	0.360863	
	0.343467	
	0.310431	
	0.330261	
	0.349631	
	0.508730	
	0.484109	
	0.446336	
	0.415430	
	0.380193	
	0.356442	
	0.361150	
	0.397004	
	0.464776	
	0.450303	
	0.379132	
	0.350126	
	0.368559	
	0.483015	
	0.353044	
	0.332968	
	0.434190	
	0.307245	
	0.309695	
	0.303292	
	0.298836	
	0.308604	
	0.312326	
	0.402649	
	0.343728	
	0.295989	
	0.384493	
	0.599461	
	0.568689	
	0.479113	
	0.463337	
	0.496299	
	0.386660	
	0.390798	
	0.339420	
	0.342466	
	0.359005	
	0.400448	
	0.500689	
	0.463500	
	0.578494	
	0.465338	
	0.512478	
	0.500941	
	0.489534	
	0.467128	
	0.452063	
	0.375653	
	0.312044	
	0.298720	
	0.357674	
	0.424732	
	0.452158	
	0.559956	
	0.670728	
	0.695904	
	0.716867	
	0.704003	
	0.600142	
	0.671048	
	0.568302	
	0.590403	
	0.536241	
	0.514860	
	0.491137	
	0.474745	
	0.602348	
	0.484588	
	0.413618	
	0.448278	
	0.472356	
	0.432575	
	0.406377	
	0.397200	
	0.402680	
	0.403940	
	0.386106	
	0.422661	
	0.474266	
	0.517249	
	0.508667	
	0.594903	
	0.642140	
	0.583370	
	0.487178	
	0.452115	
	0.351824	
	0.331948	
	0.445834	
	0.720192	
	0.859131	
	0.922996	
	0.940706	
	0.957077	
	0.908354	
	0.548542	
	0.602511	
	0.607925	
	0.617291	
	0.627928	
	0.619052	
	0.623726	
	0.628975	
	0.621765	
	0.637149	
	0.563656	
	0.594155	
	0.608684	
	0.602359	
	0.648272	
	0.645499	
	0.590941	
	0.501064	
	0.447306	
	0.467057	
	0.473701	
	0.538450	
	0.533585	
	0.606403	
	0.583486	
	0.594985	
	0.542097	
	0.571372	
	0.591591	
	0.548225	
	0.463391	
	0.491376	
	0.467653	
	0.453627	
	0.401808	
	0.340410	
	0.304310	
	0.353418	
	0.540623	
	0.477176	
	0.464605	
	0.453687	
	0.455463	
	0.422410	
	0.408507	
	0.450805	
	0.556093	
	0.646422	
	0.607623	
	0.824625	
	0.897335	
	0.895216	
	0.742071	
	0.503055	
	0.508357	
	0.495642	
	0.506693	
	0.522362	
	0.472174	
	0.528946	
	0.575602	
	0.626280	
	0.669727	
	0.664241	
	0.703692	
	0.733763	
	0.676002	
	0.735230	
	0.830531	
	0.862048	
	0.837108	
	0.747867	
	0.675502	
	0.923221	
	0.937669	
	0.920533	
	0.968658	
	0.964712	
	0.840216	
	0.579416	
	0.532081	
	0.508162	
	0.451550	
	0.448285	
	0.433786	
	0.369221	
	0.401614	
	0.500598	
	0.457483	
	0.755754	
	0.930049	
	0.953976	
	0.938922	
	0.804681	
	0.610794	
	0.568651	
	0.552693	
	0.410159	
	0.389376	
	0.370293	
	0.380777	
	0.542242	
	0.645221	
	0.675895	
	0.727608	
	0.669641	
	0.477590	
	0.338441	
	0.295770	
	0.233605	
	0.274248	
	0.364002	
	0.409673	
	0.757437	
	0.849451	
	0.900103	
	0.949098	
	0.952371	
	0.929830	
	0.823937	
	0.814573	
	0.414242	
	0.396989	
	0.401164	
	0.414759	
	0.413695	
	0.405389	
	0.381272	
	0.342960	
	0.364467	
	0.497295	
	0.555458	
	0.444231	
	0.537749	
	0.578912	
	0.555151	
	0.507529	
	0.449526	
	0.449235	
	0.479517	
	0.510249	
	0.539233	
	0.484613	
	0.531999	
	0.620363	
	0.645968	
	0.620418	
	0.634572	
	0.603461	
	0.595391	
	0.605888	
	0.597812	
	0.611160	
	0.570719	
	0.514423	
	0.484333	
	0.427446	
	0.464070	
	0.597103	
	0.475948	
	0.483913	
	0.508508	
	0.493255	
	0.476170	
	0.452512	
	0.430308	
	0.438986	
	0.494537	
	0.436873	
	0.544667	
	0.478633	
	0.526555	
	0.444995	
	0.539793	
	0.657118	
	0.758950	
	0.765987	
	0.762201	
	0.736099	
	0.536298	
	0.634767	
	0.937504	
	0.957018	
	0.959417	
	0.928891	
	0.791966	
	0.689297	
	0.713630	
	0.638423	
	0.556929	
	0.518948	
	0.528930	
	0.496385	
	0.460911	
	0.402840	
	0.385515	
	0.360446	
	0.382712	
	0.510261	
	0.506567	
	0.440898	
	0.396738	
	0.397765	
	0.432786	
	0.450628	
	0.442215	
	0.419648	
	0.405051	
	0.459250	
	0.469497	
	0.516114	
	0.557749	
	0.542831	
	0.435705	
	0.412705	
	0.450428	
	0.431648	
	0.416345	
	0.370769	
	0.403881	
	0.405302	
	0.387581	
	0.381988	
	0.354708	
	0.310435	
	0.456462	
	0.350545	
	0.317857	
	0.361675	
	0.435687	
	0.842056	
	0.920929	
	0.921719	
	0.915045	
	0.918505	
	0.912103	
	0.831281	
	0.888847	
	0.815899	
	0.492527	
	0.377425	
	0.308658	
	0.275457	
	0.289736	
	0.285230	
	0.274004	
	0.234234	
	0.334436	
	0.354328	
	0.373332	
	0.396655	
	0.446937	
	0.595995	
	0.550318	
	0.525639	
	0.494559	
	0.525702	
	0.492928	
	0.472305	
	0.490295	
	0.492413	
	0.521151	
	0.484273	
	0.482102	
	0.530823	
	0.555603	
	0.482980	
	0.527190	
	0.542614	
	0.534013	
	0.489905	
	0.493129	
	0.495881	
	0.509448	
	0.503722	
	0.494235	
	0.452184	
	0.406880	
	0.494224	
	0.414603	
	0.389800	
	0.463172	
	0.458564	
	0.475281	
	0.530617	
	0.581327	
	0.510885	
	0.465496	
	0.398975	
	0.375881	
	0.432073	
	0.502559	
	0.471595	
	0.385848	
	0.419768	
	0.357591	
	0.315057	
	0.336337	
	0.367260	
	0.391948	
	0.437616	
	0.412945	
	0.298096	
	0.266884	
	0.314654	
	0.557779	
	0.539224	
	0.487545	
	0.430509	
	0.429901	
	0.432673	
	0.455389	
	0.416308	
	0.396415	
	0.379893	
	0.373200	
	0.389144	
	0.461803	
	0.609621	
	0.442995	
	0.427280	
	0.419435	
	0.412246	
	0.343814	
	0.346992	
	0.319636	
	0.316414	
	0.359740	
	0.353879	
	0.303520	
	0.309264	
	0.413297	
	0.513056	
	0.445282	
	0.435645	
	0.437220	
	0.477052	
	0.490152	
	0.481259	
	0.488084	
	0.450415	
	0.456569	
	0.415601	
	0.433246	
	0.472735	
	0.452896	
	0.262090	
	0.306070	
	0.239492	
	0.273200	
	0.273466	
	0.259665	
	0.252325	
	0.285211	
	0.280696	
	0.276708	
	0.285470	
	0.249275	
	0.597756	
	0.569354	
	0.647738	
	0.554044	
	0.604502	
	0.560265	
	0.518381	
	0.419352	
	0.377636	
	0.379441	
	0.444604	
	0.376077	
	0.380041	
	0.507185	
	0.478935	
	0.489410	
	0.479284	
	0.443237	
	0.458282	
	0.456068	
	0.407519	
	0.393194	
	0.422509	
	0.381111	
	0.387641	
	0.394788	
	0.392235	
	0.491026	
	0.430239	
	0.345865	
	0.427757	
	0.554645	
	0.582587	
	0.636488	
	0.573224	
	0.404766	
	0.445068	
	0.831804	
	0.885457	
	0.843679	
	0.801392	
	0.590820	
	0.376946	
	0.345909	
	0.347130	
	0.332530	
	0.363671	
	0.382172	
	0.354049	
	0.376976	
	0.414423	
	0.417805	
	0.425562	
	0.483337	
	0.512016	
	0.539403	
	0.494163	
	0.469280	
	0.443749	
	0.461889	
	0.484585	
	0.507213	
	0.493440	
	0.461267	
	0.526661	
	0.557728	
	0.572692	
	0.631163	
	0.472350	
	0.501005	
	0.502757	
	0.474897	
	0.473393	
	0.443908	
	0.435120	
	0.433037	
	0.460501	
	0.444705	
	0.410005	
	0.345424	
	0.530061	
	0.475635	
	0.454892	
	0.509331	
	0.479238	
	0.483289	
	0.436128	
	0.435064	
	0.437358	
	0.430189	
	0.411516	
	0.444255	
	0.461609	
	0.523760	
	0.459350	
	0.442369	
	0.433465	
	0.449184	
	0.481302	
	0.432901	
	0.446759	
	0.416901	
	0.388819	
	0.326802	
	0.350554	
	0.395071	
	0.455268	
	0.632174	
	0.577899	
	0.524190	
	0.471346	
	0.462244	
	0.444932	
	0.440118	
	0.409593	
	0.419052	
	0.433403	
	0.499588	
	0.535744	
	0.462547	
	0.609193	
	0.455811	
	0.466309	
	0.454196	
	0.466303	
	0.436660	
	0.410896	
	0.370850	
	0.445222	
	0.300332	
	0.295247	
	0.272502	
	0.246572	
	0.383716	
	0.426727	
	0.377534	
	0.336709	
	0.313405	
	0.364111	
	0.341667	
	0.380687	
	0.362607	
	0.408727	
	0.354506	
	0.302114	
	0.326201	
	0.390314	
	0.488146	
	0.317346	
	0.319831	
	0.317188	
	0.312511	
	0.338231	
	0.317145	
	0.307615	
	0.332987	
	0.318609	
	0.359232	
	0.313576	
	0.331374	
	0.557050	
	0.539084	
	0.471340	
	0.411644	
	0.460134	
	0.454867	
	0.449669	
	0.447956	
	0.449825	
	0.438548	
	0.439855	
	0.457602	
	0.538003	
	0.554216	
	0.517135	
	0.529738	
	0.531307	
	0.547005	
	0.473370	
	0.470184	
	0.459550	
	0.458118	
	0.448804	
	0.437881	
	0.419850	
	0.442534	
	0.501616	
	0.575088	
	0.607629	
	0.627515	
	0.643938	
	0.637282	
	0.677951	
	0.661725	
	0.660938	
	0.674009	
	0.673548	
	0.639809	
	0.612920	
	0.639111	
	0.636754	
	0.444379	
	0.516298	
	0.545138	
	0.583763	
	0.534012	
	0.569700	
	0.602712	
	0.467706	
	0.513878	
	0.511506	
	0.498768	
	0.553436	
	0.527742	
	0.579702	
	0.578138	
	0.589473	
	0.581896	
	0.563816	
	0.589081	
	0.592416	
	0.555229	
	0.479852	
	0.436546	
	0.454873	
	0.456540	
	0.481265	
	0.579389	
	0.515887	
	0.535869	
	0.536930	
	0.512739	
	0.523980	
	0.532854	
	0.587130	
	0.447098	
	0.420918	
	0.438277	
	0.419572	
	0.396911	
	0.523920	
	0.390569	
	0.389356	
	0.416226	
	0.463021	
	0.423549	
	0.448782	
	0.454011	
	0.447696	
	0.406844	
	0.409779	
	0.358065	
	0.351356	
	0.409435	
	0.453173	
	0.509582	
	0.530184	
	0.542496	
	0.493622	
	0.436269	
	0.430453	
	0.411769	
	0.407553	
	0.403822	
	0.365967	
	0.370308	
	0.380393	
	0.487233	
	0.607998	
	0.617036	
	0.613668	
	0.620449	
	0.685416	
	0.654332	
	0.653742	
	0.672131	
	0.607605	
	0.597632	
	0.644623	
	0.608116	
	0.639532	
	0.473512	
	0.484210	
	0.550266	
	0.537622	
	0.523182	
	0.486171	
	0.737329	
	0.857166	
	0.831731	
	0.848129	
	0.853968	
	0.853082	
	0.829375	
	0.646467	
	0.517636	
	0.518153	
	0.533801	
	0.516112	
	0.537456	
	0.536016	
	0.487033	
	0.504997	
	0.489675	
	0.488669	
	0.483845	
	0.472523	
	0.566964	
	0.439760	
	0.398944	
	0.348150	
	0.406732	
	0.386805	
	0.355926	
	0.340754	
	0.367280	
	0.337717	
	0.323416	
	0.352007	
	0.364116	
	0.523606	
	0.629668	
	0.620550	
	0.599671	
	0.562815	
	0.558153	
	0.612622	
	0.845349	
	0.918315	
	0.928896	
	0.949727	
	0.943208	
	0.927855	
	0.856960	
	0.679623	
	0.570571	
	0.551627	
	0.562123	
	0.562068	
	0.518312	
	0.541366	
	0.556659	
	0.528310	
	0.524264	
	0.560272	
	0.535748	
	0.512109	
	0.562424	
	0.616097	
	0.576145	
	0.515317	
	0.522692	
	0.502071	
	0.547167	
	0.567362	
	0.649647	
	0.574123	
	0.497181	
	0.400866	
	0.421524	
	0.578590	
	0.383430	
	0.305154	
	0.371255	
	0.320775	
	0.297650	
	0.261025	
	0.281963	
	0.292605	
	0.344596	
	0.401866	
	0.358225	
	0.344331	
	0.392976	
	0.571097	
	0.616664	
	0.595986	
	0.540928	
	0.579101	
	0.612083	
	0.634611	
	0.669666	
	0.717613	
	0.740696	
	0.691385	
	0.782053	
	0.872460	
	0.718225	
	0.592245	
	0.571553	
	0.580619	
	0.587478	
	0.606673	
	0.554524	
	0.503524	
	0.529125	
	0.497906	
	0.500103	
	0.575064	
	0.504701	
	0.488122	
	0.512929	
	0.516426	
	0.522933	
	0.519894	
	0.534293	
	0.584940	
	0.621512	
	0.618545	
	0.608616	
	0.609284	
	0.620206	
	0.657496	
	0.772420	
	0.643183	
	0.479331	
	0.462251	
	0.409692	
	0.411036	
	0.432768	
	0.407736	
	0.430226	
	0.423138	
	0.405687	
	0.355071	
	0.348236	
	0.357351	
	0.527756	
	0.612356	
	0.610625	
	0.597458	
	0.585117	
	0.631710	
	0.655410	
	0.639144	
	0.636514	
	0.632817	
	0.657093	
	0.633935	
	0.620620	
	0.623280	
	0.496845	
	0.541103	
	0.532993	
	0.510849	
	0.508210	
	0.480891	
	0.467334	
	0.443412	
	0.418532	
	0.440618	
	0.434876	
	0.417664	
	0.573510	
	0.547526	
	0.535349	
	0.580309	
	0.567550	
	0.611215	
	0.594130	
	0.628594	
	0.655022	
	0.647033	
	0.557421	
	0.473722	
	0.443570	
	0.392084	
	0.505982	
	0.380561	
	0.372716	
	0.378822	
	0.398141	
	0.382058	
	0.390873	
	0.355702	
	0.343922	
	0.344589	
	0.275471	
	0.263648	
	0.256429	
	0.421757	
	0.608350	
	0.678975	
	0.602656	
	0.587443	
	0.612869	
	0.670490	
	0.703103	
	0.681177	
	0.682238	
	0.669578	
	0.619335	
	0.595417	
	0.595420	
	0.559619	
	0.441388	
	0.468969	
	0.462163	
	0.415211	
	0.400907	
	0.360265	
	0.305132	
	0.347400	
	0.350168	
	0.361391	
	0.331339	
	0.347658	
	0.407513	
	0.371716	
	0.393463	
	0.420351	
	0.375807	
	0.362983	
	0.280691	
	0.269919	
	0.318109	
	0.272698	
	0.332767	
	0.321870	
	0.319949	
	0.461242	
	0.324499	
	0.258052	
	0.276289	
	0.363892	
	0.347644	
	0.312329	
	0.317266	
	0.345897	
	0.297871	
	0.276313	
	0.348201	
	0.343799	
	0.425074	
	0.618732	
	0.628816	
	0.603136	
	0.631797	
	0.613749	
	0.680612	
	0.909841	
	0.924131	
	0.929328	
	0.935963	
	0.928575	
	0.928102	
	0.877549	
	0.686885	
	0.581337	
	0.518533	
	0.517985	
	0.508189	
	0.502672	
	0.415795	
	0.422064	
	0.407805	
	0.445381	
	0.503440	
	0.493625	
	0.451933	
	0.535496	
	0.505238	
	0.468381	
	0.440052	
	0.464526	
	0.555053	
	0.582025	
	0.605510	
	0.579116	
	0.617132	
	0.537648	
	0.532687	
	0.798330	
	0.720806	
	0.619869	
	0.374587	
	0.400308	
	0.343206	
	0.327272	
	0.270500	
	0.323040	
	0.378624	
	0.380718	
	0.416923	
	0.352167	
	0.376740	
	0.392175	
	0.620922	
	0.687657	
	0.663378	
	0.612684	
	0.625050	
	0.670763	
	0.671762	
	0.660547	
	0.665333	
	0.699392	
	0.718595	
	0.692541	
	0.767811	
	0.658944	
	0.403360	
	0.415630	
	0.506698	
	0.513766	
	0.526195	
	0.464250	
	0.470017	
	0.486430	
	0.513349	
	0.508947	
	0.490761	
	0.527220	
	0.520044	
	0.479232	
	0.455718	
	0.468013	
	0.415808	
	0.426967	
	0.426105	
	0.505060	
	0.405175	
	0.408267	
	0.406748	
	0.425803	
	0.411560	
	0.317313	
	0.510404	
	0.291129	
	0.401828	
	0.356389	
	0.400655	
	0.388910	
	0.392516	
	0.422602	
	0.421544	
	0.426051	
	0.446833	
	0.411300	
	0.404753	
	0.552323	
	0.603719	
	0.589325	
	0.592559	
	0.574362	
	0.607996	
	0.664756	
	0.661118	
	0.653110	
	0.652691	
	0.640115	
	0.660097	
	0.664792	
	0.656291	
	0.545110	
	0.500673	
	0.513970	
	0.468969	
	0.462417	
	0.478692	
	0.455185	
	0.443773	
	0.444494	
	0.402733	
	0.395387	
	0.417031	
	0.463849	
	0.528115	
	0.662647	
	0.685226	
	0.664916	
	0.658355	
	0.688197	
	0.714290	
	0.680872	
	0.652518	
	0.616410	
	0.609292	
	0.592287	
	0.423078	
	0.434984	
	0.432295	
	0.463127	
	0.508189	
	0.508688	
	0.451482	
	0.405298	
	0.439227	
	0.418720	
	0.427580	
	0.405392	
	0.402987	
	0.395866	
	0.377402	
	0.388766	
	0.383098	
	0.367194	
	0.384622	
	0.351632	
	0.345199	
	0.305170	
	0.309109	
	0.303749	
	0.322053	
	0.337710	
	0.321798	
	0.309910	
	0.359477	
	0.341244	
	0.378815	
	0.356717	
	0.346372	
	0.297496	
	0.238463	
	0.314456	
	0.295852	
	0.298641	
	0.290082	
	0.297463	
	0.311959	
	0.327230	
	0.316937	
	0.292844	
	0.314211	
	0.284238	
	0.293059	
	0.314250	
	0.278464	
	0.300115	
	0.292181	
	0.316480	
	0.327388	
	0.273155	
	0.267816	
	0.301301	
	0.271248	
	0.271260	
	0.270134	
	0.298389	
	0.266691	
	0.293155	
	0.274642	
	0.307192	
	0.310943	
	0.304423	
	0.330691	
	0.299358	
	0.324601	
	0.329125	
	0.324355	
	0.353654	
	0.361749	
	0.330956	
	0.358626	
	0.337358	
	0.267790	
	0.288067	
	0.283343	
	0.318292	
	0.340605	
	0.706120	
	0.819883	
	0.778028	
	0.706568	
	0.624186	
	0.422296	
	0.360624	
	0.381030	
	0.393994	
	0.391446	
	0.373518	
	0.354550	
	0.384714	
	0.402949	
	0.426589	
	0.371562	
	0.349649	
	0.449444	
	0.499541	
	0.609248	
	0.660805	
	0.611334	
	0.460211	
	0.351230	
	0.690075	
	0.903681	
	0.896376	
	0.829285	
	0.669025	
	0.622447	
	0.519644	
	0.508566	
	0.515697	
	0.509617	
	0.512285	
	0.498844	
	0.481211	
	0.477696	
	0.499933	
	0.481422	
	0.451648	
	0.399946	
	0.417821	
	0.412076	
	0.428097	
	0.399890	
	0.378981	
	0.357216	
	0.355202	
	0.474929	
	0.744726	
	0.790587	
	0.795334	
	0.775571	
	0.737005	
	0.681203	
	0.477304	
	0.432716	
	0.405649	
	0.404852	
	0.384133	
	0.334100	
	0.337617	
	0.367080	
	0.427777	
	0.492398	
	0.635826	
	0.650688	
	0.621856	
	0.431812	
	0.435878	
	0.415200	
	0.364896	
	0.376304	
	0.400564	
	0.355885	
	0.360540	
	0.366489	
	0.408179	
	0.407502	
	0.390995	
	0.496020	
	0.526305	
	0.433886	
	0.376151	
	0.373941	
	0.369833	
	0.384178	
	0.410615	
	0.362291	
	0.335328	
	0.499991	
	0.731144	
	0.736563	
	0.730181	
	0.697188	
	0.558874	
	0.405991	
	0.441998	
	0.336405	
	0.268886	
	0.285305	
	0.249080	
	0.284660	
	0.260031	
	0.296426	
	0.314870	
	0.530891	
	0.272172	
	0.262326	
	0.319282	
	0.344433	
	0.345560	
	0.348323	
	0.378822	
	0.359269	
	0.413860	
	0.346562	
	0.415987	
	0.415508	
	0.589058	
	0.438696	
	0.423936	
	0.427301	
	0.481159	
	0.479001	
	0.654147	
	0.706692	
	0.626074	
	0.447706	
	0.327385	
	0.303768	
	0.350222	
	0.592613	
	0.554876	
	0.572709	
	0.564464	
	0.569072	
	0.571062	
	0.560837	
	0.662502	
	0.659348	
	0.676762	
	0.660111	
	0.682497	
	0.688637	
	0.680473	
	0.611193	
	0.522628	
	0.562064	
	0.570866	
	0.573302	
	0.537166	
	0.582833	
	0.612235	
	0.679602	
	0.669161	
	0.676795	
	0.694499	
	0.579887	
	0.651348	
	0.512300	
	0.515362	
	0.457812	
	0.452811	
	0.465527	
	0.491874	
	0.562972	
	0.469585	
	0.466586	
	0.449445	
	0.414079	
	0.405842	
	0.344530	
	0.304762	
	0.332630	
	0.368179	
	0.439387	
	0.331833	
	0.334593	
	0.500521	
	0.378373	
	0.417373	
	0.433324	
	0.425980	
	0.412745	
	0.428368	
	0.514755	
	0.474101	
	0.455270	
	0.431552	
	0.424111	
	0.431207	
	0.391347	
	0.297658	
	0.327735	
	0.408116	
	0.482303	
	0.560216	
	0.721577	
	0.728376	
	0.754538	
	0.709014	
	0.663676	
	0.527489	
	0.453202	
	0.464777	
	0.526514	
	0.259254	
	0.308312	
	0.339033	
	0.413608	
	0.440939	
	0.525073	
	0.552342	
	0.626159	
	0.653948	
	0.607171	
	0.590546	
	0.578572	
	0.560911	
	0.516078	
	0.493016	
	0.498419	
	0.474375	
	0.482758	
	0.463167	
	0.467030	
	0.413652	
	0.390278	
	0.368977	
	0.338813	
	0.331950	
	0.306184	
	0.284700	
	0.345724	
	0.383405	
	0.342812	
	0.363799	
	0.347489	
	0.462049	
	0.407669	
	0.445918	
	0.505748	
	0.525910	
	0.515312	
	0.499703	
	0.495862	
	0.495804	
	0.479001	
	0.462944	
	0.447736	
	0.443661	
	0.451550	
	0.619532	
	0.658039	
	0.645713	
	0.665645	
	0.642245	
	0.708483	
	0.717369	
	0.697256	
	0.683506	
	0.670382	
	0.661622	
	0.609748	
	0.616276	
	0.613777	
	0.514551	
	0.500396	
	0.514135	
	0.522419	
	0.511086	
	0.460372	
	0.454765	
	0.460554	
	0.451064	
	0.438026	
	0.413708	
	0.424066	
	0.494289	
	0.484312	
	0.444897	
	0.431519	
	0.459787	
	0.460291	
	0.495558	
	0.510007	
	0.534596	
	0.553729	
	0.583380	
	0.593328	
	0.552821	
	0.519591	
	0.523513	
	0.466306	
	0.465144	
	0.539670	
	0.597773	
	0.615221	
	0.602955	
	0.495908	
	0.492272	
	0.529597	
	0.520041	
	0.491917	
	0.515503	
	0.568396	
	0.447783	
	0.479636	
	0.476634	
	0.474860	
	0.480239	
	0.429823	
	0.393574	
	0.405803	
	0.382150	
	0.376647	
	0.342056	
	0.338467	
	0.579892	
	0.447888	
	0.526095	
	0.518829	
	0.453044	
	0.475819	
	0.456622	
	0.556174	
	0.360476	
	0.366584	
	0.426467	
	0.387643	
	0.417352	
	0.454937	
	0.480834	
	0.417623	
	0.429233	
	0.441911	
	0.408160	
	0.398147	
	0.366217	
	0.319635	
	0.309399	
	0.298714	
	0.294901	
	0.322446	
	0.394644	
	0.450828	
	0.460677	
	0.534287	
	0.502644	
	0.520950	
	0.526872	
	0.468016	
	0.495275	
	0.483033	
	0.484899	
	0.474291	
	0.440061	
	0.451890	
	0.552062	
	0.549898	
	0.480800	
	0.480788	
	0.480325	
	0.489523	
	0.546233	
	0.534548	
	0.504319	
	0.589575	
	0.511683	
	0.484423	
	0.467805	
	0.602402	
	0.505478	
	0.516801	
	0.495368	
	0.498014	
	0.469581	
	0.462933	
	0.418046	
	0.399761	
	0.391223	
	0.391606	
	0.788031	
	0.824716	
	0.750560	
	0.631085	
	0.492769	
	0.339676	
	0.354111	
	0.367364	
	0.342975	
	0.416932	
	0.501363	
	0.761545	
	0.901308	
	0.910110	
	0.857356	
	0.870559	
	0.827894	
	0.535750	
	0.417800	
	0.441645	
	0.469499	
	0.456039	
	0.430502	
	0.400841	
	0.399500	
	0.399732	
	0.386287	
	0.372954	
	0.407840	
	0.425874	
	0.604027	
	0.516458	
	0.494495	
	0.457949	
	0.409903	
	0.409377	
	0.381215	
	0.300854	
	0.306121	
	0.292825	
	0.269330	
	0.237185	
	0.274843	
	0.568151	
	0.394674	
	0.435270	
	0.468643	
	0.465323	
	0.451293	
	0.433004	
	0.371000	
	0.357894	
	0.350527	
	0.345144	
	0.305181	
	0.297801	
	0.508402	
	0.474268	
	0.425208	
	0.416720	
	0.425615	
	0.451060	
	0.484101	
	0.543807	
	0.572977	
	0.608267	
	0.600857	
	0.506416	
	0.483863	
	0.456539	
	0.480235	
	0.255219	
	0.359202	
	0.422455	
	0.444884	
	0.395361	
	0.347776	
	0.417139	
	0.376906	
	0.352406	
	0.374949	
	0.397532	
	0.324100	
	0.606403	
	0.499232	
	0.481622	
	0.461919	
	0.420164	
	0.493900	
	0.376643	
	0.376709	
	0.433747	
	0.455796	
	0.555051	
	0.488039	
	0.779103	
	0.817699	
	0.585958	
	0.499901	
	0.527640	
	0.530446	
	0.487987	
	0.481555	
	0.439401	
	0.387693	
	0.358790	
	0.378987	
	0.317526	
	0.307210	
	0.360449	
	0.514921	
	0.437264	
	0.412668	
	0.374123	
	0.387213	
	0.428662	
	0.533623	
	0.488762	
	0.485380	
	0.413112	
	0.452856	
	0.477198	
	0.542447	
	0.578334	
	0.344182	
	0.421955	
	0.373084	
	0.403725	
	0.388316	
	0.431161	
	0.439772	
	0.394110	
	0.390533	
	0.386435	
	0.381348	
	0.412438	
	0.555539	
	0.609600	
	0.532096	
	0.475834	
	0.424556	
	0.373190	
	0.380397	
	0.506615	
	0.469083	
	0.518896	
	0.463288	
	0.532401	
	0.482392	
	0.517456	
	0.541253	
	0.462116	
	0.452706	
	0.460847	
	0.424810	
	0.435331	
	0.412668	
	0.406114	
	0.423565	
	0.384635	
	0.392454	
	0.397583	
	0.425545	
	0.558769	
	0.499360	
	0.432389	
	0.455580	
	0.470327	
	0.527492	
	0.675735	
	0.692757	
	0.701826	
	0.628411	
	0.643804	
	0.667657	
	0.685436	
	0.586117	
	0.472674	
	0.513446	
	0.417736	
	0.387386	
	0.405040	
	0.340110	
	0.348619	
	0.373286	
	0.289031	
	0.315858	
	0.348027	
	0.362538	
	0.429396	
	0.580140	
	0.512067	
	0.460264	
	0.459720	
	0.416611	
	0.459791	
	0.528226	
	0.531465	
	0.500076	
	0.444674	
	0.330461	
	0.360284	
	0.537836	
	0.617270	
	0.437846	
	0.476089	
	0.460002	
	0.404755	
	0.412493	
	0.397742	
	0.332665	
	0.317106	
	0.309104	
	0.343123	
	0.344286	
	0.366234	
	0.592192	
	0.587646	
	0.402747	
	0.319514	
	0.321303	
	0.350729	
	0.313799	
	0.362005	
	0.433509	
	0.531713	
	0.524055	
	0.574029	
	0.842499	
	0.897654	
	0.692905	
	0.436303	
	0.393819	
	0.409190	
	0.402857	
	0.433582	
	0.438811	
	0.435940	
	0.428365	
	0.460699	
	0.381534	
	0.359489	
	0.362471	
	0.607664	
	0.603322	
	0.511848	
	0.488647	
	0.462160	
	0.420882	
	0.505413	
	0.532638	
	0.402934	
	0.440110	
	0.488083	
	0.446004	
	0.678499	
	0.637942	
	0.452347	
	0.465566	
	0.493693	
	0.499983	
	0.452985	
	0.462017	
	0.421813	
	0.466279	
	0.426372	
	0.450860	
	0.442898	
	0.416733	
	0.494084	
	0.547261	
	0.453450	
	0.401703	
	0.409797	
	0.368247	
	0.385407	
	0.367526	
	0.388688	
	0.406459	
	0.451312	
	0.576711	
	0.500497	
	0.390141	
	0.574943	
	0.356649	
	0.343824	
	0.353555	
	0.328627	
	0.349824	
	0.333687	
	0.305511	
	0.296275	
	0.317954	
	0.334833	
	0.324125	
	0.380955	
	0.547624	
	0.556466	
	0.493792	
	0.417569	
	0.428281	
	0.439897	
	0.485790	
	0.494497	
	0.509809	
	0.513857	
	0.605053	
	0.539912	
	0.495784	
	0.605946	
	0.505300	
	0.515075	
	0.508267	
	0.515639	
	0.508896	
	0.514243	
	0.480488	
	0.462497	
	0.439204	
	0.411161	
	0.439831	
	0.418109	
	0.401737	
	0.616723	
	0.575891	
	0.507213	
	0.470027	
	0.401442	
	0.440954	
	0.479573	
	0.507805	
	0.553615	
	0.634915	
	0.591811	
	0.506315	
	0.475697	
	0.629655	
	0.419434	
	0.346452	
	0.366637	
	0.361409	
	0.327702	
	0.339428	
	0.318327	
	0.304942	
	0.328371	
	0.344560	
	0.391448	
	0.322446	
	0.462090	
	0.656787	
	0.600841	
	0.487320	
	0.429630	
	0.468497	
	0.512165	
	0.518470	
	0.572618	
	0.548266	
	0.536391	
	0.487402	
	0.530839	
	0.581322	
	0.583468	
	0.476694	
	0.494212	
	0.494558	
	0.487659	
	0.453464	
	0.421110	
	0.415063	
	0.462123	
	0.480525	
	0.443682	
	0.477235	
	0.511517	
	0.557084	
	0.602267	
	0.520656	
	0.485780	
	0.473561	
	0.438160	
	0.400335	
	0.401982	
	0.401211	
	0.350568	
	0.386674	
	0.418020	
	0.396275	
	0.430266	
	0.539712	
	0.371463	
	0.390834	
	0.364745	
	0.413960	
	0.399787	
	0.405141	
	0.388859	
	0.451575	
	0.435322	
	0.447781	
	0.405804	
	0.483375	
	0.582397	
	0.574277	
	0.517732	
	0.511410	
	0.472460	
	0.490082	
	0.529368	
	0.571455	
	0.508109	
	0.473634	
	0.499733	
	0.498329	
	0.500934	
	0.647915	
	0.489162	
	0.524430	
	0.529732	
	0.492463	
	0.485789	
	0.463471	
	0.422549	
	0.408658	
	0.373480	
	0.311975	
	0.518261	
	0.714882	
	0.763276	
	0.625741	
	0.525287	
	0.443551	
	0.428869	
	0.427232	
	0.500711	
	0.527602	
	0.521867	
	0.526785	
	0.577094	
	0.558642	
	0.480311	
	0.329294	
	0.467732	
	0.350387	
	0.361053	
	0.398653	
	0.454469	
	0.428514	
	0.412291	
	0.402911	
	0.420451	
	0.394438	
	0.384669	
	0.375083	
	0.351052	
	0.496441	
	0.596112	
	0.481480	
	0.457001	
	0.415114	
	0.539213	
	0.485882	
	0.468311	
	0.486318	
	0.507461	
	0.429279	
	0.454542	
	0.425952	
	0.541250	
	0.514191	
	0.456092	
	0.458024	
	0.447667	
	0.419190	
	0.449806	
	0.442387	
	0.402127	
	0.445840	
	0.402871	
	0.425080	
	0.363313	
	0.402344	
	0.565979	
	0.478563	
	0.484150	
	0.446608	
	0.474649	
	0.449940	
	0.386218	
	0.351878	
	0.373910	
	0.392599	
	0.392055	
	0.628570	
	0.750277	
	0.791974	
	0.526144	
	0.375721	
	0.418513	
	0.375922	
	0.352688	
	0.424812	
	0.409689	
	0.385052	
	0.408173	
	0.437692	
	0.459989	
	0.442514	
	0.490015	
	0.569349	
	0.517845	
	0.482564	
	0.463754	
	0.411762	
	0.470599	
	0.518097	
	0.560505	
	0.528805	
	0.571889	
	0.535914	
	0.484003	
	0.393006	
	0.603070	
	0.487189	
	0.579345	
	0.590809	
	0.556422	
	0.575463	
	0.556416	
	0.491932	
	0.467088	
	0.489952	
	0.460961	
	0.452966	
	0.479375	
	0.675401	
	0.595188	
	0.507779	
	0.497888	
	0.460889	
	0.432469	
	0.459119	
	0.414191	
	0.388083	
	0.407789	
	0.489283	
	0.453381	
	0.411849	
	0.485778	
	0.461694	
	0.320120	
	0.348974	
	0.354083	
	0.413195	
	0.385097	
	0.347408	
	0.389912	
	0.415702	
	0.379500	
	0.427649	
	0.460686	
	0.447227	
	0.660671	
	0.613457	
	0.558494	
	0.504905	
	0.538042	
	0.623012	
	0.690773	
	0.632383	
	0.614352	
	0.524405	
	0.548998	
	0.582541	
	0.614213	
	0.608029	
	0.488582	
	0.512163	
	0.522704	
	0.492555	
	0.462029	
	0.410590	
	0.393954	
	0.355095	
	0.325882	
	0.312887	
	0.334973	
	0.376434	
	0.534650	
	0.718844	
	0.532236	
	0.565015	
	0.533182	
	0.515506	
	0.556332	
	0.522326	
	0.484335	
	0.360581	
	0.265812	
	0.313224	
	0.688444	
	0.832237	
	0.685730	
	0.380001	
	0.354847	
	0.344270	
	0.285852	
	0.247576	
	0.270093	
	0.283022	
	0.289225	
	0.308333	
	0.245509	
	0.130820	
	0.154821	
	0.553586	
	0.592597	
	0.515948	
	0.414646	
	0.360444	
	0.310237	
	0.276005	
	0.283843	
	0.272874	
	0.277339	
	0.264061	
	0.192758	
	0.248958	
	0.657594	
	0.501494	
	0.500113	
	0.488913	
	0.503423	
	0.443597	
	0.423214	
	0.407440	
	0.382411	
	0.390569	
	0.355565	
	0.346163	
	0.322095	
	0.419248	
	0.489832	
	0.472232	
	0.363100	
	0.369277	
	0.435719	
	0.442160	
	0.481027	
	0.551253	
	0.504852	
	0.496538	
	0.474325	
	0.819531	
	0.891088	
	0.820931	
	0.574444	
	0.468374	
	0.513464	
	0.543260	
	0.472868	
	0.458217	
	0.532270	
	0.551525	
	0.571450	
	0.555704	
	0.602810	
	0.572199	
	0.659612	
	0.705192	
	0.628207	
	0.543158	
	0.460877	
	0.437198	
	0.460376	
	0.466457	
	0.504723	
	0.524277	
	0.547912	
	0.623012	
	0.546388	
	0.601020	
	0.607879	
	0.443620	
	0.475594	
	0.484209	
	0.448921	
	0.456307	
	0.413201	
	0.401691	
	0.454232	
	0.418521	
	0.455092	
	0.485994	
	0.528608	
	0.541227	
	0.451313	
	0.363897	
	0.371936	
	0.345206	
	0.447639	
	0.456036	
	0.408189	
	0.373869	
	0.403413	
	0.464464	
	0.436219	
	0.492997	
	0.455898	
	0.498837	
	0.398814	
	0.380598	
	0.377673	
	0.479710	
	0.521450	
	0.639193	
	0.612201	
	0.559107	
	0.502181	
	0.458976	
	0.400731	
	0.426695	
	0.581325	
	0.585060	
	0.514181	
	0.475327	
	0.480796	
	0.502309	
	0.488684	
	0.438810	
	0.438741	
	0.458516	
	0.398228	
	0.438570	
	0.408010	
	0.601867	
	0.521096	
	0.493035	
	0.461633	
	0.493796	
	0.467043	
	0.429106	
	0.374612	
	0.381818	
	0.328137	
	0.384509	
	0.406669	
	0.359481	
	0.469248	
	0.570652	
	0.435597	
	0.342246	
	0.361372	
	0.426721	
	0.409422	
	0.370896	
	0.389815	
	0.446907	
	0.462787	
	0.526087	
	0.451241	
	0.490084	
	0.549533	
	0.341398	
	0.389881	
	0.353225	
	0.353493	
	0.355269	
	0.395678	
	0.385763	
	0.374427	
	0.415360	
	0.401363	
	0.414167	
	0.457062	
	0.619269	
	0.693974	
	0.668826	
	0.603797	
	0.566133	
	0.526731	
	0.539397	
	0.449573	
	0.344497	
	0.328859	
	0.326463	
	0.346380	
	0.327405	
	0.513116	
	0.532914	
	0.432252	
	0.503911	
	0.496889	
	0.458869	
	0.465214	
	0.411832	
	0.372836	
	0.373120	
	0.353786	
	0.352087	
	0.330075	
	0.372784	
	0.605534	
	0.656217	
	0.643004	
	0.616318	
	0.658635	
	0.647860	
	0.653312	
	0.623855	
	0.587918	
	0.561136	
	0.532708	
	0.536788	
	0.492508	
	0.660269	
	0.492016	
	0.406712	
	0.429974	
	0.485427	
	0.453430	
	0.413567	
	0.420476	
	0.405102	
	0.382711	
	0.370327	
	0.412290	
	0.510322	
	0.582261	
	0.545393	
	0.568574	
	0.595096	
	0.592586	
	0.531206	
	0.487605	
	0.379485	
	0.267065	
	0.452980	
	0.786827	
	0.816892	
	0.913195	
	0.919319	
	0.866204	
	0.929880	
	0.632062	
	0.587357	
	0.545233	
	0.604897	
	0.606833	
	0.648425	
	0.649592	
	0.613105	
	0.636590	
	0.610364	
	0.588709	
	0.596059	
	0.573935	
	0.585106	
	0.649105	
	0.588213	
	0.520125	
	0.492030	
	0.458036	
	0.480433	
	0.538312	
	0.555461	
	0.554328	
	0.601709	
	0.568982	
	0.552601	
	0.503902	
	0.552347	
	0.577682	
	0.542053	
	0.487375	
	0.436020	
	0.465225	
	0.453308	
	0.372110	
	0.386289	
	0.321341	
	0.370194	
	0.553051	
	0.485650	
	0.477733	
	0.450368	
	0.431862	
	0.415343	
	0.373613	
	0.396822	
	0.493221	
	0.635936	
	0.621164	
	0.783081	
	0.864931	
	0.830226	
	0.755175	
	0.623726	
	0.525132	
	0.513194	
	0.504528	
	0.484901	
	0.458572	
	0.515933	
	0.626008	
	0.660244	
	0.700882	
	0.681472	
	0.670519	
	0.736982	
	0.670683	
	0.743483	
	0.803153	
	0.849515	
	0.857856	
	0.783320	
	0.646318	
	0.881210	
	0.949277	
	0.967803	
	0.969333	
	0.966423	
	0.725551	
	0.562590	
	0.538426	
	0.502416	
	0.518660	
	0.434275	
	0.402862	
	0.354588	
	0.368774	
	0.433786	
	0.421069	
	0.712012	
	0.939997	
	0.960174	
	0.946299	
	0.835438	
	0.622931	
	0.473658	
	0.519001	
	0.429883	
	0.348667	
	0.393257	
	0.336566	
	0.507095	
	0.590389	
	0.700773	
	0.700401	
	0.686346	
	0.457295	
	0.394694	
	0.292306	
	0.318355	
	0.255813	
	0.294580	
	0.473649	
	0.771096	
	0.832795	
	0.871291	
	0.926062	
	0.902042	
	0.945088	
	0.865151	
	0.859096	
	0.488526	
	0.444771	
	0.400711	
	0.397893	
	0.381594	
	0.327447	
	0.324071	
	0.355881	
	0.458034	
	0.480354	
	0.535238	
	0.468584	
	0.521140	
	0.540570	
	0.594517	
	0.519320	
	0.493267	
	0.485731	
	0.504625	
	0.492962	
	0.536663	
	0.490707	
	0.537286	
	0.654950	
	0.621134	
	0.601631	
	0.630278	
	0.579190	
	0.569338	
	0.569581	
	0.547788	
	0.581218	
	0.518035	
	0.484664	
	0.504047	
	0.479000	
	0.476787	
	0.572245	
	0.475533	
	0.471803	
	0.463497	
	0.473985	
	0.486406	
	0.497729	
	0.448281	
	0.449431	
	0.476248	
	0.455086	
	0.497768	
	0.504438	
	0.465865	
	0.473632	
	0.492230	
	0.619099	
	0.744423	
	0.773789	
	0.802211	
	0.769804	
	0.663180	
	0.534353	
	0.920277	
	0.948543	
	0.916317	
	0.931045	
	0.716052	
	0.717617	
	0.738569	
	0.667063	
	0.553001	
	0.508529	
	0.519266	
	0.527230	
	0.466866	
	0.400883	
	0.397163	
	0.367868	
	0.358569	
	0.482547	
	0.524861	
	0.483459	
	0.421124	
	0.434309	
	0.477443	
	0.507363	
	0.483203	
	0.415752	
	0.400222	
	0.408230	
	0.457628	
	0.489233	
	0.657409	
	0.469921	
	0.418883	
	0.423732	
	0.446395	
	0.401789	
	0.374198	
	0.363708	
	0.367992	
	0.348090	
	0.358218	
	0.333284	
	0.352752	
	0.377865	
	0.416177	
	0.367759	
	0.298363	
	0.357432	
	0.436194	
	0.693151	
	0.904264	
	0.890316	
	0.890736	
	0.904732	
	0.853711	
	0.873433	
	0.864210	
	0.732222	
	0.487759	
	0.390341	
	0.318507	
	0.290928	
	0.289595	
	0.277439	
	0.246249	
	0.262349	
	0.269710	
	0.345629	
	0.364481	
	0.396831	
	0.510057	
	0.552311	
	0.518136	
	0.487327	
	0.478901	
	0.519676	
	0.523949	
	0.463104	
	0.502309	
	0.484025	
	0.537557	
	0.528876	
	0.503133	
	0.540905	
	0.503041	
	0.508051	
	0.511480	
	0.529719	
	0.517252	
	0.487071	
	0.481296	
	0.494902	
	0.495017	
	0.473949	
	0.472474	
	0.453383	
	0.411683	
	0.497992	
	0.411972	
	0.413955	
	0.460827	
	0.483146	
	0.480205	
	0.536712	
	0.604944	
	0.575112	
	0.480771	
	0.417594	
	0.373025	
	0.460556	
	0.562207	
	0.355431	
	0.415651	
	0.395330	
	0.375356	
	0.323348	
	0.322213	
	0.378482	
	0.383252	
	0.412632	
	0.405409	
	0.372837	
	0.329940	
	0.434685	
	0.587641	
	0.556983	
	0.520610	
	0.453353	
	0.466200	
	0.470709	
	0.467871	
	0.414771	
	0.399606	
	0.394433	
	0.370957	
	0.396410	
	0.418341	
	0.564054	
	0.432353	
	0.429581	
	0.433382	
	0.410782	
	0.346805	
	0.353896	
	0.317165	
	0.304896	
	0.330318	
	0.334457	
	0.279356	
	0.300161	
	0.505006	
	0.460449	
	0.451185	
	0.453858	
	0.482845	
	0.507462	
	0.524487	
	0.481538	
	0.506012	
	0.505803	
	0.475347	
	0.445152	
	0.445356	
	0.469370	
	0.468120	
	0.290867	
	0.293790	
	0.256290	
	0.252857	
	0.267996	
	0.249169	
	0.244654	
	0.237221	
	0.301055	
	0.280929	
	0.281278	
	0.263322	
	0.590895	
	0.595382	
	0.613755	
	0.616855	
	0.607077	
	0.574924	
	0.514984	
	0.417430	
	0.362483	
	0.370183	
	0.380136	
	0.448734	
	0.359925	
	0.543289	
	0.484115	
	0.483950	
	0.472684	
	0.473318	
	0.470303	
	0.454149	
	0.402618	
	0.377396	
	0.388274	
	0.396624	
	0.377832	
	0.386288	
	0.476004	
	0.499784	
	0.445560	
	0.377796	
	0.378937	
	0.517216	
	0.616858	
	0.626800	
	0.594707	
	0.448495	
	0.339820	
	0.756593	
	0.896185	
	0.894879	
	0.753689	
	0.599091	
	0.477665	
	0.369958	
	0.338008	
	0.334113	
	0.360213	
	0.356304	
	0.357917	
	0.349512	
	0.404613	
	0.403203	
	0.448559	
	0.569826	
	0.555499	
	0.499867	
	0.496562	
	0.456250	
	0.464221	
	0.484662	
	0.519298	
	0.509584	
	0.513869	
	0.472355	
	0.530200	
	0.550501	
	0.614991	
	0.541592	
	0.497514	
	0.498702	
	0.496224	
	0.462358	
	0.479974	
	0.407596	
	0.404868	
	0.434561	
	0.402786	
	0.432421	
	0.491257	
	0.370213	
	0.548306	
	0.440360	
	0.460523	
	0.514533	
	0.511452	
	0.486275	
	0.446729	
	0.440985	
	0.445635	
	0.447228	
	0.445602	
	0.391067	
	0.463685	
	0.522051	
	0.368742	
	0.418690	
	0.423292	
	0.431594	
	0.438632	
	0.424232	
	0.436634	
	0.431052	
	0.388602	
	0.325304	
	0.310725	
	0.365182	
	0.456471	
	0.585963	
	0.553521	
	0.514785	
	0.456730	
	0.444750	
	0.426115	
	0.423464	
	0.418488	
	0.414336	
	0.438957	
	0.484654	
	0.500087	
	0.444178	
	0.619403	
	0.464392	
	0.430107	
	0.470790	
	0.431599	
	0.439606	
	0.416957	
	0.401379	
	0.415774	
	0.346206	
	0.262766	
	0.264396	
	0.258146	
	0.476695	
	0.442507	
	0.340704	
	0.342693	
	0.376988	
	0.357941	
	0.337924	
	0.363344	
	0.326130	
	0.337598	
	0.343835	
	0.331033	
	0.342448	
	0.370215	
	0.430904	
	0.352773	
	0.349695	
	0.327161	
	0.321675	
	0.360485	
	0.311866	
	0.300137	
	0.324713	
	0.314426	
	0.300982	
	0.320749	
	0.357290	
	0.558770	
	0.542009	
	0.446316	
	0.405494	
	0.397044	
	0.459462	
	0.465216	
	0.479980	
	0.450805	
	0.452082	
	0.443189	
	0.441086	
	0.560387	
	0.573174	
	0.443449	
	0.487143	
	0.523227	
	0.514572	
	0.514342	
	0.469424	
	0.439342	
	0.439949	
	0.450010	
	0.454251	
	0.425094	
	0.413941	
	0.568931	
	0.585951	
	0.638378	
	0.633719	
	0.661535	
	0.698821	
	0.750044	
	0.732433	
	0.748816	
	0.745183	
	0.692031	
	0.625099	
	0.683528	
	0.682465	
	0.551596	
	0.406446	
	0.480401	
	0.509102	
	0.522132	
	0.584902	
	0.599469	
	0.517139	
	0.526658	
	0.545502	
	0.551549	
	0.528863	
	0.564973	
	0.567458	
	0.596431	
	0.585449	
	0.592803	
	0.531778	
	0.535800	
	0.562429	
	0.586502	
	0.548274	
	0.499993	
	0.475889	
	0.458602	
	0.487783	
	0.509592	
	0.524951	
	0.520456	
	0.528447	
	0.550240	
	0.511721	
	0.492310	
	0.633739	
	0.446161	
	0.455472	
	0.421737	
	0.418113	
	0.403126	
	0.418771	
	0.479309	
	0.373948	
	0.386660	
	0.417972	
	0.476854	
	0.448726	
	0.471296	
	0.415323	
	0.439966	
	0.408981	
	0.388842	
	0.341126	
	0.334707	
	0.439519	
	0.409017	
	0.541051	
	0.525720	
	0.531128	
	0.505267	
	0.438806	
	0.407953	
	0.405263	
	0.400710	
	0.399847	
	0.391135	
	0.369588	
	0.439134	
	0.582825	
	0.613287	
	0.615948	
	0.582434	
	0.577685	
	0.637764	
	0.649727	
	0.643707	
	0.624822	
	0.614405	
	0.571854	
	0.549409	
	0.546547	
	0.550647	
	0.458591	
	0.460506	
	0.491846	
	0.554027	
	0.539010	
	0.493928	
	0.657041	
	0.864138	
	0.862139	
	0.848324	
	0.843357	
	0.848544	
	0.753643	
	0.639902	
	0.607143	
	0.518005	
	0.526922	
	0.517677	
	0.520615	
	0.525952	
	0.494668	
	0.497405	
	0.487342	
	0.451945	
	0.443116	
	0.482352	
	0.501936	
	0.444907	
	0.419333	
	0.355030	
	0.333279	
	0.362075	
	0.320043	
	0.331757	
	0.326105	
	0.357199	
	0.331489	
	0.341109	
	0.341991	
	0.546914	
	0.637976	
	0.648719	
	0.577425	
	0.574382	
	0.581477	
	0.652101	
	0.759936	
	0.907821	
	0.927298	
	0.932073	
	0.900884	
	0.932007	
	0.814732	
	0.703986	
	0.616370	
	0.543968	
	0.556068	
	0.576574	
	0.544252	
	0.514922	
	0.526297	
	0.508446	
	0.526900	
	0.544911	
	0.546118	
	0.520614	
	0.540153	
	0.608865	
	0.651676	
	0.617235	
	0.581806	
	0.564391	
	0.583895	
	0.559270	
	0.544618	
	0.571515	
	0.529212	
	0.460434	
	0.378485	
	0.565311	
	0.372987	
	0.271864	
	0.317254	
	0.362046	
	0.310017	
	0.314261	
	0.373188	
	0.438256	
	0.318538	
	0.352862	
	0.339706	
	0.364480	
	0.519197	
	0.580943	
	0.587981	
	0.559872	
	0.569335	
	0.571294	
	0.618153	
	0.597909	
	0.633107	
	0.645433	
	0.726408	
	0.703978	
	0.803631	
	0.836389	
	0.640373	
	0.650445	
	0.568154	
	0.556349	
	0.548885	
	0.610551	
	0.613263	
	0.544452	
	0.564791	
	0.492331	
	0.521033	
	0.567818	
	0.518070	
	0.486783	
	0.483098	
	0.504125	
	0.478659	
	0.498106	
	0.657224	
	0.669754	
	0.738029	
	0.676654	
	0.644371	
	0.584886	
	0.620474	
	0.649397	
	0.721588	
	0.566795	
	0.533198	
	0.466847	
	0.433098	
	0.377705	
	0.429710	
	0.421401	
	0.402103	
	0.431493	
	0.409859	
	0.384913	
	0.385449	
	0.390023	
	0.576827	
	0.589678	
	0.578580	
	0.579052	
	0.583565	
	0.605299	
	0.651341	
	0.638577	
	0.618008	
	0.651965	
	0.641669	
	0.673102	
	0.624129	
	0.631795	
	0.490471	
	0.522186	
	0.535408	
	0.526667	
	0.511050	
	0.462939	
	0.436519	
	0.428835	
	0.431628	
	0.423498	
	0.422744	
	0.422463	
	0.572639	
	0.567517	
	0.517803	
	0.549602	
	0.557207	
	0.558570	
	0.590144	
	0.621085	
	0.646226	
	0.661221	
	0.588835	
	0.500118	
	0.469042	
	0.470057	
	0.549917	
	0.344916	
	0.385389	
	0.376058	
	0.385236	
	0.371484	
	0.400913	
	0.353648	
	0.326563	
	0.316506	
	0.254085	
	0.228550	
	0.263107	
	0.547127	
	0.653491	
	0.639541	
	0.569942	
	0.585021	
	0.672189	
	0.698328	
	0.610665	
	0.642795	
	0.618649	
	0.613676	
	0.621574	
	0.634810	
	0.685851	
	0.476742	
	0.468351	
	0.467004	
	0.445375	
	0.409695	
	0.374838	
	0.313602	
	0.300674	
	0.336823	
	0.351225	
	0.359394	
	0.338250	
	0.363190	
	0.419783	
	0.385142	
	0.382171	
	0.396093	
	0.367928	
	0.313581	
	0.265359	
	0.272286	
	0.277831	
	0.309088	
	0.377115	
	0.283384	
	0.300481	
	0.458391	
	0.311838	
	0.244952	
	0.296404	
	0.325471	
	0.319592	
	0.298508	
	0.313192	
	0.323451	
	0.308547	
	0.303504	
	0.323263	
	0.330574	
	0.524205	
	0.599146	
	0.600492	
	0.617244	
	0.623819	
	0.627180	
	0.683238	
	0.892826	
	0.915727	
	0.928967	
	0.932925	
	0.924375	
	0.919550	
	0.887104	
	0.669703	
	0.634127	
	0.506573	
	0.516764	
	0.523687	
	0.494639	
	0.462533	
	0.455544	
	0.422317	
	0.439084	
	0.478668	
	0.507434	
	0.501197	
	0.507106	
	0.481497	
	0.440311	
	0.436169	
	0.477216	
	0.525055	
	0.553926	
	0.571164	
	0.596809	
	0.559109	
	0.639951	
	0.573159	
	0.793012	
	0.665497	
	0.551689	
	0.425039	
	0.410338	
	0.382260	
	0.346430	
	0.287516	
	0.326180	
	0.359308	
	0.376095	
	0.358690	
	0.426983	
	0.373466	
	0.418697	
	0.611744	
	0.689630	
	0.645903	
	0.614236	
	0.618698	
	0.700422	
	0.677109	
	0.663190	
	0.661215	
	0.695782	
	0.702093	
	0.702116	
	0.695182	
	0.655742	
	0.409433	
	0.382819	
	0.483980	
	0.509159	
	0.482090	
	0.509737	
	0.464611	
	0.466480	
	0.509610	
	0.528278	
	0.531184	
	0.552620	
	0.456969	
	0.451221	
	0.423024	
	0.445746	
	0.411348	
	0.415912	
	0.435032	
	0.456128	
	0.490481	
	0.430867	
	0.424970	
	0.444956	
	0.441931	
	0.414723	
	0.475493	
	0.324055	
	0.412592	
	0.379862	
	0.434883	
	0.402617	
	0.409210	
	0.430760	
	0.468841	
	0.485217	
	0.461022	
	0.432879	
	0.456159	
	0.598885	
	0.640341	
	0.644612	
	0.573417	
	0.535652	
	0.639943	
	0.661200	
	0.645618	
	0.641658	
	0.651516	
	0.657615	
	0.626233	
	0.608513	
	0.617591	
	0.475504	
	0.498526	
	0.495419	
	0.506896	
	0.468036	
	0.466484	
	0.458967	
	0.451909	
	0.418133	
	0.391877	
	0.402061	
	0.402246	
	0.517931	
	0.601052	
	0.662281	
	0.668239	
	0.662887	
	0.699404	
	0.729659	
	0.693286	
	0.665352	
	0.639533	
	0.623419	
	0.597532	
	0.596647	
	0.445134	
	0.442361	
	0.299506	
	0.427222	
	0.451311	
	0.421347	
	0.444772	
	0.431282	
	0.430208	
	0.403749	
	0.363396	
	0.396300	
	0.380134	
	0.415245	
	0.349434	
	0.321062	
	0.358735	
	0.381232	
	0.387872	
	0.356082	
	0.335270	
	0.336512	
	0.315663	
	0.356521	
	0.348644	
	0.316036	
	0.310168	
	0.327236	
	0.396710	
	0.363135	
	0.339617	
	0.350153	
	0.326607	
	0.286871	
	0.272397	
	0.284576	
	0.284726	
	0.267316	
	0.285891	
	0.311301	
	0.302364	
	0.328558	
	0.333599	
	0.304761	
	0.281257	
	0.290806	
	0.289376	
	0.325933	
	0.274934	
	0.277329	
	0.281928	
	0.304349	
	0.303768	
	0.284371	
	0.311985	
	0.311717	
	0.280370	
	0.289085	
	0.284206	
	0.293659	
	0.281757	
	0.313087	
	0.336044	
	0.334471	
	0.339555	
	0.327553	
	0.324417	
	0.318704	
	0.330314	
	0.396526	
	0.330348	
	0.375645	
	0.360960	
	0.322983	
	0.354104	
	0.322017	
	0.296001	
	0.304492	
	0.303248	
	0.345472	
	0.332669	
	0.734059	
	0.811992	
	0.784228	
	0.701662	
	0.580247	
	0.386590	
	0.402047	
	0.411200	
	0.392551	
	0.400098	
	0.418079	
	0.370423	
	0.384845	
	0.383879	
	0.416610	
	0.360313	
	0.349857	
	0.430578	
	0.481408	
	0.579982	
	0.674957	
	0.633238	
	0.530052	
	0.370375	
	0.561930	
	0.791415	
	0.882151	
	0.757498	
	0.703221	
	0.684648	
	0.565222	
	0.548635	
	0.510234	
	0.503310	
	0.518992	
	0.536127	
	0.515156	
	0.485390	
	0.485906	
	0.475536	
	0.467679	
	0.426467	
	0.422869	
	0.433997	
	0.403334	
	0.406888	
	0.396528	
	0.379999	
	0.353529	
	0.427343	
	0.649448	
	0.793433	
	0.796541	
	0.780365	
	0.729705	
	0.669745	
	0.532707	
	0.394164	
	0.412717	
	0.419650	
	0.392917	
	0.373141	
	0.370258	
	0.385325	
	0.452139	
	0.543737	
	0.687290	
	0.654141	
	0.617790	
	0.429338	
	0.450905	
	0.394993	
	0.363980	
	0.347046	
	0.366887	
	0.362183	
	0.345357	
	0.387839	
	0.410957	
	0.431114	
	0.414706	
	0.485976	
	0.516336	
	0.416205	
	0.369380	
	0.439075	
	0.401136	
	0.396321	
	0.380120	
	0.322860	
	0.335978	
	0.551892	
	0.681903	
	0.708271	
	0.707450	
	0.674701	
	0.539496	
	0.381281	
	0.398322	
	0.325231	
	0.281945	
	0.256247	
	0.249679	
	0.266534	
	0.291358	
	0.317913	
	0.407405	
	0.489060	
	0.300142	
	0.293576	
	0.319086	
	0.341796	
	0.351764	
	0.358070	
	0.368703	
	0.398701	
	0.393399	
	0.351163	
	0.368179	
	0.408167	
	0.561562	
	0.358822	
	0.394439	
	0.413035	
	0.496762	
	0.541611	
	0.742538	
	0.719305	
	0.679466	
	0.553648	
	0.317730	
	0.307294	
	0.344441	
	0.632659	
	0.522644	
	0.564627	
	0.573895	
	0.566272	
	0.582017	
	0.608450	
	0.630957	
	0.651675	
	0.676807	
	0.669482	
	0.689640	
	0.711049	
	0.686903	
	0.548700	
	0.596570	
	0.555161	
	0.551998	
	0.566024	
	0.558008	
	0.582677	
	0.616634	
	0.639165	
	0.660003	
	0.663715	
	0.716356	
	0.613765	
	0.543568	
	0.555941	
	0.538270	
	0.466927	
	0.435757	
	0.481425	
	0.505301	
	0.486514	
	0.459339	
	0.444015	
	0.403388	
	0.386202	
	0.384826	
	0.308821	
	0.354937	
	0.429603	
	0.343302	
	0.346467	
	0.340122	
	0.349898	
	0.494810	
	0.385476	
	0.427476	
	0.402589	
	0.404422	
	0.389996	
	0.471982	
	0.454156	
	0.464972	
	0.453014	
	0.435075	
	0.379973	
	0.396225	
	0.372600	
	0.298361	
	0.329953	
	0.417851	
	0.548138	
	0.523353	
	0.651685	
	0.709684	
	0.759056	
	0.739390	
	0.694584	
	0.586142	
	0.486536	
	0.479682	
	0.362648	
	0.268002	
	0.366301	
	0.332148	
	0.439887	
	0.431316	
	0.622912	
	0.552697	
	0.605907	
	0.643978	
	0.610475	
	0.574587	
	0.553919	
	0.540558	
	0.539026	
	0.492291	
	0.468891	
	0.471878	
	0.467657	
	0.470900	
	0.454024	
	0.426703	
	0.389756	
	0.397734	
	0.409117	
	0.371209	
	0.346724	
	0.354594	
	0.372737	
	0.353008	
	0.346233	
	0.372796	
	0.344190	
	0.451447	
	0.398933	
	0.478581	
	0.479233	
	0.547453	
	0.529549	
	0.524387	
	0.517222	
	0.526467	
	0.511993	
	0.522816	
	0.510000	
	0.488835	
	0.567266	
	0.644250	
	0.669606	
	0.650667	
	0.684796	
	0.714136	
	0.703358	
	0.702620	
	0.675522	
	0.640844	
	0.611504	
	0.599683	
	0.614552	
	0.602632	
	0.552756	
	0.510668	
	0.498648	
	0.534321	
	0.526535	
	0.472571	
	0.452881	
	0.467586	
	0.458342	
	0.456508	
	0.443725	
	0.425588	
	0.428883	
	0.485595	
	0.463931	
	0.450516	
	0.434852	
	0.457217	
	0.492107	
	0.441979	
	0.490143	
	0.512653	
	0.544394	
	0.623489	
	0.612191	
	0.554536	
	0.588168	
	0.480034	
	0.484985	
	0.515550	
	0.578170	
	0.587855	
	0.596993	
	0.581218	
	0.504191	
	0.516909	
	0.526493	
	0.498755	
	0.492881	
	0.560134	
	0.488119	
	0.470874	
	0.473416	
	0.493739	
	0.447442	
	0.429408	
	0.410681	
	0.385657	
	0.381871	
	0.363330	
	0.350319	
	0.369555	
	0.432108	
	0.580477	
	0.470952	
	0.490693	
	0.521983	
	0.449592	
	0.444013	
	0.485170	
	0.528699	
	0.399015	
	0.418126	
	0.461231	
	0.431526	
	0.446944	
	0.500488	
	0.457365	
	0.454634	
	0.415424	
	0.415719	
	0.378396	
	0.377788	
	0.329549	
	0.315450	
	0.313992	
	0.307112	
	0.300493	
	0.315355	
	0.422335	
	0.485072	
	0.475868	
	0.573342	
	0.512497	
	0.572495	
	0.567965	
	0.568471	
	0.528407	
	0.524353	
	0.470893	
	0.451882	
	0.471939	
	0.494704	
	0.607817	
	0.629043	
	0.642054	
	0.646587	
	0.637177	
	0.655097	
	0.642553	
	0.617922	
	0.591594	
	0.562301	
	0.583418	
	0.556668	
	0.540055	
	0.566254	
	0.548386	
	0.552224	
	0.475648	
	0.452643	
	0.383353	
	0.311008	
	0.305236	
	0.316127	
	0.334755	
	0.337050	
	0.385703	
	0.339771	
	0.391163	
	0.702671	
	0.721904	
	0.686404	
	0.671694	
	0.622925	
	0.705842	
	0.702244	
	0.675718	
	0.635721	
	0.595300	
	0.541997	
	0.514486	
	0.456830	
	0.514925	
	0.502136	
	0.454344	
	0.355880	
	0.390377	
	0.396429	
	0.415119	
	0.410689	
	0.404514	
	0.396224	
	0.418416	
	0.428375	
	0.405605	
	0.484503	
	0.629981	
	0.691497	
	0.678854	
	0.656441	
	0.668801	
	0.690871	
	0.633913	
	0.554492	
	0.546651	
	0.557591	
	0.529373	
	0.530491	
	0.521841	
	0.527159	
	0.498765	
	0.465366	
	0.405895	
	0.440736	
	0.486205	
	0.399253	
	0.397205	
	0.465429	
	0.546118	
	0.571510	
	0.514169	
	0.472499	
	0.694175	
	0.713213	
	0.686105	
	0.681283	
	0.657879	
	0.683571	
	0.716781	
	0.637056	
	0.647338	
	0.615341	
	0.561709	
	0.522438	
	0.496725	
	0.540609	
	0.454544	
	0.456429	
	0.402716	
	0.441396	
	0.447471	
	0.389159	
	0.376901	
	0.349960	
	0.328604	
	0.335830	
	0.319427	
	0.331476	
	0.472094	
	0.660148	
	0.677983	
	0.635795	
	0.622895	
	0.629545	
	0.634020	
	0.643329	
	0.602239	
	0.557089	
	0.600557	
	0.550419	
	0.511345	
	0.479807	
	0.458935	
	0.395519	
	0.401235	
	0.333973	
	0.335977	
	0.295935	
	0.295795	
	0.278284	
	0.339705	
	0.316792	
	0.284911	
	0.290466	
	0.266382	
	0.523701	
	0.736482	
	0.717461	
	0.625611	
	0.664461	
	0.667949	
	0.677271	
	0.634916	
	0.651393	
	0.577148	
	0.510327	
	0.518083	
	0.527408	
	0.506490	
	0.544930	
	0.475118	
	0.474742	
	0.450570	
	0.433055	
	0.420684	
	0.373797	
	0.367256	
	0.467458	
	0.439878	
	0.390873	
	0.433659	
	0.510144	
	0.684449	
	0.592297	
	0.599682	
	0.574907	
	0.575292	
	0.578911	
	0.534042	
	0.604809	
	0.681186	
	0.728876	
	0.672369	
	0.656090	
	0.710313	
	0.607043	
	0.391427	
	0.456415	
	0.453609	
	0.438159	
	0.410299	
	0.369099	
	0.298554	
	0.287807	
	0.374349	
	0.415013	
	0.390644	
	0.459712	
	0.498935	
	0.571632	
	0.724015	
	0.670367	
	0.643668	
	0.690944	
	0.721819	
	0.715081	
	0.714187	
	0.773966	
	0.803948	
	0.808294	
	0.698568	
	0.460104	
	0.481198	
	0.506014	
	0.483901	
	0.498454	
	0.464556	
	0.457234	
	0.465738	
	0.478642	
	0.422556	
	0.417927	
	0.380365	
	0.424165	
	0.408625	
	0.530248	
	0.644072	
	0.638138	
	0.609998	
	0.585804	
	0.541861	
	0.627430	
	0.596860	
	0.582772	
	0.561246	
	0.542463	
	0.522156	
	0.516990	
	0.503119	
	0.557206	
	0.500206	
	0.427211	
	0.425000	
	0.426280	
	0.419575	
	0.455363	
	0.421810	
	0.390307	
	0.403917	
	0.449404	
	0.465210	
	0.454145	
	0.620234	
	0.707176	
	0.683327	
	0.660230	
	0.655614	
	0.639337	
	0.634129	
	0.594241	
	0.556149	
	0.577342	
	0.570902	
	0.569771	
	0.567324	
	0.537031	
	0.447063	
	0.452092	
	0.380822	
	0.374224	
	0.448886	
	0.481263	
	0.476376	
	0.455143	
	0.449710	
	0.492225	
	0.415054	
	0.390528	
	0.482382	
	0.632202	
	0.678703	
	0.657392	
	0.603298	
	0.630244	
	0.700781	
	0.638052	
	0.608311	
	0.583734	
	0.577730	
	0.522971	
	0.464460	
	0.498648	
	0.539657	
	0.553546	
	0.572790	
	0.512563	
	0.472032	
	0.540459	
	0.526668	
	0.475975	
	0.508484	
	0.470943	
	0.516995	
	0.557560	
	0.522694	
	0.605623	
	0.717259	
	0.677980	
	0.613209	
	0.637226	
	0.626811	
	0.670980	
	0.620868	
	0.624082	
	0.592069	
	0.590219	
	0.543599	
	0.549852	
	0.560896	
	0.502380	
	0.427924	
	0.470726	
	0.487236	
	0.495138	
	0.502925	
	0.530169	
	0.522599	
	0.494330	
	0.501939	
	0.511736	
	0.485173	
	0.534164	
	0.607313	
	0.699805	
	0.698154	
	0.592002	
	0.652877	
	0.686775	
	0.661086	
	0.660857	
	0.618725	
	0.579739	
	0.565406	
	0.545660	
	0.554975	
	0.551854	
	0.522782	
	0.502472	
	0.478810	
	0.461449	
	0.549265	
	0.490863	
	0.486027	
	0.437154	
	0.454682	
	0.441291	
	0.460009	
	0.530489	
	0.555079	
	0.720661	
	0.750740	
	0.688837	
	0.676530	
	0.680119	
	0.701115	
	0.627377	
	0.627015	
	0.592286	
	0.563004	
	0.611119	
	0.606891	
	0.539739	
	0.548341	
	0.448697	
	0.476389	
	0.465184	
	0.424597	
	0.454227	
	0.461301	
	0.491727	
	0.580822	
	0.606768	
	0.591235	
	0.607440	
	0.604355	
	0.660272	
	0.592868	
	0.597219	
	0.598657	
	0.596753	
	0.598602	
	0.626645	
	0.659469	
	0.755681	
	0.738627	
	0.710136	
	0.768520	
	0.786231	
	0.748477	
	0.501246	
	0.459508	
	0.437480	
	0.423481	
	0.387034	
	0.353578	
	0.326690	
	0.322160	
	0.294491	
	0.256099	
	0.280409	
	0.357939	
	0.428748	
	0.457769	
	0.433246	
	0.416843	
	0.427222	
	0.445115	
	0.510675	
	0.414275	
	0.409653	
	0.384899	
	0.360610	
	0.401572	
	0.385764	
	0.390944	
	0.699218	
	0.608254	
	0.706460	
	0.700372	
	0.687812	
	0.661979	
	0.642843	
	0.604996	
	0.617562	
	0.592392	
	0.583268	
	0.501069	
	0.477462	
	0.448037	
	0.428272	
	0.426553	
	0.505686	
	0.612910	
	0.663739	
	0.647982	
	0.636458	
	0.613653	
	0.589104	
	0.586294	
	0.595533	
	0.616254	
	0.600444	
	0.636258	
	0.628727	
	0.651214	
	0.681948	
	0.700353	
	0.671651	
	0.636743	
	0.670720	
	0.634781	
	0.632808	
	0.680196	
	0.627230	
	0.629740	
	0.611949	
	0.584562	
	0.577593	
	0.592169	
	0.573924	
	0.580660	
	0.547752	
	0.659579	
	0.594915	
	0.594647	
	0.605606	
	0.635620	
	0.671879	
	NaN	
	0.628119	
	0.588919	
	0.544429	
	0.609617	
	NaN	
	NaN	
	NaN	
	NaN	
	NaN	
	NaN	
	NaN	
	NaN	
	NaN	
	NaN	
	NaN	
	NaN	
	NaN	
	NaN	
	NaN	
	NaN	
	NaN	
	NaN	
	NaN	
	NaN	
	NaN	
	NaN	
	NaN	
	NaN	
	NaN	
	NaN	
	NaN	
	NaN	
	NaN	
	NaN	
	NaN	
	NaN	
	NaN	
	NaN	
	NaN	
	NaN	
	NaN	
	NaN	
	NaN	
	NaN	
	NaN	
	NaN	
	NaN	
	NaN	
	NaN	
	NaN	
	NaN	
	NaN	
	NaN	
	NaN	
	NaN	
	NaN	
	NaN	
	NaN	
	NaN	
	NaN	
	NaN	
	NaN	
	NaN	
	NaN	
	NaN	
	NaN	
	NaN	
	NaN	
	NaN	
	NaN	
	NaN	
	NaN	
	NaN	
	NaN	
	NaN	
	NaN	
	NaN	
	NaN	
	NaN	
	NaN	
	NaN	
	NaN	
	NaN	
	NaN	
	NaN	
	NaN	
	NaN	
	NaN	
	NaN	
	NaN	
	NaN	
	NaN	
	NaN	
	NaN	
	NaN	
	NaN	
	NaN	
	NaN	
	NaN	
	NaN	
	NaN	
	NaN	
	NaN	
	NaN	
	NaN	
	NaN	
	NaN	
	NaN	
	NaN	
	NaN	
	NaN	
	NaN	
	NaN	
	NaN	
	NaN	
	NaN	
	NaN	
	NaN	
	NaN	
	NaN	
	NaN	
	NaN	
	NaN	
	NaN	
	NaN	
	NaN	
	NaN	
	NaN	
	NaN	
	NaN	
	NaN	
	NaN	
	NaN	
	NaN	
	NaN	
	NaN	
