_Mode		
	-0.252338	
	-0.177025	
	-0.217563	
	-0.160489	
	-0.017269	
	-0.159736	
	-0.013027	
	-0.078337	
	-0.111402	
	-0.183955	
	-0.054331	
	-0.059418	
	-0.317518	
	-0.331815	
	-0.226361	
	-0.218765	
	-0.189816	
	-0.307489	
	-0.069112	
	-0.037740	
	0.095134	
	0.072681	
	0.085920	
	0.114548	
	0.026117	
	-0.331747	
	-0.337433	
	-0.327530	
	-0.157649	
	-0.130383	
	0.102226	
	0.050464	
	0.080129	
	0.145579	
	0.110379	
	0.133775	
	0.049667	
	0.035359	
	-0.036017	
	0.072495	
	0.017006	
	0.108891	
	-0.007916	
	-0.062518	
	-0.119295	
	-0.024788	
	-0.076688	
	-0.113655	
	-0.283214	
	-0.306373	
	0.040794	
	-0.064687	
	0.054691	
	-0.050544	
	-0.086228	
	-0.029315	
	0.036337	
	-0.101672	
	-0.044113	
	-0.097896	
	-0.070551	
	-0.077633	
	-0.143392	
	-0.166603	
	-0.122416	
	-0.096531	
	-0.022234	
	-0.010643	
	-0.233802	
	-0.185396	
	0.018553	
	-0.055986	
	-0.050947	
	0.025264	
	-0.012727	
	0.022167	
	-0.210278	
	-0.082478	
	-0.097971	
	-0.095320	
	-0.199732	
	-0.224870	
	-0.205972	
	-0.031779	
	0.081207	
	0.157271	
	-0.077691	
	-0.067200	
	0.044673	
	0.227291	
	-0.185784	
	-0.058734	
	0.005446	
	-0.079003	
	-0.276839	
	-0.122439	
	-0.080134	
	-0.125228	
	-0.047165	
	-0.048970	
	-0.098027	
	0.056412	
	0.022315	
	-0.135072	
	-0.011067	
	-0.015952	
	0.033308	
	0.033496	
	-0.004609	
	-0.145448	
	-0.159681	
	-0.015814	
	-0.018752	
	-0.035161	
	0.076420	
	0.015021	
	-0.260592	
	-0.177464	
	-0.314163	
	-0.381126	
	-0.125073	
	0.020530	
	0.019542	
	-0.109643	
	0.127986	
	0.046090	
	-0.148209	
	-0.116945	
	0.024838	
	-0.104522	
	-0.101415	
	-0.101760	
	-0.070829	
	-0.103088	
	0.018768	
	-0.077596	
	-0.084123	
	-0.067442	
	0.012577	
	0.039525	
	-0.029727	
	-0.078066	
	-0.055332	
	-0.210041	
	-0.160537	
	0.079827	
	-0.075878	
	0.212564	
	0.027603	
	0.011344	
	0.044197	
	-0.019803	
	0.023101	
	0.077660	
	-0.019554	
	-0.039023	
	0.023578	
	0.047739	
	-0.114456	
	-0.050301	
	-0.267633	
	0.033099	
	-0.187784	
	0.011507	
	-0.049421	
	-0.186034	
	-0.077828	
	-0.045813	
	-0.006902	
	0.001147	
	-0.141487	
	-0.035526	
	-0.012470	
	0.167579	
	0.000208	
	-0.008446	
	0.064251	
	0.035623	
	0.110775	
	0.028877	
	-0.092013	
	-0.073517	
	-0.019117	
	-0.247286	
	-0.046691	
	-0.016956	
	-0.149897	
	0.086714	
	-0.144479	
	0.195539	
	0.013447	
	0.023268	
	-0.063361	
	0.052499	
	-0.206825	
	-0.229979	
	0.014888	
	-0.058121	
	-0.126759	
	-0.046895	
	-0.023027	
	0.077869	
	0.054359	
	-0.027809	
	0.156259	
	-0.070602	
	-0.102469	
	-0.041934	
	0.098271	
	-0.040686	
	-0.046917	
	0.025975	
	-0.052493	
	-0.089441	
	-0.043248	
	0.037970	
	0.163918	
	-0.220646	
	0.052877	
	0.026309	
	-0.124683	
	-0.052752	
	-0.043622	
	-0.164908	
	-0.044263	
	-0.117789	
	-0.011097	
	-0.010434	
	-0.017789	
	-0.270794	
	-0.035259	
	-0.201640	
	-0.145663	
	-0.013281	
	-0.256893	
	-0.094418	
	-0.271741	
	-0.275810	
	-0.120875	
	-0.020636	
	-0.035418	
	-0.189658	
	-0.067695	
	-0.144696	
	-0.071313	
	-0.196004	
	-0.068019	
	-0.199896	
	0.150588	
	0.008897	
	0.073492	
	0.069063	
	-0.012167	
	-0.062919	
	0.027734	
	0.264057	
	0.190366	
	0.128636	
	-0.044093	
	0.234258	
	0.021997	
	-0.083655	
	-0.022796	
	-0.021388	
	-0.144161	
	-0.185168	
	0.001574	
	0.034281	
	0.025117	
	-0.120179	
	0.052284	
	-0.029164	
	0.000317	
	-0.088625	
	-0.005938	
	-0.138856	
	-0.018664	
	0.012417	
	0.082145	
	0.003230	
	0.005678	
	-0.156725	
	0.194737	
	0.197202	
	-0.206979	
	0.022009	
	-0.037857	
	-0.143542	
	-0.024975	
	0.031867	
	0.062565	
	-0.086958	
	0.010444	
	-0.185690	
	-0.080331	
	-0.070543	
	-0.090371	
	0.000303	
	0.107133	
	-0.080828	
	-0.062454	
	-0.104028	
	-0.104840	
	-0.196291	
	-0.135280	
	-0.114139	
	-0.012328	
	0.086646	
	0.009128	
	0.026034	
	0.031887	
	-0.038324	
	-0.278444	
	-0.001283	
	-0.094657	
	-0.097114	
	0.115310	
	0.036382	
	-0.075567	
	0.057533	
	0.042387	
	-0.069507	
	0.011049	
	0.131219	
	0.039503	
	-0.075154	
	-0.111574	
	-0.082189	
	-0.074202	
	-0.192008	
	-0.041634	
	0.102220	
	0.086488	
	0.070864	
	0.158204	
	-0.002264	
	0.145839	
	-0.023747	
	-0.029399	
	-0.062471	
	0.116946	
	0.024622	
	-0.102866	
	-0.166618	
	-0.079497	
	-0.075876	
	-0.131051	
	-0.192124	
	0.047293	
	0.084057	
	0.027768	
	-0.197364	
	-0.055484	
	0.031351	
	-0.137679	
	0.042441	
	0.001303	
	-0.012830	
	0.126281	
	0.113550	
	0.148919	
	0.110950	
	0.033170	
	-0.022471	
	0.199685	
	-0.261908	
	-0.187007	
	-0.111549	
	-0.158253	
	-0.113872	
	-0.161449	
	-0.102058	
	0.037137	
	0.028968	
	-0.120804	
	0.103416	
	0.011038	
	0.123330	
	-0.153980	
	-0.159637	
	-0.140691	
	0.033203	
	-0.054491	
	0.037728	
	0.044195	
	0.096172	
	0.049995	
	-0.011721	
	0.118454	
	-0.088100	
	0.215185	
	-0.366209	
	0.127391	
	0.057777	
	-0.080620	
	-0.046500	
	0.088000	
	-0.010781	
	-0.037256	
	0.031771	
	0.042766	
	-0.018780	
	-0.169131	
	0.159581	
	0.123133	
	0.215357	
	-0.165687	
	-0.018748	
	-0.057810	
	-0.293278	
	-0.005106	
	-0.117333	
	-0.233764	
	-0.242400	
	-0.199128	
	-0.133986	
	0.059040	
	-0.279661	
	-0.017354	
	0.086749	
	-0.176914	
	-0.032872	
	-0.074355	
	0.020210	
	0.020639	
	-0.086869	
	0.041010	
	0.115150	
	-0.082313	
	0.228037	
	0.103878	
	0.051055	
	-0.119725	
	0.035743	
	0.168540	
	0.107531	
	-0.091355	
	-0.026527	
	-0.105329	
	-0.041677	
	-0.335911	
	-0.209604	
	-0.024965	
	0.166738	
	-0.043098	
	0.224221	
	-0.061401	
	0.145603	
	-0.160375	
	-0.177068	
	-0.338644	
	-0.170720	
	-0.242064	
	0.140534	
	0.058357	
	0.139966	
	-0.241397	
	-0.069099	
	-0.110176	
	0.011406	
	-0.071137	
	0.009120	
	-0.277893	
	0.003935	
	0.016692	
	-0.146803	
	-0.058514	
	-0.147359	
	-0.171032	
	0.126213	
	0.050723	
	0.075491	
	0.105619	
	0.043779	
	0.222053	
	0.043517	
	0.010628	
	-0.186819	
	-0.144606	
	-0.181576	
	-0.213876	
	-0.097741	
	-0.115658	
	-0.234064	
	0.048791	
	0.231316	
	-0.139068	
	-0.043013	
	-0.143634	
	0.056571	
	0.151689	
	-0.340349	
	-0.341616	
	-0.177012	
	0.023037	
	-0.079191	
	-0.017692	
	0.097225	
	-0.282026	
	-0.212102	
	0.021987	
	-0.018170	
	-0.007856	
	0.003199	
	-0.075705	
	0.079007	
	0.071451	
	-0.117638	
	-0.235794	
	-0.095869	
	-0.004315	
	0.092994	
	0.015503	
	0.185033	
	0.047773	
	0.093996	
	0.223709	
	0.092428	
	0.223530	
	-0.028341	
	-0.162593	
	-0.046586	
	0.064529	
	-0.183001	
	-0.243972	
	-0.223463	
	0.171912	
	0.220898	
	-0.073214	
	-0.234795	
	-0.151463	
	-0.044235	
	-0.081384	
	-0.357089	
	-0.331170	
	-0.181821	
	0.010542	
	0.103217	
	0.158498	
	0.049242	
	-0.131844	
	-0.091285	
	-0.152893	
	0.103258	
	-0.045132	
	0.138327	
	-0.073408	
	0.210685	
	0.168290	
	-0.040415	
	-0.116141	
	-0.150273	
	-0.081168	
	-0.006879	
	-0.164592	
	-0.204056	
	0.036008	
	0.082623	
	-0.032764	
	-0.035917	
	0.112104	
	-0.047243	
	-0.051431	
	0.131227	
	0.121690	
	-0.086938	
