_Mode		
	0.169302	
	0.146221	
	-0.225085	
	0.022348	
	0.082718	
	0.021641	
	-0.044648	
	0.059069	
	-0.065607	
	0.035645	
	0.106247	
	0.021448	
	0.105928	
	-0.244847	
	-0.048117	
	0.084150	
	0.080637	
	-0.047469	
	0.028132	
	0.076992	
	0.123922	
	0.005826	
	-0.020981	
	0.172743	
	-0.047360	
	-0.093154	
	0.118494	
	-0.063095	
	-0.097264	
	-0.050250	
	0.184977	
	0.060849	
	-0.026527	
	-0.099282	
	-0.133371	
	-0.197420	
	-0.241560	
	0.012741	
	-0.034715	
	-0.200294	
	0.094010	
	0.102120	
	0.004308	
	0.141779	
	0.008686	
	0.119412	
	0.114253	
	0.209331	
	-0.221860	
	-0.229461	
	-0.045377	
	0.114971	
	0.064970	
	0.130375	
	0.040032	
	0.024095	
	-0.070440	
	0.008512	
	0.008644	
	0.040565	
	-0.024537	
	0.048654	
	0.147560	
	0.060398	
	0.074575	
	0.071952	
	0.088021	
	0.018763	
	-0.003171	
	0.054076	
	-0.066862	
	0.059001	
	0.193329	
	0.080569	
	0.061249	
	-0.056858	
	-0.147995	
	-0.151791	
	-0.089670	
	0.003648	
	-0.184961	
	0.196287	
	0.166049	
	0.170014	
	0.097178	
	0.098485	
	-0.003553	
	0.017475	
	-0.047128	
	-0.247894	
	-0.114929	
	-0.034996	
	0.191506	
	0.005064	
	-0.040339	
	-0.034632	
	-0.109451	
	-0.174768	
	-0.234751	
	-0.277570	
	-0.113325	
	-0.114039	
	-0.122778	
	-0.081477	
	-0.180692	
	-0.042239	
	-0.105577	
	-0.130730	
	-0.091614	
	0.028816	
	-0.226383	
	-0.026567	
	0.092057	
	0.012921	
	-0.011993	
	0.080523	
	0.163350	
	0.054153	
	-0.090894	
	-0.035498	
	0.091871	
	0.073129	
	-0.119006	
	0.031979	
	0.090571	
	-0.003979	
	-0.018401	
	0.038023	
	0.041833	
	-0.094188	
	0.145029	
	0.170090	
	-0.143805	
	-0.098771	
	0.165381	
	0.088777	
	0.090794	
	0.035255	
	0.049481	
	-0.056593	
	0.101456	
	0.109812	
	-0.020082	
	0.210573	
	0.158299	
	0.099464	
	0.015720	
	0.035970	
	0.088835	
	-0.142629	
	-0.116668	
	-0.116100	
	-0.057433	
	-0.001434	
	0.062493	
	0.096311	
	0.080064	
	-0.032423	
	-0.058015	
	-0.092596	
	-0.044889	
	0.029611	
	0.078166	
	-0.074712	
	0.020169	
	0.193659	
	0.037741	
	0.163533	
	0.212895	
	0.133350	
	0.274458	
	-0.017708	
	-0.080902	
	0.072982	
	-0.077150	
	-0.000454	
	0.059559	
	0.065280	
	-0.104144	
	-0.034832	
	-0.179671	
	-0.137941	
	0.069513	
	-0.016709	
	-0.160670	
	-0.066107	
	-0.116872	
	-0.267729	
	-0.000947	
	0.076748	
	-0.057926	
	-0.069658	
	-0.022957	
	-0.045594	
	-0.102718	
	0.127629	
	-0.015600	
	0.152782	
	-0.061776	
	0.270384	
	-0.184849	
	-0.046129	
	0.104996	
	-0.127911	
	-0.044335	
	0.004448	
	0.118586	
	0.060513	
	0.131967	
	0.062507	
	0.117608	
	0.133020	
	0.054146	
	0.047257	
	-0.076647	
	-0.012882	
	0.177753	
	0.158632	
	0.116241	
	0.098078	
	-0.187757	
	-0.164851	
	-0.005071	
	-0.036619	
	-0.052259	
	-0.010069	
	0.005075	
	0.069141	
	0.026765	
	0.135202	
	-0.144232	
	-0.051414	
	0.140919	
	0.132590	
	0.114600	
	-0.100892	
	-0.000460	
	0.138715	
	0.038086	
	-0.013378	
	0.015732	
	-0.056221	
	-0.209227	
	0.062117	
	0.060380	
	-0.167527	
	0.009268	
	-0.086774	
	-0.159403	
	-0.008720	
	0.032026	
	0.171438	
	0.033554	
	0.129148	
	-0.184056	
	0.211796	
	0.214944	
	0.267688	
	-0.024838	
	0.122128	
	-0.032115	
	-0.292613	
	-0.192246	
	-0.099444	
	-0.167826	
	-0.181791	
	-0.120221	
	-0.161152	
	-0.043213	
	-0.118064	
	-0.013819	
	-0.004387	
	-0.134344	
	0.008280	
	-0.116569	
	-0.097397	
	0.117015	
	0.091664	
	-0.019068	
	0.174214	
	-0.173092	
	0.009423	
	-0.099561	
	0.016912	
	0.064124	
	0.130794	
	-0.100854	
	0.103307	
	0.153536	
	0.058439	
	0.029677	
	-0.006489	
	0.070190	
	-0.074476	
	0.089696	
	0.190903	
	-0.146934	
	-0.087375	
	0.043128	
	0.138795	
	-0.017952	
	0.114364	
	0.118389	
	-0.095742	
	0.044411	
	-0.014470	
	-0.103797	
	-0.110477	
	-0.000496	
	0.236931	
	0.097302	
	0.161931	
	-0.195318	
	0.026011	
	0.089443	
	0.151032	
	-0.092329	
	0.013432	
	0.033856	
	0.079448	
	-0.043979	
	-0.127913	
	-0.119864	
	-0.145842	
	-0.210968	
	-0.130368	
	-0.005683	
	-0.152600	
	0.041047	
	-0.265247	
	-0.090145	
	0.013188	
	-0.050199	
	0.183349	
	0.165911	
	0.010996	
	-0.022771	
	-0.002563	
	0.132279	
	-0.049367	
	0.036686	
	-0.073886	
	-0.086615	
	0.111084	
	0.097981	
	0.113258	
	0.132910	
	0.061003	
	-0.012983	
	0.022937	
	-0.169474	
	-0.050233	
	0.022402	
	-0.089417	
