_Mode		
	0.104543	
	0.199555	
	0.127964	
	-0.086628	
	-0.186500	
	0.184066	
	-0.029059	
	-0.136208	
	-0.009811	
	0.146581	
	-0.004121	
	-0.025737	
	0.010086	
	0.167488	
	0.099814	
	0.147993	
	0.135371	
	0.098810	
	-0.054367	
	-0.093095	
	0.054330	
	0.151966	
	0.264231	
	-0.089812	
	-0.068490	
	-0.016206	
	0.124446	
	0.055624	
	-0.062095	
	-0.020347	
	0.019443	
	-0.043215	
	-0.064913	
	-0.008643	
	0.056021	
	-0.114417	
	-0.042364	
	0.062275	
	-0.077650	
	-0.092020	
	-0.060482	
	-0.030805	
	-0.088623	
	-0.014982	
	0.041577	
	-0.279854	
	-0.107794	
	0.144665	
	-0.107328	
	-0.253410	
	-0.266387	
	-0.302522	
	-0.115886	
	-0.047977	
	-0.081356	
	-0.097461	
	0.160624	
	0.008374	
	-0.066838	
	0.033044	
	0.001712	
	0.093576	
	-0.069107	
	-0.068409	
	0.072954	
	0.213132	
	0.083329	
	-0.037445	
	-0.102155	
	-0.343939	
	-0.142909	
	-0.331797	
	-0.171286	
	-0.128500	
	-0.256197	
	-0.307136	
	-0.140087	
	-0.335804	
	-0.163872	
	-0.325742	
	0.289920	
	0.213768	
	-0.050960	
	0.013120	
	-0.029202	
	0.065616	
	-0.048780	
	0.182228	
	-0.131518	
	0.017121	
	-0.100927	
	-0.032266	
	-0.204620	
	0.215507	
	0.242645	
	0.193562	
	0.036239	
	0.030452	
	-0.043184	
	-0.059711	
	0.045545	
	0.053028	
	-0.068792	
	0.161849	
	0.145128	
	0.043061	
	-0.216112	
	-0.023557	
	-0.287202	
	0.065495	
	-0.046858	
	0.047591	
	-0.081388	
	0.121021	
	-0.223305	
	0.091630	
	0.044818	
	0.245495	
	-0.000398	
	0.167222	
	0.123088	
	-0.003038	
	0.011378	
	-0.000575	
	-0.037265	
	0.140268	
	0.104905	
	-0.039380	
	-0.348083	
	-0.009065	
	-0.314450	
	0.126489	
	-0.094695	
	-0.080516	
	-0.330513	
	0.105627	
	0.242678	
	0.055341	
	0.257168	
	-0.081632	
	-0.237604	
	-0.097764	
	-0.037791	
	0.081459	
	0.047180	
	0.022913	
	0.061506	
	-0.255860	
	-0.289537	
	-0.051890	
	0.023030	
	0.024023	
	-0.012892	
	0.163302	
	-0.334709	
	-0.037978	
	-0.180034	
	-0.016349	
	0.140969	
	-0.044544	
	0.048642	
	0.025570	
	-0.039875	
	0.169792	
	0.019319	
	-0.089223	
	-0.076310	
	-0.045354	
	0.109829	
	-0.012533	
	-0.039735	
	-0.022678	
	0.053003	
	0.092883	
	0.015936	
	-0.255720	
	-0.195133	
	-0.094394	
	0.127372	
	0.015883	
	-0.333212	
	-0.104506	
	0.072131	
	0.201211	
	0.079672	
	0.029552	
	-0.006164	
	-0.395055	
	0.058296	
	-0.137599	
	0.091440	
	0.070623	
	0.031496	
	0.083078	
	0.078015	
	-0.314471	
	0.073187	
	-0.087158	
	0.186534	
	0.096947	
	0.055408	
	-0.155230	
	-0.060161	
	-0.369194	
	-0.004153	
	0.045724	
	-0.003469	
	-0.038803	
	-0.173575	
	-0.245005	
	0.216919	
	0.103511	
	0.108272	
	0.020074	
	0.113919	
	0.096859	
	0.048383	
	-0.062414	
	0.096231	
	0.159713	
	0.118404	
	0.040038	
	-0.232487	
	-0.308366	
	-0.096591	
	-0.137538	
	-0.049408	
	-0.073263	
	-0.090634	
	-0.313212	
	0.058657	
	0.208196	
	-0.076309	
	0.066593	
	-0.075390	
	-0.240221	
	-0.162070	
	-0.072923	
	0.038241	
	0.022734	
	0.137284	
	0.017249	
	0.017417	
	0.027652	
	-0.087193	
	-0.172833	
	0.033861	
	-0.031203	
	-0.074207	
	-0.079366	
	0.188039	
	0.163453	
	-0.068477	
	-0.065216	
	-0.007023	
	0.059460	
	-0.027231	
	-0.036758	
	-0.032053	
	-0.043135	
	-0.108099	
	-0.136169	
	0.007498	
	0.012248	
	-0.090371	
	-0.107389	
	-0.017501	
	-0.008948	
	-0.060021	
	-0.035090	
	0.092913	
	-0.107669	
	-0.010206	
	0.041781	
	-0.260002	
	0.040895	
	-0.145088	
	-0.057691	
	-0.305099	
	-0.113078	
	-0.347785	
	-0.094464	
	-0.043970	
	-0.155709	
	-0.320216	
	0.236894	
	-0.029944	
	0.058079	
	0.017522	
	0.089987	
	0.098515	
	-0.043342	
	-0.073698	
	0.111202	
	0.127675	
	0.119123	
	-0.063137	
	-0.077293	
	-0.270030	
	-0.054037	
	-0.238597	
	-0.129880	
	-0.037546	
	-0.011722	
	-0.120609	
	-0.211248	
	-0.317177	
	-0.168811	
	-0.228208	
	0.052451	
	0.025832	
	-0.045623	
	-0.057364	
	-0.125259	
	0.002236	
	-0.190499	
	0.274826	
	-0.029001	
	-0.053662	
	-0.323388	
	-0.056102	
	-0.240607	
	-0.301772	
	-0.173489	
	-0.186423	
	-0.022638	
	0.095909	
	0.049790	
	0.006012	
	-0.009469	
	-0.063043	
	0.183619	
	0.106146	
	0.075222	
	0.146796	
	0.010864	
	0.004273	
	-0.118958	
	-0.151194	
	-0.009318	
	0.009059	
	-0.001173	
	-0.284008	
	0.115508	
	-0.012015	
	-0.073664	
	-0.004155	
	-0.019312	
	-0.214918	
	-0.003225	
	-0.154195	
	0.049173	
	0.000000	
	0.000000	
	0.000000	
