_Mode		
	-0.258203	
	-0.110790	
	-0.118214	
	-0.202737	
	-0.096300	
	0.008187	
	-0.075819	
	-0.095916	
	0.009402	
	-0.049818	
	-0.109933	
	-0.165205	
	-0.015098	
	-0.219632	
	-0.335661	
	-0.115018	
	-0.258666	
	0.117957	
	-0.038026	
	-0.027193	
	0.253532	
	-0.074030	
	-0.233195	
	-0.188561	
	-0.253960	
	0.162449	
	-0.198305	
	-0.187968	
	-0.042684	
	-0.009194	
	0.008064	
	0.151029	
	0.050525	
	0.019505	
	-0.074331	
	-0.089857	
	-0.138819	
	-0.151341	
	-0.061596	
	-0.138305	
	-0.053841	
	-0.256905	
	-0.008097	
	-0.002303	
	-0.073416	
	0.008171	
	0.063602	
	-0.160277	
	-0.053312	
	-0.071781	
	-0.105211	
	-0.228929	
	-0.155678	
	0.025403	
	-0.141858	
	-0.216167	
	-0.245322	
	-0.090692	
	0.006325	
	0.033293	
	0.076365	
	0.158823	
	0.024083	
	0.120405	
	-0.231107	
	-0.133984	
	-0.198194	
	0.170407	
	0.033218	
	0.001074	
	0.113533	
	-0.259484	
	-0.314348	
	-0.052245	
	-0.089730	
	0.107473	
	-0.085924	
	-0.004370	
	0.094927	
	-0.040024	
	0.035099	
	0.221044	
	0.170338	
	0.183649	
	0.058401	
	-0.162539	
	-0.022067	
	-0.001054	
	0.151082	
	-0.051566	
	-0.049580	
	-0.101352	
	-0.006944	
	-0.222841	
	-0.109483	
	-0.043457	
	0.004201	
	-0.003631	
	-0.051648	
	-0.098374	
	-0.147986	
	-0.116246	
	-0.098551	
	-0.046977	
	0.003844	
	0.000757	
	-0.000715	
	-0.084154	
	0.281293	
	-0.075966	
	0.017934	
	-0.005871	
	-0.285503	
	-0.079057	
	-0.069167	
	-0.105519	
	-0.073039	
	-0.108940	
	-0.194732	
	0.009397	
	0.012172	
	-0.102539	
	-0.075938	
	-0.140203	
	-0.035566	
	-0.140806	
	-0.005934	
	0.034783	
	-0.197852	
	0.014532	
	0.110385	
	0.055762	
	-0.034923	
	-0.158512	
	-0.026139	
	-0.102727	
	-0.004502	
	-0.090855	
	-0.114824	
	-0.161004	
	-0.102142	
	-0.297806	
	0.191118	
	-0.045026	
	0.108360	
	-0.054939	
	0.132890	
	0.058227	
	-0.016490	
	-0.023136	
	0.167543	
	-0.038155	
	-0.190118	
	-0.154305	
	0.169840	
	0.013178	
	-0.054537	
	-0.090556	
	-0.144445	
	-0.033811	
	0.191320	
	-0.100210	
	-0.146933	
	-0.196001	
	0.146080	
	0.040274	
	0.011530	
	0.253928	
	0.094035	
	0.047814	
	0.139476	
	-0.129311	
	0.052054	
	0.003025	
	0.215395	
	0.005878	
	-0.059191	
	-0.104065	
	-0.003778	
	-0.143184	
	-0.114735	
	-0.092586	
	0.028195	
	-0.052550	
	-0.093949	
	0.076567	
	-0.125994	
	-0.104522	
	-0.104522	
	-0.089697	
	-0.046437	
	0.009218	
	-0.082896	
	0.019847	
	-0.031365	
	-0.060063	
	0.030654	
	0.023210	
	-0.237022	
	-0.056086	
	-0.062303	
	-0.099340	
	-0.044038	
	-0.131217	
	-0.037833	
	-0.112579	
	-0.116164	
	-0.159900	
	-0.110422	
	-0.027825	
	-0.080001	
	-0.086778	
	0.017140	
	-0.051512	
	-0.108269	
	-0.198104	
	-0.096952	
	-0.113057	
	-0.228226	
	-0.112978	
	-0.131437	
	0.240406	
	-0.006961	
	-0.035859	
	0.126633	
	-0.213016	
	-0.171995	
	-0.149447	
	-0.103187	
	-0.075840	
	-0.314342	
	-0.013190	
	0.000382	
	-0.081925	
	0.070119	
	0.046013	
	0.029360	
	-0.088629	
	-0.059675	
	-0.176536	
	-0.223746	
	-0.167147	
	-0.017022	
	-0.057118	
	-0.193825	
	-0.132430	
	-0.055620	
	-0.122075	
	0.227676	
	-0.151103	
	-0.145652	
	-0.123323	
	0.022665	
	-0.087213	
	-0.244267	
	-0.005462	
	-0.130850	
	-0.155738	
	-0.134249	
	-0.072268	
	0.058090	
	-0.013822	
	0.077652	
	0.283126	
	0.169427	
	-0.152830	
	0.138474	
	-0.114579	
	-0.169804	
	-0.034270	
	0.075113	
	0.099362	
	-0.055404	
	-0.293396	
	-0.114821	
	0.092331	
	-0.029469	
	-0.114235	
	-0.203731	
	-0.132714	
	0.053971	
	-0.068684	
	-0.049307	
	0.154886	
	0.153861	
	-0.062695	
	0.046809	
	-0.104527	
	0.021243	
	0.083646	
	0.111561	
	-0.061517	
	-0.074037	
	-0.228142	
	0.048689	
	-0.112095	
	-0.086978	
	0.001005	
	0.040661	
	0.011686	
	-0.016329	
	-0.058050	
	-0.113635	
	-0.104590	
	-0.100503	
	-0.054273	
	-0.016454	
	0.028167	
	0.058191	
	0.044897	
	-0.026060	
	-0.182428	
	-0.028411	
	0.003981	
	-0.171302	
	-0.160725	
	-0.098070	
	-0.156950	
	-0.137110	
	-0.060077	
	-0.163030	
	-0.052087	
	0.010185	
	-0.034242	
	-0.043141	
	-0.056286	
	-0.036724	
	-0.111245	
	-0.105844	
	-0.106019	
	-0.106916	
	-0.104522	
	-0.104522	
	-0.104679	
	-0.104597	
	-0.104522	
	-0.104522	
	-0.104522	
	-0.104522	
	-0.104522	
	-0.104522	
	-0.104522	
	-0.124343	
	-0.063664	
	-0.105166	
	0.059079	
	0.074588	
	0.000000	
	0.000000	
	0.000000	
	0.000000	
	0.000000	
