_Mode		
	-0.074601	
	-0.258124	
	-0.046101	
	-0.252150	
	-0.098290	
	-0.107868	
	-0.287382	
	-0.211602	
	-0.173918	
	-0.100179	
	-0.072488	
	-0.337758	
	-0.077594	
	-0.049754	
	-0.134965	
	-0.193559	
	-0.238476	
	-0.113193	
	-0.012732	
	-0.128694	
	-0.064919	
	-0.249973	
	-0.169113	
	-0.162666	
	-0.239623	
	-0.042359	
	-0.070734	
	-0.056529	
	-0.061155	
	0.022150	
	-0.053216	
	0.033349	
	-0.029145	
	0.008100	
	0.041014	
	-0.139271	
	0.012399	
	0.020173	
	-0.062056	
	-0.174107	
	-0.062387	
	0.045597	
	-0.320472	
	-0.115739	
	-0.029821	
	0.019075	
	0.070424	
	0.104335	
	-0.284119	
	0.071028	
	0.079456	
	-0.042196	
	-0.143028	
	-0.076767	
	-0.136860	
	-0.078577	
	-0.035650	
	-0.059078	
	0.058744	
	-0.108022	
	0.025219	
	0.008135	
	0.065508	
	-0.100928	
	-0.000605	
	-0.324022	
	-0.360106	
	-0.101734	
	-0.123406	
	0.035885	
	-0.119979	
	0.079348	
	-0.004577	
	0.091374	
	0.080507	
	0.022789	
	-0.000610	
	0.025102	
	-0.102888	
	0.040372	
	0.050968	
	0.076483	
	0.055781	
	-0.104300	
	-0.032845	
	-0.098674	
	0.133611	
	-0.104983	
	0.012691	
	0.010320	
	0.108354	
	-0.098655	
	0.170593	
	-0.074559	
	0.125018	
	0.093244	
	0.210002	
	-0.022310	
	0.085452	
	-0.102100	
	0.007694	
	-0.023741	
	-0.172846	
	-0.137500	
	-0.040668	
	-0.105804	
	-0.009132	
	-0.014764	
	0.142722	
	0.074005	
	-0.030125	
	-0.167775	
	-0.054437	
	0.131498	
	-0.053146	
	0.094964	
	-0.228842	
	-0.084028	
	-0.277219	
	0.016833	
	-0.171673	
	-0.086027	
	-0.101340	
	-0.007846	
	-0.020215	
	-0.109185	
	-0.215408	
	-0.254307	
	-0.078220	
	-0.367627	
	0.066873	
	-0.180072	
	0.187702	
	-0.034048	
	-0.085283	
	0.096373	
	0.052308	
	0.066837	
	-0.188987	
	-0.020433	
	-0.050314	
	-0.144651	
	0.073741	
	-0.040833	
	-0.081368	
	-0.002416	
	-0.218930	
	-0.045499	
	-0.045791	
	0.001408	
	-0.035818	
	-0.039465	
	-0.207432	
	-0.025412	
	0.114488	
	0.075382	
	0.069592	
	0.116568	
	0.026333	
	0.009656	
	0.055913	
	0.035187	
	-0.064004	
	-0.171200	
	-0.051470	
	-0.049456	
	-0.007915	
	-0.060276	
	-0.290314	
	-0.050208	
	0.078538	
	-0.029721	
	-0.054902	
	-0.079733	
	-0.045620	
	-0.092008	
	-0.234391	
	-0.306584	
	-0.040389	
	-0.022625	
	-0.121269	
	-0.030606	
	-0.014273	
	-0.042789	
	0.014519	
	-0.123368	
	-0.024874	
	-0.000610	
	-0.145973	
	0.049815	
	-0.102140	
	-0.013947	
	-0.044501	
	0.066133	
	-0.081730	
	0.048726	
	-0.080442	
	-0.227192	
	-0.188048	
	-0.084172	
	0.035370	
	-0.092833	
	0.039878	
	-0.004732	
	0.131556	
	0.135235	
	-0.143079	
	-0.077017	
	0.019322	
	0.045952	
	0.042659	
	-0.053899	
	-0.152427	
	-0.006480	
	-0.144504	
	-0.073935	
	0.018697	
	0.023576	
	0.024027	
	-0.019558	
	-0.088480	
	0.095810	
	0.049054	
	-0.147973	
	-0.013734	
	-0.065457	
	0.043310	
	-0.072319	
	0.040201	
	-0.015120	
	0.039098	
	-0.194285	
	0.036995	
	0.000913	
	-0.054276	
	-0.053465	
	-0.043177	
	0.018437	
	-0.203178	
	0.161672	
	-0.009062	
	0.251468	
	0.001638	
	0.076478	
	0.001592	
	-0.037076	
	-0.010060	
	0.090212	
	-0.033025	
	0.027993	
	-0.049847	
	0.132784	
	0.042648	
	0.200891	
	-0.109317	
	-0.018716	
	-0.063530	
	-0.084141	
	-0.315555	
	-0.089767	
	-0.044669	
	-0.070151	
	-0.071206	
	0.022248	
	0.065144	
	-0.055596	
	-0.173394	
	0.113102	
	0.061019	
	0.033100	
	-0.171887	
	-0.214357	
	-0.065255	
	-0.029479	
	-0.161369	
	-0.180990	
	-0.044463	
	-0.134409	
	-0.056999	
	0.227400	
	-0.007475	
	-0.060001	
	-0.076373	
	-0.307283	
	-0.217509	
	-0.216928	
	-0.141535	
	-0.022594	
	-0.135555	
	-0.139718	
	-0.071977	
	0.111876	
	-0.003547	
	-0.002292	
	-0.200356	
	-0.115194	
	-0.058410	
	0.003235	
	0.064417	
	0.039972	
	-0.226426	
	-0.105407	
	-0.016991	
	-0.040324	
	0.004569	
	0.099372	
	-0.031240	
	0.019686	
	-0.009281	
	0.063178	
	0.026225	
	0.047096	
	0.017981	
	0.028012	
	0.048629	
	0.041102	
	0.043870	
	0.063239	
	0.083528	
	0.107071	
	-0.161465	
	-0.045148	
	0.048811	
	0.086440	
	-0.312657	
	-0.138194	
	0.004006	
	-0.120547	
	-0.173448	
	0.194378	
	0.000126	
	-0.032556	
	0.114925	
	-0.035877	
	0.045546	
	0.080143	
	0.037260	
	-0.003176	
	0.076237	
	0.063789	
	0.041893	
	0.048941	
	0.045459	
	0.030039	
	0.031279	
	0.117947	
	0.003120	
	-0.301825	
	-0.178993	
	-0.089268	
	-0.026721	
