_Mode		
	0.052213	
	-0.151980	
	0.208126	
	-0.201115	
	-0.105851	
	0.047589	
	-0.023686	
	-0.090677	
	-0.151155	
	-0.111508	
	-0.274773	
	0.047858	
	-0.163531	
	-0.016368	
	-0.191039	
	-0.130177	
	-0.212709	
	-0.162841	
	-0.190420	
	-0.102473	
	-0.021859	
	-0.046062	
	-0.011790	
	0.002192	
	0.224362	
	-0.131887	
	-0.005167	
	-0.187774	
	-0.260434	
	-0.162061	
	-0.097355	
	-0.274726	
	-0.141752	
	-0.119026	
	-0.095644	
	-0.069604	
	0.015157	
	-0.031614	
	-0.115405	
	0.019903	
	-0.043513	
	0.016584	
	-0.012299	
	0.051444	
	0.033822	
	0.001766	
	0.018161	
	-0.035742	
	-0.163105	
	-0.099465	
	-0.109403	
	-0.089884	
	-0.106455	
	-0.153122	
	0.007002	
	-0.218381	
	-0.014537	
	0.151875	
	-0.064270	
	-0.099477	
	0.014382	
	-0.009024	
	0.062503	
	-0.150732	
	-0.087933	
	0.035248	
	0.235579	
	-0.162841	
	0.021156	
	0.187468	
	-0.119632	
	0.037368	
	0.027869	
	-0.108059	
	-0.123209	
	0.024979	
	-0.034559	
	-0.146857	
	-0.147970	
	-0.021539	
	-0.094500	
	-0.195563	
	-0.135310	
	-0.104896	
	-0.192234	
	-0.120308	
	0.007884	
	-0.142438	
	0.020478	
	-0.047613	
	-0.054428	
	-0.035990	
	-0.043646	
	-0.051661	
	-0.069823	
	0.022221	
	-0.023456	
	-0.268895	
	-0.192300	
	-0.107315	
	0.129890	
	0.183320	
	0.137254	
	-0.016710	
	0.067712	
	-0.162266	
	0.017294	
	-0.069864	
	-0.020783	
	-0.030566	
	-0.225767	
	-0.022035	
	0.116501	
	-0.000521	
	0.011316	
	0.012486	
	-0.210694	
	-0.277622	
	-0.143004	
	-0.107524	
	-0.121443	
	-0.026304	
	-0.009445	
	-0.209323	
	-0.041032	
	0.137979	
	-0.056126	
	-0.109050	
	-0.096940	
	-0.078091	
	-0.125576	
	-0.163168	
	-0.188953	
	0.032112	
	0.017553	
	0.017801	
	0.045308	
	0.131844	
	-0.048910	
	-0.132884	
	0.066280	
	-0.052944	
	0.102375	
	0.013327	
	-0.203993	
	-0.013410	
	0.047268	
	0.030059	
	0.032862	
	-0.189545	
	-0.089178	
	0.114229	
	-0.065249	
	0.042064	
	-0.077678	
	-0.115498	
	-0.072095	
	0.097973	
	-0.040665	
	-0.105907	
	-0.125251	
	-0.142965	
	-0.029857	
	-0.117883	
	0.043958	
	-0.118921	
	-0.066727	
	-0.136994	
	-0.200641	
	0.064565	
	0.019515	
	0.112109	
	0.095297	
	0.085564	
	-0.125642	
	-0.117401	
	-0.186434	
	-0.192168	
	-0.179582	
	-0.205673	
	-0.083497	
	-0.031963	
	-0.171034	
	-0.099292	
	-0.019089	
	-0.010209	
	0.015122	
	-0.131752	
	0.092738	
	-0.116523	
	-0.108272	
	-0.079805	
	0.025628	
	0.015848	
	-0.006330	
	-0.040215	
	-0.062269	
	-0.155483	
	-0.115138	
	-0.124546	
	-0.097761	
	-0.137714	
	-0.246424	
	-0.010346	
	-0.260495	
	0.127333	
	0.216754	
	-0.122736	
	-0.026941	
	0.037627	
	0.077837	
	0.061601	
	-0.006813	
	-0.154392	
	-0.096752	
	0.207591	
	-0.226972	
	-0.003307	
	0.182383	
	-0.096609	
	-0.090340	
	0.019247	
	-0.225621	
	-0.126752	
	0.094050	
	-0.116045	
	-0.055677	
	-0.111475	
	0.049901	
	-0.085423	
	-0.114045	
	-0.171068	
	-0.082394	
	-0.048861	
	-0.118342	
	-0.045686	
	-0.159673	
	-0.070332	
	-0.112608	
	-0.031988	
	0.027984	
	-0.051680	
	0.003470	
	-0.082200	
	-0.015867	
	0.014703	
	-0.194732	
	0.035283	
	-0.195513	
	-0.029598	
	-0.031689	
	0.094142	
	-0.089237	
	0.012654	
	-0.164905	
	-0.038064	
	-0.040527	
	0.061808	
	-0.240470	
	-0.187049	
	0.081462	
	0.077123	
	-0.002552	
	0.007942	
	-0.056091	
	-0.230272	
	-0.325142	
	-0.204962	
	-0.076075	
	0.057691	
	0.023672	
	-0.152742	
	-0.171094	
	0.054676	
	0.060765	
	-0.150915	
	-0.109543	
	-0.283647	
	0.043666	
	-0.216216	
	-0.197703	
	-0.057260	
	-0.077107	
	-0.032394	
	0.021202	
	-0.056258	
	0.091140	
	-0.123343	
	-0.076681	
	0.056507	
	-0.103634	
	0.039956	
	0.066131	
	-0.152877	
	-0.021706	
	-0.032208	
	0.023067	
	0.024134	
	-0.164304	
	-0.068902	
	-0.028594	
	0.208185	
	0.004044	
	-0.161921	
	-0.078488	
	-0.007716	
	-0.105070	
	-0.054345	
	-0.101418	
	-0.089607	
	-0.069004	
	-0.245806	
	-0.202309	
	-0.235821	
	-0.128598	
	-0.097983	
	-0.093609	
	-0.142443	
	-0.213229	
	-0.176260	
	-0.070966	
	-0.021797	
	-0.047832	
	-0.113030	
	-0.043700	
	-0.106079	
	-0.225976	
	-0.223669	
	0.056523	
	-0.195543	
	-0.159588	
	-0.170785	
	-0.062736	
	-0.168967	
	-0.135317	
	0.102385	
	-0.043005	
	0.022328	
	0.149895	
	-0.088448	
	-0.012477	
	-0.121445	
	-0.018357	
	0.024977	
	-0.091534	
	-0.249094	
	-0.114559	
	0.205641	
	0.083721	
	-0.134590	
	0.097862	
	-0.267504	
	-0.077447	
	-0.132151	
	-0.176147	
	-0.106902	
	-0.032319	
	0.036485	
	-0.092337	
	-0.131274	
	-0.110268	
	-0.091999	
	-0.352853	
	-0.078432	
	-0.227383	
	-0.099846	
	-0.161753	
	-0.131310	
	-0.152482	
	-0.153277	
	-0.216006	
	-0.060781	
	-0.142511	
	-0.125763	
	-0.178708	
	-0.186649	
	-0.161991	
	-0.049244	
	-0.062974	
	-0.112544	
	-0.025490	
	0.151335	
	-0.084217	
	0.108975	
	0.030674	
	0.042261	
	0.214931	
	-0.117442	
	0.009167	
	-0.224461	
	0.159921	
	-0.128194	
	-0.026996	
	0.010897	
	-0.037491	
	-0.021589	
	-0.073614	
	-0.172953	
	-0.030403	
	-0.206132	
	-0.170679	
	-0.121581	
	-0.011597	
	0.121101	
	-0.085890	
	-0.168161	
	0.096694	
	-0.186520	
	-0.177584	
	-0.208372	
	0.174861	
	-0.273890	
	-0.236323	
	-0.157997	
	-0.201373	
	0.119004	
	-0.180059	
	0.146630	
	-0.056244	
	-0.165729	
	-0.063506	
	0.066063	
	-0.048321	
	0.044337	
	-0.126742	
	-0.022149	
	-0.119924	
	0.092726	
	-0.017137	
	0.015341	
	-0.099384	
	-0.173887	
	-0.135511	
	0.022513	
	-0.021088	
	-0.017155	
	0.047686	
	0.037557	
	0.112867	
	-0.206763	
	-0.080775	
	-0.053551	
	-0.033283	
	-0.094929	
	-0.187279	
	-0.181541	
	-0.092588	
	-0.169785	
	-0.077767	
	-0.019171	
	-0.164982	
	0.028005	
	-0.230921	
	-0.146403	
	0.029244	
	-0.064228	
	-0.015781	
	-0.098978	
	-0.184117	
	-0.115247	
	-0.046206	
	-0.067968	
	-0.104980	
	-0.101480	
	-0.106325	
	-0.113592	
	-0.106837	
	-0.088635	
	-0.077713	
	-0.082054	
	-0.053320	
	0.063073	
	-0.023047	
	-0.113119	
