_Brightness		
	NaN	
	NaN	
	NaN	
	0.883173	
	0.830109	
	0.696850	
	0.656230	
	0.547835	
	0.656211	
	0.665274	
	0.683606	
	0.842259	
	0.696064	
	0.655351	
	0.571165	
	0.713328	
	0.609435	
	0.658602	
	0.592246	
	0.656955	
	0.585434	
	0.621657	
	0.566138	
	0.652771	
	0.551137	
	0.860368	
	0.736986	
	0.728852	
	0.740778	
	0.784044	
	0.694892	
	0.574064	
	0.403591	
	0.465174	
	0.496351	
	0.433941	
	0.429979	
	0.462123	
	0.441841	
	0.734304	
	0.873168	
	0.777463	
	0.655714	
	0.603080	
	0.715960	
	0.634263	
	0.618666	
	0.643333	
	0.597194	
	0.599718	
	0.619577	
	0.574351	
	0.581357	
	0.879574	
	0.806450	
	0.717966	
	0.626907	
	0.679108	
	0.728586	
	0.711715	
	0.884669	
	0.756683	
	0.722359	
	0.657772	
	0.694052	
	0.657365	
	0.624515	
	0.753117	
	0.855113	
	0.747098	
	0.669076	
	0.668251	
	0.670409	
	0.633646	
	0.699203	
	0.673403	
	0.703868	
	0.634085	
	0.606534	
	0.633434	
	0.617224	
	0.871699	
	0.792201	
	0.732763	
	0.689987	
	0.583674	
	0.513232	
	0.638009	
	0.872484	
	0.752923	
	0.809657	
	0.809685	
	0.810133	
	0.865998	
	0.877555	
	0.870658	
	0.796484	
	0.808232	
	0.810600	
	0.839756	
	0.853782	
	0.840722	
	0.846472	
	0.772017	
	0.734270	
	0.775899	
	0.770968	
	0.786800	
	0.785989	
	0.775670	
	0.802758	
	0.809562	
	0.802529	
	0.774645	
	0.788154	
	0.793168	
	0.761623	
	0.778744	
	0.751657	
	0.736911	
	0.749210	
	0.740906	
	0.710338	
	0.752399	
	0.763715	
	0.708301	
	0.654282	
	0.698532	
	0.675815	
	0.691732	
	0.722720	
	0.732123	
	0.885695	
	0.927157	
	0.941889	
	0.933178	
	0.936827	
	0.934276	
	0.929473	
	0.933746	
	0.926812	
	0.905204	
	0.927118	
	0.909595	
	0.913096	
	0.931444	
	0.733920	
	0.776791	
	0.843950	
	0.856340	
	0.882586	
	0.871190	
	0.890724	
	0.899087	
	0.915969	
	0.894164	
	0.918735	
	0.904115	
	0.889280	
	0.854621	
	0.682756	
	0.673421	
	0.671815	
	0.651853	
	0.629217	
	0.575552	
	0.593461	
	0.693463	
	0.578483	
	0.591952	
	0.541670	
	0.454081	
	0.465606	
	0.729492	
	0.808092	
	0.895429	
	0.905389	
	0.914566	
	0.925506	
	0.931353	
	0.922301	
	0.923887	
	0.941233	
	0.923600	
	0.928804	
	0.937880	
	0.927404	
	0.879859	
	0.912994	
	0.924350	
	0.884194	
	0.845131	
	0.840423	
	0.844455	
	0.851988	
	0.893016	
	0.938834	
	0.939389	
	0.905458	
	0.819505	
	0.838984	
	0.852838	
	0.786948	
	0.721669	
	0.803738	
	0.829228	
	0.833050	
	0.843190	
	0.853420	
	0.864433	
	0.924359	
	0.943690	
	0.932284	
	0.911074	
	0.892153	
	0.862560	
	0.835100	
	0.862119	
	0.763445	
	0.702085	
	0.733712	
	0.766714	
	0.802077	
	0.833932	
	0.844884	
	0.859119	
	0.862236	
	0.863612	
	0.835545	
	0.829314	
	0.845474	
	0.787919	
	0.679123	
	0.696813	
	0.689968	
	0.640013	
	0.623609	
	0.613523	
	0.683113	
	0.603483	
	0.596988	
	0.618535	
	0.650504	
	0.635607	
	0.626273	
	0.633506	
	0.775631	
	0.845154	
	0.842141	
	0.803331	
	0.817829	
	0.817068	
	0.776947	
	0.730354	
	0.786631	
	0.796203	
	0.816671	
	0.813287	
	0.828423	
	0.680613	
	0.742655	
	0.802290	
	0.828505	
	0.846631	
	0.831730	
	0.847243	
	0.839272	
	0.866099	
	0.859228	
	0.855902	
	0.870734	
	0.861165	
	0.853500	
	0.788938	
	0.718591	
	0.739991	
	0.707423	
	0.697795	
	0.661575	
	0.640322	
	0.718241	
	0.612543	
	0.561715	
	0.603995	
	0.596348	
	0.574303	
	0.532899	
	0.549081	
	0.806932	
	0.876651	
	0.888173	
	0.872651	
	0.917389	
	0.937693	
	0.762333	
	0.863605	
	0.902670	
	0.868996	
	0.858432	
	0.934275	
	0.891180	
	0.828826	
	0.897622	
	0.923699	
	0.880496	
	0.785371	
	0.710398	
	0.624555	
	0.747743	
	0.880369	
	0.913901	
	0.923418	
	0.909994	
	0.899823	
	0.873463	
	0.735926	
	0.719687	
	0.770916	
	0.822585	
	0.830665	
	0.815271	
	0.775318	
	0.772164	
	0.813472	
	0.893284	
	0.869600	
	0.841374	
	0.834657	
	0.832029	
	0.803888	
	0.827088	
	0.791615	
	0.788738	
	0.785887	
	0.802322	
	0.841524	
	0.867157	
	0.840562	
	0.843417	
	0.839535	
	0.839851	
	0.837338	
	0.856227	
	0.807959	
	0.811077	
	0.796513	
	0.742244	
	0.719257	
	0.704619	
	0.611864	
	0.643743	
	0.691622	
	0.655590	
	0.625025	
	0.560221	
	0.567983	
	0.539287	
	0.593376	
	0.569063	
	0.608524	
	0.825829	
	0.871017	
	0.856572	
	0.842854	
	0.801516	
	0.797158	
	0.798102	
	0.777135	
	0.778265	
	0.764495	
	0.750062	
	0.753051	
	0.790730	
	0.647742	
	0.765536	
	0.812963	
	0.823960	
	0.825634	
	0.810382	
	0.788001	
	0.782701	
	0.786194	
	0.774839	
	0.762273	
	0.753019	
	0.721089	
	0.565295	
	0.699807	
	0.755540	
	0.691151	
	0.595525	
	0.561969	
	0.556824	
	0.614868	
	0.607499	
	0.580696	
	0.564280	
	0.474997	
	0.448515	
	0.687860	
	0.669216	
	0.825060	
	0.915184	
	0.878693	
	0.849509	
	0.893846	
	0.887562	
	0.837643	
	0.881124	
	0.878498	
	0.847874	
	0.892394	
	0.888312	
	0.821663	
	0.830888	
	0.911278	
	0.890805	
	0.837939	
	0.791783	
	0.772194	
	0.771429	
	0.794150	
	0.920989	
	0.938279	
	0.920629	
	0.858912	
	0.825027	
	0.788214	
	0.746913	
	0.650184	
	0.767365	
	0.827138	
	0.845301	
	0.850235	
	0.774876	
	0.771059	
	0.876861	
	0.940129	
	0.928907	
	0.907603	
	0.868704	
	0.842702	
	0.832658	
	0.842783	
	0.787709	
	0.731855	
	0.675769	
	0.735088	
	0.735267	
	0.709307	
	0.803876	
	0.830943	
	0.835161	
	0.831089	
	0.824103	
	0.788507	
	0.787760	
	0.817923	
	0.755932	
	0.738576	
	0.656950	
	0.661511	
	0.628033	
	0.568396	
	0.696174	
	0.606579	
	0.539968	
	0.552452	
	0.588207	
	0.607546	
	0.577556	
	0.606335	
	0.688566	
	0.854420	
	0.896190	
	0.894013	
	0.891036	
	0.884690	
	0.891806	
	0.821116	
	0.849770	
	0.863676	
	0.877303	
	0.874439	
	0.877608	
	0.874720	
	0.739808	
	0.730710	
	0.802035	
	0.820873	
	0.868661	
	0.829264	
	0.790951	
	0.806181	
	0.811854	
	0.808003	
	0.810802	
	0.838632	
	0.836524	
	0.817510	
	0.749671	
	0.779690	
	0.741181	
	0.720766	
	0.673337	
	0.644587	
	0.681224	
	0.692076	
	0.632753	
	0.563891	
	0.588777	
	0.593902	
	0.606228	
	0.604360	
	0.635446	
	0.749861	
	0.901866	
	0.917643	
	0.906232	
	0.927073	
	0.921986	
	0.897952	
	0.909149	
	0.867936	
	0.855184	
	0.933827	
	0.927855	
	0.885308	
	0.918584	
	0.922925	
	0.848863	
	0.834694	
	0.790804	
	0.776132	
	0.784301	
	0.842767	
	0.917746	
	0.887073	
	0.885544	
	0.840541	
	0.809242	
	0.782884	
	0.741214	
	0.681604	
	0.773522	
	0.794608	
	0.809488	
	0.759586	
	0.656739	
	0.630148	
	0.868962	
	0.938495	
	0.951629	
	0.932401	
	0.894528	
	0.777099	
	0.678348	
	0.888429	
	0.802011	
	0.787892	
	0.737958	
	0.762815	
	0.771337	
	0.754833	
	0.851083	
	0.838498	
	0.853113	
	0.824497	
	0.812642	
	0.787415	
	0.823105	
	0.886875	
	0.781475	
	0.782389	
	0.776759	
	0.738237	
	0.699214	
	0.600864	
	0.545721	
	0.669792	
	0.576627	
	0.653629	
	0.773342	
	0.764925	
	0.737832	
	0.709136	
	0.739866	
	0.700766	
	0.702700	
	0.693263	
	0.693242	
	0.710596	
	0.863576	
	0.922469	
	0.880788	
	0.844221	
	0.838873	
	0.844520	
	0.802291	
	0.831203	
	0.894317	
	0.838843	
	0.854615	
	0.838098	
	0.777763	
	0.768349	
	0.747061	
	0.728460	
	0.733667	
	0.768214	
	0.776918	
	0.778247	
	0.897378	
	0.897816	
	0.867883	
	0.870620	
	0.832798	
	0.822375	
	0.805484	
	0.798294	
	0.778827	
	0.794915	
	0.794078	
	0.755074	
	0.761091	
	0.746989	
	0.682328	
	0.655079	
	0.692337	
	0.710613	
	0.702375	
	0.686609	
	0.571559	
	0.532095	
	0.464622	
	0.483421	
	0.469732	
	0.415092	
	0.337938	
	0.322934	
	0.283826	
	0.438923	
	0.755682	
	0.708975	
	0.716533	
	0.695379	
	0.680888	
	0.560444	
	0.535867	
	0.504814	
	0.484479	
	0.458070	
	0.426861	
	0.378038	
	0.361187	
	0.327643	
	0.733565	
	0.634495	
	0.705471	
	0.755564	
	0.731705	
	0.668999	
	0.592694	
	0.578795	
	0.531425	
	0.470401	
	0.423020	
	0.412915	
	0.527561	
	0.545565	
	0.482316	
	0.455416	
	0.488980	
	0.380344	
	0.401605	
	0.428247	
	0.447585	
	0.461870	
	0.424397	
	0.473004	
	0.483968	
	0.400507	
	0.436287	
	0.424793	
	0.362632	
	0.817583	
	0.778663	
	0.789651	
	0.785179	
	0.696911	
	0.645372	
	0.564155	
	0.507467	
	0.625924	
	0.603644	
	0.525027	
	0.559851	
	0.646529	
	0.695777	
	0.703699	
	0.723953	
	0.762802	
	0.771517	
	0.729705	
	0.687179	
	0.646445	
	0.597497	
	0.783772	
	0.927176	
	0.876679	
	0.830950	
	0.859531	
	0.809232	
	0.816199	
	0.855336	
	0.923802	
	0.882065	
	0.900877	
	0.865389	
	0.858124	
	0.830907	
	0.848419	
	0.832801	
	0.838561	
	0.805549	
	0.759206	
	0.722010	
	0.832945	
	0.906903	
	0.879189	
	0.869399	
	0.864688	
	0.846371	
	0.823646	
	0.805749	
	0.771327	
	0.768922	
	0.778696	
	0.735079	
	0.701906	
	0.809332	
	0.823139	
	0.667294	
	0.698285	
	0.682715	
	0.648515	
	0.575169	
	0.561186	
	0.560872	
	0.511985	
	0.502484	
	0.482960	
	0.438694	
	0.412209	
	0.413825	
	0.624772	
	0.688357	
	0.710154	
	0.715127	
	0.662526	
	0.585016	
	0.550852	
	0.505932	
	0.629892	
	0.675562	
	0.633697	
	0.595403	
	0.544702	
	0.629282	
	0.666346	
	0.709188	
	0.740806	
	0.718048	
	0.670014	
	0.629351	
	0.591558	
	0.561605	
	0.551344	
	0.488632	
	0.552642	
	0.651464	
	0.597967	
	0.567522	
	0.534910	
	0.568943	
	0.543574	
	0.593600	
	0.628140	
	0.548960	
	0.548545	
	0.534191	
	0.582421	
	0.535559	
	0.471024	
	0.504339	
	0.583381	
	0.367878	
	0.653456	
	0.710618	
	0.715727	
	0.674934	
	0.699195	
	0.716341	
	0.726407	
	0.780851	
	0.736091	
	0.702622	
	0.676415	
	0.654613	
	0.680070	
	0.664630	
	0.760409	
	0.773270	
	0.793024	
	0.792415	
	0.808286	
	0.781401	
	0.824082	
	0.748403	
	0.752868	
	0.724812	
	0.671736	
	0.681121	
	0.724021	
	0.771261	
	0.762355	
	0.720316	
	0.690379	
	0.677298	
	0.671319	
	0.679384	
	0.675477	
	0.714608	
	0.769931	
	0.807676	
	0.834165	
	0.803442	
	0.776127	
	0.784273	
	0.772669	
	0.732971	
	0.683797	
	0.612237	
	0.593485	
	0.591404	
	0.603064	
	0.589471	
	0.656340	
	0.769558	
	0.825673	
	0.842620	
	0.834371	
	0.842053	
	0.817040	
	0.712218	
	0.684201	
	0.715932	
	0.727191	
	0.694912	
	0.690256	
	0.640666	
	0.659442	
	0.649023	
	0.641609	
	0.744740	
	0.773986	
	0.793521	
	0.797284	
	0.754928	
	0.759995	
	0.786874	
	0.750496	
	0.732264	
	0.713133	
	0.697956	
	0.688570	
	0.719978	
	0.747620	
	0.728157	
	0.720023	
	0.788647	
	0.782286	
	0.633925	
	0.561019	
	0.598242	
	0.669957	
	0.696247	
	0.729144	
	0.686170	
	0.677989	
	0.690202	
	0.724339	
	0.707589	
	0.695297	
	0.725850	
	0.716255	
	0.713666	
	0.712812	
	0.714711	
	0.713895	
	0.712889	
	0.708564	
	0.719719	
	0.721749	
	0.713503	
	0.719741	
	0.717257	
	0.719544	
	0.743111	
	0.796733	
	0.828334	
	0.820548	
	0.838600	
	0.734408	
	0.644382	
	0.650301	
	0.663098	
	0.660584	
	0.748795	
	0.822767	
	0.735421	
	0.685557	
	0.651334	
	0.670695	
	0.694943	
	0.783287	
	0.782653	
	0.600998	
	0.616798	
	0.641757	
	0.675181	
	0.724536	
	0.703817	
	0.695697	
	0.717456	
	0.752667	
	0.775352	
	0.758406	
	0.746154	
	0.777300	
	0.781772	
	0.685803	
	0.559576	
	0.605658	
	0.621965	
	0.580912	
	0.611192	
	0.632193	
	0.629169	
	0.665886	
	0.673215	
	0.704943	
	0.723136	
	0.757840	
	0.735112	
	0.703043	
	0.645755	
	0.624673	
	0.609394	
	0.579248	
	0.614149	
	0.669004	
	0.703590	
	0.787715	
	0.806058	
	0.835464	
	0.803772	
	0.802623	
	0.790531	
	0.780093	
	0.722102	
	0.685077	
	0.673664	
	0.669769	
	0.623611	
	0.643798	
	0.776048	
	0.745641	
	0.671715	
	0.665902	
	0.653349	
	0.676479	
	0.738273	
	0.770784	
	0.677993	
	0.683653	
	0.583068	
	0.617619	
	0.633756	
	0.653366	
	0.678118	
	0.685496	
	0.742767	
	0.724572	
	0.719231	
	0.752934	
	0.771169	
	0.764489	
	0.772034	
	0.635654	
	0.564530	
	0.545316	
	0.531193	
	0.594785	
	0.589551	
	0.593305	
	0.590610	
	0.713328	
	0.737999	
	0.737294	
	0.780067	
	0.747765	
	0.751085	
	0.678455	
	0.567984	
	0.589463	
	0.525561	
	0.531804	
	0.500646	
	0.431480	
	0.458603	
	0.544692	
	0.566152	
	0.609978	
	0.428147	
	0.361906	
	0.618504	
	0.667822	
	0.574690	
	0.563287	
	0.510180	
	0.545481	
	0.533489	
	0.491342	
	0.470952	
	0.524983	
	0.511018	
	0.498963	
	0.496003	
	0.462971	
	0.465755	
	0.514893	
	0.631518	
	0.546015	
	0.483158	
	0.421011	
	0.388819	
	0.430405	
	0.623640	
	0.462886	
	0.372182	
	0.361116	
	0.382636	
	0.347997	
	0.413160	
	0.701062	
	0.757686	
	0.749622	
	0.748177	
	0.662014	
	0.547247	
	0.546565	
	0.481164	
	0.479922	
	0.526927	
	0.731969	
	0.862183	
	0.870354	
	0.852349	
	0.527152	
	0.601669	
	0.552217	
	0.500002	
	0.421666	
	0.445288	
	0.481168	
	0.496150	
	0.603490	
	0.521927	
	0.383992	
	0.593530	
	0.755958	
	0.799671	
	0.787667	
	0.632996	
	0.581532	
	0.494317	
	0.392322	
	0.348172	
	0.314807	
	0.337520	
	0.420726	
	0.258421	
	0.334940	
	0.320697	
	0.302890	
	0.506256	
	0.734103	
	0.681891	
	0.598001	
	0.567317	
	0.511005	
	0.534677	
	0.591371	
	0.468405	
	0.486781	
	0.396588	
	0.417347	
	0.412746	
	0.342586	
	0.434216	
	0.594673	
	0.651853	
	0.668005	
	0.671427	
	0.608228	
	0.604378	
	0.534827	
	0.521483	
	0.572774	
	0.562594	
	0.593768	
	0.635923	
	0.778013	
	0.849850	
	0.699280	
	0.516694	
	0.560854	
	0.573210	
	0.552778	
	0.535528	
	0.518699	
	0.486689	
	0.434306	
	0.391648	
	0.417839	
	0.380739	
	0.385787	
	0.451705	
	0.499189	
	0.586366	
	0.580595	
	0.500252	
	0.401208	
	0.437138	
	0.422579	
	0.409128	
	0.415424	
	0.413311	
	0.368261	
	0.365099	
	0.370532	
	0.348719	
	0.304514	
	0.545235	
	0.458095	
	0.293776	
	0.211341	
	0.207300	
	0.219333	
	0.398651	
	0.371207	
	0.203359	
	0.214373	
	0.212726	
	0.212920	
	0.233711	
	0.535778	
	0.674111	
	0.717491	
	0.674242	
	0.680068	
	0.582457	
	0.463113	
	0.351899	
	0.311450	
	0.321432	
	0.287724	
	0.270668	
	0.300951	
	0.286200	
	0.460424	
	0.580312	
	0.613966	
	0.440747	
	0.288522	
	0.259778	
	0.280300	
	0.352722	
	0.337243	
	0.348816	
	0.285855	
	0.330826	
	0.269131	
	0.289786	
	0.285681	
	0.530201	
	0.690476	
	0.657128	
	0.560383	
	0.404806	
	0.316973	
	0.268048	
	0.415270	
	0.384625	
	0.286895	
	0.304903	
	0.258270	
	0.245861	
	0.252353	
	0.359992	
	0.681049	
	0.634332	
	0.478017	
	0.404380	
	0.392882	
	0.364254	
	0.657861	
	0.387159	
	0.342861	
	0.291448	
	0.240622	
	0.254295	
	0.316961	
	0.553747	
	0.727980	
	0.769322	
	0.771421	
	0.787888	
	0.737646	
	0.711321	
	0.686059	
	0.690833	
	0.639788	
	0.622059	
	0.572401	
	0.568670	
	0.555871	
	0.582393	
	0.701474	
	0.607172	
	0.578332	
	0.617359	
	0.607625	
	0.565635	
	0.546257	
	0.574761	
	0.606599	
	0.614083	
	0.569297	
	0.564885	
	0.542775	
	0.534283	
	0.666419	
	0.761121	
	0.659926	
	0.572819	
	0.495039	
	0.455337	
	0.423493	
	0.410026	
	0.447523	
	0.428449	
	0.381218	
	0.389250	
	0.438785	
	0.448836	
	0.432550	
	0.587894	
	0.553584	
	0.452642	
	0.434376	
	0.434851	
	0.363078	
	0.339286	
	0.460536	
	0.332262	
	0.391198	
	0.330297	
	0.316345	
	0.295466	
	0.679961	
	0.765557	
	0.782658	
	0.776932	
	0.704718	
	0.666851	
	0.613845	
	0.538131	
	0.457777	
	0.373100	
	0.409764	
	0.361692	
	0.411700	
	0.763987	
	0.816519	
	0.663081	
	0.486497	
	0.475647	
	0.464035	
	0.453069	
	0.432002	
	0.430776	
	0.469676	
	0.379103	
	0.313104	
	0.330057	
	0.317761	
	0.288293	
	0.361620	
	0.637982	
	0.622964	
	0.508474	
	0.461549	
	0.427551	
	0.411796	
	0.357876	
	0.566215	
	0.325303	
	0.298952	
	0.281534	
	0.312835	
	0.321899	
	0.504317	
	0.586486	
	0.614609	
	0.553286	
	0.516808	
	0.528306	
	0.514958	
	0.541472	
	0.490360	
	0.426931	
	0.423168	
	0.348168	
	0.581517	
	0.797594	
	0.772716	
	0.727602	
	0.736000	
	0.746474	
	0.731631	
	0.715263	
	0.663658	
	0.614562	
	0.612374	
	0.620956	
	0.595610	
	0.571973	
	0.598829	
	0.500790	
	0.492209	
	0.660897	
	0.623035	
	0.567130	
	0.525241	
	0.553714	
	0.547205	
	0.549896	
	0.556578	
	0.504770	
	0.470661	
	0.412004	
	0.406754	
	0.545314	
	0.636748	
	0.676083	
	0.642118	
	0.533394	
	0.426845	
	0.306906	
	0.311237	
	0.292694	
	0.290168	
	0.297261	
	0.288789	
	0.289986	
	0.275543	
	0.256657	
	0.265063	
	0.332578	
	0.522119	
	0.434292	
	0.254261	
	0.201161	
	0.182528	
	0.185307	
	0.302178	
	0.251971	
	0.186274	
	0.177951	
	0.175022	
	0.158768	
	0.177913	
	0.484134	
	0.745242	
	0.787565	
	0.782350	
	0.759748	
	0.729210	
	0.591008	
	0.434744	
	0.343991	
	0.302697	
	0.298105	
	0.290610	
	0.293768	
	0.243438	
	0.265375	
	0.598413	
	0.563375	
	0.463539	
	0.329385	
	0.254343	
	0.222363	
	0.208146	
	0.253752	
	0.247380	
	0.224398	
	0.254740	
	0.192031	
	0.191930	
	0.205154	
	0.459899	
	0.649150	
	0.609314	
	0.442598	
	0.308512	
	0.266511	
	0.247248	
	0.295774	
	0.533268	
	0.293495	
	0.221565	
	0.242868	
	0.231631	
	0.249592	
	0.416770	
	0.655658	
	0.764779	
	0.689283	
	0.539359	
	0.437889	
	0.431240	
	0.666194	
	0.521078	
	0.348215	
	0.357622	
	0.303501	
	0.256796	
	0.249474	
	0.454822	
	0.684043	
	0.759931	
	0.785457	
	0.801014	
	0.788426	
	0.765788	
	0.729734	
	0.724864	
	0.697461	
	0.661957	
	0.646939	
	0.625014	
	0.628228	
	0.652489	
	0.688422	
	0.638880	
	0.610268	
	0.587514	
	0.593896	
	0.635978	
	0.633220	
	0.599306	
	0.562524	
	0.570599	
	0.485702	
	0.489137	
	0.462238	
	0.463216	
	0.530474	
	0.701908	
	0.716997	
	0.665089	
	0.584168	
	0.521374	
	0.460391	
	0.480123	
	0.442875	
	0.398753	
	0.392578	
	0.379039	
	0.308491	
	0.321750	
	0.309418	
	0.486809	
	0.660274	
	0.512214	
	0.402456	
	0.286468	
	0.243601	
	0.219873	
	0.505601	
	0.347418	
	0.453613	
	0.461573	
	0.409117	
	0.278241	
	0.643581	
	0.734238	
	0.766855	
	0.745540	
	0.688225	
	0.609979	
	0.488193	
	0.388338	
	0.281022	
	0.229558	
	0.208567	
	0.233701	
	0.198585	
	0.209174	
	0.396622	
	0.554029	
	0.554480	
	0.372291	
	0.206658	
	0.169654	
	0.134887	
	0.104673	
	0.101135	
	0.101771	
	0.094983	
	0.118202	
	0.132201	
	0.178868	
	0.442388	
	0.707164	
	0.641022	
	0.500773	
	0.314414	
	0.183658	
	0.144117	
	0.153067	
	0.359778	
	0.207876	
	0.134807	
	0.134597	
	0.138451	
	0.133727	
	0.151145	
	0.547253	
	0.688546	
	0.509494	
	0.326895	
	0.247899	
	0.232342	
	0.331509	
	0.398577	
	0.264970	
	0.253969	
	0.265419	
	0.280013	
	0.303573	
	0.522157	
	0.645961	
	0.636143	
	0.690096	
	0.645170	
	0.598263	
	0.581147	
	0.540412	
	0.532360	
	0.549997	
	0.525737	
	0.538279	
	0.564194	
	0.604971	
	0.627472	
	0.675026	
	0.604208	
	0.628773	
	0.618025	
	0.592305	
	0.600577	
	0.557639	
	0.522013	
	0.713512	
	0.849577	
	0.857233	
	0.874982	
	0.854441	
	0.870578	
	0.832840	
	0.731510	
	0.693292	
	0.626649	
	0.542128	
	0.455486	
	0.426188	
	0.389495	
	0.371355	
	0.361040	
	0.478572	
	0.743969	
	0.769317	
	0.789404	
	0.785186	
	0.658229	
	0.554906	
	0.461264	
	0.461946	
	0.450317	
	0.367782	
	0.551301	
	0.379065	
	0.421273	
	0.352009	
	0.346274	
	0.332243	
	0.453323	
	0.647264	
	0.715124	
	0.742014	
	0.732667	
	0.659345	
	0.628527	
	0.570953	
	0.432372	
	0.308848	
	0.269702	
	0.315375	
	0.373342	
	0.341624	
	0.467271	
	0.541050	
	0.605075	
	0.524130	
	0.452731	
	0.401449	
	0.358572	
	0.349335	
	0.308934	
	0.340810	
	0.362290	
	0.370622	
	0.348009	
	0.308697	
	0.371039	
	0.564825	
	0.616257	
	0.559612	
	0.431891	
	0.330128	
	0.284439	
	0.265456	
	0.285221	
	0.420275	
	0.257010	
	0.284020	
	0.254961	
	0.265271	
	0.295872	
	0.329405	
	0.467194	
	0.597060	
	0.464263	
	0.405399	
	0.371213	
	0.322418	
	0.436539	
	0.457635	
	0.339149	
	0.352821	
	0.298583	
	0.281058	
	0.305096	
	0.342908	
	0.660867	
	0.693809	
	0.737442	
	0.748688	
	0.718805	
	0.718965	
	0.687562	
	0.684635	
	0.633852	
	0.628431	
	0.641249	
	0.645971	
	0.574600	
	0.621254	
	0.716352	
	0.711298	
	0.623830	
	0.674778	
	0.659313	
	0.667574	
	0.645839	
	0.668434	
	0.684568	
	0.654296	
	0.671497	
	0.854563	
	0.898734	
	0.889059	
	0.908179	
	0.718267	
	0.648264	
	0.619605	
	0.553582	
	0.525067	
	0.498866	
	0.487082	
	0.468684	
	0.452866	
	0.437454	
	0.463388	
	0.462579	
	0.470266	
	0.505001	
	0.497768	
	0.612150	
	0.569959	
	0.537291	
	0.528289	
	0.480339	
	0.480940	
	0.490832	
	0.544026	
	0.480316	
	0.440649	
	0.440721	
	0.422635	
	0.438437	
	0.609412	
	0.712996	
	0.763668	
	0.747634	
	0.718168	
	0.608306	
	0.528760	
	0.475819	
	0.465487	
	0.445547	
	0.449483	
	0.397893	
	0.418205	
	0.401214	
	0.479525	
	0.496483	
	0.514918	
	0.437374	
	0.409468	
	0.426923	
	0.424501	
	0.413360	
	0.362776	
	0.433346	
	0.345141	
	0.333071	
	0.566381	
	0.764715	
	0.783257	
	0.639324	
	0.698168	
	0.740194	
	0.733562	
	0.678719	
	0.568045	
	0.434573	
	0.343690	
	0.280943	
	0.306233	
	0.316058	
	0.325551	
	0.389580	
	0.351147	
	0.384333	
	0.305359	
	0.287008	
	0.272473	
	0.268683	
	0.274005	
	0.314092	
	0.305408	
	0.327946	
	0.358439	
	0.295576	
	0.555086	
	0.812635	
	0.813742	
	0.770814	
	0.498893	
	0.476199	
	0.473139	
	0.483287	
	0.472818	
	0.491352	
	0.509296	
	0.572197	
	0.552129	
	0.579685	
	0.582237	
	0.590300	
	0.608629	
	0.563090	
	0.567227	
	0.593223	
	0.576548	
	0.511970	
	0.529730	
	0.580757	
	0.569092	
	0.538242	
	0.535900	
	0.498009	
	0.488125	
	0.489675	
	0.521088	
	0.503490	
	0.601933	
	0.737599	
	0.691271	
	0.639885	
	0.609509	
	0.539527	
	0.477822	
	0.442622	
	0.451580	
	0.385148	
	0.413545	
	0.407678	
	0.348332	
	0.320500	
	0.302342	
	0.413421	
	0.556706	
	0.462356	
	0.370610	
	0.302918	
	0.316378	
	0.280287	
	0.461442	
	0.268737	
	0.263293	
	0.263759	
	0.272567	
	0.270081	
	0.296748	
	0.673069	
	0.742343	
	0.752768	
	0.705067	
	0.647849	
	0.573300	
	0.473919	
	0.391267	
	0.360556	
	0.339145	
	0.375852	
	0.317131	
	0.319030	
	0.297135	
	0.647610	
	0.658811	
	0.636949	
	0.607766	
	0.600175	
	0.602801	
	0.602774	
	0.565770	
	0.591437	
	0.563799	
	0.525608	
	0.474733	
	0.459375	
	0.408888	
	0.497056	
	0.558320	
	0.670245	
	0.667075	
	0.627433	
	0.530514	
	0.459812	
	0.446852	
	0.598440	
	0.689014	
	0.655400	
	0.637521	
	0.527008	
	0.419930	
	0.461396	
	0.503708	
	0.698965	
	0.527082	
	0.436220	
	0.722603	
	0.528472	
	0.567003	
	0.625273	
	0.631396	
	0.373727	
	0.366066	
	0.385047	
	0.363763	
	0.430499	
	0.711916	
	0.667401	
	0.516430	
	0.442050	
	0.330866	
	0.369994	
	0.367086	
	0.703116	
	0.609510	
	0.540957	
	0.488148	
	0.450886	
	0.447403	
	0.411332	
	0.772295	
	0.614074	
	0.586477	
	0.641982	
	0.628527	
	0.594459	
	0.599592	
	0.837671	
	0.756406	
	0.673191	
	0.627347	
	0.639496	
	0.613758	
	0.561261	
	0.715883	
	0.633801	
	0.599876	
	0.612331	
	0.642884	
	0.684402	
	0.677995	
	0.670183	
	0.684431	
	0.739743	
	0.686775	
	0.678448	
	0.698949	
	0.719994	
	0.742878	
	0.795990	
	0.693044	
	0.710635	
	0.727065	
	0.694692	
	0.658884	
	0.635584	
	0.635669	
	0.649801	
	0.662494	
	0.646313	
	0.609801	
	0.627761	
	0.657664	
	0.666091	
	0.719102	
	0.711935	
	0.683101	
	0.634343	
	0.537786	
	0.517925	
	0.536749	
	0.556371	
	0.578463	
	0.497660	
	0.447383	
	0.453085	
	0.507543	
	0.678845	
	0.704773	
	0.686993	
	0.721332	
	0.688612	
	0.706175	
	0.686435	
	0.710544	
	0.707803	
	0.668168	
	0.622318	
	0.662202	
	0.685053	
	0.641560	
	0.640844	
	0.598377	
	0.627623	
	0.622783	
	0.546353	
	0.572989	
	0.517899	
	0.448157	
	0.430029	
	0.444041	
	0.380163	
	0.382991	
	0.468148	
	0.610281	
	0.699119	
	0.561292	
	0.603459	
	0.581737	
	0.563554	
	0.514947	
	0.365274	
	0.383576	
	0.466442	
	0.476950	
	0.482206	
	0.469034	
	0.490900	
	0.419773	
	0.628715	
	0.724164	
	0.705578	
	0.747592	
	0.771380	
	0.748988	
	0.770715	
	0.769944	
	0.746856	
	0.711301	
	0.722316	
	0.720505	
	0.684737	
	0.659095	
	0.729122	
	0.834477	
	0.838100	
	0.823526	
	0.843557	
	0.831695	
	0.837188	
	0.838169	
	0.797363	
	0.792346	
	0.742752	
	0.777350	
	0.782079	
	0.864137	
	0.930259	
	0.873241	
	0.787980	
	0.664503	
	0.655235	
	0.566185	
	0.442717	
	0.403459	
	0.582449	
	0.562014	
	0.537401	
	0.486659	
	0.445878	
	0.388957	
	0.594937	
	0.710062	
	0.682967	
	0.714827	
	0.723880	
	0.688739	
	0.686097	
	0.645777	
	0.626211	
	0.647182	
	0.648194	
	0.612082	
	0.542615	
	0.513871	
	0.553582	
	0.630415	
	0.699345	
	0.669669	
	0.637299	
	0.535788	
	0.477981	
	0.395515	
	0.438432	
	0.432801	
	0.400425	
	0.316283	
	0.261511	
	0.320536	
	0.356945	
	0.580470	
	0.618118	
	0.594553	
	0.599220	
	0.576358	
	0.582491	
	0.643446	
	0.705276	
	0.668241	
	0.609378	
	0.493326	
	0.504908	
	0.601821	
	0.662457	
	0.579976	
	0.570283	
	0.586938	
	0.526291	
	0.505470	
	0.512779	
	0.498054	
	0.537125	
	0.494157	
	0.427820	
	0.444429	
	0.391116	
	0.527540	
	0.624623	
	0.678405	
	0.542863	
	0.638797	
	0.614881	
	0.542338	
	0.483369	
	0.465502	
	0.414779	
	0.476178	
	0.433924	
	0.414476	
	0.387979	
	0.372597	
	0.416188	
	0.688458	
	0.671960	
	0.688157	
	0.721606	
	0.705965	
	0.745192	
	0.714895	
	0.697050	
	0.641341	
	0.649554	
	0.641963	
	0.664640	
	0.613586	
	0.622353	
	0.834878	
	0.819978	
	0.833211	
	0.828748	
	0.796858	
	0.791068	
	0.790353	
	0.768340	
	0.740484	
	0.750610	
	0.753872	
	0.741975	
	0.689829	
	0.701192	
	0.819941	
	0.778518	
	0.711648	
	0.714337	
	0.646275	
	0.712472	
	0.719117	
	0.701915	
	0.730090	
	0.765107	
	0.733022	
	0.717423	
	0.666868	
	0.610025	
	0.619169	
	0.508880	
	0.657169	
	0.719531	
	0.726640	
	0.708948	
	0.667628	
	0.704798	
	0.743209	
	0.757836	
	0.761450	
	0.741654	
	0.744937	
	0.704438	
	0.732726	
	0.545001	
	0.571678	
	0.679877	
	0.703483	
	0.676663	
	0.617746	
	0.540100	
	0.534945	
	0.505708	
	0.690212	
	0.793282	
	0.805523	
	0.832614	
	0.833740	
	0.863790	
	0.797104	
	0.738752	
	0.721806	
	0.731270	
	0.722582	
	0.690512	
	0.662341	
	0.608003	
	0.591991	
	0.565582	
	0.586305	
	0.637930	
	0.647493	
	0.620680	
	0.430039	
	0.593650	
	0.531482	
	0.380857	
	0.286072	
	0.255259	
	0.320360	
	0.433518	
	0.518096	
	0.465182	
	0.430603	
	0.385868	
	0.415812	
	0.524050	
	0.711238	
	0.806431	
	0.808031	
	0.753929	
	0.607505	
	0.641480	
	0.674058	
	0.655324	
	0.700936	
	0.701304	
	0.726801	
	0.651313	
	0.624795	
	0.634502	
	0.669077	
	0.709571	
	0.693146	
	0.640834	
	0.585111	
	0.518807	
	0.479613	
	0.460736	
	0.444680	
	0.392773	
	0.642596	
	0.720007	
	0.747029	
	0.720773	
	0.728824	
	0.579818	
	0.636883	
	0.600531	
	0.567144	
	0.570370	
	0.571751	
	0.586494	
	0.546538	
	0.580670	
	0.542751	
	0.553460	
	0.853023	
	0.884053	
	0.813861	
	0.803196	
	0.788511	
	0.616713	
	0.546797	
	0.531134	
	0.534233	
	0.610687	
	0.655235	
	0.632228	
	0.574526	
	0.508238	
	0.509456	
	0.481961	
	0.716842	
	0.712431	
	0.696498	
	0.627676	
	0.655425	
	0.649228	
	0.656025	
	0.614756	
	0.648589	
	0.581412	
	0.519724	
	0.519776	
	0.494196	
	0.550321	
	0.585768	
	0.659008	
	0.665133	
	0.687695	
	0.627627	
	0.504551	
	0.409834	
	0.390905	
	0.397025	
	0.352127	
	0.331481	
	0.305511	
	0.291430	
	0.308339	
	0.502053	
	0.697203	
	0.706842	
	0.715203	
	0.681379	
	0.672667	
	0.683780	
	0.663675	
	0.649666	
	0.656160	
	0.597738	
	0.514610	
	0.588071	
	0.560940	
	0.564634	
	0.648410	
	0.647615	
	0.612163	
	0.544629	
	0.464160	
	0.406492	
	0.343832	
	0.357928	
	0.590018	
	0.515383	
	0.446921	
	0.373005	
	0.363405	
	0.434798	
	0.577362	
	0.760009	
	0.750928	
	0.724207	
	0.721869	
	0.751564	
	0.712220	
	0.741473	
	0.741907	
	0.682691	
	0.685992	
	0.675000	
	0.652580	
	0.656560	
	0.702410	
	0.703695	
	0.743209	
	0.760853	
	0.704918	
	0.604057	
	0.596660	
	0.615130	
	0.620880	
	0.496233	
	0.469994	
	0.459011	
	0.403793	
	0.392062	
	0.636092	
	0.774144	
	0.807965	
	0.798823	
	0.800501	
	0.788686	
	0.783760	
	0.757545	
	0.765637	
	0.695309	
	0.699088	
	0.680971	
	0.658700	
	0.640682	
	0.722009	
	0.593962	
	0.543998	
	0.504875	
	0.574419	
	0.570805	
	0.562289	
	0.580035	
	0.589588	
	0.603206	
	0.684356	
	0.781692	
	0.791790	
	0.820746	
	0.807734	
	0.818436	
	0.832854	
	0.804296	
	0.659175	
	0.574627	
	0.567464	
	0.574948	
	0.553197	
	0.507791	
	0.482373	
	0.442732	
	0.441354	
	0.416687	
	0.405163	
	0.474941	
	0.382185	
	0.327678	
	0.345710	
	0.343401	
	0.309859	
	0.313119	
	0.311630	
	0.305614	
	0.293380	
	0.275460	
	0.239862	
	0.263646	
	0.289497	
	0.347955	
	0.324064	
	0.254279	
	0.292340	
	0.304546	
	0.281395	
	0.267610	
	0.250151	
	0.264863	
	0.230016	
	0.222714	
	0.256465	
	0.325117	
	0.542643	
	0.734741	
	0.685938	
	0.602373	
	0.578830	
	0.555431	
	0.484001	
	0.509916	
	0.677005	
	0.701406	
	0.597230	
	0.523690	
	0.512177	
	0.483999	
	0.400870	
	0.327860	
	0.367548	
	0.425983	
	0.458361	
	0.396139	
	0.388342	
	0.366378	
	0.745602	
	0.737346	
	0.620881	
	0.544860	
	0.517665	
	0.471097	
	0.386487	
	0.707868	
	0.650052	
	0.623722	
	0.569155	
	0.519362	
	0.526833	
	0.551747	
	0.508134	
	0.444316	
	0.458252	
	0.469150	
	0.431113	
	0.541603	
	0.572358	
	0.631590	
	0.774071	
	0.676173	
	0.627478	
	0.667053	
	0.661370	
	0.704179	
	0.681435	
	0.702386	
	0.662460	
	0.663444	
	0.646702	
	0.632224	
	0.573560	
	0.632971	
	0.594718	
	0.567168	
	0.626923	
	0.623558	
	0.636232	
	0.654275	
	0.638647	
	0.631254	
	0.647133	
	0.648623	
	0.594737	
	0.709989	
	0.776698	
	0.812658	
	0.816175	
	0.807906	
	0.562445	
	0.573282	
	0.560108	
	0.526841	
	0.543738	
	0.501008	
	0.524744	
	0.532008	
	0.551814	
	0.601339	
	0.713947	
	0.796717	
	0.824894	
	0.841329	
	0.809897	
	0.672862	
	0.549299	
	0.573773	
	0.517143	
	0.472621	
	0.488199	
	0.497380	
	0.452229	
	0.447558	
	0.447949	
	0.386147	
	0.374383	
	0.327050	
	0.296266	
	0.304074	
	0.309654	
	0.300562	
	0.284363	
	0.281060	
	0.285951	
	0.238542	
	0.226051	
	0.254743	
	0.284441	
	0.650531	
	0.707432	
	0.621081	
	0.573499	
	0.502507	
	0.491972	
	0.457659	
	0.505064	
	0.692897	
	0.653034	
	0.497696	
	0.428421	
	0.395045	
	0.377775	
	0.353746	
	0.300077	
	0.288539	
	0.316122	
	0.354529	
	0.347520	
	0.308530	
	0.624816	
	0.772815	
	0.616120	
	0.529196	
	0.516876	
	0.418946	
	0.519542	
	0.578417	
	0.765170	
	0.637978	
	0.630126	
	0.605753	
	0.598883	
	0.574488	
	0.495519	
	0.478483	
	0.443397	
	0.625499	
	0.816921	
	0.883093	
	0.864488	
	0.751579	
	0.714802	
	0.748459	
	0.528400	
	0.517187	
	0.499627	
	0.490603	
	0.432245	
	0.473729	
	0.498762	
	0.496806	
	0.581796	
	0.500385	
	0.501779	
	0.463913	
	0.448190	
	0.500782	
	0.500657	
	0.447812	
	0.409722	
	0.356251	
	0.332898	
	0.317087	
	0.341596	
	0.310326	
	0.314600	
	0.304516	
	0.282697	
	0.286167	
	0.276894	
	0.386175	
	0.425720	
	0.486737	
	0.314808	
	0.248744	
	0.242065	
	0.418059	
	0.454659	
	0.254310	
	0.231482	
	0.198441	
	0.193746	
	0.172539	
	0.214341	
	0.584287	
	0.659126	
	0.799481	
	0.789541	
	0.784463	
	0.756660	
	0.648578	
	0.473687	
	0.375989	
	0.281441	
	0.286941	
	0.267069	
	0.298317	
	0.313572	
	0.394772	
	0.576875	
	0.546093	
	0.460760	
	0.319426	
	0.308025	
	0.309036	
	0.299590	
	0.291978	
	0.271737	
	0.263221	
	0.225314	
	0.218134	
	0.216794	
	0.269271	
	0.523769	
	0.722194	
	0.630735	
	0.484633	
	0.317823	
	0.226804	
	0.156275	
	0.297581	
	0.177305	
	0.141730	
	0.131066	
	0.133158	
	0.116963	
	0.130744	
	0.477197	
	0.693051	
	0.494829	
	0.302981	
	0.182299	
	0.160916	
	0.159543	
	0.492982	
	0.320007	
	0.298001	
	0.282658	
	0.277253	
	0.337102	
	0.359532	
	0.546607	
	0.615794	
	0.688853	
	0.644298	
	0.625073	
	0.562017	
	0.527289	
	0.495709	
	0.457466	
	0.369598	
	0.369291	
	0.351564	
	0.320768	
	0.312137	
	0.569663	
	0.550456	
	0.452374	
	0.450494	
	0.429057	
	0.534651	
	0.550106	
	0.633484	
	0.632642	
	0.607568	
	0.539019	
	0.400517	
	0.407543	
	0.361761	
	0.452616	
	0.637543	
	0.699915	
	0.584583	
	0.540640	
	0.511232	
	0.473106	
	0.500731	
	0.526756	
	0.511475	
	0.478344	
	0.465261	
	0.483432	
	0.443005	
	0.428187	
	0.603206	
	0.591485	
	0.486342	
	0.353853	
	0.341488	
	0.317594	
	0.361137	
	0.566014	
	0.411052	
	0.373917	
	0.348675	
	0.417948	
	0.411988	
	0.396168	
	0.730129	
	0.773617	
	0.789524	
	0.768784	
	0.740251	
	0.661194	
	0.620761	
	0.604405	
	0.592404	
	0.590928	
	0.582697	
	0.584200	
	0.556540	
	0.556993	
	0.582222	
	0.624240	
	0.614113	
	0.539430	
	0.509942	
	0.510695	
	0.483267	
	0.499579	
	0.478938	
	0.520352	
	0.471263	
	0.472968	
	0.395402	
	0.411811	
	0.375796	
	0.608524	
	0.653096	
	0.553696	
	0.404304	
	0.332670	
	0.280163	
	0.325676	
	0.371158	
	0.248753	
	0.250115	
	0.258274	
	0.328338	
	0.317231	
	0.242696	
	0.617389	
	0.705374	
	0.604074	
	0.424152	
	0.304872	
	0.249088	
	0.270832	
	0.510294	
	0.388369	
	0.304715	
	0.254249	
	0.216822	
	0.203483	
	0.475790	
	0.559596	
	0.682055	
	0.758971	
	0.746906	
	0.706336	
	0.665202	
	0.631725	
	0.620362	
	0.652216	
	0.635584	
	0.605659	
	0.531068	
	0.487366	
	0.464514	
	0.567412	
	0.568425	
	0.465558	
	0.407901	
	0.376120	
	0.359545	
	0.371542	
	0.361442	
	0.437351	
	0.443091	
	0.357893	
	0.352519	
	0.478571	
	0.477017	
	0.535767	
	0.629537	
	0.686474	
	0.722401	
	0.683287	
	0.617232	
	0.609828	
	0.609957	
	0.579341	
	0.542843	
	0.436342	
	0.470479	
	0.425975	
	0.343165	
	0.373196	
	0.449965	
	0.656089	
	0.634633	
	0.554404	
	0.509328	
	0.488000	
	0.536163	
	0.622285	
	0.527971	
	0.482806	
	0.500558	
	0.474928	
	0.469306	
	0.458957	
	0.675739	
	0.737847	
	0.787814	
	0.790275	
	0.773241	
	0.705784	
	0.601502	
	0.509695	
	0.427816	
	0.403155	
	0.467025	
	0.456768	
	0.378087	
	0.421724	
	0.547842	
	0.583090	
	0.579071	
	0.518311	
	0.451674	
	0.461934	
	0.444875	
	0.462761	
	0.540651	
	0.477760	
	0.457140	
	0.457444	
	0.502289	
	0.812594	
	0.788883	
	0.755758	
	0.817325	
	0.813897	
	0.748164	
	0.548633	
	0.523586	
	0.479877	
	0.534452	
	0.490219	
	0.477759	
	0.402030	
	0.423948	
	0.430552	
	0.428090	
	0.622377	
	0.672019	
	0.567219	
	0.514350	
	0.429116	
	0.393838	
	0.444208	
	0.532250	
	0.434618	
	0.387393	
	0.387014	
	0.419786	
	0.421666	
	0.443058	
	0.643424	
	0.710220	
	0.727822	
	0.709326	
	0.706595	
	0.637496	
	0.590416	
	0.594623	
	0.609319	
	0.594328	
	0.571891	
	0.520407	
	0.585209	
	0.593836	
	0.654315	
	0.738715	
	0.562386	
	0.536859	
	0.471598	
	0.466914	
	0.406318	
	0.374154	
	0.344929	
	0.295464	
	0.295865	
	0.272748	
	0.291460	
	0.252440	
	0.290238	
	0.659649	
	0.708881	
	0.737905	
	0.666665	
	0.571261	
	0.426285	
	0.278083	
	0.234710	
	0.212276	
	0.186175	
	0.184659	
	0.202391	
	0.250586	
	0.326845	
	0.377401	
	0.395218	
	0.329012	
	0.285869	
	0.407406	
	0.260100	
	0.242565	
	0.244227	
	0.241635	
	0.190121	
	0.339598	
	0.249326	
	0.193124	
	0.251314	
	0.709259	
	0.744043	
	0.742887	
	0.714847	
	0.664978	
	0.599101	
	0.535619	
	0.522642	
	0.483922	
	0.359297	
	0.693269	
	0.912087	
	0.909993	
	0.906663	
	0.919622	
	0.890275	
	0.757977	
	0.647172	
	0.607961	
	0.585927	
	0.583630	
	0.569933	
	0.576703	
	0.585175	
	0.653264	
	0.678100	
	0.847187	
	0.895822	
	0.898788	
	0.857586	
	0.627486	
	0.616898	
	0.655243	
	0.696654	
	0.681891	
	0.690847	
	0.710216	
	0.739593	
	0.708329	
	0.703932	
	0.684012	
	0.655810	
	0.739005	
	0.715195	
	0.712068	
	0.688365	
	0.456451	
	0.475203	
	0.479505	
	0.466030	
	0.444888	
	0.453480	
	0.455919	
	0.410857	
	0.418839	
	0.441123	
	0.411635	
	0.412386	
	0.440315	
	0.471527	
	0.454990	
	0.457972	
	0.434854	
	0.444019	
	0.445638	
	0.437466	
	0.419044	
	0.438451	
	0.419408	
	0.419068	
	0.409159	
	0.416524	
	0.430878	
	0.474185	
	0.532770	
	0.489426	
	0.491631	
	0.455502	
	0.471153	
	0.478758	
	0.561459	
	0.537368	
	0.554223	
	0.492840	
	0.481819	
	0.534383	
	0.559682	
	0.649000	
	0.528618	
	0.474562	
	0.363806	
	0.223452	
	0.434395	
	0.571686	
	0.618602	
	0.530699	
	0.458743	
	0.373183	
	0.323733	
	0.416240	
	0.518523	
	0.572935	
	0.576070	
	0.557535	
	0.478576	
	0.469717	
	0.549803	
	0.582206	
	0.595377	
	0.575742	
	0.549961	
	0.591147	
	0.549870	
	0.545076	
	0.602234	
	0.442763	
	0.401223	
	0.385309	
	0.338190	
	0.287472	
	0.269368	
	0.281109	
	0.280442	
	0.307295	
	0.326947	
	0.314230	
	0.300520	
	0.321160	
	0.628053	
	0.415001	
	0.299094	
	0.260065	
	0.277201	
	0.274916	
	0.262782	
	0.237934	
	0.247177	
	0.282995	
	0.266946	
	0.249128	
	0.258222	
	0.285225	
	0.556610	
	0.479144	
	0.294917	
	0.250303	
	0.223402	
	0.239812	
	0.568560	
	0.561748	
	0.352849	
	0.275382	
	0.290391	
	0.316488	
	0.327487	
	0.536289	
	0.685020	
	0.368808	
	0.359456	
	0.310017	
	0.301050	
	0.277793	
	0.265509	
	0.282921	
	0.340198	
	0.343991	
	0.291681	
	0.342408	
	0.396627	
	0.310678	
	0.627845	
	0.474654	
	0.390947	
	0.359453	
	0.343699	
	0.267099	
	0.253737	
	0.249953	
	0.265989	
	0.361749	
	0.305790	
	0.324350	
	0.378129	
	0.311612	
	0.700655	
	0.497687	
	0.356893	
	0.307826	
	0.254805	
	0.237504	
	0.220425	
	0.182548	
	0.195188	
	0.213574	
	0.243156	
	0.263807	
	0.287685	
	0.280468	
	0.332680	
	0.702738	
	0.731362	
	0.670698	
	0.546804	
	0.480196	
	0.336862	
	0.293743	
	0.532254	
	0.409790	
	0.359617	
	0.294685	
	0.203985	
	0.128609	
	0.141332	
	0.267492	
	0.853164	
	0.903868	
	0.901411	
	0.887532	
	0.897664	
	0.865341	
	0.849866	
	0.855449	
	0.845865	
	0.807046	
	0.836668	
	0.824238	
	0.821249	
	0.657966	
	0.746331	
	0.815799	
	0.815117	
	0.816335	
	0.742684	
	0.667879	
	0.653814	
	0.609104	
	0.613821	
	0.524388	
	0.505083	
	0.543334	
	0.483038	
	0.552687	
	0.686271	
	0.710250	
	0.669104	
	0.589397	
	0.459584	
	0.417355	
	0.403573	
	0.574829	
	0.451429	
	0.433808	
	0.401559	
	0.322233	
	0.355470	
	0.341952	
	0.528139	
	0.828343	
	0.871703	
	0.834188	
	0.839188	
	0.905016	
	0.895432	
	0.822168	
	0.918151	
	0.910300	
	0.833665	
	0.931235	
	0.940390	
	0.893005	
	0.873259	
	0.936853	
	0.894286	
	0.813016	
	0.750463	
	0.696674	
	0.700572	
	0.768863	
	0.949612	
	0.958631	
	0.943196	
	0.875872	
	0.831911	
	0.780570	
	0.631211	
	0.697219	
	0.792514	
	0.806492	
	0.825011	
	0.827160	
	0.712677	
	0.830241	
	0.939685	
	0.946032	
	0.932333	
	0.891207	
	0.821231	
	0.796219	
	0.878142	
	0.769271	
	0.687027	
	0.640618	
	0.636010	
	0.672152	
	0.611073	
	0.673883	
	0.656916	
	0.617683	
	0.546718	
	0.524432	
	0.534486	
	0.598566	
	0.479403	
	0.650601	
	0.712444	
	0.683976	
	0.532102	
	0.452774	
	0.415535	
	0.435768	
	0.587335	
	0.444380	
	0.410812	
	0.293712	
	0.279007	
	0.220141	
	0.347564	
	0.691721	
	0.859121	
	0.842654	
	0.876564	
	0.870479	
	0.873579	
	0.874734	
	0.862435	
	0.860766	
	0.891393	
	0.875622	
	0.862549	
	0.841968	
	0.713249	
	0.702754	
	0.802391	
	0.821748	
	0.825864	
	0.829689	
	0.810647	
	0.736441	
	0.691337	
	0.701153	
	0.665602	
	0.673360	
	0.651068	
	0.679965	
	0.673960	
	0.693168	
	0.706919	
	0.650643	
	0.557571	
	0.493310	
	0.402444	
	0.434975	
	0.605521	
	0.470793	
	0.503910	
	0.488146	
	0.470699	
	0.484769	
	0.590010	
	0.776706	
	0.851252	
	0.826443	
	0.834265	
	0.926689	
	0.854040	
	0.736441	
	0.899855	
	0.901688	
	0.843705	
	0.947018	
	0.948712	
	0.898855	
	0.802959	
	0.905575	
	0.903055	
	0.841479	
	0.721380	
	0.669855	
	0.709267	
	0.724234	
	0.903291	
	0.936808	
	0.914018	
	0.821559	
	0.768937	
	0.788243	
	0.743032	
	0.628249	
	0.771022	
	0.808034	
	0.840523	
	0.842754	
	0.755223	
	0.657521	
	0.902034	
	0.933690	
	0.949748	
	0.942702	
	0.923541	
	0.915647	
	0.855148	
	0.875377	
	0.751748	
	0.702327	
	0.672556	
	0.698298	
	0.721577	
	0.735354	
	0.768471	
	0.752553	
	0.726198	
	0.694245	
	0.682164	
	0.724871	
	0.648249	
	0.723859	
	0.706165	
	0.716664	
	0.780727	
	0.784282	
	0.792870	
	0.788505	
	0.799866	
	0.799370	
	0.785549	
	0.760378	
	0.768028	
	0.788593	
	0.778264	
	0.798903	
	0.804160	
	0.780901	
	0.779325	
	0.755023	
	0.732055	
	0.743095	
	0.757068	
	0.775683	
	0.757416	
	0.714150	
	0.674898	
	0.679202	
	0.684863	
	0.678080	
	0.669470	
	0.648298	
	0.620597	
	0.564583	
	0.553717	
	0.544165	
	0.619030	
	0.654181	
	0.651222	
	0.573662	
	0.502859	
	0.489998	
	0.544950	
	0.615217	
	0.648509	
	0.611574	
	0.552341	
	0.498660	
	0.529773	
	0.595887	
	0.645136	
	0.638240	
	0.579538	
	0.496946	
	0.541417	
	0.511024	
	0.531181	
	0.621167	
	0.676242	
	0.553668	
	0.562786	
	0.643927	
	0.688340	
	0.720868	
	0.760291	
	0.737561	
	0.761741	
	0.745164	
	0.754471	
	0.757585	
	0.742351	
	0.730103	
	0.727837	
	0.708634	
	0.651010	
	0.654035	
	0.655786	
	0.666501	
	0.684902	
	0.686748	
	0.664757	
	0.638106	
	0.593032	
	0.612805	
	0.600856	
	0.626275	
	0.669552	
	0.645952	
	0.587571	
	0.574126	
	0.546208	
	0.527822	
	0.572937	
	0.593108	
	0.564333	
	0.498562	
	0.477482	
	0.497347	
	0.505864	
	0.507862	
	0.545646	
	0.550666	
	0.491942	
	0.443878	
	0.447513	
	0.469899	
	0.481101	
	0.520573	
	0.454262	
	0.385666	
	0.413769	
	0.387981	
	0.394263	
	0.390571	
	0.534949	
	0.750718	
	0.762753	
	0.806101	
	0.769697	
	0.734564	
	0.667361	
	0.566984	
	0.492092	
	0.414737	
	0.362677	
	0.335268	
	0.359497	
	0.417624	
	0.487829	
	0.496430	
	0.539307	
	0.518240	
	0.502732	
	0.535575	
	0.497358	
	0.556441	
	0.537259	
	0.568479	
	0.514122	
	0.485568	
	0.534307	
	0.562062	
	0.368940	
	0.617927	
	0.760410	
	0.808121	
	0.798883	
	0.770944	
	0.679814	
	0.638676	
	0.558367	
	0.501956	
	0.440908	
	0.449220	
	0.560629	
	0.628559	
	0.666085	
	0.679859	
	0.747944	
	0.856265	
	0.882395	
	0.880412	
	0.879825	
	0.881846	
	0.857152	
	0.853197	
	0.844414	
	0.818782	
	0.790728	
	0.797302	
	0.779855	
	0.807056	
	0.787155	
	0.780071	
	0.783887	
	0.810265	
	0.763042	
	0.804197	
	0.801167	
	0.806753	
	0.821139	
	0.846145	
	0.830361	
	0.816365	
	0.801952	
	0.788862	
	0.796286	
	0.807379	
	0.808460	
	0.828776	
	0.807269	
	0.832089	
	0.790827	
	0.788646	
	0.804044	
	0.799128	
	0.797186	
	0.815043	
	0.793194	
	0.790229	
	0.779732	
	0.806546	
	0.814194	
	0.852303	
	0.829821	
	0.845623	
	0.824914	
	0.817324	
	0.819440	
	0.846652	
	0.853056	
	0.862970	
	0.883818	
	0.855250	
	0.843617	
	0.884749	
	0.889483	
	0.854621	
	0.846319	
	0.845784	
	0.859848	
	0.861363	
	0.862757	
	0.841718	
	0.823628	
	0.831135	
	0.805256	
	0.823483	
	0.831130	
	0.780578	
	0.714504	
	0.684077	
	0.699894	
	0.736797	
	0.770010	
	0.755676	
	0.707577	
	0.755538	
	0.733095	
	0.754736	
	0.784999	
	0.794613	
	0.793682	
	0.713410	
	0.719506	
	0.744517	
	0.743982	
	0.716655	
	0.705634	
	0.757571	
	0.796302	
	0.806849	
	0.813080	
	0.813478	
	0.823453	
	0.802325	
	0.805604	
	0.742539	
	0.695674	
	0.708226	
	0.671572	
	0.671757	
	0.624122	
	0.646591	
	0.666730	
	0.660540	
	0.644050	
	0.648190	
	0.656121	
	0.673201	
	0.732950	
	0.758201	
	0.687647	
	0.663497	
	0.654041	
	0.683621	
	0.676614	
	0.658209	
	0.655439	
	0.719303	
	0.775868	
	0.814502	
	0.777908	
	0.796642	
	0.824588	
	0.839965	
	0.751383	
	0.734804	
	0.695286	
	0.730329	
	0.763088	
	0.746448	
	0.774424	
	0.806209	
	0.760244	
	0.718794	
	0.717468	
	0.737614	
	0.752006	
	0.822971	
	0.812985	
	0.692456	
	0.687169	
	0.657764	
	0.705548	
	0.735094	
	0.731607	
	0.712257	
	0.800806	
	0.814994	
	0.826906	
	0.831502	
	0.799106	
	0.741775	
	0.725911	
	0.683110	
	0.629038	
	0.628042	
	0.606114	
	0.570823	
	0.604610	
	0.651326	
	0.644801	
	0.681951	
	0.664932	
	0.622860	
	0.684281	
	0.728098	
	0.703535	
	0.743846	
	0.649007	
	0.631677	
	0.625268	
	0.625644	
	0.631749	
	0.627220	
	0.576417	
	0.639532	
	0.745791	
	0.712413	
	0.680993	
	0.476596	
	0.588236	
	0.710210	
	0.636564	
	0.634357	
	0.567177	
	0.554184	
	0.556261	
	0.570317	
	0.579386	
	0.573145	
	0.554062	
	0.534307	
	0.517908	
	0.466672	
	0.476797	
	0.427945	
	0.463486	
	0.619112	
	0.549301	
	0.451365	
	0.385436	
	0.426927	
	0.509367	
	0.534557	
	0.383082	
	0.378070	
	0.369398	
	0.367880	
	0.316447	
	0.405404	
	0.674129	
	0.738705	
	0.775641	
	0.729742	
	0.674061	
	0.539276	
	0.445169	
	0.436371	
	0.387657	
	0.442305	
	0.629155	
	0.786899	
	0.850296	
	0.889340	
	0.605926	
	0.582641	
	0.509459	
	0.457027	
	0.402634	
	0.364024	
	0.355963	
	0.352892	
	0.379321	
	0.480752	
	0.416617	
	0.368172	
	0.667708	
	0.768251	
	0.777723	
	0.761467	
	0.609064	
	0.485951	
	0.430481	
	0.393169	
	0.358746	
	0.320239	
	0.430332	
	0.330926	
	0.291845	
	0.288156	
	0.332806	
	0.432288	
	0.725687	
	0.726850	
	0.643985	
	0.625218	
	0.556923	
	0.476524	
	0.496409	
	0.622612	
	0.509239	
	0.440164	
	0.396906	
	0.359705	
	0.321941	
	0.289104	
	0.662858	
	0.576992	
	0.642134	
	0.637760	
	0.598552	
	0.501508	
	0.467335	
	0.431328	
	0.456748	
	0.513121	
	0.458042	
	0.463952	
	0.686146	
	0.772388	
	0.806871	
	0.656545	
	0.505865	
	0.535393	
	0.561514	
	0.462743	
	0.439410	
	0.429231	
	0.451970	
	0.392802	
	0.352067	
	0.317637	
	0.302295	
	0.315755	
	0.499937	
	0.588469	
	0.591410	
	0.498042	
	0.414055	
	0.362000	
	0.357466	
	0.396874	
	0.386712	
	0.415647	
	0.372676	
	0.360062	
	0.407125	
	0.391473	
	0.389686	
	0.461215	
	0.472764	
	0.338274	
	0.281051	
	0.240645	
	0.228897	
	0.209122	
	0.274625	
	0.395992	
	0.231984	
	0.207661	
	0.234825	
	0.244392	
	0.276403	
	0.661252	
	0.742758	
	0.767941	
	0.732462	
	0.639385	
	0.519706	
	0.442151	
	0.368865	
	0.307573	
	0.269253	
	0.232632	
	0.224089	
	0.255012	
	0.244603	
	0.552662	
	0.544816	
	0.426395	
	0.252367	
	0.217212	
	0.198331	
	0.194599	
	0.233009	
	0.281516	
	0.284092	
	0.284841	
	0.267085	
	0.251626	
	0.246624	
	0.396402	
	0.706291	
	0.695007	
	0.568761	
	0.387881	
	0.322792	
	0.302573	
	0.328678	
	0.404295	
	0.261175	
	0.239992	
	0.219584	
	0.234390	
	0.246344	
	0.474290	
	0.694131	
	0.608562	
	0.443866	
	0.343972	
	0.362599	
	0.305954	
	0.606821	
	0.411782	
	0.349441	
	0.285386	
	0.210669	
	0.228085	
	0.244332	
	0.668201	
	0.744814	
	0.785755	
	0.774151	
	0.784215	
	0.725591	
	0.670177	
	0.662156	
	0.674824	
	0.629625	
	0.612346	
	0.603307	
	0.578440	
	0.569868	
	0.672799	
	0.729641	
	0.558679	
	0.532522	
	0.578656	
	0.584165	
	0.551861	
	0.570104	
	0.565242	
	0.509209	
	0.471419	
	0.454296	
	0.478332	
	0.478035	
	0.493884	
	0.713531	
	0.698295	
	0.585607	
	0.520523	
	0.472924	
	0.421145	
	0.410853	
	0.405109	
	0.403228	
	0.421254	
	0.429627	
	0.415689	
	0.430432	
	0.407854	
	0.417795	
	0.569574	
	0.496417	
	0.440407	
	0.426930	
	0.438541	
	0.387227	
	0.300085	
	0.409908	
	0.330121	
	0.306336	
	0.298687	
	0.306024	
	0.330675	
	0.671226	
	0.744359	
	0.746128	
	0.733194	
	0.714972	
	0.603132	
	0.515956	
	0.438100	
	0.499791	
	0.416958	
	0.437315	
	0.364467	
	0.391974	
	0.752536	
	0.703217	
	0.578713	
	0.524945	
	0.456813	
	0.398189	
	0.409943	
	0.366855	
	0.386264	
	0.428123	
	0.332929	
	0.302665	
	0.262917	
	0.270499	
	0.268718	
	0.517843	
	0.645795	
	0.656961	
	0.626741	
	0.530980	
	0.447914	
	0.414323	
	0.435256	
	0.470116	
	0.288852	
	0.288052	
	0.253023	
	0.300403	
	0.295882	
	0.647461	
	0.631186	
	0.588418	
	0.463479	
	0.465266	
	0.435751	
	0.462660	
	0.599688	
	0.452761	
	0.395176	
	0.408973	
	0.479555	
	0.767711	
	0.816568	
	0.787935	
	0.695891	
	0.746624	
	0.765162	
	0.718226	
	0.671836	
	0.631899	
	0.630293	
	0.603392	
	0.554137	
	0.549106	
	0.469807	
	0.460715	
	0.419595	
	0.534823	
	0.546853	
	0.515260	
	0.516476	
	0.449747	
	0.475087	
	0.498023	
	0.509884	
	0.459321	
	0.432149	
	0.399772	
	0.362466	
	0.394082	
	0.575281	
	0.701351	
	0.663855	
	0.634738	
	0.531185	
	0.481851	
	0.313386	
	0.287609	
	0.306988	
	0.299512	
	0.300374	
	0.274708	
	0.275834	
	0.252023	
	0.250758	
	0.270600	
	0.439780	
	0.539316	
	0.351335	
	0.249228	
	0.206474	
	0.196239	
	0.206342	
	0.385879	
	0.343509	
	0.198159	
	0.200209	
	0.177766	
	0.170306	
	0.183366	
	0.667676	
	0.741038	
	0.775552	
	0.754527	
	0.726774	
	0.593353	
	0.479361	
	0.336012	
	0.325946	
	0.278759	
	0.279248	
	0.257907	
	0.248279	
	0.255590	
	0.491459	
	0.593021	
	0.542899	
	0.369682	
	0.226480	
	0.178077	
	0.166036	
	0.227565	
	0.232260	
	0.208906	
	0.199149	
	0.173116	
	0.160746	
	0.203548	
	0.253930	
	0.587897	
	0.718209	
	0.680873	
	0.646519	
	0.515693	
	0.325221	
	0.233176	
	0.473628	
	0.254596	
	0.250394	
	0.225238	
	0.231247	
	0.217876	
	0.304465	
	0.517462	
	0.706772	
	0.670641	
	0.581538	
	0.466190	
	0.413214	
	0.440049	
	0.623380	
	0.376209	
	0.328265	
	0.279489	
	0.232386	
	0.245336	
	0.460311	
	0.617396	
	0.732112	
	0.753735	
	0.787355	
	0.786110	
	0.743952	
	0.715659	
	0.685768	
	0.675605	
	0.650646	
	0.620348	
	0.591019	
	0.537509	
	0.548904	
	0.600897	
	0.781246	
	0.546050	
	0.540450	
	0.528729	
	0.542489	
	0.484840	
	0.521538	
	0.535718	
	0.512629	
	0.483685	
	0.461311	
	0.420350	
	0.402338	
	0.466765	
	0.528307	
	0.628583	
	0.620481	
	0.566958	
	0.519369	
	0.459727	
	0.405290	
	0.426150	
	0.405021	
	0.458435	
	0.386583	
	0.291211	
	0.259859	
	0.229467	
	0.309219	
	0.637943	
	0.579455	
	0.383282	
	0.237200	
	0.201840	
	0.201512	
	0.327984	
	0.438568	
	0.406152	
	0.423464	
	0.293873	
	0.255301	
	0.217513	
	0.551849	
	0.716484	
	0.745184	
	0.757379	
	0.714391	
	0.629698	
	0.524826	
	0.389051	
	0.288002	
	0.247350	
	0.208045	
	0.239444	
	0.218919	
	0.239738	
	0.480429	
	0.652843	
	0.499808	
	0.327049	
	0.187010	
	0.151270	
	0.119288	
	0.107146	
	0.119404	
	0.101075	
	0.100868	
	0.109587	
	0.165486	
	0.148835	
	0.272039	
	0.711744	
	0.677432	
	0.537104	
	0.360189	
	0.213292	
	0.172312	
	0.162616	
	0.496286	
	0.197502	
	0.161308	
	0.173419	
	0.153646	
	0.168642	
	0.261710	
	0.660383	
	0.729096	
	0.536434	
	0.296716	
	0.280013	
	0.244460	
	0.406000	
	0.412833	
	0.270767	
	0.218142	
	0.225732	
	0.267675	
	0.280849	
	0.348192	
	0.671800	
	0.633939	
	0.717509	
	0.689445	
	0.651532	
	0.607739	
	0.562099	
	0.524151	
	0.519776	
	0.529592	
	0.538393	
	0.521622	
	0.544867	
	0.632860	
	0.753763	
	0.547381	
	0.589419	
	0.600995	
	0.600360	
	0.565456	
	0.575442	
	0.565006	
	0.807501	
	0.865243	
	0.853588	
	0.855250	
	0.866662	
	0.862735	
	0.759224	
	0.666740	
	0.610672	
	0.582881	
	0.488065	
	0.434545	
	0.405133	
	0.369942	
	0.332549	
	0.352018	
	0.551496	
	0.770596	
	0.763164	
	0.775119	
	0.648708	
	0.588300	
	0.557344	
	0.446270	
	0.422846	
	0.347125	
	0.372095	
	0.444414	
	0.386924	
	0.340455	
	0.331196	
	0.299758	
	0.297655	
	0.473425	
	0.606772	
	0.665654	
	0.712121	
	0.742075	
	0.711994	
	0.680580	
	0.624425	
	0.426876	
	0.280622	
	0.256659	
	0.287756	
	0.400467	
	0.357438	
	0.336198	
	0.558058	
	0.587428	
	0.554020	
	0.477294	
	0.397794	
	0.378707	
	0.339877	
	0.322657	
	0.317549	
	0.334496	
	0.353833	
	0.361076	
	0.311843	
	0.323993	
	0.479018	
	0.668383	
	0.655658	
	0.585263	
	0.443972	
	0.345856	
	0.278058	
	0.256560	
	0.466581	
	0.275203	
	0.239234	
	0.248001	
	0.236979	
	0.254369	
	0.238353	
	0.505426	
	0.575139	
	0.474563	
	0.321173	
	0.339576	
	0.309985	
	0.335229	
	0.525637	
	0.344240	
	0.315638	
	0.281460	
	0.270057	
	0.283740	
	0.313576	
	0.588130	
	0.664571	
	0.740983	
	0.744290	
	0.723621	
	0.695542	
	0.627702	
	0.624548	
	0.609248	
	0.587474	
	0.574531	
	0.601368	
	0.567482	
	0.533166	
	0.565422	
	0.761863	
	0.662396	
	0.677877	
	0.631021	
	0.650265	
	0.673274	
	0.650260	
	0.638858	
	0.655370	
	0.602580	
	0.709103	
	0.821384	
	0.892364	
	0.892143	
	0.851676	
	0.677125	
	0.675301	
	0.622464	
	0.535868	
	0.483802	
	0.444428	
	0.430879	
	0.427237	
	0.399250	
	0.390593	
	0.377920	
	0.398535	
	0.401412	
	0.453558	
	0.614577	
	0.641789	
	0.525699	
	0.471382	
	0.411116	
	0.421540	
	0.442826	
	0.558653	
	0.412021	
	0.463978	
	0.440174	
	0.417333	
	0.412238	
	0.481360	
	0.677274	
	0.749944	
	0.733123	
	0.744035	
	0.695572	
	0.613915	
	0.524700	
	0.472934	
	0.505187	
	0.446171	
	0.462666	
	0.375195	
	0.396681	
	0.394875	
	0.503490	
	0.555750	
	0.529188	
	0.452400	
	0.415890	
	0.413360	
	0.393257	
	0.388738	
	0.414823	
	0.364696	
	0.329761	
	0.484474	
	0.754388	
	0.766697	
	0.598835	
	0.665288	
	0.705947	
	0.701035	
	0.645138	
	0.552458	
	0.387163	
	0.294559	
	0.312211	
	0.307482	
	0.320803	
	0.358555	
	0.346637	
	0.344069	
	0.334529	
	0.329228	
	0.286663	
	0.269870	
	0.277224	
	0.258718	
	0.255394	
	0.272144	
	0.380311	
	0.335758	
	0.544858	
	0.726481	
	0.886892	
	0.861508	
	0.730105	
	0.485469	
	0.472050	
	0.511263	
	0.497689	
	0.504647	
	0.494147	
	0.526121	
	0.566224	
	0.567857	
	0.548906	
	0.544440	
	0.589631	
	0.594525	
	0.578109	
	0.559935	
	0.572165	
	0.536767	
	0.568233	
	0.564202	
	0.492525	
	0.513133	
	0.505760	
	0.521919	
	0.532759	
	0.478066	
	0.451707	
	0.483051	
	0.727033	
	0.671262	
	0.507701	
	0.469377	
	0.501312	
	0.471400	
	0.428014	
	0.448453	
	0.463135	
	0.438218	
	0.410282	
	0.428097	
	0.384436	
	0.379425	
	0.627795	
	0.540961	
	0.368586	
	0.318914	
	0.277962	
	0.266381	
	0.273405	
	0.358040	
	0.316146	
	0.251993	
	0.229665	
	0.226749	
	0.243665	
	0.293342	
	0.633897	
	0.698392	
	0.725008	
	0.678773	
	0.628253	
	0.498171	
	0.412635	
	0.357615	
	0.354434	
	0.354133	
	0.384814	
	0.318547	
	0.292249	
	0.311023	
	0.674278	
	0.601392	
	0.592871	
	0.528313	
	0.487006	
	0.437167	
	0.478319	
	0.490630	
	0.506200	
	0.507901	
	0.482858	
	0.444747	
	0.436033	
	0.444504	
	0.457449	
	0.648742	
	0.475213	
	0.435347	
	0.469941	
	0.452774	
	0.432748	
	0.494904	
	0.630532	
	0.653508	
	0.446632	
	0.415909	
	0.430835	
	0.388851	
	0.464184	
	0.730407	
	0.650791	
	0.463353	
	0.329153	
	0.323204	
	0.350510	
	0.732842	
	0.550852	
	0.525139	
	0.442895	
	0.335190	
	0.299991	
	0.319673	
	0.712938	
	0.640659	
	0.489578	
	0.444284	
	0.378476	
	0.290618	
	0.323064	
	0.745387	
	0.639008	
	0.579577	
	0.527724	
	0.466356	
	0.425462	
	0.449379	
	0.694524	
	0.555930	
	0.556736	
	0.581500	
	0.617913	
	0.660697	
	0.724042	
	0.818974	
	0.738245	
	0.611706	
	0.642037	
	0.637838	
	0.611297	
	0.673587	
	0.665367	
	0.612309	
	0.578042	
	0.686266	
	0.727433	
	0.677827	
	0.659060	
	0.640267	
	0.698614	
	0.682337	
	0.694923	
	0.696123	
	0.727508	
	0.745457	
	0.622324	
	0.662512	
	0.697451	
	0.656623	
	0.613348	
	0.599279	
	0.563741	
	0.550154	
	0.572438	
	0.682170	
	0.644017	
	0.654959	
	0.605626	
	0.657184	
	0.592481	
	0.626852	
	0.684146	
	0.684963	
	0.652362	
	0.548549	
	0.489803	
	0.516943	
	0.596990	
	0.557659	
	0.496138	
	0.399812	
	0.371190	
	0.395448	
	0.565815	
	0.703385	
	0.671141	
	0.627547	
	0.675231	
	0.668550	
	0.652180	
	0.675345	
	0.668540	
	0.634314	
	0.614906	
	0.620155	
	0.658766	
	0.672199	
	0.626684	
	0.594804	
	0.675427	
	0.656295	
	0.634042	
	0.565592	
	0.581723	
	0.571043	
	0.455105	
	0.418845	
	0.399068	
	0.349258	
	0.397635	
	0.402136	
	0.367193	
	0.558736	
	0.567188	
	0.642333	
	0.551055	
	0.487086	
	0.483014	
	0.443938	
	0.452315	
	0.517281	
	0.499202	
	0.458075	
	0.431846	
	0.432743	
	0.436339	
	0.553106	
	0.728089	
	0.745459	
	0.745744	
	0.766281	
	0.764409	
	0.735493	
	0.717616	
	0.704509	
	0.702553	
	0.715729	
	0.712958	
	0.687975	
	0.642224	
	0.648789	
	0.794908	
	0.795190	
	0.818388	
	0.807351	
	0.804982	
	0.797463	
	0.804620	
	0.778979	
	0.764578	
	0.728150	
	0.682761	
	0.714838	
	0.872047	
	0.950110	
	0.935330	
	0.842340	
	0.734479	
	0.697398	
	0.526776	
	0.428276	
	0.357261	
	0.368376	
	0.395585	
	0.613303	
	0.555080	
	0.488112	
	0.416930	
	0.378348	
	0.390678	
	0.696377	
	0.742543	
	0.731503	
	0.680894	
	0.671420	
	0.673626	
	0.645012	
	0.628635	
	0.647014	
	0.627195	
	0.580223	
	0.546307	
	0.531607	
	0.539708	
	0.620394	
	0.668897	
	0.614328	
	0.622663	
	0.549539	
	0.458374	
	0.396655	
	0.481158	
	0.449873	
	0.424548	
	0.293475	
	0.273745	
	0.299971	
	0.350095	
	0.559193	
	0.636410	
	0.632041	
	0.619276	
	0.616912	
	0.589853	
	0.634258	
	0.651993	
	0.625425	
	0.601061	
	0.510911	
	0.436248	
	0.576030	
	0.657835	
	0.640274	
	0.516355	
	0.561224	
	0.603065	
	0.515659	
	0.457336	
	0.452802	
	0.421558	
	0.390856	
	0.400817	
	0.360377	
	0.350233	
	0.395757	
	0.553246	
	0.764873	
	0.583796	
	0.623978	
	0.587895	
	0.528085	
	0.503495	
	0.432956	
	0.425788	
	0.435881	
	0.458476	
	0.445272	
	0.387713	
	0.390337	
	0.575673	
	0.740301	
	0.728436	
	0.774829	
	0.767870	
	0.803268	
	0.785184	
	0.713026	
	0.722203	
	0.707386	
	0.704154	
	0.693387	
	0.654240	
	0.651424	
	0.672267	
	0.784107	
	0.846242	
	0.865453	
	0.854474	
	0.834560	
	0.831748	
	0.809555	
	0.801041	
	0.794850	
	0.811171	
	0.789597	
	0.799108	
	0.755467	
	0.735518	
	0.696905	
	0.650829	
	0.697596	
	0.721276	
	0.713495	
	0.744226	
	0.744311	
	0.708193	
	0.734777	
	0.792375	
	0.777666	
	0.752827	
	0.692754	
	0.589147	
	0.608959	
	0.444596	
	0.641452	
	0.658553	
	0.615003	
	0.626805	
	0.670126	
	0.659693	
	0.632825	
	0.662895	
	0.689248	
	0.688911	
	0.686759	
	0.654359	
	0.692939	
	0.527158	
	0.622931	
	0.687026	
	0.675829	
	0.584360	
	0.506803	
	0.497892	
	0.519079	
	0.518462	
	0.716897	
	0.782295	
	0.820676	
	0.814827	
	0.861282	
	0.824795	
	0.791727	
	0.727545	
	0.704633	
	0.721612	
	0.659494	
	0.618064	
	0.600620	
	0.580623	
	0.574911	
	0.556622	
	0.646438	
	0.650767	
	0.633797	
	0.479007	
	0.591217	
	0.569704	
	0.406481	
	0.305594	
	0.237419	
	0.314785	
	0.454930	
	0.553023	
	0.499078	
	0.446859	
	0.414690	
	0.392136	
	0.510267	
	0.796685	
	0.798152	
	0.824364	
	0.736813	
	0.616588	
	0.716085	
	0.735001	
	0.695898	
	0.759854	
	0.731315	
	0.664919	
	0.654565	
	0.681927	
	0.719950	
	0.686737	
	0.684814	
	0.707023	
	0.651422	
	0.583470	
	0.501237	
	0.465277	
	0.503836	
	0.491374	
	0.371583	
	0.602832	
	0.701351	
	0.721489	
	0.674533	
	0.772670	
	0.667591	
	0.626181	
	0.654235	
	0.660007	
	0.621673	
	0.637092	
	0.648919	
	0.717349	
	0.677953	
	0.637298	
	0.581750	
	0.647186	
	0.871735	
	0.846521	
	0.806583	
	0.846214	
	0.714242	
	0.554106	
	0.533667	
	0.503586	
	0.502177	
	0.600678	
	0.566309	
	0.517045	
	0.513577	
	0.485525	
	0.410974	
	0.561159	
	0.684580	
	0.672363	
	0.652264	
	0.622476	
	0.645326	
	0.607049	
	0.598884	
	0.657004	
	0.634331	
	0.587174	
	0.533973	
	0.515889	
	0.526586	
	0.551539	
	0.608929	
	0.660196	
	0.699828	
	0.649682	
	0.584771	
	0.462103	
	0.396925	
	0.413148	
	0.411428	
	0.381780	
	0.382614	
	0.367750	
	0.348565	
	0.363067	
	0.649380	
	0.665962	
	0.667060	
	0.698206	
	0.649272	
	0.653343	
	0.638473	
	0.638399	
	0.640073	
	0.612045	
	0.604221	
	0.533362	
	0.489148	
	0.540285	
	0.529785	
	0.583132	
	0.649874	
	0.598350	
	0.486185	
	0.432737	
	0.395166	
	0.363459	
	0.558631	
	0.542107	
	0.446081	
	0.363704	
	0.316103	
	0.307457	
	0.511292	
	0.752684	
	0.733751	
	0.707474	
	0.699951	
	0.647187	
	0.695285	
	0.707656	
	0.715340	
	0.689242	
	0.647037	
	0.581499	
	0.585632	
	0.607128	
	0.683592	
	0.725897	
	0.720502	
	0.731190	
	0.746602	
	0.692299	
	0.613852	
	0.568644	
	0.669384	
	0.621273	
	0.479768	
	0.431886	
	0.429461	
	0.483906	
	0.512428	
	0.775413	
	0.774915	
	0.793709	
	0.776653	
	0.795781	
	0.779271	
	0.792172	
	0.802724	
	0.812734	
	0.717558	
	0.715727	
	0.702873	
	0.682936	
	0.735821	
	0.813807	
	0.574240	
	0.568260	
	0.536979	
	0.564325	
	0.585449	
	0.569813	
	0.581676	
	0.590828	
	0.655474	
	0.651077	
	0.795420	
	0.787570	
	0.818419	
	0.818047	
	0.818532	
	0.800388	
	0.810876	
	0.715270	
	0.560073	
	0.566053	
	0.587714	
	0.539436	
	0.470080	
	0.448467	
	0.435835	
	0.393648	
	0.451993	
	0.488408	
	0.453789	
	0.310180	
	0.310477	
	0.310879	
	0.294908	
	0.278909	
	0.281530	
	0.265965	
	0.252356	
	0.235285	
	0.253705	
	0.234835	
	0.231439	
	0.285727	
	0.289685	
	0.272113	
	0.235808	
	0.240376	
	0.213730	
	0.226497	
	0.221992	
	0.236475	
	0.224536	
	0.220468	
	0.238428	
	0.285010	
	0.402049	
	0.343154	
	0.666747	
	0.678966	
	0.553818	
	0.529689	
	0.570667	
	0.591884	
	0.530750	
	0.516984	
	0.671443	
	0.652060	
	0.519879	
	0.451091	
	0.405251	
	0.382320	
	0.333744	
	0.339282	
	0.330577	
	0.334695	
	0.314070	
	0.380527	
	0.343529	
	0.522861	
	0.735655	
	0.549750	
	0.531643	
	0.511452	
	0.487458	
	0.428230	
	0.450980	
	0.701845	
	0.629356	
	0.544002	
	0.490545	
	0.461426	
	0.413251	
	0.412896	
	0.360389	
	0.391760	
	0.414396	
	0.420922	
	0.357109	
	0.503563	
	0.552988	
	0.740710	
	0.749108	
	0.653690	
	0.625018	
	0.616160	
	0.599906	
	0.588147	
	0.666817	
	0.680329	
	0.656615	
	0.625277	
	0.600558	
	0.628821	
	0.569623	
	0.632910	
	0.529493	
	0.585737	
	0.562348	
	0.615763	
	0.617320	
	0.668701	
	0.634297	
	0.671845	
	0.625220	
	0.619413	
	0.599542	
	0.772957	
	0.781803	
	0.793842	
	0.809403	
	0.746862	
	0.583537	
	0.559693	
	0.546125	
	0.535626	
	0.523605	
	0.513188	
	0.514432	
	0.493281	
	0.512209	
	0.561537	
	0.635067	
	0.829019	
	0.804047	
	0.846993	
	0.782619	
	0.573457	
	0.531384	
	0.568137	
	0.511389	
	0.480667	
	0.476808	
	0.523544	
	0.469036	
	0.458613	
	0.472421	
	0.447106	
	0.403708	
	0.326155	
	0.254610	
	0.301825	
	0.271318	
	0.275282	
	0.260493	
	0.284639	
	0.273027	
	0.267226	
	0.240146	
	0.222548	
	0.227575	
	0.293161	
	0.389022	
	0.700785	
	0.648722	
	0.616772	
	0.559122	
	0.526099	
	0.540342	
	0.501481	
	0.495719	
	0.700884	
	0.568030	
	0.517399	
	0.460869	
	0.422709	
	0.405315	
	0.371127	
	0.364842	
	0.344726	
	0.369478	
	0.373450	
	0.388409	
	0.318700	
	0.678210	
	0.654939	
	0.577263	
	0.566722	
	0.549803	
	0.504187	
	0.430316	
	0.659573	
	0.662286	
	0.623135	
	0.558192	
	0.569327	
	0.562333	
	0.587196	
	0.582236	
	0.560963	
	0.545210	
	0.566352	
	0.732885	
	0.874795	
	0.872966	
	0.851406	
	0.784033	
	0.569774	
	0.563963	
	0.504158	
	0.480947	
	0.466336	
	0.474751	
	0.501136	
	0.519832	
	0.597412	
	0.592661	
	0.584853	
	0.593014	
	0.559393	
	0.767997	
	0.527281	
	0.497187	
	0.451187	
	0.425505	
	0.421218	
	0.395608	
	0.368577	
	0.369051	
	0.349399	
	0.332943	
	0.322551	
	0.312167	
	0.298104	
	0.377673	
	0.480262	
	0.559625	
	0.390848	
	0.298450	
	0.245593	
	0.249964	
	0.468149	
	0.304483	
	0.229369	
	0.238799	
	0.223344	
	0.213558	
	0.207007	
	0.482571	
	0.714307	
	0.751381	
	0.754594	
	0.743011	
	0.655483	
	0.470094	
	0.347832	
	0.277176	
	0.297289	
	0.287143	
	0.315567	
	0.233599	
	0.281195	
	0.443800	
	0.668887	
	0.525384	
	0.412198	
	0.353365	
	0.279767	
	0.274380	
	0.283594	
	0.299595	
	0.239311	
	0.272089	
	0.304326	
	0.230700	
	0.251130	
	0.338224	
	0.676307	
	0.717442	
	0.527483	
	0.339787	
	0.235054	
	0.202904	
	0.183488	
	0.180480	
	0.347354	
	0.173806	
	0.141259	
	0.133605	
	0.157585	
	0.171387	
	0.655369	
	0.670008	
	0.383030	
	0.230153	
	0.170244	
	0.156767	
	0.355939	
	0.316131	
	0.326113	
	0.193810	
	0.213294	
	0.244916	
	0.354747	
	0.343455	
	0.599868	
	0.672156	
	0.671756	
	0.671956	
	0.613647	
	0.575915	
	0.566612	
	0.492839	
	0.530520	
	0.479721	
	0.393308	
	0.402914	
	0.378645	
	0.495112	
	0.587952	
	0.433895	
	0.518794	
	0.468552	
	0.514541	
	0.549448	
	0.569692	
	0.617289	
	0.595957	
	0.603237	
	0.506012	
	0.442622	
	0.450742	
	0.462749	
	0.582521	
	0.646708	
	0.551814	
	0.490119	
	0.468055	
	0.473279	
	0.487886	
	0.457042	
	0.522711	
	0.485731	
	0.486221	
	0.504764	
	0.499448	
	0.483743	
	0.462973	
	0.619971	
	0.548033	
	0.416064	
	0.378387	
	0.356184	
	0.365989	
	0.526911	
	0.413166	
	0.362822	
	0.349322	
	0.403538	
	0.423966	
	0.345463	
	0.730467	
	0.721349	
	0.776645	
	0.785458	
	0.763096	
	0.699393	
	0.658079	
	0.629522	
	0.685273	
	0.650417	
	0.649396	
	0.622758	
	0.568251	
	0.554994	
	0.659660	
	0.628490	
	0.582176	
	0.508490	
	0.479492	
	0.534144	
	0.489539	
	0.488711	
	0.499860	
	0.488642	
	0.503357	
	0.476233	
	0.385837	
	0.419086	
	0.319561	
	0.562314	
	0.616098	
	0.539244	
	0.414192	
	0.341721	
	0.294491	
	0.397042	
	0.355443	
	0.254490	
	0.273902	
	0.281127	
	0.297508	
	0.267967	
	0.425336	
	0.626985	
	0.498728	
	0.352125	
	0.298801	
	0.299037	
	0.319400	
	0.598642	
	0.437209	
	0.296730	
	0.278004	
	0.272054	
	0.198018	
	0.206419	
	0.514590	
	0.648293	
	0.641152	
	0.740303	
	0.747103	
	0.721385	
	0.682182	
	0.653092	
	0.686451	
	0.695344	
	0.611842	
	0.556581	
	0.508845	
	0.468662	
	0.486006	
	0.613588	
	0.498239	
	0.474202	
	0.434982	
	0.411777	
	0.413855	
	0.444979	
	0.493243	
	0.506492	
	0.432270	
	0.412509	
	0.492691	
	0.529526	
	0.436317	
	0.524389	
	0.574838	
	0.691745	
	0.642742	
	0.634970	
	0.586405	
	0.611971	
	0.551379	
	0.521653	
	0.449330	
	0.412428	
	0.323350	
	0.293594	
	0.338705	
	0.429194	
	0.552809	
	0.597274	
	0.520631	
	0.508744	
	0.496181	
	0.448432	
	0.564087	
	0.551931	
	0.449994	
	0.456540	
	0.395212	
	0.398147	
	0.414983	
	0.592390	
	0.675447	
	0.743841	
	0.726721	
	0.675954	
	0.628523	
	0.504894	
	0.464997	
	0.421466	
	0.387690	
	0.359180	
	0.331067	
	0.362824	
	0.514537	
	0.502622	
	0.584760	
	0.601199	
	0.525315	
	0.448560	
	0.406693	
	0.450433	
	0.490950	
	0.482494	
	0.478481	
	0.482247	
	0.418652	
	0.551983	
	0.781206	
	0.832577	
	0.825453	
	0.810158	
	0.788230	
	0.575286	
	0.507539	
	0.473409	
	0.468084	
	0.539052	
	0.442636	
	0.457577	
	0.450566	
	0.437175	
	0.448178	
	0.477806	
	0.652525	
	0.636634	
	0.509088	
	0.451234	
	0.449346	
	0.465995	
	0.573913	
	0.476047	
	0.442481	
	0.389063	
	0.393221	
	0.399387	
	0.407087	
	0.477957	
	0.635995	
	0.725609	
	0.720250	
	0.709339	
	0.661908	
	0.653723	
	0.645833	
	0.600202	
	0.581061	
	0.585307	
	0.579116	
	0.621569	
	0.614685	
	0.681625	
	0.699194	
	0.590528	
	0.572623	
	0.549343	
	0.562714	
	0.487967	
	0.477342	
	0.403268	
	0.360872	
	0.395202	
	0.346975	
	0.321848	
	0.313586	
	0.365038	
	0.613793	
	0.700971	
	0.653457	
	0.572069	
	0.456029	
	0.296801	
	0.207388	
	0.217150	
	0.222276	
	0.187393	
	0.194516	
	0.202655	
	0.264593	
	0.331383	
	0.403255	
	0.390422	
	0.318840	
	0.326238	
	0.289594	
	0.254879	
	0.330261	
	0.208005	
	0.213705	
	0.221029	
	0.400359	
	0.263665	
	0.284720	
	0.697525	
	0.717628	
	0.734837	
	0.768635	
	0.718247	
	0.658962	
	0.572640	
	0.517975	
	0.519622	
	0.448668	
	0.454852	
	0.791920	
	0.892468	
	0.920033	
	0.908881	
	0.927456	
	0.906539	
	0.787927	
	0.692877	
	0.612562	
	0.601509	
	0.563905	
	0.560102	
	0.574122	
	0.583430	
	0.667334	
	0.664845	
	0.818021	
	0.929402	
	0.919226	
	0.767191	
	0.550427	
	0.603354	
	0.648069	
	0.678483	
	0.683106	
	0.700159	
	0.693656	
	0.674452	
	0.671477	
	0.661964	
	0.654226	
	0.632175	
	0.681598	
	0.702319	
	0.673078	
	0.508135	
	0.425672	
	0.432527	
	0.454444	
	0.448002	
	0.412364	
	0.381269	
	0.408604	
	0.429736	
	0.420961	
	0.440052	
	0.457217	
	0.465157	
	0.490243	
	0.512029	
	0.449617	
	0.472370	
	0.498173	
	0.504083	
	0.450816	
	0.477835	
	0.472423	
	0.491725	
	0.490963	
	0.495635	
	0.424546	
	0.441848	
	0.433648	
	0.426395	
	0.445742	
	0.514862	
	0.466007	
	0.438359	
	0.460975	
	0.464349	
	0.436608	
	0.493760	
	0.489300	
	0.482732	
	0.484033	
	0.461200	
	0.694938	
	0.563871	
	0.616382	
	0.564317	
	0.486922	
	0.322570	
	0.268834	
	0.517911	
	0.610993	
	0.612111	
	0.514319	
	0.472619	
	0.369144	
	0.378060	
	0.537166	
	0.638730	
	0.674955	
	0.642473	
	0.569042	
	0.518325	
	0.554787	
	0.567942	
	0.578595	
	0.596081	
	0.607637	
	0.587629	
	0.522690	
	0.473057	
	0.536798	
	0.618022	
	0.446421	
	0.396865	
	0.326551	
	0.293785	
	0.286278	
	0.267629	
	0.275021	
	0.241226	
	0.226172	
	0.208568	
	0.201502	
	0.256071	
	0.292208	
	0.559330	
	0.475905	
	0.332642	
	0.276025	
	0.218265	
	0.224807	
	0.222751	
	0.200555	
	0.239484	
	0.268201	
	0.304978	
	0.305768	
	0.276295	
	0.236928	
	0.574436	
	0.516099	
	0.325785	
	0.259364	
	0.214284	
	0.251065	
	0.308659	
	0.677803	
	0.421807	
	0.250430	
	0.279410	
	0.282273	
	0.248414	
	0.321353	
	0.624341	
	0.593518	
	0.343293	
	0.297506	
	0.312283	
	0.285247	
	0.291828	
	0.368745	
	0.334996	
	0.404083	
	0.391383	
	0.345265	
	0.300031	
	0.397779	
	0.580877	
	0.710835	
	0.496065	
	0.363096	
	0.317883	
	0.273001	
	0.262979	
	0.248204	
	0.221122	
	0.214865	
	0.241120	
	0.279526	
	0.297740	
	0.319641	
	0.381855	
	0.702136	
	0.470089	
	0.348617	
	0.306315	
	0.261729	
	0.236329	
	0.222981	
	0.207627	
	0.223869	
	0.244105	
	0.273077	
	0.288475	
	0.273628	
	0.338151	
	0.700444	
	0.712705	
	0.679984	
	0.685727	
	0.663243	
	0.659498	
	0.697974	
	0.711313	
	0.687093	
	0.700314	
	0.692189	
	0.682586	
	0.669846	
	0.693173	
	0.710483	
	0.750241	
	0.792442	
	0.732994	
	0.682293	
	0.691638	
	0.654161	
	0.705342	
	0.707978	
	0.719624	
	0.723908	
	0.724391	
	0.736500	
	0.772229	
	0.778523	
	0.759478	
	0.777909	
	0.836392	
	0.838218	
	0.882183	
	0.876475	
	0.824574	
	0.864283	
	0.857919	
	0.863215	
	0.843206	
	0.846795	
	0.844590	
	0.824324	
	0.749684	
	0.717913	
	0.697524	
	0.578792	
	0.564967	
	0.531470	
	0.529688	
	0.535024	
	0.531932	
	0.502372	
	0.547758	
	0.476536	
	0.364968	
	0.416631	
	0.556621	
	0.711618	
	0.702161	
	0.656574	
	0.657410	
	0.641485	
	0.607001	
	0.626920	
	0.744956	
	0.657414	
	0.672992	
	0.718370	
	0.694041	
	0.696778	
	0.742032	
	0.873725	
	0.880713	
	0.874177	
	0.869328	
	0.854780	
	0.839431	
	0.857099	
	0.746688	
	0.584632	
	0.635773	
	0.623782	
	0.639727	
	0.628808	
	0.617059	
	0.729351	
	0.753337	
	0.773707	
	0.795686	
	0.768514	
	0.737102	
	0.712994	
	0.734779	
	0.754265	
	0.708858	
	0.699529	
	0.689569	
	0.644419	
	0.695755	
	0.766550	
	0.662203	
	0.638071	
	0.655781	
	0.683727	
	0.710503	
	0.711667	
	0.704530	
	0.700625	
	0.714867	
	0.718523	
	0.733622	
	0.752534	
	0.783247	
	0.739634	
	0.653216	
	0.668106	
	0.609343	
	0.596139	
	0.607018	
	0.619101	
	0.635847	
	0.648203	
	0.643802	
	0.627426	
	0.648664	
	0.670676	
	0.661271	
	0.675707	
	0.790797	
	0.730847	
	0.668625	
	0.647195	
	0.658218	
	0.688993	
	0.676803	
	0.711857	
	0.629090	
	0.627982	
	0.630611	
	0.674473	
	0.672474	
	0.728548	
	0.780724	
	0.800836	
	0.820819	
	0.847079	
	0.833367	
	0.801516	
	0.758703	
	0.748059	
	0.760593	
	0.804244	
	0.817705	
	0.790764	
	0.808097	
	0.820700	
	0.724170	
	0.722151	
	0.689066	
	0.687806	
	0.614979	
	0.671233	
	0.682025	
	0.691016	
	0.692718	
	0.694803	
	0.676987	
	0.667601	
	0.712169	
	0.716401	
	0.705141	
	0.779870	
	0.749558	
	0.744333	
	0.697153	
	0.634156	
	0.601676	
	0.613499	
	0.677064	
	0.587031	
	0.580953	
	0.559173	
	0.565275	
	0.592480	
	0.638027	
	0.793387	
	0.812902	
	0.777970	
	0.731720	
	0.719150	
	0.730437	
	0.706703	
	0.557067	
	0.556195	
	0.555402	
	0.621352	
	0.611844	
	0.566340	
	0.673101	
	0.745425	
	0.776251	
	0.799586	
	0.801564	
	0.770480	
	0.726014	
	0.721152	
	0.720303	
	0.728977	
	0.678996	
	0.651485	
	0.610996	
	0.602764	
	0.656923	
	0.733396	
	0.594812	
	0.585560	
	0.523971	
	0.561035	
	0.496634	
	0.526569	
	0.624389	
	0.569211	
	0.523218	
	0.494876	
	0.495708	
	0.543359	
	0.667754	
	0.725461	
	0.702804	
	0.729506	
	0.686838	
	0.724389	
	0.693143	
	0.708470	
	0.690378	
	0.717557	
	0.716481	
	0.710170	
	0.720371	
	0.672205	
	0.671954	
	0.668598	
	0.742458	
	0.684241	
	0.605471	
	0.611481	
	0.633015	
	0.608916	
	0.601319	
	0.675385	
	0.651557	
	0.673493	
	0.659833	
	0.681192	
	0.709260	
	0.682640	
	0.776393	
	0.816527	
	0.817020	
	0.852523	
	0.802685	
	0.762228	
	0.774235	
	0.746672	
	0.731746	
	0.776738	
	0.798061	
	0.784831	
	0.804985	
	0.826121	
	0.722598	
	0.748062	
	0.710378	
	0.699841	
	0.703115	
	0.731474	
	0.731624	
	0.743165	
	0.772295	
	0.744288	
	0.760234	
	0.745554	
	0.761783	
	0.752785	
	0.670281	
	0.761672	
	0.828101	
	0.792200	
	0.740639	
	0.719332	
	0.687882	
	0.716257	
	0.686882	
	0.683148	
	0.666704	
	0.668222	
	0.689440	
	0.716476	
	0.817708	
	0.889487	
	0.865545	
	0.822719	
	0.797652	
	0.778981	
	0.800955	
	0.739526	
	0.658194	
	0.650174	
	0.709683	
	0.686025	
	0.720370	
	0.721823	
	0.742536	
	0.754292	
	0.760330	
	0.815541	
	0.819117	
	0.809459	
	0.786207	
	0.775160	
	0.755382	
	0.748517	
	0.739172	
	0.711757	
	0.698467	
	0.678297	
	0.693915	
	0.741900	
	0.693063	
	0.644957	
	0.704298	
	0.695651	
	0.709440	
	0.690009	
	0.712338	
	0.708821	
	0.716963	
	0.725077	
	0.787651	
	0.827759	
	0.801379	
	0.697747	
	0.684454	
	0.678946	
	0.622651	
	0.609845	
	0.644227	
	0.624611	
	0.647637	
	0.597190	
	0.615373	
	0.641517	
	0.622382	
	0.624452	
	0.642605	
	0.735397	
	0.772711	
	0.702291	
	0.649584	
	0.641338	
	0.687967	
	0.694756	
	0.717304	
	0.677660	
	0.654817	
	0.664610	
	0.694379	
	0.700228	
	0.694711	
	0.756122	
	0.803503	
	0.827166	
	0.814010	
	0.807610	
	0.755975	
	0.714237	
	0.699673	
	0.704486	
	0.692488	
	0.731455	
	0.778509	
	0.790881	
	0.758730	
	0.738408	
	0.675883	
	0.664911	
	0.622254	
	0.616884	
	0.612363	
	0.627038	
	0.630407	
	0.637671	
	0.639709	
	0.614932	
	0.603843	
	0.599706	
	0.738055	
	0.675436	
	0.725231	
	0.735778	
	0.678976	
	0.627785	
	0.571848	
	0.546257	
	0.565817	
	0.635669	
	0.540846	
	0.584478	
	0.627538	
	0.617325	
	0.556703	
	0.632231	
	0.794347	
	0.781146	
	0.723622	
	0.703722	
	0.739044	
	0.729922	
	0.681020	
	0.481067	
	0.534178	
	0.539548	
	0.512685	
	0.554361	
	0.589357	
	0.606560	
	0.675148	
	0.735811	
	0.725040	
	0.761931	
	0.761605	
	0.716481	
	0.707818	
	0.675164	
	0.630417	
	0.566915	
	0.571751	
	0.527140	
	0.553894	
	0.650745	
	0.707902	
	0.633484	
	0.625788	
	0.606783	
	0.598698	
	0.567366	
	0.573929	
	0.636155	
	0.642085	
	0.592628	
	0.639856	
	0.613342	
	0.578219	
	0.560995	
	0.669099	
	0.691004	
	0.668593	
	0.645744	
	0.643451	
	0.632016	
	0.616349	
	0.617704	
	0.630149	
	0.638401	
	0.622219	
	0.592637	
	0.617767	
	0.606254	
	0.691037	
	0.755302	
	0.694195	
	0.671745	
	0.665745	
	0.671585	
	0.707861	
	0.719123	
	0.695031	
	0.691051	
	0.677958	
	0.685253	
	0.652290	
	0.616763	
	0.716301	
	0.809005	
	0.845737	
	0.829808	
	0.822682	
	0.779382	
	0.739455	
	0.709863	
	0.720381	
	0.729627	
	0.717368	
	0.723486	
	0.722032	
	0.711754	
	0.635374	
	0.634261	
	0.655957	
	0.545607	
	0.531356	
	0.565885	
	0.575993	
	0.552764	
	0.556019	
	0.567365	
	0.552685	
	0.578612	
	0.586507	
	0.685284	
	0.611652	
	0.739142	
	0.738983	
	0.692336	
	0.613001	
	0.591492	
	0.545041	
	0.566656	
	0.639956	
	0.553004	
	0.552223	
	0.566376	
	0.534257	
	0.568711	
	0.638903	
	0.820886	
	0.840999	
	0.786946	
	0.773958	
	0.770911	
	0.780218	
	0.734169	
	0.592030	
	0.625585	
	0.579710	
	0.612331	
	0.631140	
	0.653037	
	0.741339	
	0.728598	
	0.782139	
	0.792145	
	0.782331	
	0.750792	
	0.750689	
	0.725386	
	0.721298	
	0.736898	
	0.730321	
	0.717341	
	0.721617	
	0.820938	
	0.735702	
	0.737440	
	0.721283	
	0.672934	
	0.697645	
	0.723166	
	0.705650	
	0.683160	
	0.688991	
	0.693375	
	0.673240	
	0.696982	
	0.661558	
	0.657449	
	0.622984	
	0.667669	
	0.701878	
	0.681014	
	0.646669	
	0.629665	
	0.647326	
	0.650560	
	0.672508	
	0.647375	
	0.614156	
	0.642724	
	0.650922	
	0.623609	
	0.685462	
	0.735117	
	0.787762	
	0.698715	
	0.655505	
	0.685231	
	0.706151	
	0.690994	
	0.756070	
	0.726496	
	0.699783	
	0.714748	
	0.703712	
	0.680427	
	0.711380	
	0.747646	
	0.806842	
	0.842782	
	0.862115	
	0.844911	
	0.834698	
	0.824966	
	0.811634	
	0.808011	
	0.777629	
	0.802868	
	0.791625	
	0.798561	
	0.779845	
	0.784246	
	0.704225	
	0.705969	
	0.625824	
	0.635094	
	0.617851	
	0.644346	
	0.650515	
	0.639342	
	0.637105	
	0.622432	
	0.615813	
	0.627898	
	0.599881	
	0.679412	
	0.786971	
	0.712564	
	0.669864	
	0.610265	
	0.562836	
	0.584146	
	0.577452	
	0.679793	
	0.571028	
	0.558588	
	0.602300	
	0.630053	
	0.639729	
	0.687234	
	0.830321	
	0.853168	
	0.825227	
	0.806953	
	0.815866	
	0.813680	
	0.782502	
	0.665104	
	0.602307	
	0.607113	
	0.671676	
	0.654687	
	0.671729	
	0.703309	
	0.744220	
	0.737022	
	0.776855	
	0.787704	
	0.747677	
	0.758223	
	0.713867	
	0.709683	
	0.693893	
	0.642021	
	0.651922	
	0.643057	
	0.604971	
	0.635675	
	0.786470	
	0.689381	
	0.688393	
	0.664797	
	0.695816	
	0.720264	
	0.707694	
	0.695120	
	0.721798	
	0.707651	
	0.718615	
	0.734750	
	0.789317	
	0.783912	
	0.692773	
	0.688532	
	0.738600	
	0.751308	
	0.714614	
	0.687304	
	0.677381	
	0.680759	
	0.705720	
	0.671270	
	0.689470	
	0.708949	
	0.707055	
	0.706478	
	0.721923	
	0.763846	
	0.804259	
	0.772230	
	0.748556	
	0.757697	
	0.757227	
	0.738943	
	0.764582	
	0.732766	
	0.750527	
	0.760968	
	0.768854	
	0.769606	
	0.763239	
	0.768214	
	0.801872	
	0.865368	
	0.885487	
	0.883070	
	0.853026	
	0.826837	
	0.830801	
	0.846404	
	0.821563	
	0.823694	
	0.822517	
	0.848205	
	0.794572	
	0.674911	
	0.727800	
	0.718044	
	0.693445	
	0.606981	
	0.603913	
	0.614744	
	0.582535	
	0.585571	
	0.613597	
	0.606444	
	0.634551	
	0.662702	
	0.697674	
	0.638245	
	0.730786	
	0.722614	
	0.749254	
	0.748572	
	0.705209	
	0.696437	
	0.667263	
	0.679631	
	0.696701	
	0.712440	
	0.773808	
	0.817557	
	0.848047	
	0.820177	
	0.800185	
	0.791829	
	0.777063	
	0.757124	
	0.744426	
	0.770970	
	0.783505	
	0.760908	
	0.759697	
	0.764110	
	0.791377	
	0.784525	
	0.783128	
	0.691347	
	0.625173	
	0.627017	
	0.592863	
	0.660543	
	0.674670	
	0.691606	
	0.686522	
	0.714179	
	0.706446	
	0.697752	
	0.708715	
	0.699630	
	0.704372	
	0.710484	
	0.709203	
	0.709008	
	0.702139	
	0.686421	
	0.695380	
	0.705219	
	0.708068	
	0.717943	
	0.748930	
	0.799555	
	0.846543	
	0.861981	
	0.861338	
	0.851394	
	0.827199	
	0.811513	
	0.738763	
	0.629272	
	0.642481	
	0.605412	
	0.614636	
	0.625188	
	0.624700	
	0.621849	
	0.626426	
	0.623072	
	0.618521	
	0.626473	
	0.623414	
	0.781633	
	0.763834	
	0.677836	
	0.628625	
	0.621310	
	0.620826	
	0.623261	
	0.629390	
	0.655169	
	0.617163	
	0.639988	
	0.638467	
	0.630123	
	0.623315	
	0.690002	
	0.800865	
	0.843133	
	0.836562	
	0.824239	
	0.796118	
	0.795291	
	0.787343	
	0.767611	
	0.777834	
	0.771047	
	0.801566	
	0.759088	
	0.818618	
	0.836102	
	0.768738	
	0.768215	
	0.735363	
	0.732586	
	0.722341	
	0.694877	
	0.727135	
	0.734400	
	0.704969	
	0.715971	
	0.705012	
	0.670527	
	0.673601	
	0.692315	
	0.709665	
	0.685694	
	0.655358	
	0.643896	
	0.659655	
	0.680331	
	0.667921	
	0.736436	
	0.691407	
	0.735019	
	0.747625	
	0.695686	
	0.714580	
	0.772409	
	0.718044	
	0.775150	
	0.755609	
	0.767845	
	0.790683	
	0.800179	
	0.771169	
	0.591581	
	0.599389	
	0.585051	
	0.605095	
	0.642396	
	0.701133	
	0.770528	
	0.695618	
	0.619018	
	0.563167	
	0.490045	
	0.523735	
	0.729869	
	0.677984	
	0.682262	
	0.623686	
	0.553384	
	0.567667	
	0.526522	
	0.665924	
	0.721472	
	0.599257	
	0.606175	
	0.574969	
	0.611933	
	0.587390	
	0.612761	
	0.623298	
	0.754642	
	0.774538	
	0.697266	
	0.620459	
	0.679098	
	0.657987	
	0.674902	
	0.493849	
	0.493996	
	0.600172	
	0.668118	
	0.699573	
	0.694449	
	0.651414	
	0.673532	
	0.701315	
	0.723473	
	0.731295	
	0.709459	
	0.774955	
	0.765643	
	0.698804	
	0.695648	
	0.683372	
	0.706647	
	0.677703	
	0.654544	
	0.660786	
	0.586819	
	0.548654	
	0.623790	
	0.663746	
	0.630098	
	0.633885	
	0.657033	
	0.593498	
	0.610524	
	0.687653	
	0.760642	
	0.736106	
	0.652467	
	0.574453	
	0.526887	
	0.555705	
	0.569464	
	0.591257	
	0.489375	
	0.449699	
	0.449987	
	0.620178	
	0.702109	
	0.701551	
	0.633594	
	0.625752	
	0.602190	
	0.614534	
	0.652149	
	0.681900	
	0.644091	
	0.642735	
	0.602764	
	0.631840	
	0.638911	
	0.609580	
	0.668087	
	0.625893	
	0.672580	
	0.585071	
	0.579690	
	0.546062	
	0.485549	
	0.513205	
	0.480190	
	0.448331	
	0.404627	
	0.489083	
	0.496184	
	0.541001	
	0.602189	
	0.597153	
	0.612008	
	0.598951	
	0.501849	
	0.458854	
	0.455724	
	0.441062	
	0.447957	
	0.476427	
	0.470054	
	0.478802	
	0.458744	
	0.466632	
	0.485543	
	0.707062	
	0.766340	
	0.780198	
	0.795817	
	0.798584	
	0.766109	
	0.773523	
	0.786474	
	0.744660	
	0.730711	
	0.750760	
	0.701989	
	0.705643	
	0.782668	
	0.849569	
	0.852746	
	0.849425	
	0.806431	
	0.834570	
	0.832701	
	0.805013	
	0.821136	
	0.790841	
	0.812141	
	0.773674	
	0.813849	
	0.898525	
	0.935091	
	0.919910	
	0.754141	
	0.668434	
	0.736980	
	0.664469	
	0.494157	
	0.446363	
	0.381161	
	0.384730	
	0.448189	
	0.606628	
	0.583377	
	0.508161	
	0.463626	
	0.408869	
	0.500631	
	0.678630	
	0.697256	
	0.653225	
	0.641372	
	0.615372	
	0.614438	
	0.619143	
	0.653411	
	0.626181	
	0.603153	
	0.571546	
	0.501099	
	0.477722	
	0.535061	
	0.601258	
	0.652830	
	0.649265	
	0.580278	
	0.461651	
	0.415819	
	0.453847	
	0.495887	
	0.470585	
	0.406539	
	0.320546	
	0.295422	
	0.366607	
	0.535728	
	0.563391	
	0.603477	
	0.587433	
	0.587167	
	0.603819	
	0.597405	
	0.638576	
	0.637537	
	0.604824	
	0.564362	
	0.506889	
	0.455341	
	0.561867	
	0.728825	
	0.656907	
	0.534927	
	0.615281	
	0.556595	
	0.521943	
	0.384647	
	0.373799	
	0.392177	
	0.373189	
	0.363944	
	0.324991	
	0.379232	
	0.459201	
	0.513777	
	0.794448	
	0.561362	
	0.625699	
	0.561712	
	0.553138	
	0.504651	
	0.426749	
	0.415037	
	0.444599	
	0.474693	
	0.417444	
	0.410421	
	0.399589	
	0.437827	
	0.585557	
	0.751967	
	0.755417	
	0.744514	
	0.758608	
	0.766680	
	0.778117	
	0.748862	
	0.764926	
	0.726473	
	0.748777	
	0.710646	
	0.667456	
	0.664800	
	0.731598	
	0.831447	
	0.843737	
	0.846092	
	0.850573	
	0.811911	
	0.838426	
	0.817451	
	0.817329	
	0.809776	
	0.788764	
	0.779092	
	0.737380	
	0.759201	
	0.730906	
	0.681491	
	0.731375	
	0.628126	
	0.619844	
	0.598610	
	0.609446	
	0.633909	
	0.635174	
	0.738951	
	0.743629	
	0.677200	
	0.645644	
	0.599363	
	0.503922	
	0.498153	
	0.569899	
	0.597119	
	0.648544	
	0.643181	
	0.633860	
	0.643855	
	0.695861	
	0.678494	
	0.702251	
	0.677047	
	0.680822	
	0.675530	
	0.711867	
	0.716619	
	0.629389	
	0.670202	
	0.679523	
	0.593441	
	0.526520	
	0.434286	
	0.448757	
	0.452854	
	0.498599	
	0.671758	
	0.773971	
	0.805067	
	0.814970	
	0.824134	
	0.862184	
	0.732968	
	0.704472	
	0.699841	
	0.685224	
	0.673029	
	0.613180	
	0.578596	
	0.527943	
	0.529504	
	0.623005	
	0.634843	
	0.680898	
	0.541903	
	0.467752	
	0.514032	
	0.473833	
	0.325380	
	0.263724	
	0.248601	
	0.363472	
	0.522638	
	0.483459	
	0.409383	
	0.437244	
	0.444786	
	0.338785	
	0.493540	
	0.716417	
	0.782730	
	0.745462	
	0.582257	
	0.624172	
	0.673019	
	0.692759	
	0.702032	
	0.730718	
	0.666384	
	0.666452	
	0.688028	
	0.643975	
	0.598343	
	0.600246	
	0.671402	
	0.683830	
	0.633964	
	0.562273	
	0.468915	
	0.421766	
	0.444114	
	0.449395	
	0.381305	
	0.535963	
	0.704435	
	0.713148	
	0.680555	
	0.701707	
	0.595429	
	0.599081	
	0.608554	
	0.558663	
	0.569406	
	0.650495	
	0.685884	
	0.670137	
	0.628995	
	0.589315	
	0.510479	
	0.818801	
	0.892128	
	0.829498	
	0.806413	
	0.793055	
	0.589209	
	0.530925	
	0.529442	
	0.498953	
	0.514512	
	0.648123	
	0.601377	
	0.552850	
	0.486939	
	0.494383	
	0.488314	
	0.530208	
	0.684941	
	0.685607	
	0.611867	
	0.622192	
	0.603370	
	0.565338	
	0.549517	
	0.594326	
	0.620651	
	0.596733	
	0.544301	
	0.523258	
	0.458609	
	0.479723	
	0.587896	
	0.614060	
	0.694210	
	0.646484	
	0.553417	
	0.440820	
	0.371149	
	0.383243	
	0.382659	
	0.343773	
	0.304556	
	0.280718	
	0.268508	
	0.296842	
	0.461259	
	0.658680	
	0.722747	
	0.679774	
	0.621586	
	0.594351	
	0.615573	
	0.646386	
	0.620218	
	0.614400	
	0.551053	
	0.596998	
	0.625826	
	0.567852	
	0.552061	
	0.641110	
	0.672397	
	0.601841	
	0.506822	
	0.442678	
	0.381760	
	0.374341	
	0.520779	
	0.497789	
	0.434614	
	0.361934	
	0.308121	
	0.302897	
	0.385683	
	0.658245	
	0.771414	
	0.704500	
	0.682154	
	0.723136	
	0.734859	
	0.688160	
	0.676709	
	0.744604	
	0.684041	
	0.624088	
	0.628689	
	0.619269	
	0.689005	
	0.704577	
	0.737202	
	0.754087	
	0.721159	
	0.704398	
	0.640948	
	0.565515	
	0.552883	
	0.722405	
	0.621025	
	0.474214	
	0.450527	
	0.423740	
	0.478229	
	0.672449	
	0.816821	
	0.789774	
	0.779852	
	0.752968	
	0.766027	
	0.793531	
	0.795666	
	0.779282	
	0.691038	
	0.643856	
	0.643280	
	0.627390	
	0.597595	
	0.721128	
	0.562484	
	0.465814	
	0.532266	
	0.535098	
	0.549162	
	0.530688	
	0.555696	
	0.567522	
	0.621414	
	0.732620	
	0.773076	
	0.804835	
	0.822904	
	0.828275	
	0.842634	
	0.833810	
	0.798096	
	0.652126	
	0.591871	
	0.593831	
	0.599055	
	0.568849	
	0.540795	
	0.524124	
	0.458492	
	0.439728	
	0.436637	
	0.460233	
	0.472956	
	0.509459	
	0.343906	
	0.341535	
	0.315427	
	0.296578	
	0.291756	
	0.290239	
	0.291387	
	0.290497	
	0.288577	
	0.285718	
	0.268756	
	0.304379	
	0.369745	
	0.297962	
	0.276824	
	0.277944	
	0.272210	
	0.262892	
	0.275695	
	0.263421	
	0.252778	
	0.273599	
	0.269972	
	0.377994	
	0.410363	
	0.689562	
	0.713968	
	0.570060	
	0.558044	
	0.564807	
	0.520699	
	0.485164	
	0.654990	
	0.700479	
	0.559607	
	0.492187	
	0.482389	
	0.452190	
	0.350661	
	0.347055	
	0.364185	
	0.417718	
	0.411920	
	0.398984	
	0.369312	
	0.351835	
	0.638182	
	0.700755	
	0.597646	
	0.523931	
	0.516747	
	0.412635	
	0.424734	
	0.601757	
	0.697285	
	0.639940	
	0.517621	
	0.538654	
	0.516254	
	0.532004	
	0.445176	
	0.395589	
	0.440283	
	0.460708	
	0.563989	
	0.563174	
	0.520022	
	0.723004	
	0.797844	
	0.699169	
	0.638977	
	0.592827	
	0.631310	
	0.659073	
	0.603472	
	0.597520	
	0.660798	
	0.634327	
	0.629394	
	0.725078	
	0.613797	
	0.686275	
	0.532211	
	0.583743	
	0.620646	
	0.659876	
	0.670222	
	0.689846	
	0.658628	
	0.714492	
	0.672722	
	0.658315	
	0.615341	
	0.709971	
	0.790391	
	0.817658	
	0.819700	
	0.815529	
	0.588602	
	0.570995	
	0.577850	
	0.556431	
	0.527998	
	0.559125	
	0.523205	
	0.525875	
	0.610189	
	0.602576	
	0.733402	
	0.807298	
	0.813067	
	0.824269	
	0.766289	
	0.526420	
	0.544436	
	0.535103	
	0.511845	
	0.520449	
	0.483545	
	0.451955	
	0.422934	
	0.445297	
	0.402221	
	0.384045	
	0.380338	
	0.350207	
	0.310576	
	0.326583	
	0.310537	
	0.309118	
	0.309821	
	0.243936	
	0.231775	
	0.230906	
	0.258215	
	0.228257	
	0.263955	
	0.352272	
	0.547604	
	0.764733	
	0.637856	
	0.559247	
	0.556992	
	0.492492	
	0.472427	
	0.510372	
	0.646163	
	0.689950	
	0.511930	
	0.413205	
	0.398091	
	0.369231	
	0.323377	
	0.293389	
	0.298519	
	0.317853	
	0.336583	
	0.396347	
	0.369557	
	0.303494	
	0.556085	
	0.688019	
	0.570137	
	0.574614	
	0.506543	
	0.396151	
	0.391168	
	0.541839	
	0.759061	
	0.642912	
	0.586997	
	0.544927	
	0.569903	
	0.577464	
	0.490039	
	0.454460	
	0.514083	
	0.750348	
	0.829509	
	0.882909	
	0.889978	
	0.867768	
	0.772396	
	0.632761	
	0.557226	
	0.540081	
	0.528730	
	0.489224	
	0.513909	
	0.576697	
	0.642934	
	0.670354	
	0.602793	
	0.570017	
	0.547004	
	0.531558	
	0.685846	
	0.430929	
	0.401458	
	0.395429	
	0.352427	
	0.346964	
	0.322658	
	0.318408	
	0.290291	
	0.273846	
	0.251635	
	0.254638	
	0.240785	
	0.237476	
	0.363801	
	0.484545	
	0.357331	
	0.269432	
	0.227106	
	0.239616	
	0.252181	
	0.418328	
	0.323575	
	0.235074	
	0.220468	
	0.213226	
	0.197761	
	0.171963	
	0.692794	
	0.752015	
	0.750095	
	0.728987	
	0.654084	
	0.535113	
	0.403454	
	0.283722	
	0.295962	
	0.256340	
	0.260205	
	0.252779	
	0.254678	
	0.364245	
	0.539757	
	0.612826	
	0.488086	
	0.363856	
	0.327396	
	0.291327	
	0.314223	
	0.318424	
	0.321715	
	0.265043	
	0.273275	
	0.260282	
	0.236603	
	0.219646	
	0.314222	
	0.721606	
	0.695184	
	0.570451	
	0.428755	
	0.301832	
	0.208498	
	0.196118	
	0.427658	
	0.209316	
	0.164306	
	0.166487	
	0.155052	
	0.142600	
	0.203023	
	0.666256	
	0.520734	
	0.326462	
	0.213131	
	0.204398	
	0.156808	
	0.228101	
	0.434212	
	0.290563	
	0.289222	
	0.284177	
	0.267322	
	0.300279	
	0.311434	
	0.542243	
	0.610808	
	0.686396	
	0.689802	
	0.631709	
	0.592305	
	0.541619	
	0.499894	
	0.445142	
	0.422026	
	0.385515	
	0.388296	
	0.354557	
	0.355379	
	0.581971	
	0.544288	
	0.517551	
	0.476546	
	0.506860	
	0.583407	
	0.649056	
	0.641650	
	0.651292	
	0.613049	
	0.523717	
	0.434078	
	0.419354	
	0.401394	
	0.627665	
	0.646811	
	0.607425	
	0.521368	
	0.469625	
	0.429669	
	0.453404	
	0.506152	
	0.513437	
	0.465934	
	0.441099	
	0.435737	
	0.449390	
	0.439357	
	0.426084	
	0.588707	
	0.531939	
	0.438649	
	0.443225	
	0.384142	
	0.363522	
	0.320288	
	0.556751	
	0.415680	
	0.354314	
	0.329045	
	0.375136	
	0.428599	
	0.439008	
	0.713605	
	0.794665	
	0.798727	
	0.761528	
	0.731464	
	0.674650	
	0.640902	
	0.662061	
	0.685609	
	0.655792	
	0.623667	
	0.606170	
	0.556127	
	0.530741	
	0.700116	
	0.648573	
	0.590593	
	0.541338	
	0.557625	
	0.571840	
	0.520331	
	0.528326	
	0.537796	
	0.491091	
	0.515205	
	0.545439	
	0.427811	
	0.532246	
	0.501845	
	0.676714	
	0.641298	
	0.523003	
	0.402141	
	0.347330	
	0.342390	
	0.308376	
	0.386765	
	0.302638	
	0.276281	
	0.325645	
	0.343910	
	0.281321	
	0.425840	
	0.628700	
	0.687022	
	0.554032	
	0.409365	
	0.371953	
	0.355371	
	0.516878	
	0.459617	
	0.296118	
	0.269886	
	0.248373	
	0.205936	
	0.202259	
	0.575673	
	0.611237	
	0.699919	
	0.763881	
	0.771583	
	0.701577	
	0.656567	
	0.674272	
	0.700922	
	0.712272	
	0.666534	
	0.609931	
	0.546660	
	0.492450	
	0.487739	
	0.585322	
	0.573833	
	0.462000	
	0.450741	
	0.502418	
	0.499976	
	0.505816	
	0.604022	
	0.533322	
	0.489527	
	0.483714	
	0.582884	
	0.588659	
	0.539214	
	0.623234	
	0.666826	
	0.678809	
	0.649480	
	0.578029	
	0.541003	
	0.519829	
	0.573642	
	0.517688	
	0.445566	
	0.406814	
	0.391078	
	0.394440	
	0.320139	
	0.325167	
	0.649379	
	0.575139	
	0.498104	
	0.480932	
	0.478329	
	0.487600	
	0.497114	
	0.571515	
	0.503654	
	0.493452	
	0.442573	
	0.460219	
	0.450851	
	0.557499	
	0.690474	
	0.757701	
	0.750268	
	0.726059	
	0.679894	
	0.572886	
	0.512801	
	0.431416	
	0.422186	
	0.387125	
	0.387346	
	0.305590	
	0.363997	
	0.676337	
	0.596882	
	0.599816	
	0.543342	
	0.452336	
	0.382802	
	0.369769	
	0.439390	
	0.511182	
	0.430850	
	0.437284	
	0.433755	
	0.487661	
	0.674029	
	0.796998	
	0.813733	
	0.853704	
	0.836312	
	0.769508	
	0.559966	
	0.531765	
	0.530355	
	0.569866	
	0.470250	
	0.458419	
	0.458908	
	0.473453	
	0.440125	
	0.430258	
	0.700180	
	0.672501	
	0.538418	
	0.465637	
	0.455025	
	0.440219	
	0.509294	
	0.495380	
	0.401607	
	0.419631	
	0.422113	
	0.402124	
	0.422650	
	0.427586	
	0.603124	
	0.680455	
	0.700285	
	0.722246	
	0.634440	
	0.620540	
	0.629565	
	0.669570	
	0.636098	
	0.624328	
	0.574445	
	0.564614	
	0.631392	
	0.605133	
	0.696211	
	0.636881	
	0.561479	
	0.542271	
	0.544718	
	0.533709	
	0.503027	
	0.441215	
	0.418765	
	0.335648	
	0.317451	
	0.292057	
	0.299881	
	0.302883	
	0.491343	
	0.646256	
	0.698077	
	0.675738	
	0.610412	
	0.466644	
	0.283557	
	0.228060	
	0.179905	
	0.169869	
	0.185320	
	0.198788	
	0.260148	
	0.330472	
	0.370083	
	0.451540	
	0.401772	
	0.343725	
	0.430288	
	0.333088	
	0.250947	
	0.288470	
	0.291634	
	0.195136	
	0.223240	
	0.438308	
	0.266665	
	0.255917	
	0.444438	
	0.710365	
	0.754035	
	0.712052	
	0.649530	
	0.609951	
	0.550822	
	0.537063	
	0.583327	
	0.552160	
	0.708908	
	0.948764	
	0.941379	
	0.932352	
	0.927763	
	0.923679	
	0.898684	
	0.800889	
	0.718964	
	0.670006	
	0.653228	
	0.625691	
	0.634808	
	0.666859	
	0.706823	
	0.691022	
	0.835262	
	0.908487	
	0.934657	
	0.887828	
	0.640029	
	0.566379	
	0.617824	
	0.636308	
	0.639476	
	0.662830	
	0.670695	
	0.665513	
	0.665149	
	0.649922	
	0.659100	
	0.614559	
	0.614149	
	0.640120	
	0.640160	
	0.624490	
	0.437269	
	0.422711	
	0.442502	
	0.426971	
	0.417645	
	0.360693	
	0.362409	
	0.360529	
	0.350834	
	0.357527	
	0.398994	
	0.422004	
	0.449798	
	0.418285	
	0.449321	
	0.461635	
	0.477115	
	0.434279	
	0.390700	
	0.394895	
	0.400646	
	0.390300	
	0.371547	
	0.372133	
	0.399187	
	0.389701	
	0.395814	
	0.402737	
	0.403427	
	0.413748	
	0.471622	
	0.472741	
	0.472421	
	0.537759	
	0.466930	
	0.500585	
	0.496768	
	0.458973	
	0.436483	
	0.391586	
	0.630871	
	0.561739	
	0.606762	
	0.568523	
	0.492612	
	0.397863	
	0.273054	
	0.452279	
	0.572518	
	0.542378	
	0.505869	
	0.449459	
	0.345105	
	0.334118	
	0.521111	
	0.635607	
	0.684570	
	0.630929	
	0.549537	
	0.509938	
	0.556656	
	0.562301	
	0.565851	
	0.540697	
	0.488794	
	0.497667	
	0.466729	
	0.413983	
	0.543272	
	0.510143	
	0.364367	
	0.298421	
	0.262984	
	0.273486	
	0.258718	
	0.259436	
	0.243332	
	0.224291	
	0.208536	
	0.197325	
	0.214702	
	0.253848	
	0.344529	
	0.589204	
	0.421040	
	0.300694	
	0.272399	
	0.251395	
	0.224362	
	0.223454	
	0.211470	
	0.230508	
	0.224213	
	0.191982	
	0.289707	
	0.236406	
	0.324743	
	0.671259	
	0.464999	
	0.342023	
	0.294304	
	0.252118	
	0.256212	
	0.446508	
	0.681679	
	0.412200	
	0.296261	
	0.280924	
	0.312252	
	0.315637	
	0.412448	
	0.689769	
	0.529902	
	0.324154	
	0.284295	
	0.280016	
	0.283384	
	0.275394	
	0.315270	
	0.380391	
	0.351179	
	0.364962	
	0.300793	
	0.342403	
	0.495073	
	0.669309	
	0.614236	
	0.599192	
	0.527949	
	0.604427	
	0.559919	
	0.615793	
	0.646354	
	0.604867	
	0.586595	
	0.639712	
	0.626340	
	0.650142	
	0.720081	
	0.753698	
	0.707024	
	0.557320	
	0.604742	
	0.615412	
	0.560058	
	0.610443	
	0.620402	
	0.690569	
	0.705747	
	0.729309	
	0.733038	
	0.729503	
	0.721683	
	0.743734	
	0.737869	
	0.755752	
	0.726413	
	0.721891	
	0.708890	
	0.681304	
	0.713067	
	0.775359	
	0.712798	
	0.771791	
	0.753350	
	0.692596	
	0.633429	
	0.576224	
	0.631395	
	0.866383	
	0.927462	
	0.939266	
	0.950591	
	0.945080	
	0.942178	
	0.949142	
	0.943793	
	0.937320	
	0.928055	
	0.911900	
	0.912793	
	0.897425	
	0.852966	
	0.699875	
	0.800759	
	0.843467	
	0.840244	
	0.868770	
	0.892725	
	0.857240	
	0.832631	
	0.856545	
	0.836211	
	0.823234	
	0.862116	
	0.885586	
	0.875188	
	0.835843	
	0.788467	
	0.792504	
	0.786646	
	0.730872	
	0.681238	
	0.630922	
	0.713480	
	0.792435	
	0.752722	
	0.669052	
	0.575466	
	0.458153	
	0.693428	
	0.752547	
	0.866757	
	0.884523	
	0.904446	
	0.926702	
	0.922458	
	0.907450	
	0.908932	
	0.943041	
	0.942256	
	0.915675	
	0.933858	
	0.939625	
	0.884787	
	0.874214	
	0.928026	
	0.905585	
	0.872600	
	0.840894	
	0.823461	
	0.777205	
	0.824958	
	0.908479	
	0.956296	
	0.933499	
	0.909602	
	0.866079	
	0.832100	
	0.767366	
	0.690727	
	0.807752	
	0.822842	
	0.846432	
	0.820570	
	0.776595	
	0.821812	
	0.897482	
	0.932076	
	0.931199	
	0.922204	
	0.910846	
	0.899536	
	0.881300	
	0.883496	
	0.813091	
	0.816729	
	0.802999	
	0.833616	
	0.854049	
	0.819703	
	0.820196	
	0.837721	
	0.824609	
	0.839189	
	0.814507	
	0.822574	
	0.825354	
	0.832427	
	0.779359	
	0.759897	
	0.728058	
	0.700118	
	0.688650	
	0.664108	
	0.773715	
	0.815870	
	0.743220	
	0.671527	
	0.642822	
	0.637545	
	0.647383	
	0.673661	
	0.751976	
	0.874730	
	0.876417	
	0.848061	
	0.848603	
	0.840582	
	0.854035	
	0.857025	
	0.849288	
	0.841242	
	0.831645	
	0.831736	
	0.822825	
	0.762186	
	0.693676	
	0.800378	
	0.825237	
	0.846533	
	0.848188	
	0.825447	
	0.822002	
	0.812645	
	0.821804	
	0.827711	
	0.846417	
	0.871654	
	0.848565	
	0.822019	
	0.811269	
	0.796616	
	0.782551	
	0.742703	
	0.698270	
	0.702227	
	0.748627	
	0.799493	
	0.802168	
	0.759197	
	0.725230	
	0.692780	
	0.676256	
	0.688346	
	0.791039	
	0.870652	
	0.897349	
	0.905609	
	0.937802	
	0.915501	
	0.896307	
	0.917902	
	0.926335	
	0.905388	
	0.892731	
	0.929268	
	0.936916	
	0.912918	
	0.926497	
	0.956065	
	0.942286	
	0.923078	
	0.902251	
	0.904557	
	0.883181	
	0.883178	
	0.937374	
	0.940167	
	0.940104	
	0.940762	
	0.934111	
	0.931724	
	0.928181	
	0.720163	
	0.807659	
	0.878343	
	0.891600	
	0.869043	
	0.782541	
	0.707051	
	0.651429	
	0.802228	
	0.804190	
	0.824274	
	0.784280	
	0.734701	
	0.750798	
	0.828263	
	0.703692	
	0.672421	
	0.669204	
	0.675400	
	0.695393	
	0.701750	
	0.688885	
	0.689606	
	0.685678	
	0.705002	
	0.754275	
	0.797393	
	0.809957	
	0.728509	
	0.642311	
	0.729068	
	0.739305	
	0.775018	
	0.774160	
	0.763179	
	0.774278	
	0.777210	
	0.746019	
	0.768624	
	0.769309	
	0.761390	
	0.751664	
	0.742801	
	0.717568	
	0.735832	
	0.720578	
	0.719817	
	0.712403	
	0.694741	
	0.700562	
	0.687602	
	0.680256	
	0.718898	
	0.646842	
	0.629128	
	0.666024	
	0.642050	
	0.641541	
	0.633847	
	0.639300	
	0.629721	
	0.595039	
	0.598295	
	0.615069	
	0.623796	
	0.598681	
	0.593046	
	0.591140	
	0.593337	
	0.609400	
	0.601654	
	0.593342	
	0.606943	
	0.610546	
	0.597843	
	0.602717	
	0.607766	
	0.558234	
	0.546195	
	0.554285	
	0.555346	
	0.534467	
	0.544800	
	0.550612	
	0.572155	
	0.528956	
	0.579630	
	0.597570	
	0.557983	
	0.577065	
	0.603327	
	0.580171	
	0.584432	
	0.572115	
	0.563541	
	0.564707	
	0.567361	
	0.598184	
	0.594682	
	0.637321	
	0.757802	
	0.834197	
	0.803332	
	0.784168	
	0.805444	
	0.675639	
	0.608460	
	0.631177	
	0.704183	
	0.731520	
	0.727477	
	0.781868	
	0.778035	
	0.798330	
	0.796881	
	0.806500	
	0.783958	
	0.783931	
	0.771728	
	0.755720	
	0.781983	
	0.790122	
	0.862850	
	0.886516	
	0.825981	
	0.678100	
	0.662628	
	0.739335	
	0.660925	
	0.693183	
	0.699919	
	0.719026	
	0.728855	
	0.714270	
	0.685415	
	0.684034	
	0.705771	
	0.683970	
	0.732887	
	0.722610	
	0.701904	
	0.683770	
	0.726207	
	0.787787	
	0.827172	
	0.821941	
	0.711950	
	0.620687	
	0.595931	
	0.633533	
	0.592813	
	0.603340	
	0.611543	
	0.655122	
	0.595547	
	0.612261	
	0.636208	
	0.663915	
	0.660859	
	0.651642	
	0.604462	
	0.582471	
	0.624252	
	0.667144	
	0.689040	
	0.798105	
	0.729941	
	0.614000	
	0.732457	
	0.739947	
	0.609904	
	0.580492	
	0.625399	
	0.595211	
	0.629301	
	0.636779	
	0.647515	
	0.668409	
	0.645929	
	0.600894	
	0.641664	
	0.665369	
	0.647867	
	0.671593	
	0.684459	
	0.672019	
	0.655405	
	0.654893	
	0.713868	
	0.725231	
	0.703113	
	0.694552	
	0.677859	
	0.651662	
	0.703078	
	0.741440	
	0.745111	
	0.759197	
	0.761836	
	0.768567	
	0.768511	
	0.771178	
	0.749727	
	0.758170	
	0.754870	
	0.749868	
	0.755686	
	0.762130	
	0.729821	
	0.727635	
	0.744205	
	0.740928	
	0.740047	
	0.742260	
	0.729915	
	0.730176	
	0.719105	
	0.714791	
	0.702639	
	0.699374	
	0.702039	
	0.684631	
	0.660948	
	0.681099	
	0.678703	
	0.665660	
	0.631117	
	0.622313	
	0.632941	
	0.634467	
	0.666859	
	0.622205	
	0.627573	
	0.612840	
	0.590345	
	0.580870	
	0.565930	
	0.542499	
	0.592254	
	0.603429	
	0.607555	
	0.591170	
	0.554683	
	0.562065	
	0.552218	
	0.559124	
	0.539352	
	0.520752	
	0.517587	
	0.512070	
	0.511678	
	0.523671	
	0.517364	
	0.503317	
	0.514344	
	0.559359	
	0.544120	
	0.553440	
	0.535493	
	0.510528	
	0.514253	
	0.518130	
	0.516155	
	0.564033	
	0.535621	
	0.518626	
	0.541655	
	0.524330	
	0.480463	
	0.463295	
	0.473407	
	0.441840	
	0.496278	
	0.491447	
	0.486841	
	0.565200	
	0.555925	
	0.557524	
	0.514631	
	0.518642	
	0.517003	
	0.534225	
	0.519271	
	0.535716	
	0.545241	
	0.542761	
	0.539269	
	0.574785	
	0.553078	
	0.533408	
	0.516902	
	0.511280	
	0.522803	
	0.500921	
	0.536936	
	0.540583	
	0.506271	
	0.537665	
	0.510205	
	0.481040	
	0.431323	
	0.429404	
	0.409796	
	0.397086	
	0.449319	
	0.439597	
	0.383754	
	0.514561	
	NaN	
	NaN	
	NaN	
	NaN	
	NaN	
	NaN	
	NaN	
	NaN	
	NaN	
	NaN	
	NaN	
	NaN	
	NaN	
	NaN	
	NaN	
	NaN	
	NaN	
	NaN	
	NaN	
	NaN	
	NaN	
	NaN	
	NaN	
	NaN	
	NaN	
	NaN	
	NaN	
	NaN	
	NaN	
	NaN	
	NaN	
	NaN	
	NaN	
	NaN	
	NaN	
	NaN	
	NaN	
	NaN	
	NaN	
	NaN	
	NaN	
	NaN	
	NaN	
	NaN	
	NaN	
	NaN	
	NaN	
	NaN	
	NaN	
	NaN	
	NaN	
	NaN	
	NaN	
	NaN	
	NaN	
	NaN	
	NaN	
	NaN	
	NaN	
	NaN	
	NaN	
	NaN	
	NaN	
	NaN	
	NaN	
	NaN	
	NaN	
	NaN	
	NaN	
	NaN	
	NaN	
	NaN	
	NaN	
	NaN	
	NaN	
	NaN	
	NaN	
	NaN	
	NaN	
	NaN	
	NaN	
