_Mode		
	0.032828	
	-0.058082	
	-0.072764	
	-0.054594	
	0.062841	
	-0.104156	
	0.053683	
	-0.056730	
	-0.169816	
	0.111674	
	-0.100370	
	-0.020958	
	0.103164	
	-0.151847	
	-0.096240	
	0.136463	
	0.112022	
	-0.280747	
	-0.056106	
	0.026052	
	0.114674	
	0.055586	
	-0.112801	
	-0.051721	
	0.003841	
	-0.068911	
	0.103140	
	0.014119	
	-0.052256	
	-0.183027	
	-0.174691	
	-0.069267	
	-0.090808	
	0.016815	
	-0.158717	
	-0.054300	
	0.046760	
	0.000938	
	0.086748	
	-0.080201	
	0.049899	
	-0.078833	
	0.004641	
	-0.094222	
	-0.064038	
	-0.175416	
	-0.159239	
	-0.012965	
	-0.054037	
	0.034729	
	-0.058566	
	-0.104420	
	-0.042260	
	-0.107960	
	-0.090446	
	0.053269	
	-0.167566	
	-0.057023	
	0.045875	
	-0.033882	
	0.028764	
	-0.018908	
	0.077167	
	0.030190	
	-0.060711	
	-0.128500	
	0.007362	
	-0.140982	
	0.012387	
	0.054172	
	0.001259	
	-0.005862	
	0.001825	
	-0.325428	
	-0.125868	
	-0.161110	
	-0.065656	
	0.018582	
	-0.234593	
	-0.017985	
	-0.085430	
	-0.054342	
	-0.105905	
	0.061535	
	-0.039800	
	-0.102971	
	0.006749	
	-0.049574	
	-0.140112	
	-0.036294	
	-0.021501	
	-0.231281	
	-0.025087	
	0.027035	
	0.019348	
	-0.033715	
	-0.021497	
	-0.004696	
	-0.131760	
	-0.145477	
	0.022654	
	-0.162374	
	-0.127670	
	-0.150915	
	-0.241061	
	-0.058799	
	-0.090292	
	-0.006926	
	0.100268	
	-0.022703	
	-0.108917	
	-0.181151	
	-0.269940	
	-0.108051	
	-0.002675	
	-0.080827	
	-0.131809	
	-0.036749	
	-0.038780	
	-0.155018	
	-0.115861	
	-0.156367	
	-0.100945	
	0.042213	
	0.095681	
	-0.180572	
	-0.007338	
	-0.022664	
	-0.151509	
	-0.049871	
	-0.068922	
	-0.076561	
	-0.103547	
	-0.103666	
	-0.185162	
	-0.101007	
	-0.102249	
	-0.174431	
	0.110186	
	-0.114925	
	-0.208799	
	-0.026330	
	-0.083389	
	-0.043671	
	-0.256195	
	-0.102366	
	-0.136400	
	-0.041650	
	-0.165918	
	-0.057654	
	-0.037535	
	0.006717	
	-0.129315	
	-0.183217	
	-0.070210	
	-0.025419	
	-0.012951	
	0.116721	
	0.009920	
	-0.169862	
	0.072423	
	-0.229002	
	-0.088559	
	0.090715	
	-0.069661	
	0.001246	
	-0.139868	
	-0.362894	
	0.033847	
	0.017011	
	-0.175728	
	-0.198136	
	-0.189220	
	-0.097647	
	-0.101466	
	-0.038479	
	-0.029223	
	-0.002761	
	0.156917	
	0.012515	
	-0.151221	
	0.093182	
	0.040320	
	0.025368	
	-0.024340	
	-0.078097	
	-0.040795	
	-0.123790	
	-0.035174	
	-0.029443	
	-0.210804	
	0.001738	
	0.068616	
	-0.095862	
	-0.054518	
	0.019664	
	0.056922	
	0.065020	
	-0.202069	
	-0.007176	
	-0.123761	
	-0.002213	
	-0.006453	
	0.000341	
	-0.036203	
	-0.038969	
	0.047590	
	-0.054886	
	0.073675	
	-0.186392	
	-0.139933	
	-0.030360	
	-0.114851	
	-0.038723	
	-0.244303	
	0.141771	
	0.098775	
	0.131451	
	-0.008513	
	-0.019907	
	-0.144311	
	-0.105151	
	0.057257	
	0.051704	
	0.036699	
	-0.100607	
	0.083863	
	-0.014188	
	-0.109616	
	-0.000634	
	-0.045085	
	-0.080033	
	-0.002291	
	-0.024657	
	-0.087054	
	-0.011045	
	0.089430	
	0.046092	
	-0.125762	
	-0.049958	
	-0.069865	
	-0.329549	
	0.029817	
	-0.081593	
	-0.054369	
	-0.029392	
	-0.100500	
	-0.192530	
	-0.138545	
	0.000861	
	-0.075870	
	-0.041498	
	-0.101756	
	0.014162	
	-0.110206	
	-0.159567	
	-0.065623	
	-0.085654	
	-0.103852	
	-0.048128	
	-0.130959	
	-0.128596	
	-0.074151	
	0.082337	
	-0.073430	
	-0.050810	
	-0.026606	
	-0.048361	
	-0.050223	
	-0.109874	
	-0.149193	
	-0.307257	
	-0.029815	
	0.111214	
	-0.003792	
	0.052526	
	-0.211263	
	-0.246503	
	-0.144786	
	0.104176	
	-0.161681	
	-0.173750	
	-0.176238	
	-0.140401	
	-0.187217	
	0.016348	
	0.019643	
	-0.080148	
	-0.172748	
	-0.147898	
	-0.134879	
	0.014196	
	-0.079666	
	-0.020946	
	0.022684	
	-0.070018	
	0.036741	
	-0.107514	
	-0.084024	
	0.006423	
	0.092907	
	-0.092624	
	-0.063739	
	-0.057929	
	-0.177194	
	0.007198	
	-0.291025	
	-0.057847	
	-0.172088	
	-0.187020	
	-0.084675	
	-0.119375	
	-0.138442	
	0.006729	
	-0.057231	
	-0.079444	
	0.005127	
	-0.122231	
	-0.099773	
	-0.083878	
	-0.084783	
	-0.196834	
	-0.303935	
	-0.033180	
	-0.060806	
	0.009396	
	-0.183674	
	0.099390	
	-0.156071	
	-0.119770	
	0.076741	
	-0.092934	
	-0.012493	
	-0.058349	
	-0.009791	
	-0.122032	
	0.025355	
	-0.058577	
	-0.209763	
	-0.139399	
	0.042603	
	0.016888	
	-0.088737	
	-0.128538	
	0.007627	
	-0.055611	
	-0.100137	
	-0.100657	
	-0.041101	
	-0.296124	
	0.036304	
	0.025680	
	-0.097262	
	-0.001613	
	-0.105227	
	-0.225067	
	-0.172116	
	-0.110177	
	-0.029229	
	-0.069163	
	-0.104680	
	-0.002537	
	-0.191524	
	-0.119786	
	-0.075243	
	-0.124556	
	-0.068256	
	-0.077658	
	0.069863	
	0.035305	
	-0.048771	
	-0.034254	
	-0.104601	
	0.001832	
	-0.125922	
	-0.073544	
	-0.066172	
	-0.072520	
	0.040537	
	-0.354238	
	-0.057465	
	0.070891	
	0.080204	
	0.089568	
	-0.210667	
	-0.192502	
	-0.162922	
	0.003647	
	-0.144772	
	-0.186244	
	-0.106035	
	0.015810	
	-0.123620	
	-0.008505	
	-0.032665	
	-0.077065	
	-0.196842	
	-0.219707	
	-0.105319	
	-0.065978	
	-0.028434	
	0.040153	
	-0.002760	
	-0.015083	
	0.080614	
	-0.036228	
	0.038941	
	0.054588	
	-0.095895	
	-0.033922	
	-0.009040	
	-0.078932	
	0.023810	
	-0.007756	
	-0.228277	
	-0.076420	
	-0.074265	
	-0.073841	
	-0.066046	
	-0.239663	
	-0.018088	
	-0.042348	
	-0.109450	
	-0.114851	
	-0.113180	
	-0.145803	
	-0.123556	
	-0.278619	
	-0.110606	
	0.000000	
	0.000000	
