_Brightness		
	NaN	
	NaN	
	NaN	
	NaN	
	NaN	
	NaN	
	NaN	
	NaN	
	NaN	
	NaN	
	NaN	
	NaN	
	NaN	
	NaN	
	NaN	
	NaN	
	NaN	
	NaN	
	NaN	
	NaN	
	NaN	
	NaN	
	NaN	
	NaN	
	NaN	
	NaN	
	NaN	
	NaN	
	NaN	
	NaN	
	NaN	
	0.643866	
	0.772610	
	0.774590	
	0.741468	
	0.872918	
	0.812383	
	0.726020	
	0.711963	
	0.659080	
	0.607179	
	0.594726	
	0.584619	
	0.565940	
	0.512578	
	0.539701	
	0.556481	
	0.627198	
	0.606992	
	0.568112	
	0.557991	
	0.581790	
	0.577090	
	0.542337	
	0.601015	
	0.631565	
	0.646403	
	0.644639	
	0.662313	
	0.915486	
	0.911562	
	0.892218	
	0.857835	
	0.821413	
	0.842645	
	0.832385	
	0.826181	
	0.824762	
	0.818497	
	0.789819	
	0.693507	
	0.708587	
	0.726878	
	0.733711	
	0.738027	
	0.739923	
	0.743709	
	0.752777	
	0.749022	
	0.739067	
	0.764613	
	0.791307	
	0.671798	
	0.718636	
	0.703462	
	0.684583	
	0.714313	
	0.776564	
	0.786625	
	0.797058	
	0.794720	
	0.800782	
	0.815861	
	0.789743	
	0.778877	
	0.803848	
	0.812785	
	0.790787	
	0.749043	
	0.769833	
	0.730890	
	0.699645	
	0.800460	
	0.753086	
	0.686556	
	0.643837	
	0.594155	
	0.589792	
	0.561205	
	0.575779	
	0.529799	
	0.542340	
	0.567242	
	0.553024	
	0.603538	
	0.692110	
	0.669820	
	0.670246	
	0.621355	
	0.600541	
	0.695635	
	0.644588	
	0.585695	
	0.688662	
	0.587263	
	0.559606	
	0.573448	
	0.623893	
	0.673268	
	0.707294	
	0.702092	
	0.661081	
	0.667690	
	0.685731	
	0.696560	
	0.657136	
	0.776186	
	0.723044	
	0.723563	
	0.734635	
	0.772601	
	0.755266	
	0.749063	
	0.768900	
	0.771685	
	0.779139	
	0.875647	
	0.857625	
	0.799135	
	0.779309	
	0.782576	
	0.769692	
	0.750155	
	0.754106	
	0.765641	
	0.774611	
	0.801318	
	0.911311	
	0.879633	
	0.825559	
	0.795280	
	0.811836	
	0.816581	
	0.827243	
	0.830367	
	0.826712	
	0.806271	
	0.819059	
	0.700244	
	0.510466	
	0.560911	
	0.616175	
	0.637594	
	0.637789	
	0.641839	
	0.704701	
	0.674755	
	0.646917	
	0.616762	
	0.662557	
	0.635560	
	0.622010	
	0.618037	
	0.616164	
	0.577231	
	0.535063	
	0.507574	
	0.463528	
	0.459630	
	0.732068	
	0.860051	
	0.830368	
	0.713102	
	0.670672	
	0.733378	
	0.696151	
	0.670570	
	0.705765	
	0.710006	
	0.719689	
	0.694330	
	0.830325	
	0.723640	
	0.693293	
	0.630663	
	0.675412	
	0.619415	
	0.614764	
	0.644912	
	0.678194	
	0.726165	
	0.749841	
	0.773590	
	0.642949	
	0.554801	
	0.599536	
	0.587370	
	0.584950	
	0.586740	
	0.591855	
	0.583076	
	0.614021	
	0.611375	
	0.659822	
	0.649667	
	0.634541	
	0.647931	
	0.677391	
	0.652913	
	0.680476	
	0.693831	
	0.707067	
	0.706819	
	0.877507	
	0.939636	
	0.918435	
	0.885716	
	0.857374	
	0.866040	
	0.862187	
	0.846923	
	0.811977	
	0.817143	
	0.837472	
	0.841477	
	0.734552	
	0.733116	
	0.731482	
	0.736359	
	0.751111	
	0.737184	
	0.685164	
	0.699398	
	0.734958	
	0.744290	
	0.844330	
	0.682067	
	0.627515	
	0.689732	
	0.697155	
	0.724234	
	0.707506	
	0.750146	
	0.783327	
	0.755023	
	0.760157	
	0.827387	
	0.813364	
	0.784014	
	0.796696	
	0.799727	
	0.828258	
	0.817368	
	0.823852	
	0.777381	
	0.746128	
	0.778917	
	0.837507	
	0.620815	
	0.580604	
	0.601718	
	0.638301	
	0.600637	
	0.554484	
	0.566069	
	0.507498	
	0.592053	
	0.592291	
	0.746543	
	0.761431	
	0.732733	
	0.686711	
	0.705899	
	0.713031	
	0.656682	
	0.767412	
	0.653561	
	0.666071	
	0.763469	
	0.780994	
	0.674178	
	0.634628	
	0.747616	
	0.743508	
	0.745170	
	0.726134	
	0.718590	
	0.723048	
	0.715169	
	0.720353	
	0.746093	
	0.741879	
	0.770012	
	0.769685	
	0.733032	
	0.778351	
	0.758221	
	0.784397	
	0.776832	
	0.792642	
	0.774313	
	0.784659	
	0.798495	
	0.789911	
	0.779474	
	0.782456	
	0.773224	
	0.796569	
	0.791661	
	0.816286	
	0.811280	
	0.798661	
	0.771304	
	0.812806	
	0.793471	
	0.795085	
	0.788923	
	0.794783	
	0.778387	
	0.744769	
	0.778789	
	0.776395	
	0.773765	
	0.790007	
	0.729609	
	0.719615	
	0.693354	
	0.707729	
	0.638775	
	0.626448	
	0.594699	
	0.538692	
	0.592559	
	0.614240	
	0.630866	
	0.568669	
	0.525067	
	0.509169	
	0.527236	
	0.503415	
	0.473400	
	0.470119	
	0.503140	
	0.507277	
	0.563239	
	0.658971	
	0.596192	
	0.585195	
	0.594347	
	0.588942	
	0.579346	
	0.575588	
	0.578816	
	0.630272	
	0.665387	
	0.604545	
	0.614967	
	0.598687	
	0.610858	
	0.602952	
	0.595009	
	0.567779	
	0.584625	
	0.533661	
	0.490416	
	0.523272	
	0.554784	
	0.576852	
	0.846792	
	0.686282	
	0.640048	
	0.572211	
	0.605654	
	0.584225	
	0.581201	
	0.545347	
	0.531516	
	0.503654	
	0.527867	
	0.532837	
	0.507351	
	0.484415	
	0.417061	
	0.377486	
	0.384001	
	0.374743	
	0.376273	
	0.375767	
	0.366811	
	0.565727	
	0.937789	
	0.957594	
	0.955324	
	0.925711	
	0.907004	
	0.928043	
	0.918622	
	0.901335	
	0.829008	
	0.796138	
	0.862621	
	0.774886	
	0.652998	
	0.617767	
	0.592867	
	0.590834	
	0.569077	
	0.525854	
	0.534873	
	0.483280	
	0.479744	
	0.501993	
	0.796163	
	0.661109	
	0.646501	
	0.600986	
	0.565564	
	0.576316	
	0.607540	
	0.701810	
	0.646134	
	0.647488	
	0.657115	
	0.752131	
	0.741596	
	0.664757	
	0.614998	
	0.614478	
	0.623606	
	0.587694	
	0.590942	
	0.616822	
	0.622402	
	0.818717	
	0.830640	
	0.665633	
	0.593705	
	0.516958	
	0.521686	
	0.428675	
	0.455679	
	0.388315	
	0.368725	
	0.379675	
	0.372411	
	0.707819	
	0.645869	
	0.448058	
	0.648701	
	0.446362	
	0.513792	
	0.738151	
	0.415487	
	0.538982	
	0.686888	
	0.637312	
	0.817383	
	0.596723	
	0.447772	
	0.412241	
	0.491097	
	0.449086	
	0.507733	
	0.387717	
	0.370679	
	0.385057	
	0.362107	
	0.379158	
	0.710711	
	0.553343	
	0.408656	
	0.412160	
	0.405788	
	0.352620	
	0.342218	
	0.307317	
	0.437999	
	0.732103	
	0.801858	
	0.808394	
	0.710644	
	0.611517	
	0.623989	
	0.623863	
	0.585287	
	0.616545	
	0.604004	
	0.562856	
	0.722910	
	0.883945	
	0.824261	
	0.768408	
	0.732939	
	0.703001	
	0.711156	
	0.708793	
	0.683741	
	0.698983	
	0.683702	
	0.759561	
	0.632161	
	0.574554	
	0.586089	
	0.507793	
	0.533221	
	0.532008	
	0.539525	
	0.531068	
	0.567762	
	0.488465	
	0.556255	
	0.614053	
	0.560356	
	0.483026	
	0.487741	
	0.501351	
	0.432865	
	0.370680	
	0.424157	
	0.398417	
	0.475089	
	0.831501	
	0.791320	
	0.721050	
	0.578777	
	0.618289	
	0.709209	
	0.637992	
	0.641728	
	0.639760	
	0.651183	
	0.636316	
	0.738343	
	0.709660	
	0.665146	
	0.634155	
	0.684292	
	0.682077	
	0.658530	
	0.678062	
	0.671502	
	0.655510	
	0.665750	
	0.784418	
	0.618295	
	0.572243	
	0.518463	
	0.499910	
	0.493783	
	0.491097	
	0.460441	
	0.432652	
	0.424078	
	0.410180	
	0.599320	
	0.470211	
	0.391466	
	0.359011	
	0.364871	
	0.364889	
	0.350221	
	0.342387	
	0.355168	
	0.393897	
	0.728710	
	0.958460	
	0.956629	
	0.953273	
	0.919640	
	0.910789	
	0.910554	
	0.890636	
	0.857647	
	0.817589	
	0.757396	
	0.795443	
	0.796783	
	0.698136	
	0.607026	
	0.567366	
	0.529099	
	0.536304	
	0.478436	
	0.524299	
	0.443004	
	0.429436	
	0.452535	
	0.735443	
	0.713080	
	0.601024	
	0.529732	
	0.505031	
	0.516219	
	0.505864	
	0.530738	
	0.535270	
	0.550952	
	0.555940	
	0.722969	
	0.742025	
	0.655625	
	0.617360	
	0.604577	
	0.554275	
	0.550590	
	0.555609	
	0.562282	
	0.583296	
	0.703993	
	0.811189	
	0.675816	
	0.663027	
	0.596245	
	0.559176	
	0.508255	
	0.527725	
	0.456138	
	0.415097	
	0.399280	
	0.398236	
	0.654920	
	0.717270	
	0.642174	
	0.782149	
	0.668155	
	0.819533	
	0.859087	
	0.663925	
	0.860105	
	0.831205	
	0.751286	
	0.768869	
	0.539093	
	0.563801	
	0.514627	
	0.456613	
	0.445304	
	0.478279	
	0.404720	
	0.373150	
	0.395163	
	0.362837	
	0.391241	
	0.585247	
	0.396506	
	0.347555	
	0.345359	
	0.342699	
	0.342667	
	0.332999	
	0.320805	
	0.429589	
	0.720198	
	0.784907	
	0.852392	
	0.799016	
	0.653706	
	0.557331	
	0.565957	
	0.604595	
	0.599015	
	0.627232	
	0.654067	
	0.859398	
	0.841085	
	0.883408	
	0.692679	
	0.595613	
	0.621013	
	0.642776	
	0.652767	
	0.666976	
	0.705272	
	0.717920	
	0.744787	
	0.772911	
	0.675913	
	0.596166	
	0.624547	
	0.645702	
	0.666627	
	0.689298	
	0.686463	
	0.669661	
	0.673615	
	0.704344	
	0.640341	
	0.690911	
	0.654972	
	0.634312	
	0.618997	
	0.605177	
	0.603208	
	0.606531	
	0.568664	
	0.546457	
	0.674586	
	0.818825	
	0.787113	
	0.722558	
	0.631624	
	0.625052	
	0.653022	
	0.605256	
	0.613330	
	0.626270	
	0.639655	
	0.696717	
	0.717465	
	0.756281	
	0.712603	
	0.742834	
	0.750286	
	0.760538	
	0.801669	
	0.818911	
	0.825454	
	0.791800	
	0.784486	
	0.808350	
	0.770843	
	0.671865	
	0.702996	
	0.608637	
	0.621815	
	0.631370	
	0.606396	
	0.606370	
	0.596209	
	0.608981	
	0.617132	
	0.699988	
	0.659529	
	0.627763	
	0.644261	
	0.633644	
	0.623862	
	0.602562	
	0.621076	
	0.633522	
	0.639670	
	0.675442	
	0.916935	
	0.917250	
	0.901274	
	0.884962	
	0.860435	
	0.876063	
	0.840347	
	0.829703	
	0.786691	
	0.764570	
	0.780147	
	0.772880	
	0.700120	
	0.666148	
	0.680242	
	0.641689	
	0.639898	
	0.618853	
	0.603728	
	0.610204	
	0.594743	
	0.614411	
	0.788644	
	0.701727	
	0.691185	
	0.612278	
	0.614322	
	0.592669	
	0.615013	
	0.690047	
	0.714971	
	0.735491	
	0.702337	
	0.770758	
	0.679306	
	0.648864	
	0.698047	
	0.677443	
	0.591272	
	0.588905	
	0.543258	
	0.498478	
	0.562104	
	0.742675	
	0.810352	
	0.667435	
	0.597092	
	0.512103	
	0.495368	
	0.459892	
	0.436181	
	0.413466	
	0.415618	
	0.458488	
	0.423060	
	0.711938	
	0.542598	
	0.527510	
	0.639381	
	0.459440	
	0.556062	
	0.670871	
	0.440757	
	0.556317	
	0.661329	
	0.569495	
	0.790618	
	0.530916	
	0.552139	
	0.455485	
	0.446634	
	0.448690	
	0.448444	
	0.411030	
	0.453869	
	0.460299	
	0.415113	
	0.544786	
	0.673481	
	0.457960	
	0.392447	
	0.387280	
	0.357094	
	0.364844	
	0.327450	
	0.326561	
	0.346381	
	0.688821	
	0.794969	
	0.757891	
	0.615214	
	0.486040	
	0.492945	
	0.501005	
	0.525094	
	0.529873	
	0.545634	
	0.552387	
	0.681976	
	0.867477	
	0.784049	
	0.720306	
	0.718580	
	0.743181	
	0.725799	
	0.730783	
	0.739358	
	0.717303	
	0.710953	
	0.734915	
	0.653316	
	0.614741	
	0.584104	
	0.564105	
	0.563071	
	0.543082	
	0.560543	
	0.567376	
	0.514401	
	0.527413	
	0.585182	
	0.633599	
	0.565604	
	0.554340	
	0.571679	
	0.587960	
	0.590141	
	0.567046	
	0.589766	
	0.561574	
	0.614590	
	0.811396	
	0.833227	
	0.815755	
	0.712026	
	0.660950	
	0.749354	
	0.724168	
	0.717477	
	0.742796	
	0.743706	
	0.669621	
	0.534959	
	0.694292	
	0.595299	
	0.565456	
	0.588973	
	0.606516	
	0.601740	
	0.623705	
	0.632449	
	0.659865	
	0.678940	
	0.730346	
	0.828163	
	0.654377	
	0.654786	
	0.636698	
	0.605950	
	0.616793	
	0.607092	
	0.602447	
	0.626297	
	0.642512	
	0.648776	
	0.724826	
	0.672528	
	0.647279	
	0.698763	
	0.663113	
	0.668050	
	0.675607	
	0.611514	
	0.611768	
	0.657936	
	0.853890	
	0.886763	
	0.870032	
	0.802730	
	0.758121	
	0.781109	
	0.787077	
	0.786469	
	0.760018	
	0.710022	
	0.628707	
	0.704363	
	0.802404	
	0.680271	
	0.671592	
	0.716104	
	0.679424	
	0.617148	
	0.558647	
	0.621625	
	0.674608	
	0.681350	
	0.677123	
	0.738887	
	0.791347	
	0.619581	
	0.584871	
	0.630660	
	0.683987	
	0.656054	
	0.655868	
	0.625505	
	0.621420	
	0.627559	
	0.744140	
	0.830228	
	0.761256	
	0.670830	
	0.631775	
	0.605850	
	0.580710	
	0.670486	
	0.685374	
	0.624137	
	0.787514	
	0.763199	
	0.722681	
	0.608667	
	0.556553	
	0.534370	
	0.506504	
	0.453011	
	0.426723	
	0.417274	
	0.379978	
	0.397048	
	0.592054	
	0.625755	
	0.623100	
	0.468867	
	0.659490	
	0.519156	
	0.670538	
	0.765749	
	0.523221	
	0.802298	
	0.609678	
	0.714805	
	0.674386	
	0.513800	
	0.484755	
	0.486419	
	0.477735	
	0.433831	
	0.458566	
	0.444834	
	0.396904	
	0.376468	
	0.603061	
	0.586788	
	0.396480	
	0.344612	
	0.376311	
	0.330656	
	0.303872	
	0.314505	
	0.305360	
	0.313451	
	0.393488	
	0.756106	
	0.856398	
	0.790156	
	0.627766	
	0.539149	
	0.545855	
	0.507303	
	0.446604	
	0.443028	
	0.426884	
	0.635340	
	0.865313	
	0.834800	
	0.784274	
	0.762093	
	0.761592	
	0.799161	
	0.818544	
	0.809970	
	0.804910	
	0.796826	
	0.807428	
	0.779429	
	0.585013	
	0.562959	
	0.580331	
	0.594238	
	0.606826	
	0.584880	
	0.556185	
	0.560820	
	0.574342	
	0.602032	
	0.631980	
	0.623374	
	0.598244	
	0.587161	
	0.563406	
	0.572667	
	0.580006	
	0.558733	
	0.582223	
	0.612943	
	0.634411	
	0.790974	
	0.809090	
	0.742341	
	0.640668	
	0.640954	
	0.638873	
	0.584708	
	0.630702	
	0.628476	
	0.680051	
	0.692796	
	0.750653	
	0.803016	
	0.730703	
	0.697447	
	0.702145	
	0.672577	
	0.659053	
	0.685911	
	0.669169	
	0.678150	
	0.678533	
	0.755276	
	0.698247	
	0.631995	
	0.633173	
	0.619511	
	0.624612	
	0.605714	
	0.604326	
	0.588696	
	0.578331	
	0.588586	
	0.670711	
	0.622647	
	0.607682	
	0.611022	
	0.626341	
	0.628152	
	0.613333	
	0.593827	
	0.537193	
	0.583192	
	0.698212	
	0.916794	
	0.916921	
	0.890610	
	0.832805	
	0.796647	
	0.844000	
	0.824070	
	0.819694	
	0.814825	
	0.819465	
	0.787147	
	0.807198	
	0.703350	
	0.629199	
	0.565041	
	0.464845	
	0.472118	
	0.433792	
	0.435808	
	0.373216	
	0.386281	
	0.482456	
	0.715998	
	0.609211	
	0.470288	
	0.386050	
	0.383530	
	0.324028	
	0.300848	
	0.316089	
	0.350738	
	0.356913	
	0.409237	
	0.521209	
	0.466339	
	0.530333	
	0.537205	
	0.482981	
	0.407564	
	0.389454	
	0.398343	
	0.368233	
	0.428031	
	0.685817	
	0.741594	
	0.636125	
	0.570671	
	0.482725	
	0.480039	
	0.463371	
	0.453733	
	0.433418	
	0.472536	
	0.487680	
	0.479162	
	0.609707	
	0.620924	
	0.430893	
	0.563147	
	0.499244	
	0.397423	
	0.624096	
	0.564504	
	0.450114	
	0.658282	
	0.506134	
	0.660976	
	0.601273	
	0.512096	
	0.495733	
	0.513541	
	0.490576	
	0.420670	
	0.420326	
	0.397334	
	0.387599	
	0.379010	
	0.596938	
	0.652378	
	0.425399	
	0.355640	
	0.386887	
	0.355551	
	0.350528	
	0.339369	
	0.339038	
	0.325333	
	0.367453	
	0.827560	
	0.881029	
	0.726959	
	0.598893	
	0.594835	
	0.584926	
	0.541043	
	0.481736	
	0.550760	
	0.915067	
	0.818603	
	0.755054	
	0.741752	
	0.649549	
	0.626777	
	0.587069	
	0.620892	
	0.604329	
	0.594293	
	0.617529	
	0.640270	
	0.797041	
	0.754884	
	0.541649	
	0.487777	
	0.444565	
	0.446800	
	0.417053	
	0.406599	
	0.336357	
	0.342814	
	0.294403	
	0.357664	
	0.469516	
	0.395407	
	0.308942	
	0.334307	
	0.298495	
	0.273627	
	0.243194	
	0.208453	
	0.262501	
	0.449001	
	0.644422	
	0.823701	
	0.659555	
	0.486774	
	0.317915	
	0.379691	
	0.477285	
	0.331729	
	0.377975	
	0.435825	
	0.408721	
	0.376655	
	0.531169	
	0.369639	
	0.385206	
	0.362266	
	0.378756	
	0.495895	
	0.482651	
	0.578643	
	0.829442	
	0.876530	
	0.901740	
	0.892087	
	0.749423	
	0.735808	
	0.601426	
	0.568648	
	0.580278	
	0.522447	
	0.460063	
	0.494425	
	0.497171	
	0.498905	
	0.545677	
	0.563468	
	0.538590	
	0.509742	
	0.494492	
	0.500081	
	0.500848	
	0.462705	
	0.393203	
	0.346837	
	0.376921	
	0.601534	
	0.874770	
	0.830337	
	0.722026	
	0.564847	
	0.560612	
	0.576808	
	0.517365	
	0.478047	
	0.524689	
	0.506104	
	0.682688	
	0.611394	
	0.558818	
	0.436259	
	0.456340	
	0.425820	
	0.443583	
	0.383400	
	0.384182	
	0.417210	
	0.386917	
	0.612404	
	0.617785	
	0.477537	
	0.437456	
	0.408270	
	0.399151	
	0.388025	
	0.382610	
	0.407510	
	0.399059	
	0.399505	
	0.573234	
	0.542933	
	0.472080	
	0.442589	
	0.402052	
	0.378713	
	0.353499	
	0.336607	
	0.317973	
	0.400704	
	0.547252	
	0.741585	
	0.665352	
	0.574558	
	0.453000	
	0.418229	
	0.401350	
	0.377729	
	0.352008	
	0.397391	
	0.409694	
	0.401827	
	0.521301	
	0.512056	
	0.383400	
	0.346109	
	0.393013	
	0.309697	
	0.510524	
	0.448152	
	0.308960	
	0.588340	
	0.335544	
	0.453267	
	0.547042	
	0.409317	
	0.324969	
	0.316701	
	0.326072	
	0.332406	
	0.306723	
	0.332576	
	0.297525	
	0.264458	
	0.381036	
	0.496695	
	0.335951	
	0.293161	
	0.310055	
	0.270527	
	0.266988	
	0.240405	
	0.290840	
	0.287610	
	0.276364	
	0.286969	
	0.762864	
	0.649610	
	0.419734	
	0.330938	
	0.346983	
	0.313137	
	0.272165	
	0.291648	
	0.267921	
	0.301449	
	0.559980	
	0.773392	
	0.622330	
	0.513580	
	0.451137	
	0.494548	
	0.433703	
	0.424069	
	0.490469	
	0.500491	
	0.498146	
	0.566854	
	0.590268	
	0.544902	
	0.423053	
	0.421720	
	0.382137	
	0.374778	
	0.401954	
	0.385530	
	0.388101	
	0.462840	
	0.566644	
	0.669833	
	0.528854	
	0.475642	
	0.442634	
	0.448961	
	0.467028	
	0.426668	
	0.395624	
	0.404339	
	0.426568	
	0.741759	
	0.860420	
	0.795310	
	0.636914	
	0.588852	
	0.596828	
	0.686572	
	0.652096	
	0.654395	
	0.674661	
	0.640360	
	0.740670	
	0.782622	
	0.631882	
	0.600078	
	0.604788	
	0.579211	
	0.569723	
	0.609889	
	0.576801	
	0.616841	
	0.609718	
	0.777473	
	0.809390	
	0.607838	
	0.572841	
	0.532992	
	0.537653	
	0.512043	
	0.477984	
	0.435549	
	0.433282	
	0.422357	
	0.471726	
	0.632263	
	0.433698	
	0.389386	
	0.372335	
	0.368776	
	0.370801	
	0.359776	
	0.358266	
	0.353521	
	0.381017	
	0.510691	
	0.962643	
	0.960497	
	0.941562	
	0.926421	
	0.895909	
	0.920615	
	0.899268	
	0.853620	
	0.770230	
	0.751836	
	0.800857	
	0.771723	
	0.578807	
	0.429802	
	0.462669	
	0.427031	
	0.394349	
	0.374190	
	0.392223	
	0.406611	
	0.465764	
	0.683548	
	0.765112	
	0.595255	
	0.474400	
	0.360576	
	0.402998	
	0.367523	
	0.372172	
	0.379286	
	0.398169	
	0.395962	
	0.422022	
	0.507952	
	0.367377	
	0.409499	
	0.372313	
	0.332978	
	0.337782	
	0.399458	
	0.337592	
	0.385408	
	0.404521	
	0.667444	
	0.631768	
	0.525495	
	0.408460	
	0.393910	
	0.349468	
	0.329219	
	0.365016	
	0.325231	
	0.361699	
	0.344775	
	0.337589	
	0.446987	
	0.594272	
	0.486157	
	0.506435	
	0.473842	
	0.486284	
	0.613459	
	0.431394	
	0.530275	
	0.527267	
	0.508577	
	0.674878	
	0.530144	
	0.483282	
	0.463380	
	0.461648	
	0.400467	
	0.427182	
	0.445319	
	0.493477	
	0.416943	
	0.390983	
	0.676801	
	0.515041	
	0.398156	
	0.382579	
	0.409804	
	0.347361	
	0.318630	
	0.318897	
	0.428690	
	0.547657	
	0.605735	
	0.774434	
	0.693081	
	0.545731	
	0.426087	
	0.422913	
	0.417602	
	0.436877	
	0.425752	
	0.386829	
	0.461317	
	0.663748	
	0.780577	
	0.696651	
	0.643847	
	0.638017	
	0.611863	
	0.638911	
	0.660157	
	0.631749	
	0.620686	
	0.685429	
	0.605556	
	0.622240	
	0.481179	
	0.411105	
	0.381034	
	0.383404	
	0.384159	
	0.394301	
	0.370465	
	0.367753	
	0.353980	
	0.329949	
	0.395398	
	0.375076	
	0.301381	
	0.271683	
	0.263497	
	0.271314	
	0.241214	
	0.248429	
	0.244992	
	0.296237	
	0.491059	
	0.735272	
	0.675079	
	0.522546	
	0.387430	
	0.397245	
	0.439240	
	0.291731	
	0.291447	
	0.288291	
	0.312024	
	0.279925	
	0.542151	
	0.425667	
	0.368125	
	0.329870	
	0.343062	
	0.370213	
	0.487482	
	0.753047	
	0.760930	
	0.767004	
	0.792868	
	0.708962	
	0.772272	
	0.579248	
	0.442578	
	0.416425	
	0.446120	
	0.419410	
	0.372654	
	0.331709	
	0.344526	
	0.338340	
	0.428340	
	0.533501	
	0.379310	
	0.329247	
	0.355160	
	0.348869	
	0.356195	
	0.379724	
	0.389764	
	0.383839	
	0.437148	
	0.913526	
	0.948308	
	0.921833	
	0.882382	
	0.820544	
	0.853744	
	0.805749	
	0.796209	
	0.772808	
	0.717554	
	0.762762	
	0.849434	
	0.647684	
	0.617552	
	0.562486	
	0.559752	
	0.544106	
	0.514525	
	0.530442	
	0.520448	
	0.583201	
	0.648160	
	0.798250	
	0.703522	
	0.592016	
	0.519906	
	0.509080	
	0.508109	
	0.519397	
	0.561720	
	0.566676	
	0.550161	
	0.575269	
	0.739462	
	0.684227	
	0.630225	
	0.623575	
	0.623135	
	0.624019	
	0.589878	
	0.569030	
	0.575726	
	0.620254	
	0.812418	
	0.870924	
	0.709018	
	0.621145	
	0.505514	
	0.479234	
	0.460893	
	0.424370	
	0.413850	
	0.418342	
	0.404837	
	0.396050	
	0.607851	
	0.635820	
	0.701644	
	0.455940	
	0.644919	
	0.460675	
	0.440457	
	0.763483	
	0.459522	
	0.704160	
	0.582707	
	0.670111	
	0.657892	
	0.553533	
	0.501200	
	0.483470	
	0.501665	
	0.466279	
	0.429299	
	0.409490	
	0.402057	
	0.399252	
	0.402462	
	0.683704	
	0.513860	
	0.448651	
	0.415103	
	0.432020	
	0.401179	
	0.391363	
	0.355168	
	0.367088	
	0.405614	
	0.803680	
	0.881139	
	0.808450	
	0.624534	
	0.583004	
	0.599509	
	0.556415	
	0.507516	
	0.495819	
	0.472402	
	0.697329	
	0.890534	
	0.797834	
	0.692229	
	0.647972	
	0.642466	
	0.639311	
	0.622086	
	0.634359	
	0.572565	
	0.636554	
	0.655985	
	0.714339	
	0.558922	
	0.519575	
	0.533591	
	0.521477	
	0.549493	
	0.512204	
	0.479677	
	0.433529	
	0.473029	
	0.562867	
	0.724242	
	0.643690	
	0.552670	
	0.539222	
	0.536708	
	0.517557	
	0.536617	
	0.535840	
	0.505469	
	0.524209	
	0.675761	
	0.863092	
	0.836789	
	0.725680	
	0.589948	
	0.578743	
	0.714475	
	0.576667	
	0.550839	
	0.507813	
	0.586754	
	0.656556	
	0.788581	
	0.710562	
	0.646829	
	0.631217	
	0.639411	
	0.589744	
	0.623742	
	0.588037	
	0.623248	
	0.655541	
	0.692717	
	0.768883	
	0.707610	
	0.653496	
	0.544893	
	0.520567	
	0.532458	
	0.516516	
	0.494197	
	0.487747	
	0.494307	
	0.483595	
	0.717502	
	0.678547	
	0.514205	
	0.459770	
	0.496724	
	0.484868	
	0.461402	
	0.482383	
	0.490470	
	0.499242	
	0.500462	
	0.958258	
	0.956070	
	0.944345	
	0.911464	
	0.873160	
	0.905418	
	0.882626	
	0.858649	
	0.860117	
	0.868445	
	0.890187	
	0.833432	
	0.662773	
	0.649640	
	0.639382	
	0.662167	
	0.651366	
	0.584299	
	0.553691	
	0.574166	
	0.570797	
	0.609993	
	0.638986	
	0.702350	
	0.500440	
	0.438720	
	0.448062	
	0.469780	
	0.444721	
	0.462034	
	0.532835	
	0.527778	
	0.521423	
	0.661111	
	0.676054	
	0.587045	
	0.594386	
	0.709660	
	0.904469	
	0.939721	
	0.938701	
	0.946335	
	0.939653	
	0.942761	
	0.839728	
	0.644520	
	0.683431	
	0.712228	
	0.687184	
	0.680388	
	0.669459	
	0.660772	
	0.640113	
	0.664840	
	0.669621	
	0.715172	
	0.759978	
	0.677940	
	0.704407	
	0.671259	
	0.624836	
	0.707620	
	0.677512	
	0.568693	
	0.721670	
	0.576939	
	0.673362	
	0.598512	
	0.554939	
	0.532528	
	0.547239	
	0.527235	
	0.541786	
	0.527713	
	0.497806	
	0.506343	
	0.506119	
	0.717894	
	0.584087	
	0.541283	
	0.523698	
	0.522130	
	0.541670	
	0.552847	
	0.549962	
	0.538747	
	0.399923	
	0.370140	
	0.738082	
	0.676717	
	0.516997	
	0.404134	
	0.377839	
	0.365216	
	0.365051	
	0.346609	
	0.360682	
	0.414361	
	0.530052	
	0.769043	
	0.685694	
	0.619084	
	0.579349	
	0.608105	
	0.654239	
	0.609427	
	0.609042	
	0.623325	
	0.578307	
	0.580166	
	0.598800	
	0.477546	
	0.363856	
	0.351542	
	0.377929	
	0.327806	
	0.307417	
	0.306552	
	0.335241	
	0.355614	
	0.386174	
	0.541005	
	0.486422	
	0.376036	
	0.334788	
	0.371134	
	0.380745	
	0.347032	
	0.343460	
	0.363193	
	0.443074	
	0.729618	
	0.756369	
	0.720415	
	0.603115	
	0.408619	
	0.463647	
	0.525809	
	0.464076	
	0.463803	
	0.441481	
	0.434231	
	0.395233	
	0.558754	
	0.692122	
	0.597732	
	0.591836	
	0.625057	
	0.693552	
	0.583296	
	0.563841	
	0.689068	
	0.687402	
	0.766607	
	0.707079	
	0.698391	
	0.602729	
	0.465810	
	0.481780	
	0.488123	
	0.479737	
	0.482911	
	0.479629	
	0.453545	
	0.419795	
	0.655399	
	0.555507	
	0.438934	
	0.409775	
	0.454362	
	0.549887	
	0.776750	
	0.892534	
	0.915214	
	0.908767	
	0.832719	
	0.834391	
	0.830116	
	0.728066	
	0.611511	
	0.549508	
	0.572038	
	0.489126	
	0.508377	
	0.580535	
	0.605856	
	0.640559	
	0.705275	
	0.578668	
	0.507044	
	0.504574	
	0.518394	
	0.492817	
	0.479018	
	0.482180	
	0.454135	
	0.412979	
	0.441570	
	0.663025	
	0.667714	
	0.475297	
	0.400222	
	0.425895	
	0.420525	
	0.394140	
	0.393884	
	0.406298	
	0.408916	
	0.411371	
	0.562793	
	0.499108	
	0.414690	
	0.338999	
	0.313706	
	0.323083	
	0.360694	
	0.431505	
	0.507570	
	0.607600	
	0.653543	
	0.686123	
	0.687736	
	0.539764	
	0.539155	
	0.516419	
	0.526523	
	0.481971	
	0.461255	
	0.566892	
	0.535863	
	0.562365	
	0.617638	
	0.623359	
	0.507646	
	0.682550	
	0.479015	
	0.560912	
	0.409744	
	0.421739	
	0.642654	
	0.376408	
	0.672185	
	0.582912	
	0.496201	
	0.596468	
	0.411951	
	0.397279	
	0.401464	
	0.472017	
	0.736800	
	0.868124	
	0.875219	
	0.876990	
	0.890374	
	0.905294	
	0.905812	
	0.910106	
	0.865102	
	0.800886	
	0.738471	
	0.687223	
	0.615739	
	0.652411	
	0.693026	
	0.786120	
	0.874696	
	0.785240	
	0.682123	
	0.603453	
	0.601409	
	0.592854	
	0.612670	
	0.622152	
	0.616179	
	0.760854	
	0.733608	
	0.826283	
	0.688196	
	0.551887	
	0.539129	
	0.535323	
	0.539592	
	0.485062	
	0.494316	
	0.536833	
	0.562324	
	0.677124	
	0.551417	
	0.479779	
	0.450713	
	0.420603	
	0.404142	
	0.398925	
	0.394668	
	0.387268	
	0.441651	
	0.580752	
	0.548009	
	0.625195	
	0.481286	
	0.467314	
	0.448151	
	0.441757	
	0.427554	
	0.458841	
	0.449230	
	0.459234	
	0.683527	
	0.727824	
	0.874191	
	0.759494	
	0.575051	
	0.508533	
	0.586872	
	0.651779	
	0.494783	
	0.607117	
	0.637653	
	0.661068	
	0.731526	
	0.765347	
	0.628717	
	0.564561	
	0.560297	
	0.552037	
	0.537646	
	0.562732	
	0.607998	
	0.582868	
	0.599188	
	0.762587	
	0.773249	
	0.630584	
	0.544134	
	0.435182	
	0.448618	
	0.434702	
	0.413639	
	0.377958	
	0.384033	
	0.372670	
	0.505196	
	0.662279	
	0.461197	
	0.396921	
	0.396483	
	0.378291	
	0.347892	
	0.346613	
	0.360508	
	0.361835	
	0.397317	
	0.869493	
	0.971100	
	0.968952	
	0.951961	
	0.909905	
	0.920803	
	0.930544	
	0.898410	
	0.800634	
	0.751465	
	0.726945	
	0.828138	
	0.711064	
	0.633248	
	0.592473	
	0.590620	
	0.569667	
	0.559753	
	0.574781	
	0.514221	
	0.493744	
	0.506776	
	0.786451	
	0.717906	
	0.504268	
	0.392985	
	0.442360	
	0.545907	
	0.607811	
	0.642800	
	0.699083	
	0.738201	
	0.753922	
	0.776741	
	0.731663	
	0.761387	
	0.747752	
	0.708823	
	0.631197	
	0.639681	
	0.688292	
	0.650989	
	0.616069	
	0.612314	
	0.731323	
	0.591020	
	0.531850	
	0.461602	
	0.352779	
	0.335946	
	0.326396	
	0.288720	
	0.294777	
	0.298781	
	0.301141	
	0.358759	
	0.571666	
	0.360205	
	0.426180	
	0.433111	
	0.302913	
	0.379557	
	0.449131	
	0.296744	
	0.587153	
	0.401737	
	0.574107	
	0.475979	
	0.363288	
	0.354218	
	0.398460	
	0.337970	
	0.286573	
	0.308365	
	0.282196	
	0.285161	
	0.315855	
	0.652823	
	0.422093	
	0.314866	
	0.339633	
	0.771411	
	0.918219	
	0.917102	
	0.925723	
	0.911191	
	0.893372	
	0.786498	
	0.803952	
	0.785279	
	0.633047	
	0.548784	
	0.513950	
	0.539039	
	0.451509	
	0.450370	
	0.361667	
	0.274299	
	0.389664	
	0.702040	
	0.571733	
	0.420662	
	0.400585	
	0.412703	
	0.379273	
	0.399597	
	0.411324	
	0.444188	
	0.430265	
	0.474564	
	0.511635	
	0.461223	
	0.443273	
	0.416593	
	0.415800	
	0.410883	
	0.381963	
	0.371601	
	0.396746	
	0.412806	
	0.463491	
	0.529950	
	0.470011	
	0.412020	
	0.458315	
	0.395373	
	0.333296	
	0.349071	
	0.324480	
	0.420366	
	0.509913	
	0.608395	
	0.654641	
	0.660584	
	0.510665	
	0.408921	
	0.493987	
	0.479614	
	0.411825	
	0.403621	
	0.356022	
	0.352487	
	0.350912	
	0.501068	
	0.413891	
	0.267074	
	0.302108	
	0.317658	
	0.299747	
	0.305396	
	0.319298	
	0.285274	
	0.254838	
	0.338603	
	0.544291	
	0.602728	
	0.449257	
	0.321146	
	0.304689	
	0.320948	
	0.318652	
	0.263503	
	0.244192	
	0.253269	
	0.251666	
	0.302258	
	0.334184	
	0.266361	
	0.271189	
	0.257991	
	0.291519	
	0.301924	
	0.407791	
	0.304571	
	0.290034	
	0.502617	
	0.876470	
	0.834184	
	0.803085	
	0.741504	
	0.710107	
	0.743555	
	0.693209	
	0.654826	
	0.631572	
	0.562172	
	0.525662	
	0.779544	
	0.661405	
	0.536031	
	0.570004	
	0.525105	
	0.543363	
	0.522843	
	0.545179	
	0.553201	
	0.526722	
	0.515890	
	0.637582	
	0.688367	
	0.558995	
	0.510460	
	0.506171	
	0.507726	
	0.566994	
	0.541473	
	0.582865	
	0.579461	
	0.582896	
	0.596411	
	0.661066	
	0.622358	
	0.556683	
	0.562751	
	0.594761	
	0.586932	
	0.537504	
	0.548512	
	0.554034	
	0.659523	
	0.727077	
	0.788209	
	0.606408	
	0.623833	
	0.569988	
	0.596812	
	0.579623	
	0.546969	
	0.530418	
	0.551135	
	0.595390	
	0.586429	
	0.714410	
	0.700482	
	0.623875	
	0.741054	
	0.655716	
	0.652320	
	0.787334	
	0.600397	
	0.752517	
	0.771993	
	0.860444	
	0.772636	
	0.759700	
	0.793192	
	0.811889	
	0.771639	
	0.643689	
	0.592496	
	0.534741	
	0.523825	
	0.551568	
	0.568026	
	0.726604	
	0.707714	
	0.790570	
	0.796173	
	0.767202	
	0.759779	
	0.747355	
	0.717767	
	0.734540	
	0.771058	
	0.799318	
	0.787457	
	0.754011	
	0.706428	
	0.658694	
	0.612656	
	0.605114	
	0.566639	
	0.626525	
	0.565886	
	0.610220	
	0.771153	
	0.749182	
	0.736744	
	0.779585	
	0.780011	
	0.668545	
	0.613359	
	0.619500	
	0.581005	
	0.553989	
	0.560922	
	0.603952	
	0.681332	
	0.771952	
	0.808713	
	0.773455	
	0.750912	
	0.699106	
	0.712742	
	0.686650	
	0.665922	
	0.696862	
	0.690446	
	0.651628	
	0.676440	
	0.657853	
	0.592621	
	0.547041	
	0.527387	
	0.525450	
	0.563671	
	0.557388	
	0.518498	
	0.618591	
	0.637319	
	0.586704	
	0.610672	
	0.600837	
	0.570356	
	0.530370	
	0.638312	
	0.653843	
	0.712940	
	0.786304	
	0.488939	
	0.398219	
	0.308573	
	0.356877	
	0.280106	
	0.274994	
	0.342974	
	0.417852	
	0.480153	
	0.535481	
	0.610201	
	0.698969	
	0.704652	
	0.772832	
	0.775904	
	0.779626	
	0.767357	
	0.722581	
	0.701960	
	0.684388	
	0.667205	
	0.628023	
	0.602058	
	0.581754	
	0.562766	
	0.577731	
	0.569968	
	0.536238	
	0.529799	
	0.582003	
	0.532404	
	0.523812	
	0.582876	
	0.637130	
	0.842575	
	0.829441	
	0.756117	
	0.651443	
	0.649552	
	0.687803	
	0.656906	
	0.632185	
	0.576598	
	0.538445	
	0.603882	
	0.609058	
	0.532690	
	0.561134	
	0.621982	
	0.596400	
	0.532499	
	0.553180	
	0.530915	
	0.551391	
	0.550741	
	0.583490	
	0.639926	
	0.557969	
	0.577303	
	0.584598	
	0.579555	
	0.565203	
	0.591807	
	0.607047	
	0.592709	
	0.613647	
	0.630798	
	0.605804	
	0.601668	
	0.537247	
	0.607386	
	0.567646	
	0.589677	
	0.618903	
	0.585628	
	0.576971	
	0.560589	
	0.569064	
	0.677439	
	0.588585	
	0.559892	
	0.588981	
	0.577281	
	0.599069	
	0.599104	
	0.590974	
	0.586611	
	0.553885	
	0.611888	
	0.628362	
	0.643058	
	0.675070	
	0.651428	
	0.627945	
	0.686911	
	0.601903	
	0.685003	
	0.695057	
	0.690974	
	0.747653	
	0.601648	
	0.621259	
	0.692279	
	0.696587	
	0.690238	
	0.688608	
	0.657200	
	0.692184	
	0.707393	
	0.684512	
	0.662370	
	0.725250	
	0.710166	
	0.685454	
	0.722321	
	0.715704	
	0.711923	
	0.714136	
	0.727573	
	0.691892	
	0.571761	
	0.724819	
	0.667815	
	0.626722	
	0.628493	
	0.643785	
	0.669917	
	0.591390	
	0.617306	
	0.621463	
	0.633334	
	0.644140	
	0.766023	
	0.721498	
	0.687685	
	0.667799	
	0.677186	
	0.629718	
	0.562788	
	0.651130	
	0.678183	
	0.593260	
	0.543430	
	0.581920	
	0.475836	
	0.467425	
	0.532972	
	0.528209	
	0.513722	
	0.518249	
	0.459762	
	0.450563	
	0.431890	
	0.475329	
	0.497382	
	0.523353	
	0.477446	
	0.425450	
	0.417239	
	0.398553	
	0.398783	
	0.392531	
	0.406940	
	0.409451	
	0.550083	
	0.702168	
	0.688589	
	0.564343	
	0.474540	
	0.475869	
	0.499025	
	0.486780	
	0.475984	
	0.431308	
	0.340763	
	0.325068	
	0.350222	
	0.440149	
	0.359221	
	0.314426	
	0.314489	
	0.322359	
	0.269982	
	0.252220	
	0.287318	
	0.470658	
	0.650084	
	0.711901	
	0.748064	
	0.602507	
	0.577092	
	0.587846	
	0.562117	
	0.541366	
	0.517191	
	0.532128	
	0.482524	
	0.452068	
	0.479872	
	0.454715	
	0.473583	
	0.421091	
	0.482124	
	0.503576	
	0.500854	
	0.516353	
	0.487115	
	0.474871	
	0.638445	
	0.769460	
	0.732707	
	0.676713	
	0.613945	
	0.646052	
	0.641862	
	0.550027	
	0.572633	
	0.513311	
	0.533516	
	0.495364	
	0.647025	
	0.589640	
	0.526603	
	0.491163	
	0.486097	
	0.490122	
	0.484951	
	0.502571	
	0.492669	
	0.509046	
	0.501179	
	0.570175	
	0.677013	
	0.527548	
	0.517969	
	0.497877	
	0.546838	
	0.501534	
	0.535201	
	0.530820	
	0.537388	
	0.573979	
	0.554665	
	0.614880	
	0.579169	
	0.545989	
	0.546623	
	0.585254	
	0.584239	
	0.562183	
	0.551324	
	0.594829	
	0.567809	
	0.693961	
	0.585455	
	0.593144	
	0.569894	
	0.584437	
	0.575413	
	0.560897	
	0.612615	
	0.585616	
	0.574515	
	0.582821	
	0.652274	
	0.659600	
	0.647322	
	0.617977	
	0.592133	
	0.581748	
	0.670014	
	0.654995	
	0.717514	
	0.617716	
	0.622297	
	0.753914	
	0.646567	
	0.592908	
	0.586183	
	0.602400	
	0.629935	
	0.639691	
	0.632029	
	0.636816	
	0.667615	
	0.639795	
	0.637694	
	0.703619	
	0.698721	
	0.682433	
	0.693128	
	0.719845	
	0.711936	
	0.720200	
	0.755859	
	0.736016	
	0.732112	
	0.809544	
	0.819408	
	0.779936	
	0.718435	
	0.693131	
	0.684412	
	0.650215	
	0.718761	
	0.711458	
	0.678237	
	0.681755	
	0.744474	
	0.827979	
	0.715690	
	0.671323	
	0.681660	
	0.710360	
	0.690014	
	0.754423	
	0.776583	
	0.862477	
	0.939632	
	0.898243	
	0.651549	
	0.557855	
	0.582078	
	0.576263	
	0.518836	
	0.466563	
	0.451673	
	0.451054	
	0.415845	
	0.408192	
	0.435075	
	0.504036	
	0.406068	
	0.388258	
	0.378122	
	0.372232	
	0.408537	
	0.441642	
	0.478701	
	0.494644	
	0.499912	
	0.802736	
	0.807871	
	0.711570	
	0.628858	
	0.636755	
	0.689671	
	0.691698	
	0.662752	
	0.571025	
	0.546212	
	0.514944	
	0.553810	
	0.533469	
	0.615590	
	0.604043	
	0.587576	
	0.628982	
	0.605662	
	0.575394	
	0.697515	
	0.653006	
	0.600049	
	0.767316	
	0.641489	
	0.637140	
	0.574520	
	0.589320	
	0.574992	
	0.537045	
	0.550580	
	0.546791	
	0.527192	
	0.554795	
	0.661082	
	0.586241	
	0.488280	
	0.461302	
	0.505420	
	0.425062	
	0.428435	
	0.566058	
	0.872027	
	0.857637	
	0.704850	
	0.848293	
	0.898107	
	0.803425	
	0.770295	
	0.729418	
	0.736806	
	0.719373	
	0.692269	
	0.731553	
	0.696044	
	0.600113	
	0.817482	
	0.688222	
	0.597625	
	0.579695	
	0.557785	
	0.526008	
	0.505730	
	0.513569	
	0.407746	
	0.403580	
	0.408086	
	0.463999	
	0.661251	
	0.478011	
	0.297512	
	0.311161	
	0.314178	
	0.337907	
	0.349412	
	0.373735	
	0.352407	
	0.406933	
	0.447210	
	0.599412	
	0.483674	
	0.474961	
	0.496690	
	0.582700	
	0.578712	
	0.538351	
	0.547787	
	0.548786	
	0.495797	
	0.658054	
	0.763212	
	0.729608	
	0.569958	
	0.502127	
	0.561174	
	0.519830	
	0.488082	
	0.516998	
	0.521439	
	0.539357	
	0.527771	
	0.654556	
	0.461750	
	0.601899	
	0.515252	
	0.482486	
	0.650124	
	0.543027	
	0.504631	
	0.576211	
	0.391572	
	0.539316	
	0.584672	
	0.521224	
	0.396804	
	0.406343	
	0.417402	
	0.445721	
	0.365001	
	0.430444	
	0.413149	
	0.467776	
	0.475920	
	0.392954	
	0.459165	
	0.375546	
	0.389910	
	0.438121	
	0.460913	
	0.484490	
	0.517241	
	0.509252	
	0.451913	
	0.535626	
	0.699529	
	0.690536	
	0.588018	
	0.522280	
	0.554713	
	0.555674	
	0.538615	
	0.566333	
	0.529041	
	0.575033	
	0.676363	
	0.758066	
	0.723260	
	0.617299	
	0.567706	
	0.616071	
	0.569339	
	0.607497	
	0.598808	
	0.680054	
	0.617592	
	0.585950	
	0.660448	
	0.487683	
	0.455927	
	0.511152	
	0.506568	
	0.504550	
	0.495133	
	0.546808	
	0.542110	
	0.589256	
	0.604447	
	0.644822	
	0.586996	
	0.485842	
	0.418832	
	0.459170	
	0.461044	
	0.463164	
	0.474034	
	0.545065	
	0.536157	
	0.591792	
	0.800651	
	0.740511	
	0.617094	
	0.606616	
	0.598900	
	0.593443	
	0.616450	
	0.600764	
	0.594695	
	0.562305	
	0.576609	
	0.627244	
	0.535254	
	0.519180	
	0.492764	
	0.493519	
	0.504398	
	0.510986	
	0.522708	
	0.581177	
	0.577202	
	0.590466	
	0.734991	
	0.650818	
	0.534775	
	0.517560	
	0.519999	
	0.522188	
	0.524186	
	0.523787	
	0.560071	
	0.550880	
	0.628022	
	0.702950	
	0.673499	
	0.650704	
	0.643449	
	0.646245	
	0.630844	
	0.611657	
	0.647607	
	0.639298	
	0.675147	
	0.711996	
	0.893356	
	0.893708	
	0.873415	
	0.861278	
	0.813102	
	0.831401	
	0.797808	
	0.783883	
	0.740954	
	0.723114	
	0.807547	
	0.723832	
	0.672120	
	0.655473	
	0.662385	
	0.650173	
	0.637596	
	0.617366	
	0.636352	
	0.667366	
	0.672733	
	0.731679	
	0.732768	
	0.580477	
	0.500116	
	0.530030	
	0.555033	
	0.579929	
	0.572128	
	0.525421	
	0.563738	
	0.575912	
	0.612845	
	0.778089	
	0.709560	
	0.667547	
	0.610695	
	0.658670	
	0.570131	
	0.594375	
	0.588827	
	0.589817	
	0.559198	
	0.773550	
	0.821099	
	0.633649	
	0.598724	
	0.608810	
	0.598934	
	0.574533	
	0.557865	
	0.503259	
	0.376330	
	0.401036	
	0.450116	
	0.748695	
	0.540568	
	0.739764	
	0.487164	
	0.446950	
	0.779166	
	0.487189	
	0.607082	
	0.732212	
	0.466045	
	0.641251	
	0.600734	
	0.509473	
	0.397977	
	0.386934	
	0.352526	
	0.353788	
	0.358283	
	0.312918	
	0.284074	
	0.279811	
	0.319058	
	0.411184	
	0.465655	
	0.457809	
	0.559982	
	0.516682	
	0.440744	
	0.385635	
	0.305937	
	0.302731	
	0.314672	
	0.474786	
	0.828217	
	0.816507	
	0.738962	
	0.597266	
	0.556695	
	0.532137	
	0.481185	
	0.538368	
	0.868526	
	0.932745	
	0.891554	
	0.859865	
	0.799270	
	0.698295	
	0.631549	
	0.616921	
	0.534593	
	0.500696	
	0.556279	
	0.502027	
	0.507439	
	0.356035	
	0.480487	
	0.425064	
	0.392873	
	0.416578	
	0.389984	
	0.387806	
	0.415737	
	0.437636	
	0.418174	
	0.335321	
	0.303863	
	0.589102	
	0.418039	
	0.317901	
	0.283273	
	0.309430	
	0.252385	
	0.294572	
	0.596668	
	0.862378	
	0.876420	
	0.796766	
	0.812217	
	0.756695	
	0.724799	
	0.696594	
	0.713267	
	0.727356	
	0.710802	
	0.775671	
	0.768608	
	0.775685	
	0.714149	
	0.770138	
	0.747663	
	0.739556	
	0.789527	
	0.760332	
	0.690632	
	0.700507	
	0.722175	
	0.740891	
	0.697295	
	0.829374	
	0.754696	
	0.621769	
	0.579627	
	0.643406	
	0.619685	
	0.645282	
	0.605882	
	0.574261	
	0.582704	
	0.611157	
	0.651892	
	0.686859	
	0.644854	
	0.626036	
	0.622922	
	0.642592	
	0.630752	
	0.658470	
	0.580389	
	0.532204	
	0.565511	
	0.780889	
	0.893567	
	0.846963	
	0.796180	
	0.750881	
	0.745070	
	0.730952	
	0.707368	
	0.676407	
	0.671200	
	0.621238	
	0.745424	
	0.748195	
	0.605721	
	0.559686	
	0.584676	
	0.555328	
	0.548799	
	0.533055	
	0.504663	
	0.532365	
	0.597801	
	0.705831	
	0.764300	
	0.655070	
	0.659064	
	0.705254	
	0.683240	
	0.618911	
	0.569659	
	0.589172	
	0.553631	
	0.599841	
	0.577545	
	0.670198	
	0.589327	
	0.531208	
	0.480659	
	0.481836	
	0.543121	
	0.535445	
	0.576251	
	0.625466	
	0.647615	
	0.782885	
	0.817525	
	0.689622	
	0.627022	
	0.645865	
	0.653523	
	0.620072	
	0.598024	
	0.557975	
	0.537741	
	0.519332	
	0.462742	
	0.713079	
	0.630825	
	0.626912	
	0.679217	
	0.487810	
	0.816275	
	0.840717	
	0.901877	
	0.923200	
	0.927660	
	0.924745	
	0.801655	
	0.596510	
	0.532080	
	0.504394	
	0.466111	
	0.438844	
	0.453711	
	0.423047	
	0.410570	
	0.423735	
	0.415149	
	0.486763	
	0.394408	
	0.367318	
	0.320087	
	0.315197	
	0.335819	
	0.325428	
	0.340436	
	0.344970	
	0.339168	
	0.443612	
	0.676998	
	0.682466	
	0.523517	
	0.419929	
	0.380706	
	0.365920	
	0.350708	
	0.284055	
	0.325829	
	0.563661	
	0.658057	
	0.765207	
	0.744298	
	0.564741	
	0.487492	
	0.508083	
	0.481024	
	0.423753	
	0.452992	
	0.461959	
	0.511121	
	0.494261	
	0.565459	
	0.467245	
	0.338708	
	0.308172	
	0.288828	
	0.294623	
	0.282104	
	0.313793	
	0.300182	
	0.297933	
	0.285183	
	0.405813	
	0.431193	
	0.355538	
	0.343332	
	0.421938	
	0.509562	
	0.529110	
	0.405644	
	0.437488	
	0.808462	
	0.859871	
	0.851483	
	0.722261	
	0.578196	
	0.589203	
	0.722891	
	0.724022	
	0.626972	
	0.610308	
	0.602845	
	0.522451	
	0.573254	
	0.626369	
	0.617905	
	0.487132	
	0.492717	
	0.486605	
	0.464003	
	0.590464	
	0.863435	
	0.915757	
	0.930765	
	0.934872	
	0.777371	
	0.723422	
	0.647607	
	0.564277	
	0.534034	
	0.563627	
	0.526547	
	0.570580	
	0.567215	
	0.552253	
	0.628737	
	0.697913	
	0.657023	
	0.605410	
	0.600820	
	0.555281	
	0.456480	
	0.476098	
	0.420254	
	0.425816	
	0.448200	
	0.757391	
	0.839511	
	0.795022	
	0.719402	
	0.593413	
	0.640680	
	0.607034	
	0.548420	
	0.518540	
	0.473538	
	0.515491	
	0.734020	
	0.643952	
	0.528937	
	0.451322	
	0.455683	
	0.472745	
	0.435440	
	0.453332	
	0.411385	
	0.452044	
	0.469523	
	0.699372	
	0.681167	
	0.694933	
	0.708814	
	0.726524	
	0.716904	
	0.714652	
	0.601446	
	0.577034	
	0.603257	
	0.593381	
	0.644844	
	0.662322	
	0.566917	
	0.583287	
	0.540923	
	0.508957	
	0.522772	
	0.517800	
	0.542429	
	0.572332	
	0.753813	
	0.762774	
	0.775190	
	0.679819	
	0.707505	
	0.697669	
	0.684102	
	0.675215	
	0.623969	
	0.598923	
	0.564918	
	0.488872	
	0.594633	
	0.790221	
	0.557973	
	0.580612	
	0.637091	
	0.488617	
	0.718730	
	0.461506	
	0.644236	
	0.739421	
	0.417977	
	0.675388	
	0.593601	
	0.425060	
	0.477998	
	0.526318	
	0.541666	
	0.609618	
	0.611514	
	0.654067	
	0.627605	
	0.648195	
	0.643887	
	0.611401	
	0.656546	
	0.626533	
	0.592573	
	0.605934	
	0.620343	
	0.808038	
	0.874190	
	0.784306	
	0.582427	
	0.596461	
	0.575380	
	0.497022	
	0.433536	
	0.454526	
	0.488033	
	0.493437	
	0.467359	
	0.459616	
	0.458611	
	0.525746	
	0.553390	
	0.556565	
	0.451033	
	0.533385	
	0.508334	
	0.483280	
	0.511008	
	0.513848	
	0.518585	
	0.588397	
	0.756530	
	0.879312	
	0.864570	
	0.740291	
	0.771013	
	0.826734	
	0.709763	
	0.624838	
	0.621515	
	0.584433	
	0.590138	
	0.582141	
	0.569226	
	0.594124	
	0.581514	
	0.597777	
	0.600519	
	0.536464	
	0.443524	
	0.490268	
	0.440470	
	0.436235	
	0.416527	
	0.427327	
	0.458509	
	0.472943	
	0.484578	
	0.572576	
	0.531308	
	0.517112	
	0.495651	
	0.497354	
	0.524001	
	0.524218	
	0.558608	
	0.574355	
	0.580134	
	0.553816	
	0.601193	
	0.614102	
	0.608802	
	0.658073	
	0.661655	
	0.674312	
	0.595112	
	0.673121	
	0.768410	
	0.493194	
	0.511086	
	0.534430	
	0.520539	
	0.431942	
	0.472997	
	0.524407	
	0.560285	
	0.545261	
	0.558874	
	0.526974	
	0.526927	
	0.495718	
	0.566739	
	0.573898	
	0.562098	
	0.591611	
	0.592844	
	0.560372	
	0.563666	
	0.551135	
	0.539737	
	0.553085	
	0.557854	
	0.566958	
	0.559599	
	0.569333	
	0.561948	
	0.582072	
	0.605359	
	0.568256	
	0.572021	
	0.585309	
	0.548080	
	0.541247	
	0.544898	
	0.545228	
	0.575806	
	0.531307	
	0.503300	
	0.473427	
	0.492008	
	0.481151	
	0.564139	
	0.684347	
	0.433710	
	0.402888	
	0.448609	
	0.454871	
	0.448314	
	0.443735	
	0.408909	
	0.378875	
	0.373301	
	0.359745	
	0.344299	
	0.417857	
	0.434504	
	0.500965	
	0.470306	
	0.505282	
	0.460280	
	0.520173	
	0.506792	
	0.470232	
	0.429851	
	0.398526	
	0.404546	
	0.606274	
	0.648872	
	0.647462	
	0.630717	
	0.611106	
	0.621379	
	0.612017	
	0.546300	
	0.466662	
	0.456739	
	0.398016	
	0.423373	
	0.412107	
	0.468048	
	0.392627	
	0.371970	
	0.406602	
	0.379493	
	0.400546	
	0.544617	
	0.491957	
	0.641013	
	0.511433	
	0.411817	
	0.370234	
	0.389356	
	0.367321	
	0.371509	
	0.366245	
	0.341467	
	0.324531	
	0.373070	
	0.453730	
	0.402942	
	0.343734	
	0.333582	
	0.310092	
	0.335702	
	0.375815	
	0.379353	
	0.410778	
	0.403395	
	0.616624	
	0.859569	
	0.805554	
	0.708749	
	0.559333	
	0.654932	
	0.640103	
	0.632880	
	0.609758	
	0.598035	
	0.629316	
	0.753683	
	0.638204	
	0.605615	
	0.558238	
	0.529035	
	0.501430	
	0.487797	
	0.509575	
	0.521347	
	0.522998	
	0.510492	
	0.775504	
	0.610070	
	0.522513	
	0.531038	
	0.506394	
	0.494483	
	0.458808	
	0.461255	
	0.513684	
	0.533455	
	0.545206	
	0.630992	
	0.637707	
	0.549657	
	0.507003	
	0.499563	
	0.471205	
	0.471950	
	0.470144	
	0.433741	
	0.467787	
	0.636489	
	0.793629	
	0.683997	
	0.602497	
	0.525089	
	0.504177	
	0.455039	
	0.419842	
	0.391879	
	0.381877	
	0.406255	
	0.419115	
	0.607821	
	0.650104	
	0.600860	
	0.398236	
	0.506063	
	0.475624	
	0.444022	
	0.671256	
	0.420577	
	0.475727	
	0.707669	
	0.542968	
	0.612190	
	0.495593	
	0.532177	
	0.469363	
	0.482045	
	0.425533	
	0.412722	
	0.435021	
	0.395167	
	0.391202	
	0.569202	
	0.525464	
	0.417602	
	0.391026	
	0.381539	
	0.390540	
	0.405466	
	0.382756	
	0.400325	
	0.359587	
	0.469142	
	0.821045	
	0.767995	
	0.598437	
	0.549517	
	0.551964	
	0.547835	
	0.526081	
	0.483144	
	0.485032	
	0.506249	
	0.771635	
	0.898733	
	0.857643	
	0.789920	
	0.703542	
	0.667556	
	0.654196	
	0.628453	
	0.645882	
	0.604189	
	0.642382	
	0.743004	
	0.607208	
	0.537110	
	0.467319	
	0.465543	
	0.441497	
	0.433559	
	0.407452	
	0.357666	
	0.325960	
	0.413148	
	0.465641	
	0.710496	
	0.564965	
	0.506326	
	0.444315	
	0.451265	
	0.424573	
	0.402286	
	0.387770	
	0.457077	
	0.677554	
	0.763263	
	0.783315	
	0.631456	
	0.613356	
	0.569569	
	0.621863	
	0.486630	
	0.470980	
	0.465117	
	0.524545	
	0.578737	
	0.670295	
	0.755756	
	0.685317	
	0.608030	
	0.573610	
	0.580806	
	0.561651	
	0.537737	
	0.533424	
	0.614366	
	0.608988	
	0.747641	
	0.718482	
	0.540925	
	0.524237	
	0.502770	
	0.485436	
	0.477366	
	0.495027	
	0.474973	
	0.491604	
	0.541762	
	0.559395	
	0.698534	
	0.551447	
	0.425497	
	0.407879	
	0.387165	
	0.341449	
	0.344525	
	0.370452	
	0.377324	
	0.350595	
	0.893490	
	0.938091	
	0.926767	
	0.913587	
	0.869424	
	0.882000	
	0.842107	
	0.790668	
	0.789173	
	0.791832	
	0.771303	
	0.844276	
	0.764061	
	0.664136	
	0.571719	
	0.591096	
	0.575040	
	0.528157	
	0.506020	
	0.464492	
	0.481924	
	0.467294	
	0.826680	
	0.716368	
	0.573202	
	0.512617	
	0.546555	
	0.523719	
	0.473714	
	0.514971	
	0.567932	
	0.610672	
	0.628003	
	0.771437	
	0.835615	
	0.702469	
	0.645124	
	0.682703	
	0.616183	
	0.607478	
	0.564299	
	0.562313	
	0.567441	
	0.669216	
	0.848733	
	0.704600	
	0.614454	
	0.549136	
	0.554045	
	0.501001	
	0.483002	
	0.438108	
	0.395742	
	0.386404	
	0.364252	
	0.482071	
	0.719373	
	0.465051	
	0.637197	
	0.424044	
	0.528385	
	0.721457	
	0.385375	
	0.797009	
	0.534593	
	0.606315	
	0.808540	
	0.655618	
	0.515020	
	0.480843	
	0.518802	
	0.484577	
	0.543219	
	0.464591	
	0.456970	
	0.434162	
	0.418077	
	0.414167	
	0.698120	
	0.694964	
	0.477309	
	0.418832	
	0.433712	
	0.374556	
	0.351934	
	0.342915	
	0.332115	
	0.464654	
	0.746487	
	0.852614	
	0.801825	
	0.680774	
	0.635408	
	0.610432	
	0.605821	
	0.569640	
	0.568491	
	0.598437	
	0.557656	
	0.706898	
	0.868894	
	0.796830	
	0.733834	
	0.665430	
	0.652263	
	0.646542	
	0.624171	
	0.597634	
	0.587079	
	0.616798	
	0.735956	
	0.694130	
	0.575130	
	0.578697	
	0.532989	
	0.562970	
	0.523440	
	0.517089	
	0.524469	
	0.566663	
	0.526096	
	0.584096	
	0.733042	
	0.613355	
	0.566472	
	0.575504	
	0.568727	
	0.552030	
	0.513776	
	0.468619	
	0.546729	
	0.558065	
	0.843374	
	0.817739	
	0.803525	
	0.668811	
	0.675944	
	0.733050	
	0.702546	
	0.726594	
	0.747418	
	0.725399	
	0.675698	
	0.666209	
	0.786097	
	0.700710	
	0.627266	
	0.621501	
	0.668220	
	0.674739	
	0.675947	
	0.632916	
	0.700783	
	0.634331	
	0.703202	
	0.789712	
	0.594929	
	0.530155	
	0.516887	
	0.537102	
	0.497447	
	0.460792	
	0.479496	
	0.467683	
	0.454096	
	0.455717	
	0.641426	
	0.459995	
	0.386493	
	0.383994	
	0.393016	
	0.365316	
	0.350782	
	0.338155	
	0.336009	
	0.316249	
	0.932619	
	0.947944	
	0.944336	
	0.916079	
	0.881196	
	0.914929	
	0.884693	
	0.857173	
	0.856313	
	0.813612	
	0.827222	
	0.807986	
	0.797708	
	0.650646	
	0.633195	
	0.550228	
	0.564139	
	0.530714	
	0.504611	
	0.496457	
	0.499827	
	0.466182	
	0.468910	
	0.771263	
	0.794272	
	0.582965	
	0.497636	
	0.524191	
	0.520249	
	0.487776	
	0.511759	
	0.536565	
	0.573432	
	0.581810	
	0.774485	
	0.773327	
	0.638987	
	0.625680	
	0.619541	
	0.626614	
	0.608054	
	0.601693	
	0.664999	
	0.676841	
	0.765937	
	0.860119	
	0.690618	
	0.584334	
	0.521860	
	0.509656	
	0.500574	
	0.490771	
	0.433226	
	0.439581	
	0.419501	
	0.417726	
	0.682192	
	0.782979	
	0.552525	
	0.625986	
	0.757054	
	0.645148	
	0.884156	
	0.740706	
	0.830907	
	0.903514	
	0.746099	
	0.742668	
	0.584707	
	0.485822	
	0.456366	
	0.457536	
	0.429579	
	0.445530	
	0.387839	
	0.377252	
	0.371340	
	0.358560	
	0.447430	
	0.669006	
	0.434756	
	0.340593	
	0.375228	
	0.377502	
	0.348632	
	0.357265	
	0.337235	
	0.328264	
	0.383103	
	0.768289	
	0.834651	
	0.763100	
	0.569901	
	0.516980	
	0.520910	
	0.464904	
	0.458200	
	0.428903	
	0.427956	
	0.558256	
	0.862209	
	0.798079	
	0.639002	
	0.548697	
	0.617310	
	0.627492	
	0.620544	
	0.640688	
	0.662298	
	0.667280	
	0.684413	
	0.678287	
	0.575452	
	0.614607	
	0.610680	
	0.630388	
	0.647941	
	0.631250	
	0.615650	
	0.631133	
	0.614196	
	0.632466	
	0.721992	
	0.680737	
	0.633562	
	0.639300	
	0.639000	
	0.617677	
	0.615330	
	0.609922	
	0.596338	
	0.628618	
	0.774972	
	0.810383	
	0.804890	
	0.681320	
	0.600366	
	0.629135	
	0.632253	
	0.582475	
	0.558246	
	0.570799	
	0.608018	
	0.677925	
	0.762258	
	0.725520	
	0.666061	
	0.680518	
	0.716817	
	0.781037	
	0.763282	
	0.748116	
	0.777025	
	0.804223	
	0.838718	
	0.879717	
	0.696237	
	0.629337	
	0.559143	
	0.579235	
	0.602488	
	0.580557	
	0.574359	
	0.589056	
	0.608403	
	0.614196	
	0.677462	
	0.662641	
	0.606346	
	0.605432	
	0.591699	
	0.573007	
	0.570345	
	0.562210	
	0.543801	
	0.596796	
	0.765687	
	0.921735	
	0.905417	
	0.881082	
	0.848418	
	0.844542	
	0.833312	
	0.828438	
	0.809133	
	0.791502	
	0.785108	
	0.827047	
	0.815678	
	0.713009	
	0.665847	
	0.652102	
	0.697318	
	0.680355	
	0.644321	
	0.587287	
	0.566936	
	0.583635	
	0.630139	
	0.801490	
	0.686521	
	0.660524	
	0.602656	
	0.594385	
	0.569115	
	0.649606	
	0.692021	
	0.672069	
	0.685606	
	0.693098	
	0.701723	
	0.726053	
	0.658444	
	0.626030	
	0.589806	
	0.582972	
	0.551872	
	0.470262	
	0.486790	
	0.527218	
	0.709052	
	0.779563	
	0.677216	
	0.615827	
	0.548837	
	0.530039	
	0.503069	
	0.444149	
	0.394615	
	0.445081	
	0.452480	
	0.622554	
	0.679060	
	0.634273	
	0.692526	
	0.574899	
	0.507369	
	0.719806	
	0.496756	
	0.489048	
	0.708412	
	0.509676	
	0.742556	
	0.718254	
	0.565466	
	0.527019	
	0.526160	
	0.502436	
	0.508299	
	0.464556	
	0.452745	
	0.426577	
	0.500307	
	0.456317	
	0.518901	
	0.621972	
	0.472807	
	0.418862	
	0.390369	
	0.363036	
	0.358362	
	0.369773	
	0.382681	
	0.397261	
	0.733962	
	0.786988	
	0.737210	
	0.583815	
	0.486797	
	0.544905	
	0.579460	
	0.556265	
	0.548437	
	0.555499	
	0.569027	
	0.749268	
	0.849529	
	0.814049	
	0.738119	
	0.715293	
	0.717812	
	0.686252	
	0.680572	
	0.671333	
	0.679262	
	0.705676	
	0.706466	
	0.623661	
	0.561600	
	0.522090	
	0.555049	
	0.533347	
	0.523906	
	0.518516	
	0.501273	
	0.517181	
	0.484283	
	0.552457	
	0.667818	
	0.607122	
	0.562904	
	0.572827	
	0.597917	
	0.601188	
	0.579852	
	0.520503	
	0.525331	
	0.576795	
	0.768680	
	0.833707	
	0.799435	
	0.654414	
	0.619807	
	0.662757	
	0.721125	
	0.709959	
	0.703043	
	0.720842	
	0.707435	
	0.565262	
	0.691632	
	0.617864	
	0.590765	
	0.585390	
	0.589553	
	0.585859	
	0.580559	
	0.599476	
	0.608353	
	0.623001	
	0.719138	
	0.802168	
	0.647182	
	0.595707	
	0.578952	
	0.588675	
	0.592837	
	0.575478	
	0.567751	
	0.580138	
	0.564085	
	0.563744	
	0.686600	
	0.620042	
	0.614280	
	0.664746	
	0.645412	
	0.626265	
	0.647625	
	0.643930	
	0.656109	
	0.667366	
	0.642775	
	0.873677	
	0.877026	
	0.829904	
	0.768054	
	0.772002	
	0.800104	
	0.732462	
	0.695491	
	0.652128	
	0.656373	
	0.713402	
	0.778707	
	0.712725	
	0.618882	
	0.536543	
	0.488319	
	0.507463	
	0.571462	
	0.604451	
	0.580818	
	0.496217	
	0.487212	
	0.732390	
	0.748452	
	0.671927	
	0.655192	
	0.614311	
	0.563953	
	0.480354	
	0.485935	
	0.487921	
	0.545639	
	0.557183	
	0.689246	
	0.768107	
	0.660392	
	0.625768	
	0.586341	
	0.611985	
	0.624945	
	0.657896	
	0.610543	
	0.556946	
	0.690960	
	0.819557	
	0.743665	
	0.683175	
	0.584309	
	0.479544	
	0.487144	
	0.425173	
	0.395421	
	0.392466	
	0.339053	
	0.344770	
	0.488836	
	0.728234	
	0.643195	
	0.723019	
	0.653306	
	0.552910	
	0.776114	
	0.547741	
	0.665180	
	0.832332	
	0.565862	
	0.767919	
	0.619584	
	0.522060	
	0.458145	
	0.447427	
	0.436906	
	0.399561	
	0.399307	
	0.388368	
	0.399105	
	0.363986	
	0.385733	
	0.628448	
	0.463881	
	0.364831	
	0.335003	
	0.355554	
	0.332299	
	0.311658	
	0.282206	
	0.281302	
	0.322411	
	0.723003	
	0.841709	
	0.802049	
	0.640495	
	0.591390	
	0.595010	
	0.550765	
	0.509734	
	0.474845	
	0.446194	
	0.465049	
	0.805645	
	0.842112	
	0.806240	
	0.731684	
	0.736832	
	0.709812	
	0.713087	
	0.713653	
	0.696715	
	0.700968	
	0.738453	
	0.748466	
	0.630227	
	0.566560	
	0.619902	
	0.641553	
	0.624221	
	0.596988	
	0.601449	
	0.598332	
	0.563739	
	0.595455	
	0.599464	
	0.691920	
	0.591264	
	0.557311	
	0.538250	
	0.529037	
	0.542334	
	0.511827	
	0.516193	
	0.559449	
	0.555013	
	0.748944	
	0.828285	
	0.756180	
	0.628275	
	0.611873	
	0.647466	
	0.649839	
	0.568469	
	0.571176	
	0.633583	
	0.599025	
	0.705410	
	0.801733	
	0.724133	
	0.709024	
	0.693122	
	0.669640	
	0.655440	
	0.657866	
	0.694049	
	0.665722	
	0.558318	
	0.737090	
	0.801286	
	0.662371	
	0.642873	
	0.558999	
	0.586270	
	0.593321	
	0.564393	
	0.580845	
	0.619205	
	0.638873	
	0.652551	
	0.675132	
	0.659700	
	0.619085	
	0.629994	
	0.662233	
	0.707653	
	0.680742	
	0.676571	
	0.657116	
	0.570519	
	0.682751	
	0.931262	
	0.927535	
	0.905660	
	0.871157	
	0.843084	
	0.855084	
	0.837329	
	0.799270	
	0.778901	
	0.774096	
	0.805588	
	0.740247	
	0.692434	
	0.636216	
	0.578900	
	0.445537	
	0.430490	
	0.342962	
	0.322165	
	0.333484	
	0.375196	
	0.501316	
	0.741134	
	0.507905	
	0.381817	
	0.361009	
	0.341728	
	0.322428	
	0.320322	
	0.355858	
	0.317661	
	0.381220	
	0.407985	
	0.512243	
	0.492518	
	0.505226	
	0.533120	
	0.356945	
	0.430625	
	0.503363	
	0.514042	
	0.500550	
	0.550658	
	0.600047	
	0.693302	
	0.673550	
	0.562953	
	0.472907	
	0.439374	
	0.457732	
	0.430717	
	0.422617	
	0.437488	
	0.403488	
	0.360366	
	0.395393	
	0.617892	
	0.445448	
	0.418596	
	0.452848	
	0.392939	
	0.612707	
	0.573435	
	0.447124	
	0.723978	
	0.438833	
	0.584980	
	0.634219	
	0.479627	
	0.420319	
	0.516194	
	0.464317	
	0.445999	
	0.435796	
	0.420913	
	0.437005	
	0.455787	
	0.438155	
	0.726578	
	0.521307	
	0.407517	
	0.407618	
	0.404249	
	0.350742	
	0.336030	
	0.308873	
	0.320335	
	0.435132	
	0.827147	
	0.854696	
	0.773279	
	0.589219	
	0.524765	
	0.529739	
	0.501983	
	0.454531	
	0.521335	
	0.957821	
	0.959483	
	0.751105	
	0.725414	
	0.661960	
	0.638172	
	0.554437	
	0.603523	
	0.642732	
	0.502742	
	0.527722	
	0.604601	
	0.757695	
	0.654384	
	0.659509	
	0.566443	
	0.492317	
	0.439878	
	0.440001	
	0.363960	
	0.327626	
	0.375929	
	0.347786	
	0.348666	
	0.472525	
	0.445059	
	0.312594	
	0.323716	
	0.346292	
	0.370421	
	0.240648	
	0.275534	
	0.289850	
	0.294871	
	0.618064	
	0.742190	
	0.598269	
	0.413396	
	0.346865	
	0.409879	
	0.343893	
	0.334485	
	0.413834	
	0.439700	
	0.366192	
	0.390651	
	0.433647	
	0.388454	
	0.378331	
	0.398188	
	0.414645	
	0.423623	
	0.498651	
	0.582799	
	0.547963	
	0.842259	
	0.884654	
	0.879868	
	0.772404	
	0.771409	
	0.854822	
	0.725983	
	0.575440	
	0.533564	
	0.493242	
	0.440545	
	0.465141	
	0.449836	
	0.483949	
	0.502154	
	0.499776	
	0.512024	
	0.500313	
	0.514613	
	0.493847	
	0.502254	
	0.529398	
	0.521751	
	0.468682	
	0.815560	
	0.851117	
	0.751854	
	0.675272	
	0.605412	
	0.689745	
	0.610595	
	0.557457	
	0.546299	
	0.504873	
	0.596460	
	0.674283	
	0.573232	
	0.481349	
	0.460332	
	0.468821	
	0.486073	
	0.484896	
	0.450175	
	0.421117	
	0.437808	
	0.441117	
	0.681325	
	0.563736	
	0.446190	
	0.342092	
	0.340323	
	0.319663	
	0.301760	
	0.340203	
	0.356084	
	0.386855	
	0.380952	
	0.544622	
	0.491353	
	0.401463	
	0.380655	
	0.397644	
	0.425550	
	0.368077	
	0.367397	
	0.408340	
	0.382697	
	0.537330	
	0.702959	
	0.593245	
	0.518115	
	0.436434	
	0.425106	
	0.440172	
	0.468111	
	0.428392	
	0.391793	
	0.369812	
	0.398434	
	0.507504	
	0.509746	
	0.390446	
	0.412670	
	0.437131	
	0.394950	
	0.554084	
	0.397704	
	0.371103	
	0.583996	
	0.380748	
	0.598489	
	0.537251	
	0.434671	
	0.425015	
	0.389174	
	0.397469	
	0.384430	
	0.359578	
	0.319018	
	0.349076	
	0.373094	
	0.435792	
	0.325795	
	0.323309	
	0.302987	
	0.307441	
	0.304174	
	0.260863	
	0.271796	
	0.288946	
	0.281235	
	0.357596	
	0.747646	
	0.664018	
	0.391534	
	0.313497	
	0.317088	
	0.284987	
	0.304165	
	0.296423	
	0.281530	
	0.303665	
	0.590494	
	0.773189	
	0.721407	
	0.568294	
	0.538177	
	0.493551	
	0.425182	
	0.461821	
	0.476367	
	0.467560	
	0.499976	
	0.584040	
	0.558152	
	0.502651	
	0.510844	
	0.511847	
	0.430457	
	0.421219	
	0.421285	
	0.428091	
	0.360360	
	0.451187	
	0.602546	
	0.690033	
	0.581777	
	0.544202	
	0.503511	
	0.502635	
	0.482311	
	0.506939	
	0.436569	
	0.436932	
	0.498079	
	0.803338	
	0.809675	
	0.768317	
	0.598592	
	0.561562	
	0.643367	
	0.644389	
	0.608546	
	0.646370	
	0.687826	
	0.652665	
	0.781085	
	0.789915	
	0.713085	
	0.642583	
	0.650239	
	0.630907	
	0.603480	
	0.634241	
	0.626167	
	0.634364	
	0.629056	
	0.732878	
	0.745186	
	0.682761	
	0.582894	
	0.511658	
	0.506991	
	0.503687	
	0.490024	
	0.463170	
	0.442541	
	0.486056	
	0.474610	
	0.558204	
	0.459897	
	0.404219	
	0.412690	
	0.396962	
	0.368503	
	0.366496	
	0.380247	
	0.365256	
	0.382549	
	0.683515	
	0.955178	
	0.947345	
	0.929150	
	0.899623	
	0.888874	
	0.908913	
	0.875248	
	0.851701	
	0.817139	
	0.764662	
	0.789984	
	0.744881	
	0.670252	
	0.547788	
	0.468451	
	0.411138	
	0.397173	
	0.384651	
	0.388863	
	0.415148	
	0.495056	
	0.639796	
	0.723286	
	0.582798	
	0.447192	
	0.375203	
	0.355829	
	0.340550	
	0.349549	
	0.381605	
	0.336180	
	0.363688	
	0.316808	
	0.464893	
	0.410210	
	0.303612	
	0.325762	
	0.333560	
	0.309415	
	0.321630	
	0.297514	
	0.323053	
	0.431989	
	0.576264	
	0.647592	
	0.554737	
	0.438506	
	0.328802	
	0.313799	
	0.345265	
	0.316784	
	0.279127	
	0.279330	
	0.257785	
	0.297707	
	0.286406	
	0.584851	
	0.446158	
	0.541881	
	0.477492	
	0.446580	
	0.648508	
	0.463763	
	0.610770	
	0.456904	
	0.453496	
	0.581079	
	0.670801	
	0.517792	
	0.439429	
	0.480803	
	0.436677	
	0.458621	
	0.462457	
	0.495393	
	0.441882	
	0.407836	
	0.425550	
	0.676490	
	0.487972	
	0.411980	
	0.356496	
	0.374080	
	0.376900	
	0.377769	
	0.306778	
	0.331562	
	0.617238	
	0.649216	
	0.721017	
	0.629779	
	0.412639	
	0.441998	
	0.429573	
	0.400135	
	0.378322	
	0.368333	
	0.372891	
	0.478313	
	0.678320	
	0.745494	
	0.646215	
	0.608061	
	0.643548	
	0.598078	
	0.641791	
	0.661079	
	0.584478	
	0.592285	
	0.629551	
	0.711447	
	0.526701	
	0.427820	
	0.373305	
	0.359208	
	0.348250	
	0.373251	
	0.347185	
	0.317735	
	0.332489	
	0.322339	
	0.414362	
	0.420237	
	0.329700	
	0.282401	
	0.300840	
	0.281330	
	0.306527	
	0.269630	
	0.264786	
	0.300280	
	0.407107	
	0.710219	
	0.689248	
	0.575108	
	0.395521	
	0.450810	
	0.324992	
	0.311729	
	0.272297	
	0.314300	
	0.322430	
	0.313009	
	0.353250	
	0.462761	
	0.376662	
	0.328311	
	0.313543	
	0.302195	
	0.322853	
	0.453983	
	0.562429	
	0.606782	
	0.678674	
	0.814042	
	0.799886	
	0.613030	
	0.560644	
	0.544422	
	0.549593	
	0.524203	
	0.492684	
	0.454027	
	0.442807	
	0.455576	
	0.448438	
	0.546536	
	0.411410	
	0.373381	
	0.367343	
	0.356903	
	0.315889	
	0.326494	
	0.383014	
	0.420989	
	0.428575	
	0.465167	
	0.932038	
	0.930052	
	0.895438	
	0.864200	
	0.794108	
	0.847933	
	0.807355	
	0.786290	
	0.749137	
	0.720314	
	0.746726	
	0.682517	
	0.687364	
	0.597143	
	0.548657	
	0.601000	
	0.533496	
	0.526795	
	0.531193	
	0.499571	
	0.540599	
	0.725014	
	0.767583	
	0.637596	
	0.487304	
	0.456309	
	0.453957	
	0.441981	
	0.491074	
	0.479273	
	0.518616	
	0.556614	
	0.617435	
	0.784507	
	0.679252	
	0.581354	
	0.565687	
	0.524397	
	0.526792	
	0.537148	
	0.555370	
	0.546274	
	0.566280	
	0.815727	
	0.773804	
	0.629106	
	0.493901	
	0.495271	
	0.485453	
	0.489054	
	0.385528	
	0.430393	
	0.394327	
	0.419964	
	0.588146	
	0.770065	
	0.597762	
	0.592927	
	0.700747	
	0.538883	
	0.694578	
	0.664356	
	0.498048	
	0.777834	
	0.665636	
	0.691971	
	0.625346	
	0.541591	
	0.488361	
	0.480870	
	0.499259	
	0.452903	
	0.431388	
	0.440851	
	0.452680	
	0.433939	
	0.462976	
	0.710477	
	0.507129	
	0.428737	
	0.365408	
	0.360562	
	0.342019	
	0.333982	
	0.337846	
	0.352364	
	0.493652	
	0.846682	
	0.869234	
	0.773180	
	0.595504	
	0.525607	
	0.542028	
	0.525916	
	0.482789	
	0.468474	
	0.557787	
	0.740139	
	0.879419	
	0.816587	
	0.710445	
	0.619158	
	0.655145	
	0.644350	
	0.595194	
	0.634406	
	0.586942	
	0.619650	
	0.675503	
	0.687887	
	0.678062	
	0.584253	
	0.541942	
	0.506919	
	0.495089	
	0.440110	
	0.434681	
	0.411383	
	0.489885	
	0.520622	
	0.685508	
	0.598781	
	0.516279	
	0.515860	
	0.492683	
	0.487854	
	0.455281	
	0.455599	
	0.443231	
	0.425484	
	0.699640	
	0.857702	
	0.798854	
	0.629067	
	0.573749	
	0.595613	
	0.642314	
	0.545871	
	0.584324	
	0.627310	
	0.662504	
	0.714974	
	0.800122	
	0.737336	
	0.687290	
	0.659560	
	0.669976	
	0.661894	
	0.630862	
	0.604053	
	0.627365	
	0.660022	
	0.687957	
	0.806270	
	0.677895	
	0.666772	
	0.586993	
	0.589272	
	0.546297	
	0.537656	
	0.520182	
	0.496746	
	0.533248	
	0.524207	
	0.664358	
	0.580228	
	0.536422	
	0.487304	
	0.491161	
	0.473191	
	0.467851	
	0.476405	
	0.471859	
	0.505159	
	0.702591	
	0.959706	
	0.946696	
	0.919792	
	0.874313	
	0.844162	
	0.863063	
	0.808213	
	0.806583	
	0.793623	
	0.792796	
	0.754447	
	0.718111	
	0.678336	
	0.661071	
	0.648406	
	0.673638	
	0.583606	
	0.597891	
	0.629049	
	0.629079	
	0.633737	
	0.675212	
	0.698535	
	0.619155	
	0.504335	
	0.470710	
	0.461273	
	0.416173	
	0.349495	
	0.414158	
	0.449027	
	0.537796	
	0.570364	
	0.719405	
	0.676492	
	0.561148	
	0.617017	
	0.650516	
	0.803674	
	0.923549	
	0.953289	
	0.950314	
	0.952322	
	0.933899	
	0.851224	
	0.762892	
	0.735054	
	0.703425	
	0.705891	
	0.680500	
	0.623031	
	0.661788	
	0.639545	
	0.622337	
	0.658820	
	0.680861	
	0.711937	
	0.646367	
	0.679120	
	0.633139	
	0.639181	
	0.738102	
	0.624320	
	0.639468	
	0.719953	
	0.594348	
	0.677208	
	0.642863	
	0.553817	
	0.465446	
	0.498215	
	0.480372	
	0.475383	
	0.518339	
	0.480958	
	0.484159	
	0.489266	
	0.637328	
	0.642179	
	0.511458	
	0.551937	
	0.531518	
	0.526705	
	0.550141	
	0.535696	
	0.481623	
	0.450687	
	0.541745	
	0.629295	
	0.636474	
	0.457179	
	0.330800	
	0.307446	
	0.362752	
	0.350340	
	0.374438	
	0.323708	
	0.351768	
	0.577626	
	0.752005	
	0.628379	
	0.539737	
	0.516843	
	0.551669	
	0.582043	
	0.535494	
	0.577861	
	0.609389	
	0.579854	
	0.624326	
	0.551813	
	0.384496	
	0.315908	
	0.319516	
	0.311905	
	0.330935	
	0.321087	
	0.324329	
	0.356049	
	0.406909	
	0.392907	
	0.552814	
	0.379003	
	0.399277	
	0.387647	
	0.367061	
	0.374467	
	0.388706	
	0.382881	
	0.371545	
	0.565459	
	0.730255	
	0.757680	
	0.626650	
	0.505129	
	0.434670	
	0.507750	
	0.478604	
	0.443725	
	0.454630	
	0.422145	
	0.409721	
	0.401918	
	0.585920	
	0.632439	
	0.576894	
	0.603599	
	0.654445	
	0.642839	
	0.557938	
	0.586539	
	0.651886	
	0.680246	
	0.768634	
	0.736016	
	0.649362	
	0.598012	
	0.490263	
	0.505791	
	0.482745	
	0.485531	
	0.498969	
	0.479634	
	0.456951	
	0.475151	
	0.594601	
	0.593930	
	0.484411	
	0.465702	
	0.480332	
	0.775203	
	0.856243	
	0.882856	
	0.906167	
	0.921334	
	0.894770	
	0.856140	
	0.811776	
	0.695222	
	0.614070	
	0.621728	
	0.591695	
	0.498774	
	0.497346	
	0.528539	
	0.644946	
	0.662552	
	0.698458	
	0.614241	
	0.523877	
	0.497890	
	0.480415	
	0.492515	
	0.478492	
	0.469044	
	0.413653	
	0.440808	
	0.524106	
	0.675036	
	0.583432	
	0.453381	
	0.344627	
	0.373548	
	0.380358	
	0.381742	
	0.404858	
	0.420832	
	0.371304	
	0.354417	
	0.490324	
	0.482025	
	0.394469	
	0.372542	
	0.398215	
	0.365401	
	0.389598	
	0.466551	
	0.579592	
	0.563557	
	0.598019	
	0.716600	
	0.624609	
	0.584006	
	0.513916	
	0.535952	
	0.574544	
	0.544521	
	0.514080	
	0.558902	
	0.627548	
	0.616984	
	0.656318	
	0.684409	
	0.572349	
	0.540812	
	0.441187	
	0.413224	
	0.586581	
	0.411243	
	0.584489	
	0.535095	
	0.430503	
	0.627828	
	0.522590	
	0.430121	
	0.399128	
	0.410944	
	0.398085	
	0.667418	
	0.845033	
	0.881553	
	0.882683	
	0.881101	
	0.892955	
	0.902365	
	0.844572	
	0.762941	
	0.727067	
	0.705007	
	0.720103	
	0.616788	
	0.651771	
	0.693774	
	0.753705	
	0.838430	
	0.818978	
	0.703632	
	0.619204	
	0.610802	
	0.576068	
	0.525528	
	0.482345	
	0.518440	
	0.618322	
	0.734253	
	0.857209	
	0.771260	
	0.656998	
	0.582582	
	0.598487	
	0.604178	
	0.580701	
	0.592515	
	0.543245	
	0.607299	
	0.693453	
	0.595011	
	0.600263	
	0.535252	
	0.525959	
	0.480425	
	0.434058	
	0.439920	
	0.431755	
	0.403530	
	0.446210	
	0.537687	
	0.734269	
	0.590934	
	0.537585	
	0.515751	
	0.504268	
	0.470517	
	0.439434	
	0.417090	
	0.473811	
	0.628083	
	0.724536	
	0.846990	
	0.826430	
	0.677778	
	0.583807	
	0.665021	
	0.563029	
	0.508410	
	0.501767	
	0.533151	
	0.583365	
	0.622364	
	0.804778	
	0.762218	
	0.646303	
	0.606487	
	0.597824	
	0.583319	
	0.564718	
	0.556776	
	0.660756	
	0.647434	
	0.810723	
	0.748272	
	0.647637	
	0.658686	
	0.537566	
	0.505046	
	0.505787	
	0.472493	
	0.458954	
	0.450663	
	0.452796	
	0.423407	
	0.654500	
	0.557587	
	0.431750	
	0.382121	
	0.391688	
	0.395416	
	0.391314	
	0.390538	
	0.406640	
	0.604456	
	0.966333	
	0.961225	
	0.950659	
	0.927224	
	0.911809	
	0.920848	
	0.898779	
	0.852227	
	0.794778	
	0.693355	
	0.688846	
	0.768235	
	0.716671	
	0.711428	
	0.702399	
	0.684283	
	0.688195	
	0.669584	
	0.566979	
	0.608412	
	0.492154	
	0.471399	
	0.515202	
	0.704303	
	0.622300	
	0.547916	
	0.568086	
	0.587012	
	0.600012	
	0.631981	
	0.720720	
	0.754597	
	0.746997	
	0.738140	
	0.724139	
	0.737264	
	0.754781	
	0.730458	
	0.658763	
	0.628725	
	0.574025	
	0.589784	
	0.538830	
	0.576750	
	0.674115	
	0.705588	
	0.616327	
	0.550318	
	0.386718	
	0.376068	
	0.344700	
	0.338292	
	0.315108	
	0.329517	
	0.327285	
	0.311152	
	0.415470	
	0.594743	
	0.365375	
	0.343766	
	0.491890	
	0.328327	
	0.366914	
	0.603160	
	0.307364	
	0.540406	
	0.442500	
	0.568006	
	0.581741	
	0.531925	
	0.430997	
	0.384599	
	0.426184	
	0.387198	
	0.347683	
	0.328559	
	0.332334	
	0.334829	
	0.446322	
	0.644708	
	0.442888	
	0.315542	
	0.340150	
	0.714132	
	0.912173	
	0.929144	
	0.921366	
	0.926722	
	0.905407	
	0.820838	
	0.745458	
	0.695000	
	0.620831	
	0.533954	
	0.556420	
	0.568693	
	0.443074	
	0.421115	
	0.412981	
	0.412438	
	0.586954	
	0.634156	
	0.432619	
	0.390405	
	0.377259	
	0.371330	
	0.317237	
	0.372139	
	0.380883	
	0.405565	
	0.443525	
	0.567313	
	0.502355	
	0.367307	
	0.343801	
	0.345727	
	0.327346	
	0.371308	
	0.386932	
	0.373196	
	0.395022	
	0.382440	
	0.523338	
	0.469658	
	0.396175	
	0.385285	
	0.385440	
	0.323549	
	0.337272	
	0.302106	
	0.292447	
	0.336838	
	0.603752	
	0.696834	
	0.615449	
	0.409885	
	0.357081	
	0.520277	
	0.343875	
	0.288758	
	0.297269	
	0.306211	
	0.269870	
	0.299326	
	0.450845	
	0.355898	
	0.262942	
	0.251874	
	0.268258	
	0.328386	
	0.321022	
	0.366908	
	0.332561	
	0.295175	
	0.289579	
	0.567025	
	0.542681	
	0.440179	
	0.292765	
	0.305559	
	0.299636	
	0.252833	
	0.223412	
	0.212174	
	0.213507	
	0.234313	
	0.299153	
	0.338256	
	0.255495	
	0.232120	
	0.235515	
	0.247271	
	0.234865	
	0.345445	
	0.344785	
	0.280717	
	0.450352	
	0.867462	
	0.856679	
	0.782208	
	0.688578	
	0.679627	
	0.714702	
	0.630889	
	0.635457	
	0.588158	
	0.586974	
	0.586527	
	0.720751	
	0.635874	
	0.549318	
	0.517596	
	0.513729	
	0.540447	
	0.495617	
	0.544855	
	0.518213	
	0.531596	
	0.556336	
	0.780222	
	0.623380	
	0.525331	
	0.554126	
	0.541322	
	0.503541	
	0.502712	
	0.589462	
	0.593016	
	0.581841	
	0.539604	
	0.664985	
	0.618972	
	0.549226	
	0.532495	
	0.551339	
	0.550471	
	0.567613	
	0.507881	
	0.517606	
	0.527696	
	0.604401	
	0.839483	
	0.701172	
	0.541866	
	0.578393	
	0.564138	
	0.559490	
	0.513115	
	0.556053	
	0.528351	
	0.528291	
	0.563769	
	0.704273	
	0.596172	
	0.589521	
	0.655531	
	0.561092	
	0.535060	
	0.728074	
	0.534343	
	0.629424	
	0.617323	
	0.643169	
	0.792851	
	0.816220	
	0.743602	
	0.764447	
	0.734471	
	0.675232	
	0.630835	
	0.561927	
	0.513172	
	0.614364	
	0.639621	
	0.701763	
	0.709100	
	0.761320	
	0.789498	
	0.787218	
	0.742692	
	0.694353	
	0.681646	
	0.681309	
	0.675409	
	0.740954	
	0.753368	
	0.746655	
	0.660345	
	0.628704	
	0.544418	
	0.573248	
	0.542948	
	0.550259	
	0.601543	
	0.597661	
	0.751551	
	0.761294	
	0.701240	
	0.739956	
	0.779742	
	0.758711	
	0.769869	
	0.720866	
	0.722779	
	0.671851	
	0.706941	
	0.703432	
	0.711382	
	0.674864	
	0.806885	
	0.849031	
	0.829511	
	0.808372	
	0.720161	
	0.633051	
	0.716574	
	0.674507	
	0.679150	
	0.669491	
	0.679306	
	0.680577	
	0.665025	
	0.583780	
	0.622659	
	0.583712	
	0.618347	
	0.664661	
	0.660851	
	0.658615	
	0.710662	
	0.697529	
	0.724739	
	0.673050	
	0.652841	
	0.641472	
	0.662441	
	0.704247	
	0.660132	
	0.776187	
	0.820605	
	0.542186	
	0.455040	
	0.446744	
	0.435752	
	0.369082	
	0.355824	
	0.376159	
	0.417253	
	0.458443	
	0.574315	
	0.737092	
	0.691834	
	0.710628	
	0.750054	
	0.733221	
	0.710535	
	0.706968	
	0.706517	
	0.712939	
	0.659724	
	0.597068	
	0.616664	
	0.577615	
	0.571679	
	0.570987	
	0.590845	
	0.634520	
	0.627673	
	0.639007	
	0.627955	
	0.557713	
	0.578026	
	0.621041	
	0.753736	
	0.796388	
	0.741242	
	0.705330	
	0.643550	
	0.662221	
	0.676860	
	0.564752	
	0.543349	
	0.527163	
	0.542682	
	0.570125	
	0.546258	
	0.551508	
	0.573073	
	0.551003	
	0.530521	
	0.519065	
	0.553079	
	0.532776	
	0.562103	
	0.558198	
	0.635246	
	0.617508	
	0.518344	
	0.537027	
	0.545015	
	0.546628	
	0.546993	
	0.536952	
	0.557324	
	0.592461	
	0.588811	
	0.531751	
	0.563454	
	0.567410	
	0.562478	
	0.521021	
	0.551532	
	0.561699	
	0.565195	
	0.569591	
	0.538664	
	0.544903	
	0.627466	
	0.662270	
	0.601417	
	0.558994	
	0.561277	
	0.578593	
	0.550720	
	0.573765	
	0.548648	
	0.553282	
	0.544810	
	0.541055	
	0.636380	
	0.649975	
	0.609823	
	0.673864	
	0.660245	
	0.685004	
	0.684079	
	0.692734	
	0.714220	
	0.733879	
	0.731921	
	0.705590	
	0.627258	
	0.657377	
	0.696837	
	0.677798	
	0.657261	
	0.678740	
	0.686407	
	0.722582	
	0.684613	
	0.679074	
	0.707657	
	0.703687	
	0.718386	
	0.710545	
	0.647161	
	0.685831	
	0.734876	
	0.763627	
	0.763834	
	0.624093	
	0.618485	
	0.694003	
	0.666774	
	0.647320	
	0.638178	
	0.638342	
	0.557056	
	0.620505	
	0.590206	
	0.646072	
	0.645117	
	0.749764	
	0.707723	
	0.667633	
	0.661897	
	0.678708	
	0.679409	
	0.659589	
	0.673346	
	0.625164	
	0.594982	
	0.575601	
	0.603458	
	0.510850	
	0.520165	
	0.549050	
	0.553111	
	0.498883	
	0.528157	
	0.524249	
	0.478986	
	0.466062	
	0.472024	
	0.536835	
	0.440999	
	0.391250	
	0.397224	
	0.402386	
	0.405594	
	0.359660	
	0.369498	
	0.360853	
	0.383212	
	0.558028	
	0.700642	
	0.568055	
	0.400472	
	0.389397	
	0.445906	
	0.450830	
	0.387085	
	0.359639	
	0.351065	
	0.365825	
	0.404879	
	0.455220	
	0.363807	
	0.314796	
	0.273804	
	0.246703	
	0.277261	
	0.282346	
	0.289826	
	0.384191	
	0.567217	
	0.698316	
	0.704378	
	0.660654	
	0.551182	
	0.575267	
	0.592364	
	0.556345	
	0.528164	
	0.514236	
	0.537340	
	0.520048	
	0.499268	
	0.517563	
	0.502096	
	0.433541	
	0.473356	
	0.467182	
	0.474598	
	0.504273	
	0.534495	
	0.507815	
	0.499724	
	0.533004	
	0.793628	
	0.762494	
	0.690785	
	0.655889	
	0.649392	
	0.651487	
	0.615074	
	0.614453	
	0.558976	
	0.530269	
	0.540445	
	0.624158	
	0.595645	
	0.566836	
	0.528893	
	0.536099	
	0.519804	
	0.486913	
	0.529704	
	0.514999	
	0.513560	
	0.530334	
	0.690511	
	0.628400	
	0.541274	
	0.511366	
	0.483781	
	0.493280	
	0.526101	
	0.533012	
	0.600463	
	0.549482	
	0.541883	
	0.548246	
	0.568202	
	0.548618	
	0.532625	
	0.562529	
	0.566262	
	0.569517	
	0.573986	
	0.517828	
	0.517717	
	0.588069	
	0.710853	
	0.643355	
	0.573832	
	0.590521	
	0.611776	
	0.587203	
	0.578648	
	0.573059	
	0.559972	
	0.573467	
	0.592098	
	0.637272	
	0.639646	
	0.669277	
	0.713216	
	0.678535	
	0.702654	
	0.713799	
	0.652656	
	0.694425	
	0.633760	
	0.655246	
	0.731275	
	0.614564	
	0.557096	
	0.583191	
	0.636602	
	0.670563	
	0.648071	
	0.677462	
	0.667471	
	0.677504	
	0.693001	
	0.684271	
	0.731611	
	0.701804	
	0.720095	
	0.695688	
	0.694723	
	0.701946	
	0.711243	
	0.707757	
	0.680488	
	0.679422	
	0.794469	
	0.807862	
	0.771064	
	0.687144	
	0.675885	
	0.703993	
	0.675451	
	0.656297	
	0.652355	
	0.644339	
	0.632585	
	0.787978	
	0.755102	
	0.714176	
	0.680371	
	0.668956	
	0.714148	
	0.758984	
	0.823502	
	0.912567	
	0.935789	
	0.934921	
	0.727533	
	0.542850	
	0.549654	
	0.551778	
	0.479859	
	0.424043	
	0.411188	
	0.431517	
	0.412041	
	0.402468	
	0.391208	
	0.462295	
	0.408889	
	0.337427	
	0.373009	
	0.455660	
	0.510209	
	0.523466	
	0.524388	
	0.520020	
	0.522019	
	0.629312	
	0.800798	
	0.749967	
	0.644020	
	0.635022	
	0.653455	
	0.676937	
	0.635657	
	0.677320	
	0.646458	
	0.588063	
	0.530567	
	0.632349	
	0.564311	
	0.501409	
	0.486144	
	0.482024	
	0.461448	
	0.483376	
	0.471060	
	0.449149	
	0.486262	
	0.489434	
	0.676302	
	0.771952	
	0.599609	
	0.476340	
	0.413915	
	0.480297	
	0.425310	
	0.390640	
	0.419389	
	0.416640	
	0.380297	
	0.409349	
	0.622573	
	0.412123	
	0.311236	
	0.286195	
	0.307569	
	0.288893	
	0.286025	
	0.289022	
	0.848343	
	0.908826	
	0.888115	
	0.882510	
	0.861613	
	0.794400	
	0.749471	
	0.766435	
	0.687186	
	0.645491	
	0.627696	
	0.611499	
	0.637879	
	0.694215	
	0.761262	
	0.734225	
	0.690197	
	0.618109	
	0.550891	
	0.513841	
	0.536298	
	0.516109	
	0.408087	
	0.448226	
	0.365773	
	0.646731	
	0.561673	
	0.403051	
	0.304232	
	0.322756	
	0.345282	
	0.335388	
	0.341116	
	0.351510	
	0.350296	
	0.344797	
	0.487126	
	0.547135	
	0.501569	
	0.555313	
	0.581788	
	0.608323	
	0.615305	
	0.539637	
	0.523889	
	0.552916	
	0.768431	
	0.850951	
	0.754386	
	0.604109	
	0.526061	
	0.570707	
	0.542547	
	0.526989	
	0.517512	
	0.527206	
	0.545833	
	0.549360	
	0.627396	
	0.548669	
	0.570642	
	0.489763	
	0.446810	
	0.571694	
	0.514686	
	0.436937	
	0.528267	
	0.374831	
	0.405759	
	0.671639	
	0.506907	
	0.479964	
	0.427621	
	0.431930	
	0.413266	
	0.402818	
	0.395584	
	0.383189	
	0.411447	
	0.347010	
	0.309235	
	0.445173	
	0.364587	
	0.373296	
	0.411621	
	0.419781	
	0.494456	
	0.508061	
	0.438001	
	0.443125	
	0.515690	
	0.606448	
	0.741890	
	0.643788	
	0.500232	
	0.489987	
	0.522160	
	0.551900	
	0.534842	
	0.513744	
	0.555879	
	0.639041	
	0.732890	
	0.720686	
	0.669122	
	0.566131	
	0.554392	
	0.559930	
	0.536374	
	0.533944	
	0.537654	
	0.535509	
	0.573485	
	0.606977	
	0.499110	
	0.460594	
	0.539360	
	0.497574	
	0.485691	
	0.491769	
	0.535967	
	0.543595	
	0.552996	
	0.544585	
	0.646332	
	0.605949	
	0.466950	
	0.439983	
	0.454549	
	0.473666	
	0.439121	
	0.458055	
	0.536477	
	0.577016	
	0.719378	
	0.749787	
	0.714321	
	0.578431	
	0.493328	
	0.531816	
	0.679170	
	0.570172	
	0.555504	
	0.607728	
	0.646185	
	0.578012	
	0.650874	
	0.525324	
	0.514911	
	0.493988	
	0.535001	
	0.564511	
	0.603452	
	0.562722	
	0.589066	
	0.559062	
	0.683402	
	0.815858	
	0.682039	
	0.588152	
	0.570123	
	0.520994	
	0.496239	
	0.522057	
	0.540025	
	0.543101	
	0.565618	
	0.560287	
	0.679121	
	0.667346	
	0.623395	
	0.599907	
	0.616377	
	0.623993	
	0.649577	
	0.648029	
	0.621937	
	0.619319	
	0.684711	
	0.876920	
	0.882770	
	0.861199	
	0.833583	
	0.824969	
	0.831018	
	0.803910	
	0.783810	
	0.812632	
	0.786482	
	0.800057	
	0.786658	
	0.713600	
	0.676975	
	0.656756	
	0.625650	
	0.620262	
	0.636559	
	0.657179	
	0.616766	
	0.593098	
	0.670297	
	0.786865	
	0.638650	
	0.605448	
	0.600540	
	0.612251	
	0.570259	
	0.479070	
	0.501330	
	0.503961	
	0.523485	
	0.553684	
	0.705381	
	0.653275	
	0.587967	
	0.568393	
	0.580002	
	0.578088	
	0.623494	
	0.595812	
	0.554009	
	0.549397	
	0.773201	
	0.850655	
	0.798462	
	0.667286	
	0.568418	
	0.547738	
	0.555083	
	0.535315	
	0.462365	
	0.469927	
	0.473961	
	0.473085	
	0.631775	
	0.695759	
	0.457452	
	0.591545	
	0.495258	
	0.429568	
	0.767950	
	0.473955	
	0.444773	
	0.723273	
	0.415785	
	0.662314	
	0.522872	
	0.462396	
	0.324011	
	0.350739	
	0.318742	
	0.317119	
	0.299571	
	0.265752	
	0.225985	
	0.254330	
	0.382760	
	0.491856	
	0.435843	
	0.453944	
	0.389270	
	0.362773	
	0.366338	
	0.339342	
	0.307530	
	0.315003	
	0.592672	
	0.755201	
	0.820315	
	0.727502	
	0.499286	
	0.450627	
	0.492308	
	0.421237	
	0.454424	
	0.852984	
	0.936829	
	0.906976	
	0.854323	
	0.793242	
	0.723426	
	0.678547	
	0.612225	
	0.580285	
	0.564520	
	0.538803	
	0.516145	
	0.513558	
	0.458180	
	0.474177	
	0.412315	
	0.374727	
	0.408102	
	0.403129	
	0.399906	
	0.384777	
	0.433218	
	0.407388	
	0.333505	
	0.310722	
	0.514934	
	0.368104	
	0.278222	
	0.257102	
	0.281838	
	0.261395	
	0.318147	
	0.725596	
	0.889732	
	0.799939	
	0.690508	
	0.796850	
	0.776648	
	0.683396	
	0.633465	
	0.648442	
	0.706224	
	0.713198	
	0.717817	
	0.724043	
	0.748916	
	0.728605	
	0.751638	
	0.792573	
	0.740347	
	0.736462	
	0.726903	
	0.745242	
	0.681863	
	0.697874	
	0.728484	
	0.676508	
	0.676390	
	0.818269	
	0.674248	
	0.604793	
	0.572626	
	0.557153	
	0.582188	
	0.584213	
	0.569090	
	0.564605	
	0.550705	
	0.575783	
	0.652687	
	0.666948	
	0.618073	
	0.609281	
	0.613683	
	0.605549	
	0.623800	
	0.633114	
	0.565376	
	0.575133	
	0.891333	
	0.875850	
	0.880799	
	0.780187	
	0.757441	
	0.770881	
	0.733829	
	0.652992	
	0.622658	
	0.586286	
	0.619057	
	0.631157	
	0.734161	
	0.687591	
	0.649731	
	0.605225	
	0.569306	
	0.578164	
	0.544930	
	0.538919	
	0.500148	
	0.525809	
	0.652634	
	0.731805	
	0.778415	
	0.663171	
	0.687505	
	0.705553	
	0.631292	
	0.633293	
	0.632224	
	0.612292	
	0.590393	
	0.569413	
	0.605487	
	0.690421	
	0.582208	
	0.517479	
	0.524745	
	0.523803	
	0.520418	
	0.531589	
	0.537471	
	0.636459	
	0.758890	
	0.788439	
	0.766480	
	0.663690	
	0.642993	
	0.614399	
	0.616970	
	0.602280	
	0.579785	
	0.547630	
	0.534663	
	0.516814	
	0.498059	
	0.802212	
	0.600265	
	0.608743	
	0.589782	
	0.484962	
	0.684617	
	0.850218	
	0.913074	
	0.930028	
	0.934685	
	0.905934	
	0.695449	
	0.611635	
	0.547628	
	0.490624	
	0.465820	
	0.472694	
	0.465195	
	0.462026	
	0.458820	
	0.466915	
	0.443836	
	0.484948	
	0.438698	
	0.391511	
	0.355989	
	0.374107	
	0.393649	
	0.397914	
	0.419163	
	0.431318	
	0.363346	
	0.581207	
	0.698059	
	0.689599	
	0.550533	
	0.470003	
	0.407597	
	0.464861	
	0.405245	
	0.396013	
	0.452243	
	0.611724	
	0.706580	
	0.774236	
	0.617077	
	0.495830	
	0.538758	
	0.499789	
	0.488915	
	0.450495	
	0.439086	
	0.416169	
	0.508510	
	0.667063	
	0.483449	
	0.382615	
	0.326769	
	0.297736	
	0.301286	
	0.295430	
	0.306291	
	0.302882	
	0.278702	
	0.273021	
	0.390705	
	0.444457	
	0.372685	
	0.353749	
	0.399192	
	0.452643	
	0.518267	
	0.448946	
	0.487711	
	0.814934	
	0.842611	
	0.805263	
	0.638162	
	0.516242	
	0.586178	
	0.680487	
	0.613880	
	0.629278	
	0.593917	
	0.587832	
	0.529582	
	0.502804	
	0.600443	
	0.467105	
	0.435947	
	0.467896	
	0.411159	
	0.402957	
	0.828092	
	0.917305	
	0.927534	
	0.940683	
	0.937153	
	0.833212	
	0.635769	
	0.516497	
	0.500468	
	0.481910	
	0.449896	
	0.447196	
	0.481030	
	0.556826	
	0.520277	
	0.598702	
	0.695445	
	0.627068	
	0.540133	
	0.456599	
	0.440585	
	0.423303	
	0.376996	
	0.364513	
	0.361813	
	0.344614	
	0.778527	
	0.819622	
	0.780402	
	0.674193	
	0.556615	
	0.617232	
	0.525155	
	0.512695	
	0.503416	
	0.473729	
	0.447585	
	0.555599	
	0.659592	
	0.592843	
	0.477396	
	0.444616	
	0.450175	
	0.420449	
	0.393531	
	0.347856	
	0.352114	
	0.377865	
	0.477751	
	0.749497	
	0.643099	
	0.623697	
	0.654567	
	0.671995	
	0.666652	
	0.696091	
	0.686181	
	0.665107	
	0.603626	
	0.549226	
	0.666917	
	0.662860	
	0.576275	
	0.613563	
	0.592942	
	0.511613	
	0.588789	
	0.554175	
	0.580031	
	0.677183	
	0.763118	
	0.761761	
	0.727290	
	0.710769	
	0.711616	
	0.677906	
	0.665550	
	0.623440	
	0.593427	
	0.571454	
	0.535031	
	0.533147	
	0.728851	
	0.707011	
	0.587835	
	0.675634	
	0.500755	
	0.462800	
	0.764189	
	0.558661	
	0.663983	
	0.708377	
	0.693246	
	0.784612	
	0.592922	
	0.598049	
	0.676223	
	0.671538	
	0.679173	
	0.708607	
	0.707348	
	0.671886	
	0.683326	
	0.687306	
	0.660042	
	0.631166	
	0.572875	
	0.593341	
	0.731443	
	0.861528	
	0.837416	
	0.644961	
	0.576154	
	0.588812	
	0.542696	
	0.442156	
	0.461550	
	0.465881	
	0.500650	
	0.542982	
	0.519247	
	0.450155	
	0.446858	
	0.420601	
	0.459030	
	0.468800	
	0.506760	
	0.473644	
	0.482254	
	0.482671	
	0.518882	
	0.517288	
	0.538480	
	0.523890	
	0.564276	
	0.559528	
	0.735601	
	0.826220	
	0.846964	
	0.776809	
	0.699379	
	0.677245	
	0.681731	
	0.662385	
	0.611566	
	0.566053	
	0.553319	
	0.572941	
	0.534160	
	0.539883	
	0.555737	
	0.564064	
	0.543807	
	0.396053	
	0.458551	
	0.420433	
	0.457559	
	0.488866	
	0.458460	
	0.453489	
	0.506515	
	0.573959	
	0.564955	
	0.574174	
	0.528911	
	0.447586	
	0.444907	
	0.439512	
	0.459183	
	0.446966	
	0.450008	
	0.513953	
	0.529673	
	0.588149	
	0.646403	
	0.633009	
	0.645056	
	0.685223	
	0.699938	
	0.602197	
	0.642945	
	0.627353	
	0.759573	
	0.578230	
	0.459867	
	0.519575	
	0.574394	
	0.504018	
	0.556324	
	0.579880	
	0.578373	
	0.564998	
	0.573216	
	0.530403	
	0.563628	
	0.550990	
	0.518172	
	0.607230	
	0.592239	
	0.577809	
	0.572307	
	0.601351	
	0.629775	
	0.604830	
	0.553861	
	0.531426	
	0.574339	
	0.550126	
	0.564842	
	0.564660	
	0.539138	
	0.545611	
	0.550916	
	0.557455	
	0.541462	
	0.550696	
	0.511301	
	0.535912	
	0.498776	
	0.521452	
	0.494273	
	0.483342	
	0.490242	
	0.498536	
	0.485790	
	0.529012	
	0.601577	
	0.617610	
	0.543894	
	0.524824	
	0.503432	
	0.478923	
	0.576150	
	0.534591	
	0.458742	
	0.449802	
	0.454914	
	0.425126	
	0.449395	
	0.444789	
	0.465070	
	0.524528	
	0.550980	
	0.558648	
	0.543471	
	0.554997	
	0.529345	
	0.546653	
	0.540392	
	0.526240	
	0.511881	
	0.524356	
	0.496473	
	0.541073	
	0.630880	
	0.626539	
	0.644859	
	0.643138	
	0.646120	
	0.631006	
	0.570324	
	0.497107	
	0.423859	
	0.458014	
	0.533480	
	0.342940	
	0.359612	
	0.318934	
	0.329555	
	0.359751	
	0.512855	
	0.703557	
	0.467212	
	0.376353	
	0.369903	
	0.383107	
	0.427270	
	0.375223	
	0.355384	
	0.363530	
	0.381904	
	0.373560	
	0.450772	
	0.385240	
	0.350287	
	0.340398	
	0.367597	
	0.355859	
	0.352702	
	0.343833	
	0.347984	
	0.435170	
	0.575516	
	0.822258	
	0.798150	
	0.742058	
	0.720879	
	0.677553	
	0.710693	
	0.601169	
	0.532606	
	0.500951	
	0.589329	
	0.690241	
	0.644809	
	0.582820	
	0.572640	
	0.524923	
	0.539336	
	0.534552	
	0.514459	
	0.496894	
	0.517027	
	0.496743	
	0.675664	
	0.763446	
	0.535544	
	0.526615	
	0.551743	
	0.562059	
	0.525411	
	0.522576	
	0.545796	
	0.545367	
	0.616381	
	0.580054	
	0.662076	
	0.581596	
	0.538481	
	0.491624	
	0.509984	
	0.540863	
	0.510025	
	0.504863	
	0.514605	
	0.598128	
	0.728147	
	0.792906	
	0.627511	
	0.485030	
	0.492101	
	0.462466	
	0.453716	
	0.444114	
	0.447704	
	0.404308	
	0.470543	
	0.538445	
	0.621228	
	0.586924	
	0.443943	
	0.597971	
	0.521195	
	0.529018	
	0.774754	
	0.502956	
	0.654063	
	0.711668	
	0.641579	
	0.680217	
	0.593595	
	0.430098	
	0.469926	
	0.469434	
	0.439216	
	0.427755	
	0.419642	
	0.416098	
	0.399045	
	0.379486	
	0.386985	
	0.650614	
	0.482363	
	0.404739	
	0.392411	
	0.397813	
	0.354689	
	0.403636	
	0.398716	
	0.468896	
	0.739387	
	0.751396	
	0.836543	
	0.755610	
	0.642133	
	0.603484	
	0.581506	
	0.538897	
	0.590901	
	0.638459	
	0.665445	
	0.848599	
	0.849468	
	0.869575	
	0.804728	
	0.717570	
	0.687690	
	0.710007	
	0.668884	
	0.615751	
	0.599300	
	0.636394	
	0.735055	
	0.686954	
	0.545770	
	0.463425	
	0.477092	
	0.459283	
	0.461654	
	0.425644	
	0.415935	
	0.421288	
	0.415605	
	0.479525	
	0.698918	
	0.529877	
	0.445831	
	0.435283	
	0.418041	
	0.387960	
	0.382120	
	0.419630	
	0.436374	
	0.740686	
	0.846937	
	0.856941	
	0.778925	
	0.640487	
	0.623727	
	0.708458	
	0.648467	
	0.561972	
	0.535507	
	0.520663	
	0.581080	
	0.747694	
	0.754212	
	0.645571	
	0.626907	
	0.634807	
	0.628002	
	0.614257	
	0.630760	
	0.600942	
	0.600327	
	0.664891	
	0.798798	
	0.635721	
	0.653578	
	0.589314	
	0.598767	
	0.614018	
	0.633696	
	0.623762	
	0.601188	
	0.614387	
	0.628762	
	0.724442	
	0.634403	
	0.629714	
	0.668416	
	0.698184	
	0.674994	
	0.629625	
	0.663767	
	0.690194	
	0.708825	
	0.775552	
	0.915861	
	0.891212	
	0.875007	
	0.849569	
	0.836189	
	0.856932	
	0.827043	
	0.827247	
	0.836274	
	0.832976	
	0.827597	
	0.760233	
	0.745939	
	0.732128	
	0.754008	
	0.760151	
	0.720795	
	0.747623	
	0.763474	
	0.747749	
	0.716857	
	0.745783	
	0.811082	
	0.688654	
	0.733912	
	0.752415	
	0.711143	
	0.700293	
	0.721713	
	0.753269	
	0.778967	
	0.789885	
	0.817598	
	0.834341	
	0.822240	
	0.818653	
	0.824874	
	0.806596	
	0.813932	
	0.770972	
	0.745822	
	0.802443	
	0.801773	
	0.742155	
	0.831154	
	0.677240	
	0.610624	
	0.583855	
	0.618104	
	0.610277	
	0.598003	
	0.607281	
	0.605874	
	0.591897	
	0.581476	
	0.692513	
	0.711423	
	0.633010	
	0.641861	
	0.633636	
	0.664894	
	0.696937	
	0.655886	
	0.668126	
	0.719027	
	0.649720	
	0.726894	
	0.612136	
	0.607678	
	0.656755	
	0.671716	
	0.660670	
	0.665210	
	0.671661	
	0.681134	
	0.703448	
	0.713583	
	0.693030	
	0.750161	
	0.731219	
	0.760100	
	0.772322	
	0.776838	
	0.766846	
	0.731164	
	0.741258	
	0.732935	
	0.778056	
	0.855919	
	0.860037	
	0.819646	
	0.743343	
	0.725733	
	0.737186	
	0.775155	
	0.769524	
	0.757489	
	0.755867	
	0.774878	
	0.885622	
	0.867950	
	0.835381	
	0.806219	
	0.789337	
	0.793091	
	0.767408	
	0.771690	
	0.782799	
	0.785443	
	0.762586	
	0.675446	
	0.668388	
	0.723001	
	0.740713	
	0.726209	
	0.769999	
	0.741006	
	0.731405	
	0.757185	
	0.754085	
	0.736107	
	0.764057	
	0.687222	
	0.636043	
	0.641957	
	0.624283	
	0.588948	
	0.579570	
	0.514270	
	0.471254	
	0.555301	
	0.806530	
	0.816105	
	0.809150	
	0.659915	
	0.578469	
	0.655198	
	0.520311	
	0.479761	
	0.491696	
	0.568482	
	0.569833	
	0.683486	
	0.819245	
	0.693628	
	0.612945	
	0.667463	
	0.698545	
	0.623891	
	0.631892	
	0.645117	
	0.648517	
	0.602810	
	0.738223	
	0.818764	
	0.715702	
	0.568787	
	0.601113	
	0.655349	
	0.654792	
	0.680907	
	0.663939	
	0.696246	
	0.673739	
	0.700993	
	0.736640	
	0.699588	
	0.720962	
	0.702317	
	0.680951	
	0.724946	
	0.713552	
	0.729085	
	0.728566	
	0.732563	
	0.709586	
	0.800289	
	0.904920	
	0.869413	
	0.857939	
	0.837459	
	0.834946	
	0.825858	
	0.826380	
	0.779453	
	0.771715	
	0.797126	
	0.799456	
	0.760130	
	0.797841	
	0.750051	
	0.727863	
	0.718185	
	0.724182	
	0.760888	
	0.787684	
	0.764182	
	0.742259	
	0.803824	
	0.758940	
	0.620523	
	0.701646	
	0.747132	
	0.726842	
	0.683504	
	0.728591	
	0.729406	
	0.709893	
	0.744638	
	0.806286	
	0.769492	
	0.714305	
	0.739179	
	0.751322	
	0.713307	
	0.747842	
	0.785898	
	0.774397	
	0.735942	
	0.657498	
	0.768194	
	0.749621	
	0.592095	
	0.530429	
	0.559113	
	0.561136	
	0.566736	
	0.536553	
	0.526012	
	0.553930	
	0.554008	
	0.646755	
	0.677350	
	0.641268	
	0.603587	
	0.642767	
	0.560793	
	0.649481	
	0.583090	
	0.551591	
	0.678554	
	0.631894	
	0.693455	
	0.693582	
	0.672228	
	0.758159	
	0.767540	
	0.764855	
	0.748573	
	0.773986	
	0.770443	
	0.779819	
	0.756835	
	0.781362	
	0.783604	
	0.793257	
	0.784440	
	0.786775	
	0.763392	
	0.758992	
	0.794038	
	0.789727	
	0.796233	
	0.813144	
	0.853914	
	0.850405	
	0.827511	
	0.829823	
	0.821284	
	0.834612	
	0.827100	
	0.854506	
	0.815085	
	0.845001	
	0.852032	
	0.862911	
	0.844090	
	0.820312	
	0.787626	
	0.799538	
	0.831555	
	0.851505	
	0.865366	
	0.879816	
	0.844606	
	0.847373	
	0.791431	
	0.687730	
	0.727442	
	0.766913	
	0.726640	
	0.714304	
	0.703652	
	0.674550	
	0.663999	
	0.672420	
	0.624214	
	0.732944	
	0.648026	
	0.602663	
	0.587625	
	0.586214	
	0.558916	
	0.539934	
	0.516330	
	0.518596	
	0.570244	
	0.795210	
	0.824108	
	0.774914	
	0.611408	
	0.595084	
	0.688171	
	0.585169	
	0.599489	
	0.592367	
	0.600993	
	0.596696	
	0.647384	
	0.759661	
	0.721120	
	0.666256	
	0.637420	
	0.612144	
	0.601357	
	0.590328	
	0.584594	
	0.598225	
	0.658778	
	0.785052	
	0.825733	
	0.636817	
	0.614870	
	0.642877	
	0.619231	
	0.629807	
	0.579458	
	0.565034	
	0.521991	
	0.527747	
	0.528055	
	0.602330	
	0.476145	
	0.432333	
	0.420207	
	0.386400	
	0.369587	
	0.384632	
	0.360754	
	0.344315	
	0.325590	
	0.358737	
	0.797286	
	0.947253	
	0.944262	
	0.924677	
	0.878615	
	0.880877	
	0.907036	
	0.874353	
	0.839940	
	0.808093	
	0.869855	
	0.737740	
	0.647608	
	0.585902	
	0.597552	
	0.545772	
	0.501760	
	0.472883	
	0.533319	
	0.421763	
	0.412428	
	0.554296	
	0.785673	
	0.665458	
	0.552013	
	0.549135	
	0.536944	
	0.560423	
	0.512943	
	0.508758	
	0.475496	
	0.505924	
	0.514283	
	0.510213	
	0.524871	
	0.506428	
	0.497638	
	0.479720	
	0.517624	
	0.507241	
	0.489606	
	0.524920	
	0.681213	
	0.799726	
	0.694264	
	0.586527	
	0.507301	
	0.491761	
	0.495945	
	0.413287	
	0.446977	
	0.433919	
	0.416201	
	0.368346	
	0.375998	
	0.392336	
	0.417601	
	0.388712	
	0.400106	
	0.426451	
	0.453034	
	0.453174	
	0.481470	
	0.478345	
	0.686993	
	0.797521	
	0.561361	
	0.655435	
	0.775022	
	0.752458	
	0.743813	
	0.741210	
	0.766850	
	0.771882	
	0.791218	
	0.758644	
	0.766136	
	0.780707	
	0.776180	
	0.765181	
	0.777526	
	0.751000	
	0.755074	
	0.724700	
	0.749825	
	0.724362	
	0.740453	
	0.708641	
	0.667888	
	0.656266	
	0.638054	
	0.644557	
	0.653379	
	0.629807	
	0.637717	
	0.633327	
	0.632605	
	0.600568	
	0.582185	
	0.581483	
	0.569237	
	0.573711	
	0.566382	
	0.547169	
	0.547456	
	0.598327	
	0.704137	
	0.666838	
	0.674815	
	0.698454	
	0.706461	
	0.695412	
	0.702496	
	0.683991	
	0.733507	
	0.752777	
	0.775444	
	0.794922	
	0.821732	
	0.824202	
	0.829409	
	0.844676	
	0.829278	
	0.813055	
	0.821067	
	0.850425	
	0.799041	
	0.815718	
	0.861710	
	0.873400	
	0.855093	
	0.858528	
	0.875304	
	0.861155	
	0.855155	
	0.857042	
	0.861554	
	0.860435	
	0.890310	
	0.874966	
	0.921144	
	0.891489	
	0.877282	
	0.863712	
	0.866991	
	0.865542	
	0.699757	
	0.681517	
	0.806336	
	0.817017	
	0.808067	
	0.826908	
	0.813434	
	0.801622	
	0.801093	
	0.805841	
	0.810482	
	0.813541	
	0.792727	
	0.788503	
	0.818617	
	0.810024	
	0.800028	
	0.818099	
	0.810625	
	0.819719	
	0.796552	
	0.766260	
	0.762272	
	0.771749	
	0.766674	
	0.757786	
	0.732460	
	0.743995	
	0.762212	
	0.773765	
	0.767097	
	0.776115	
	0.758022	
	0.744928	
	0.702775	
	0.724340	
	0.744663	
	0.737271	
	0.772022	
	0.788229	
	0.791712	
	0.770915	
	0.736049	
	0.723798	
	0.694522	
	0.697262	
	0.659498	
	0.664141	
	0.701127	
	0.680021	
	0.701867	
	0.702639	
	0.764236	
	0.759166	
	0.765028	
	0.765784	
	0.762967	
	0.771756	
	0.789582	
	0.813769	
	0.819707	
	0.804578	
	0.770242	
	0.777589	
	0.745049	
	0.778756	
	0.771870	
	0.777351	
	0.865042	
	0.873441	
	0.901543	
	0.876333	
	0.882180	
	0.916265	
	0.887486	
	0.790957	
	0.857867	
	0.849044	
	0.787647	
	0.821960	
	0.889584	
	0.873622	
	0.813802	
	0.851320	
	0.903488	
	0.835073	
	0.810552	
	0.808850	
	0.789650	
	0.742283	
	0.818141	
	0.795500	
	0.811697	
	0.794002	
	0.782666	
	0.813013	
	0.811679	
	0.791838	
	0.793415	
	0.803186	
	0.810580	
	0.787899	
	0.774696	
	0.784783	
	0.791897	
	0.780412	
	0.785905	
	0.804498	
	0.800836	
	0.807447	
	0.807930	
	0.792606	
	0.790804	
	0.806236	
	0.783409	
	0.784581	
	0.799384	
	0.774964	
	0.786430	
	0.787319	
	0.777681	
	0.767142	
	0.771368	
	0.770119	
	0.756950	
	0.759151	
	0.734062	
	0.749845	
	0.763583	
	0.760546	
	0.762316	
	0.746944	
	0.744342	
	0.780454	
	0.793941	
	0.767349	
	0.749529	
	0.769243	
	0.753189	
	0.744089	
	0.760465	
	0.768019	
	0.754127	
	0.772400	
	0.763323	
	0.768250	
	0.756098	
	0.752722	
	0.760046	
	0.761012	
	0.751308	
	0.740690	
	0.767958	
	0.771946	
	0.775862	
	0.750437	
	0.733748	
	0.756557	
	0.767265	
	0.746852	
	0.725445	
	0.742013	
	0.737944	
	0.750537	
	0.764718	
	0.740566	
	0.763489	
	0.743521	
	0.738238	
	0.734817	
	0.769584	
	0.756235	
	0.729831	
	0.714679	
	0.726919	
	0.774345	
	0.731825	
	0.751054	
	0.740818	
	0.760435	
	0.751722	
	0.760716	
	0.719071	
	0.753819	
	0.745658	
	0.737903	
	0.738458	
	0.740865	
	0.748783	
	0.745112	
	0.771073	
	0.756259	
	0.759140	
	0.751121	
	0.749966	
	0.761468	
	0.730053	
	0.777870	
	0.755927	
	0.769775	
	0.771725	
	0.718553	
	0.749630	
	0.733788	
	0.752784	
	0.757058	
	0.748052	
	0.770437	
	0.779698	
	0.784873	
	0.762109	
	0.756890	
	0.805397	
	0.779067	
	0.782583	
	0.804033	
	0.774457	
	0.750785	
	0.753454	
	0.753050	
	0.748919	
	0.772423	
	0.805066	
	0.773067	
	0.739925	
	0.766438	
	0.772416	
	0.762842	
	0.736201	
	0.765592	
	0.773613	
	0.786926	
	0.765151	
	0.761424	
	0.806654	
	0.775315	
	0.768481	
	0.769348	
	0.746712	
	0.775169	
	0.763622	
	0.772360	
	0.781809	
	0.805319	
	0.802741	
	0.815423	
	0.819709	
	0.782644	
	0.807284	
	0.821168	
	0.803873	
	0.780297	
	0.812341	
	0.832750	
	0.832873	
	0.813984	
	0.808623	
	0.820617	
	0.816468	
	0.776987	
	0.769949	
	0.796303	
	0.820874	
	0.799737	
	0.808308	
	0.795459	
	0.801982	
	0.813710	
	0.801666	
	0.823250	
	0.800445	
	0.801214	
	0.807203	
	0.781067	
	0.804371	
	0.805338	
	0.829009	
	0.838662	
	0.812754	
	0.817612	
	0.800461	
	0.829248	
	0.833679	
	0.834686	
	0.845256	
	0.843276	
	0.850793	
	0.842795	
	0.804339	
	0.836017	
	0.829164	
	0.864083	
	0.862378	
	0.851437	
	0.873214	
	0.841775	
	0.870692	
	NaN	
	NaN	
	NaN	
	NaN	
	NaN	
	NaN	
	NaN	
	NaN	
	NaN	
	NaN	
	NaN	
	NaN	
	NaN	
	NaN	
	NaN	
	NaN	
	NaN	
	NaN	
	NaN	
	NaN	
	NaN	
	NaN	
	NaN	
	NaN	
	NaN	
	NaN	
	NaN	
	NaN	
	NaN	
	NaN	
	NaN	
	NaN	
	NaN	
	NaN	
	NaN	
	NaN	
	NaN	
	NaN	
	NaN	
	NaN	
	NaN	
	NaN	
	NaN	
	NaN	
	NaN	
	NaN	
	NaN	
	NaN	
	NaN	
	NaN	
	NaN	
	NaN	
	NaN	
	NaN	
	NaN	
	NaN	
	NaN	
	NaN	
	NaN	
	NaN	
	NaN	
	NaN	
	NaN	
	NaN	
	NaN	
	NaN	
	NaN	
	NaN	
	NaN	
	NaN	
	NaN	
	NaN	
	NaN	
	NaN	
	NaN	
	NaN	
	NaN	
	NaN	
	NaN	
	NaN	
	NaN	
	NaN	
	NaN	
	NaN	
	NaN	
	NaN	
	NaN	
	NaN	
	NaN	
	NaN	
	NaN	
	NaN	
	NaN	
	NaN	
	NaN	
	NaN	
	NaN	
	NaN	
	NaN	
	NaN	
	NaN	
	NaN	
	NaN	
	NaN	
	NaN	
	NaN	
	NaN	
	NaN	
	NaN	
	NaN	
	NaN	
	NaN	
	NaN	
	NaN	
	NaN	
	NaN	
	NaN	
	NaN	
	NaN	
	NaN	
	NaN	
	NaN	
	NaN	
	NaN	
	NaN	
	NaN	
	NaN	
	NaN	
	NaN	
	NaN	
	NaN	
	NaN	
	NaN	
	NaN	
	NaN	
	NaN	
	NaN	
	NaN	
	NaN	
	NaN	
	NaN	
	NaN	
	NaN	
	NaN	
