_Mode		
	-0.010206	
	-0.218370	
	-0.074158	
	-0.089122	
	-0.087017	
	-0.003559	
	0.035300	
	-0.076669	
	0.103779	
	-0.195023	
	-0.071545	
	-0.029139	
	0.047833	
	0.000957	
	0.129418	
	-0.110453	
	0.060142	
	0.034756	
	0.077391	
	-0.118585	
	0.037829	
	0.125534	
	-0.034213	
	0.047393	
	0.004761	
	-0.240555	
	-0.307415	
	0.073161	
	-0.057483	
	-0.195872	
	-0.041922	
	-0.108972	
	-0.078901	
	-0.123350	
	-0.065573	
	-0.052595	
	-0.115340	
	0.035051	
	0.050898	
	0.065675	
	-0.108969	
	-0.002175	
	-0.090615	
	-0.102444	
	-0.095904	
	-0.196952	
	-0.211945	
	-0.069196	
	-0.070717	
	-0.125927	
	0.132276	
	-0.128608	
	-0.123307	
	-0.167059	
	-0.127654	
	-0.122233	
	-0.044876	
	-0.015094	
	-0.056085	
	-0.104019	
	0.084462	
	-0.081555	
	-0.053673	
	-0.061296	
	-0.075108	
	-0.077397	
	-0.052556	
	-0.201176	
	0.014227	
	-0.143256	
	-0.015396	
	0.088605	
	-0.132276	
	0.124545	
	0.049878	
	-0.012058	
	-0.010773	
	-0.077397	
	0.000251	
	-0.086998	
	0.012621	
	-0.123493	
	0.049330	
	-0.222208	
	-0.078055	
	0.010307	
	-0.015073	
	-0.016003	
	0.082763	
	-0.090679	
	0.152016	
	-0.046814	
	-0.054904	
	0.036975	
	-0.075700	
	-0.074147	
	0.064540	
	0.052062	
	0.067674	
	-0.272923	
	0.044002	
	-0.280628	
	-0.317805	
	-0.001678	
	0.171192	
	-0.033409	
	0.057914	
	0.104174	
	-0.147726	
	0.139726	
	-0.237155	
	-0.063826	
	0.170889	
	0.136881	
	-0.264213	
	-0.195528	
	-0.293132	
	-0.131304	
	-0.078202	
	-0.060587	
	-0.114593	
	0.018892	
	-0.056007	
	-0.041673	
	0.034869	
	0.063336	
	-0.115170	
	-0.082701	
	-0.015955	
	0.014709	
	-0.240267	
	-0.065880	
	0.193181	
	0.038170	
	0.078339	
	0.196990	
	0.009943	
	-0.081823	
	0.013639	
	0.058192	
	0.043845	
	0.042543	
	-0.114730	
	0.040658	
	-0.007190	
	0.184779	
	0.190255	
	0.047122	
	0.142816	
	-0.019865	
	0.184363	
	-0.090466	
	-0.058584	
	-0.060879	
	-0.062091	
	0.200252	
	0.128450	
	0.234377	
	0.124730	
	0.138924	
	0.144891	
	-0.102058	
	-0.202563	
	-0.012681	
	-0.004982	
	0.123304	
	-0.228840	
	-0.008822	
	0.058270	
	-0.025422	
	0.084094	
	-0.002402	
	-0.110368	
	-0.020731	
	0.050614	
	0.005916	
	-0.134128	
	0.176509	
	0.040037	
	0.076638	
	-0.008803	
	-0.002594	
	-0.055190	
	0.034933	
	0.023508	
	0.091753	
	0.115193	
	-0.126264	
	-0.058083	
	0.051988	
	-0.033966	
	-0.099122	
	-0.097832	
	-0.109238	
	-0.026385	
	-0.090625	
	-0.037739	
	0.023859	
	0.040945	
	-0.024429	
	-0.088509	
	-0.060004	
	-0.048901	
	-0.091993	
	0.093164	
	-0.065411	
	0.073652	
	0.017678	
	-0.192773	
	-0.212962	
	0.120727	
	0.092769	
	0.113089	
	-0.028384	
	0.042483	
	-0.030557	
	0.162352	
	0.113279	
	-0.132960	
	0.113482	
	0.094907	
	-0.036798	
	-0.133840	
	-0.048532	
	-0.166742	
	-0.125710	
	-0.043920	
	-0.052181	
	-0.144569	
	-0.038302	
	0.139924	
	0.018590	
	0.036194	
	-0.238415	
	-0.016854	
	-0.080089	
	-0.036056	
	-0.124940	
	-0.220739	
	-0.077601	
	0.013628	
	0.110708	
	0.056827	
	-0.154401	
	-0.099228	
	0.152516	
	0.223005	
	0.107527	
	-0.048522	
	0.159089	
	-0.002856	
	0.172028	
	0.076027	
	0.156750	
	0.162283	
	0.130618	
	0.244624	
	-0.100272	
	-0.006472	
	0.003553	
	-0.059814	
	0.021820	
	0.108931	
	0.174813	
	0.079092	
	0.031395	
	-0.108812	
	-0.016995	
	-0.202320	
	0.012895	
	-0.019935	
	0.009876	
	-0.084567	
	0.072501	
	0.008980	
	-0.050835	
	0.146581	
	0.094010	
	-0.151546	
	-0.011510	
	-0.068881	
	0.123058	
	0.000097	
	0.040238	
	0.014147	
	-0.031480	
	-0.150664	
	0.014570	
	-0.028757	
	-0.161016	
	-0.104588	
	0.015213	
	0.096124	
	0.017896	
	0.162252	
	-0.014653	
	-0.193025	
	-0.028438	
	0.120913	
	0.082215	
	-0.026795	
	0.063794	
	0.092637	
	-0.103371	
	-0.153421	
	0.018178	
	0.054264	
	0.045642	
	-0.065124	
