_Mode		
	-0.026464	
	-0.097375	
	-0.012696	
	0.056726	
	0.004933	
	-0.095942	
	-0.028553	
	0.014917	
	-0.108121	
	-0.274121	
	-0.004534	
	-0.086819	
	-0.041569	
	-0.091919	
	0.020535	
	-0.098234	
	-0.090653	
	-0.000326	
	0.121042	
	0.048991	
	0.031048	
	0.049090	
	0.026832	
	-0.045383	
	-0.040868	
	0.004733	
	-0.042135	
	-0.000819	
	-0.034457	
	-0.058472	
	-0.119133	
	-0.119876	
	-0.181826	
	-0.312693	
	-0.318286	
	-0.318842	
	-0.287294	
	-0.243848	
	-0.277270	
	-0.011114	
	-0.074992	
	0.072932	
	0.018091	
	-0.205795	
	-0.076874	
	0.033151	
	0.010671	
	0.048651	
	0.043748	
	-0.074936	
	-0.174415	
	0.069095	
	0.072054	
	-0.087163	
	0.058279	
	0.003630	
	-0.195740	
	-0.062000	
	-0.005580	
	-0.198499	
	-0.202514	
	0.011129	
	0.149785	
	0.038549	
	-0.044094	
	0.079308	
	0.100280	
	0.053465	
	-0.156169	
	0.009254	
	0.001685	
	0.043354	
	0.045618	
	-0.165223	
	0.010285	
	-0.020240	
	0.001552	
	-0.010833	
	-0.080829	
	-0.082452	
	-0.044284	
	0.061200	
	0.020399	
	-0.013390	
	-0.161752	
	-0.188023	
	0.061993	
	-0.117997	
	-0.052133	
	-0.101770	
	-0.032858	
	-0.268164	
	0.206463	
	-0.012119	
	-0.005992	
	0.009665	
	-0.106529	
	-0.103059	
	-0.022626	
	0.007109	
	-0.043239	
	-0.198918	
	-0.252563	
	-0.079574	
	0.028324	
	0.166557	
	-0.155405	
	-0.024697	
	-0.082561	
	0.062884	
	0.022474	
	-0.079551	
	-0.018528	
	0.048613	
	-0.116215	
	0.259607	
	-0.149785	
	0.013885	
	0.056163	
	-0.037466	
	0.046911	
	0.023140	
	-0.016853	
	-0.097016	
	-0.280920	
	0.025697	
	-0.021809	
	-0.178156	
	0.173952	
	0.167133	
	-0.072500	
	-0.101911	
	0.016099	
	-0.074509	
	-0.037133	
	-0.060908	
	-0.144359	
	-0.287379	
	0.020768	
	-0.077516	
	-0.112489	
	-0.139619	
	0.004021	
	-0.059674	
	0.001184	
	-0.131450	
	-0.099208	
	-0.013065	
	-0.084187	
	-0.078119	
	-0.030559	
	-0.154412	
	-0.163669	
	-0.141352	
	-0.084632	
	0.086382	
	-0.000138	
	0.028503	
	0.088535	
	-0.116662	
	-0.231029	
	0.037149	
	-0.024857	
	0.154037	
	0.133710	
	-0.151780	
	0.027683	
	-0.094090	
	-0.153724	
	0.100893	
	-0.064999	
	-0.112663	
	-0.084972	
	-0.086088	
	0.121671	
	-0.108516	
	-0.143446	
	-0.140614	
	0.144375	
	-0.183961	
	-0.237912	
	-0.177977	
	-0.230376	
	0.101354	
	0.011222	
	-0.105401	
	-0.178963	
	-0.107295	
	-0.085292	
	-0.003998	
	-0.036113	
	-0.016120	
	0.007452	
	-0.028461	
	-0.066850	
	-0.035658	
	-0.218783	
	0.170323	
	-0.013325	
	0.109394	
	0.077525	
	0.039803	
	-0.011518	
	0.021798	
	-0.058035	
	-0.026334	
	-0.034193	
	-0.037967	
	-0.025079	
	0.103250	
	0.071192	
	-0.206077	
	-0.071289	
	-0.188948	
	-0.067023	
	-0.139274	
	-0.044381	
	-0.058187	
	0.068380	
	0.079938	
	-0.093383	
	-0.081754	
	-0.200775	
	-0.283045	
	-0.103441	
	-0.209436	
	-0.190078	
	-0.213217	
	-0.167906	
	-0.243126	
	-0.110048	
	-0.307753	
	-0.297720	
	-0.067294	
	-0.126858	
	0.102585	
	-0.093548	
	-0.189518	
	0.038942	
	0.079747	
	0.053241	
	-0.030749	
	-0.165216	
	0.027408	
	0.109749	
	-0.187529	
	0.012717	
	-0.152869	
	-0.013750	
	-0.077644	
	-0.099957	
	0.156830	
	0.084869	
	0.007240	
	0.101131	
	0.219650	
	-0.060232	
	0.003349	
	-0.045230	
	-0.295873	
	-0.017136	
	-0.055131	
	-0.100853	
	-0.174330	
	-0.265656	
	-0.031118	
	-0.027843	
	-0.155573	
	0.014282	
	-0.166227	
	-0.119180	
	-0.027878	
	-0.202725	
	0.126249	
	-0.302659	
	-0.138560	
	-0.014283	
	-0.223313	
	0.077129	
	-0.067255	
	-0.074825	
	0.159004	
	-0.043343	
	-0.057165	
	0.080014	
	-0.094351	
	-0.034577	
	-0.044720	
	-0.262061	
	-0.094015	
	0.108526	
	-0.222950	
	0.083164	
	0.084342	
	-0.131610	
	-0.006237	
	-0.061772	
	0.062885	
	-0.049950	
	-0.086349	
	-0.165896	
	-0.095764	
	-0.039522	
	-0.091065	
	0.025779	
	-0.026513	
	-0.093465	
	-0.036070	
	-0.008367	
	-0.049735	
	-0.012990	
	-0.044857	
	0.093980	
	0.243309	
	0.159062	
	-0.075004	
	-0.217445	
	-0.006522	
	-0.015721	
	-0.085804	
	-0.008967	
	-0.254369	
	-0.046650	
	0.123006	
	0.112029	
	-0.026115	
	-0.055959	
	0.024616	
	0.112983	
	0.025843	
	-0.057240	
	0.069182	
	-0.033756	
	-0.042069	
	0.031928	
	-0.027068	
	-0.124258	
	0.064774	
	-0.174691	
	-0.038770	
	-0.089497	
	0.047557	
	-0.035856	
	0.035664	
	0.131257	
	-0.097047	
	-0.046111	
	-0.038734	
	0.273368	
	0.003900	
	0.156531	
	0.050115	
	0.099228	
	-0.294861	
	-0.164265	
	-0.187883	
	-0.113964	
	-0.079578	
	-0.122799	
	-0.087323	
	-0.086207	
	-0.075192	
	-0.025074	
	-0.129708	
	-0.177902	
	-0.167600	
	-0.203857	
	-0.332213	
	-0.364394	
	-0.233978	
	0.004840	
	0.006373	
	-0.067898	
	-0.217209	
	-0.050291	
