_Mode		
	0.029252	
	-0.014886	
	0.005269	
	0.010582	
	-0.099555	
	-0.306631	
	-0.107640	
	-0.116003	
	-0.084039	
	0.057919	
	-0.062719	
	-0.028541	
	0.020796	
	0.214634	
	0.080990	
	-0.103094	
	-0.019775	
	-0.092305	
	-0.048437	
	-0.094332	
	-0.182419	
	-0.202977	
	0.032693	
	-0.060042	
	-0.038434	
	-0.090946	
	-0.120269	
	0.047188	
	0.014345	
	-0.084130	
	0.060324	
	-0.306259	
	-0.122006	
	-0.097086	
	0.008385	
	-0.070661	
	-0.094783	
	0.090846	
	-0.165738	
	0.072589	
	-0.107629	
	-0.323076	
	-0.120479	
	-0.155865	
	0.128614	
	0.028808	
	-0.008065	
	0.063657	
	0.152708	
	-0.035396	
	-0.312206	
	-0.178857	
	-0.043249	
	-0.182205	
	0.135595	
	-0.086546	
	0.108785	
	-0.171872	
	-0.260076	
	-0.094618	
	0.061052	
	-0.020546	
	-0.098190	
	-0.048932	
	0.022263	
	0.085342	
	-0.052534	
	0.055968	
	0.118551	
	0.181463	
	0.034059	
	0.081685	
	0.303780	
	-0.054455	
	-0.099953	
	-0.114645	
	0.017739	
	0.005625	
	-0.115964	
	-0.037812	
	-0.178988	
	-0.134607	
	0.050388	
	0.032485	
	-0.002229	
	-0.046419	
	0.103163	
	0.077784	
	-0.160982	
	-0.081902	
	-0.094234	
	0.178883	
	-0.198019	
	-0.002231	
	0.177191	
	0.188498	
	-0.183991	
	-0.030438	
	-0.015429	
	0.080592	
	-0.006396	
	0.014486	
	0.004630	
	-0.145752	
	-0.078570	
	0.117468	
	-0.122720	
	-0.059344	
	-0.229690	
	-0.155949	
	-0.042125	
	-0.058446	
	-0.014957	
	-0.059530	
	0.012962	
	-0.068698	
	0.041094	
	0.052886	
	-0.044131	
	-0.191184	
	0.007250	
	0.055252	
	0.029564	
	-0.091890	
	-0.289561	
	0.047719	
	-0.148648	
	-0.066570	
	-0.098975	
	-0.029675	
	-0.013945	
	-0.017781	
	-0.089027	
	-0.156920	
	-0.022124	
	-0.218317	
	-0.241397	
	-0.068519	
	0.048971	
	-0.051683	
	-0.035919	
	-0.035110	
	-0.050088	
	0.045881	
	0.053150	
	0.133186	
	0.007024	
	-0.076720	
	0.032291	
	-0.203420	
	-0.162748	
	-0.121747	
	-0.066959	
	0.072112	
	-0.055871	
	-0.026363	
	0.085699	
	0.035469	
	-0.087090	
	0.068271	
	0.026546	
	-0.068577	
	-0.145867	
	0.069128	
	-0.069115	
	-0.104815	
	0.031832	
	-0.030795	
	0.055391	
	-0.080038	
	-0.140047	
	0.124663	
	0.238754	
	-0.157297	
	0.024717	
	-0.069784	
	-0.081508	
	-0.078782	
	-0.079869	
	-0.109295	
	-0.105643	
	-0.000806	
	0.101443	
	-0.071943	
	-0.049629	
	-0.127996	
	-0.005168	
	0.007624	
	0.011496	
	0.120864	
	-0.014960	
	-0.034139	
	0.016967	
	-0.041451	
	-0.052166	
	-0.031973	
	-0.031609	
	0.071390	
	-0.134307	
	-0.080510	
	-0.082874	
	-0.233680	
	0.068849	
	0.019804	
	-0.091966	
	-0.131098	
	0.046260	
	-0.079328	
	0.014700	
	0.112588	
	-0.039283	
	-0.026177	
	-0.189612	
	-0.097384	
	0.084352	
	-0.064050	
	0.184930	
	0.007038	
	-0.133551	
	0.076917	
	0.006238	
	0.026386	
	-0.069717	
	-0.104609	
	-0.006936	
	-0.027325	
	0.010929	
	0.086340	
	-0.015388	
	0.000623	
	0.049025	
	0.007737	
	-0.092831	
	0.064340	
	0.009431	
	0.027724	
	0.172579	
	-0.008832	
	-0.138382	
	-0.175668	
	-0.120132	
	0.058403	
	0.124191	
	0.117742	
	0.027321	
	0.203187	
	-0.021111	
	0.257366	
	-0.023178	
	-0.019305	
	-0.180540	
	-0.094991	
	0.183326	
	0.093629	
	0.114583	
	-0.132529	
	-0.120207	
	-0.122148	
	-0.061381	
	-0.022851	
	0.048099	
	0.117284	
	0.114125	
	0.026019	
	0.015043	
	0.003860	
	-0.163499	
	-0.076602	
	-0.287607	
	-0.228935	
	-0.070849	
	-0.080752	
	-0.055371	
	-0.069032	
	-0.050870	
	-0.032017	
	-0.036424	
	0.137070	
	0.049131	
	-0.093015	
	-0.064795	
	-0.387296	
	-0.055751	
	-0.025201	
	-0.034375	
	-0.210151	
	0.006178	
	-0.037386	
	0.100130	
	0.019105	
	-0.019918	
	-0.021720	
	-0.044247	
	0.108460	
	0.096613	
	-0.025953	
	0.068183	
	-0.109488	
	0.104200	
	0.126049	
	-0.020407	
	-0.215690	
	-0.226689	
	0.028720	
	-0.009360	
	-0.124896	
	-0.148737	
	0.089806	
	-0.055390	
	0.086619	
	0.006878	
	-0.067120	
	0.118470	
	-0.109065	
	-0.028640	
	-0.056942	
	0.033357	
	-0.104990	
	-0.136425	
	-0.148900	
	-0.055546	
	0.002292	
	-0.188656	
	0.057238	
	-0.125741	
	0.129232	
	-0.015559	
	0.025147	
	0.088403	
	0.038216	
	-0.118224	
	-0.083917	
	0.031975	
	0.030920	
	0.110059	
	-0.143612	
	0.120756	
	0.006346	
	-0.120198	
	0.079376	
	0.057523	
	-0.017417	
	-0.118688	
	0.194064	
	-0.006899	
	0.054823	
	-0.034795	
	-0.116614	
	0.017748	
	-0.025407	
	0.036430	
	0.029109	
	-0.097202	
	-0.014574	
	-0.197503	
	-0.097937	
	-0.003671	
	0.141995	
	-0.116183	
	-0.211414	
	0.099174	
	0.019931	
	-0.012155	
	-0.028820	
	-0.026737	
	-0.008227	
	-0.035881	
	0.047282	
	0.012706	
	-0.014262	
	0.059884	
	-0.317553	
	0.032510	
	-0.028260	
	-0.131862	
	-0.057753	
	-0.055370	
	-0.089283	
	-0.195187	
	0.012762	
	-0.147291	
	-0.188333	
	-0.235723	
	0.021493	
	-0.084143	
	-0.044591	
	0.017305	
	0.001916	
	0.000672	
	0.026912	
	0.127763	
	0.075126	
	0.149694	
	0.098419	
	-0.110609	
	-0.042399	
	0.014287	
	-0.049822	
	-0.013650	
	-0.003855	
	0.095270	
	-0.085021	
	-0.031236	
	-0.010579	
	-0.012970	
	0.067422	
	0.007859	
	0.007542	
	-0.036928	
	-0.140746	
	-0.049481	
	-0.104520	
	0.016293	
	0.196601	
	0.012891	
	-0.023009	
	0.112896	
	0.111261	
	0.097261	
	0.018767	
	0.023484	
	-0.115619	
	-0.114443	
	0.095373	
	-0.068514	
	-0.205519	
	0.082570	
	-0.166301	
	-0.054183	
	0.004546	
	-0.027593	
	-0.043948	
	0.001656	
	0.045776	
	-0.167736	
	0.008044	
	-0.003249	
	0.091517	
	-0.085418	
	0.023039	
	-0.304849	
	-0.136259	
	-0.060688	
	-0.021599	
	-0.040514	
	0.045665	
	0.102740	
	0.048165	
	0.099214	
	0.145240	
	0.086636	
	-0.009586	
	0.226778	
	-0.145936	
	0.043001	
	0.188502	
	0.048401	
	0.045378	
	0.045447	
	-0.099376	
	-0.013680	
	-0.110886	
	-0.193675	
	0.081615	
	0.078676	
	0.113730	
	-0.007233	
	0.079200	
	-0.039764	
	-0.013943	
	-0.159367	
	-0.209366	
	-0.131874	
	-0.220519	
	-0.007811	
	-0.056352	
	-0.065038	
	-0.083265	
	0.084370	
	-0.045179	
	0.056693	
	0.026720	
	-0.123252	
	0.067358	
	-0.062564	
	0.023834	
	-0.189263	
	0.071733	
	-0.069941	
	-0.068617	
	-0.009655	
	0.016468	
	0.090188	
	0.076714	
	-0.053702	
	-0.072100	
	-0.078402	
	-0.014219	
	-0.270294	
	-0.128926	
	-0.268755	
	-0.169073	
	-0.091949	
	0.206572	
	-0.067693	
	0.080859	
	0.006459	
	0.004379	
	0.000769	
	-0.037932	
	0.072285	
	-0.015603	
	-0.134688	
	-0.032147	
	0.037330	
	-0.175769	
	-0.147631	
	-0.232939	
	-0.203934	
	-0.015221	
	0.030103	
	-0.180711	
	-0.132511	
	-0.244310	
	0.169027	
	-0.172617	
	-0.111427	
	-0.041674	
	-0.087878	
	0.044589	
	0.030061	
	-0.118432	
	-0.031878	
	0.129187	
	0.000550	
	-0.074940	
	0.147182	
	-0.043107	
	-0.067356	
	-0.037446	
	0.015335	
	-0.013521	
	0.004050	
	0.030555	
	0.024114	
	0.022342	
	0.155257	
	-0.084196	
	-0.071667	
	0.019866	
	-0.245313	
	0.002659	
	-0.070496	
	0.076102	
	-0.024218	
	0.022098	
	0.138214	
	0.172111	
	0.074589	
	0.150154	
	-0.043072	
	0.085517	
	0.139838	
	0.100240	
	0.018497	
	0.184178	
	0.010400	
	0.023791	
	-0.170647	
	-0.000348	
	-0.114327	
	0.017966	
	-0.012568	
	0.012775	
	0.046716	
	-0.026502	
	0.017729	
	-0.158689	
	-0.090956	
	-0.098945	
	-0.062998	
	-0.139629	
	-0.146436	
	0.139146	
	-0.055467	
	-0.119119	
	-0.081848	
	-0.161565	
	-0.106486	
	-0.063838	
	-0.043078	
	-0.115460	
	-0.024436	
	-0.035031	
	0.003562	
	0.005786	
	-0.000133	
	0.009992	
	0.020395	
	0.117963	
	-0.152907	
	0.071809	
	-0.013822	
	-0.129518	
	-0.126578	
	-0.144872	
	0.016955	
