_Brightness		
	NaN	
	NaN	
	NaN	
	NaN	
	NaN	
	NaN	
	NaN	
	NaN	
	NaN	
	NaN	
	NaN	
	NaN	
	NaN	
	NaN	
	NaN	
	NaN	
	NaN	
	NaN	
	NaN	
	NaN	
	0.403453	
	0.689833	
	0.545924	
	0.491673	
	0.516659	
	0.406964	
	0.255363	
	0.271812	
	0.270710	
	0.264775	
	0.377746	
	0.401569	
	0.556881	
	0.206241	
	0.169739	
	0.137421	
	0.131106	
	0.162061	
	0.344910	
	0.719860	
	0.968039	
	0.951931	
	0.946244	
	0.635199	
	0.444040	
	0.314051	
	0.264810	
	0.294992	
	0.297901	
	0.340714	
	0.381740	
	0.709372	
	0.968583	
	0.954266	
	0.951306	
	0.925971	
	0.361350	
	0.315087	
	0.285546	
	0.318844	
	0.303386	
	0.390392	
	0.312973	
	0.345105	
	0.382170	
	0.270620	
	0.180255	
	0.150277	
	0.172407	
	0.358259	
	0.738413	
	0.534134	
	0.375311	
	0.488870	
	0.479536	
	0.277411	
	0.193321	
	0.157649	
	0.163876	
	0.206092	
	0.236399	
	0.376742	
	0.541536	
	0.535971	
	0.491638	
	0.518824	
	0.452918	
	NaN	
	NaN	
	0.501787	
	NaN	
	0.656837	
	0.593974	
	NaN	
	0.875244	
	0.961270	
	0.975972	
	0.979678	
	0.876909	
	0.562436	
	0.348831	
	0.233196	
	0.201811	
	0.202307	
	0.217718	
	0.344235	
	0.530776	
	0.743482	
	0.422669	
	0.343834	
	0.289206	
	0.217381	
	0.220511	
	0.281977	
	0.326273	
	0.296622	
	0.227735	
	0.417570	
	0.659625	
	0.252754	
	0.157489	
	0.210470	
	0.177933	
	0.155418	
	0.136445	
	0.375260	
	0.947144	
	0.952268	
	0.682454	
	0.300305	
	0.202650	
	0.143950	
	0.127467	
	0.125357	
	0.138923	
	0.376839	
	0.309913	
	0.299040	
	0.263851	
	0.295870	
	0.240990	
	0.289824	
	0.326431	
	0.520673	
	0.589746	
	0.552253	
	0.556942	
	0.480716	
	0.512357	
	NaN	
	NaN	
	0.526270	
	0.451101	
	0.566887	
	0.569448	
	0.538843	
	0.577301	
	0.597972	
	0.597847	
	0.586521	
	0.599869	
	0.600177	
	0.525233	
	0.477072	
	0.389937	
	0.439341	
	0.351630	
	NaN	
	0.281266	
	0.291427	
	0.319380	
	0.233554	
	0.200138	
	0.202977	
	0.275019	
	0.306534	
	0.310192	
	0.273203	
	0.372986	
	0.626632	
	0.737680	
	0.850213	
	0.557802	
	0.317925	
	0.313420	
	0.353192	
	0.456790	
	0.708199	
	0.433087	
	0.328911	
	0.231863	
	0.201322	
	0.200640	
	0.250430	
	0.343871	
	0.342880	
	0.559015	
	0.253323	
	0.176663	
	0.217641	
	0.196680	
	0.168334	
	0.206512	
	0.173165	
	0.136101	
	0.200159	
	0.210349	
	0.211577	
	0.196573	
	0.209662	
	0.254777	
	0.461688	
	0.908749	
	0.974510	
	0.975495	
	0.965786	
	0.567333	
	0.303919	
	0.227615	
	0.171609	
	0.179845	
	0.142334	
	0.249093	
	0.389995	
	0.351701	
	0.297506	
	0.143088	
	0.146756	
	0.181643	
	0.335406	
	0.353805	
	0.218673	
	0.101896	
	0.130166	
	0.400626	
	0.670711	
	0.434279	
	0.289061	
	0.240512	
	0.316989	
	0.368787	
	0.320726	
	0.402700	
	0.391023	
	0.539296	
	0.272624	
	0.286342	
	0.242750	
	0.273635	
	0.331154	
	0.443808	
	0.446911	
	0.406757	
	0.322145	
	0.229395	
	0.148355	
	0.133835	
	0.130302	
	0.537587	
	0.808283	
	0.727128	
	0.506125	
	0.382716	
	0.414530	
	0.348432	
	0.222570	
	0.201357	
	0.192222	
	0.221886	
	0.212893	
	0.280658	
	0.385234	
	0.477451	
	NaN	
	NaN	
	NaN	
	NaN	
	NaN	
	NaN	
	NaN	
	NaN	
	NaN	
	NaN	
	NaN	
	NaN	
	NaN	
	0.561450	
	NaN	
	NaN	
	NaN	
	0.567612	
	0.549850	
	NaN	
	NaN	
	0.815045	
	0.925052	
	0.710431	
	0.424627	
	0.364313	
	0.492168	
	0.584580	
	0.292091	
	0.272240	
	0.292176	
	0.254268	
	0.272246	
	0.482328	
	0.909215	
	0.965111	
	0.969578	
	0.921791	
	0.502967	
	0.309487	
	0.390900	
	0.332066	
	0.364617	
	0.503054	
	0.561040	
	0.512900	
	0.475705	
	0.164161	
	0.103448	
	0.161944	
	0.139744	
	0.163762	
	0.213842	
	0.217940	
	0.270717	
	0.366126	
	0.398702	
	0.327010	
	0.329553	
	0.653173	
	0.413609	
	0.259595	
	0.289298	
	0.336113	
	0.465047	
	0.453491	
	0.370346	
	0.295297	
	0.271037	
	0.684345	
	0.336036	
	0.341446	
	0.255779	
	0.306200	
	0.424322	
	0.442190	
	0.554791	
	0.215214	
	0.100239	
	0.346165	
	0.730191	
	0.848736	
	0.959276	
	0.962574	
	0.669427	
	0.279084	
	0.305083	
	0.207784	
	0.220214	
	0.314399	
	0.314028	
	0.222243	
	0.159939	
	0.177743	
	0.359955	
	0.357515	
	0.160022	
	0.111899	
	0.125557	
	0.271744	
	0.681069	
	0.934854	
	0.976791	
	0.976761	
	0.931509	
	0.538653	
	0.405553	
	0.366199	
	0.375331	
	0.394831	
	0.526663	
	NaN	
	0.841203	
	0.677240	
	0.500589	
	NaN	
	0.596097	
	0.616287	
	0.653204	
	0.661304	
	0.692671	
	0.709592	
	0.685945	
	0.708690	
	0.715524	
	0.716395	
	0.608765	
	0.591691	
	NaN	
	0.404481	
	0.417555	
	0.386036	
	0.574158	
	0.935781	
	0.959761	
	0.650139	
	0.430988	
	0.533872	
	0.358124	
	0.808518	
	0.966974	
	0.959616	
	0.547833	
	0.356232	
	0.430534	
	0.433581	
	0.425999	
	0.608647	
	0.925272	
	0.953594	
	0.587316	
	0.388770	
	0.367641	
	0.401209	
	0.350534	
	0.368075	
	0.405769	
	0.344402	
	0.287634	
	0.303908	
	0.439707	
	0.437927	
	0.490979	
	0.469630	
	0.503337	
	0.504270	
	NaN	
	0.906044	
	0.981861	
	0.962436	
	0.650399	
	0.516644	
	0.277640	
	0.182855	
	0.131364	
	0.672033	
	0.779236	
	0.422686	
	0.437711	
	0.247699	
	0.137143	
	0.154170	
	0.183156	
	0.511237	
	0.765481	
	0.265157	
	0.169729	
	0.138135	
	0.130265	
	0.168463	
	0.226694	
	0.839736	
	0.978642	
	0.980563	
	0.973037	
	0.843380	
	0.331701	
	0.193292	
	0.172631	
	0.177472	
	0.218542	
	0.212768	
	0.156936	
	0.194648	
	0.139639	
	0.150091	
	0.161150	
	0.273775	
	0.304704	
	0.355944	
	0.262558	
	0.301977	
	0.476193	
	0.498871	
	NaN	
	0.546171	
	NaN	
	NaN	
	NaN	
	NaN	
	NaN	
	NaN	
	0.592339	
	0.555027	
	NaN	
	0.569827	
	0.611484	
	NaN	
	0.643126	
	0.668167	
	0.665198	
	0.608206	
	0.558537	
	NaN	
	0.836618	
	0.852730	
	0.812012	
	0.495284	
	0.350867	
	0.249416	
	0.116632	
	0.134352	
	0.163363	
	0.792089	
	0.921258	
	0.924456	
	0.305746	
	0.217144	
	0.261184	
	0.314830	
	0.323143	
	0.358537	
	0.308458	
	0.320947	
	0.367234	
	0.451022	
	0.476135	
	NaN	
	NaN	
	0.518003	
	0.464965	
	NaN	
	0.545243	
	0.544265	
	0.544692	
	0.489404	
	0.517390	
	0.475359	
	0.479282	
	0.458621	
	0.533122	
	0.610391	
	0.495259	
	0.462806	
	0.430617	
	0.513743	
	0.590287	
	0.930373	
	0.784707	
	0.401047	
	0.300186	
	0.193414	
	0.182154	
	0.161708	
	0.492720	
	0.518296	
	0.390100	
	0.437037	
	0.480897	
	0.459029	
	0.368646	
	0.569473	
	0.247482	
	0.253188	
	0.323678	
	0.374614	
	0.531014	
	0.415540	
	0.875182	
	0.933651	
	0.959343	
	0.782387	
	0.560396	
	0.715282	
	0.566942	
	0.529644	
	0.601421	
	0.512062	
	NaN	
	NaN	
	0.558876	
	NaN	
	0.529001	
	NaN	
	NaN	
	NaN	
	0.621723	
	0.589232	
	0.603162	
	0.561759	
	0.569177	
	0.552506	
	0.527876	
	0.492801	
	0.496409	
	NaN	
	NaN	
	NaN	
	NaN	
	NaN	
	0.505902	
	0.112485	
	0.119640	
	0.251487	
	0.120046	
	0.096073	
	0.099339	
	0.149584	
	0.262364	
	0.499168	
	0.612410	
	0.553172	
	0.456144	
	0.453611	
	0.426980	
	0.455993	
	0.476640	
	0.448451	
	0.554377	
	0.207992	
	0.137607	
	0.130501	
	0.240111	
	0.513728	
	0.578314	
	0.960535	
	0.968048	
	0.923364	
	0.579214	
	0.249694	
	0.221249	
	0.230288	
	0.183414	
	0.626826	
	0.950102	
	0.939310	
	0.767138	
	0.228047	
	0.130571	
	0.127486	
	0.205607	
	0.294667	
	0.247303	
	0.189032	
	0.210264	
	0.492011	
	0.440034	
	0.715247	
	0.632600	
	0.926341	
	0.981438	
	0.973743	
	0.870372	
	0.381865	
	0.310286	
	0.184100	
	0.169379	
	0.196624	
	0.309961	
	0.336332	
	0.378965	
	0.714075	
	0.736843	
	0.958733	
	0.905421	
	0.399766	
	0.223350	
	0.145757	
	0.144272	
	0.126811	
	0.548080	
	0.927610	
	0.493903	
	0.333255	
	0.222695	
	0.148067	
	0.156428	
	0.213236	
	0.818483	
	0.949434	
	0.945172	
	0.944794	
	0.603433	
	0.335934	
	0.251544	
	0.245251	
	0.291869	
	0.353008	
	0.788118	
	0.974627	
	0.986153	
	0.975204	
	0.813952	
	0.346949	
	0.305272	
	0.310568	
	0.653179	
	0.541591	
	0.380018	
	0.336531	
	0.380332	
	0.534793	
	0.497813	
	0.425267	
	NaN	
	NaN	
	0.485525	
	0.509035	
	NaN	
	NaN	
	NaN	
	0.546242	
	NaN	
	NaN	
	NaN	
	NaN	
	NaN	
	0.587470	
	NaN	
	0.613018	
	0.594730	
	0.604196	
	0.628882	
	0.608407	
	0.675957	
	0.649261	
	0.644688	
	0.641983	
	0.650295	
	NaN	
	0.609287	
	0.576441	
	NaN	
	0.571942	
	0.580909	
	NaN	
	0.553798	
	NaN	
	0.871109	
	0.883861	
	NaN	
	NaN	
	NaN	
	NaN	
	0.915609	
	0.948644	
	0.635954	
	0.484287	
	0.431129	
	0.192891	
	0.204231	
	0.170585	
	0.158759	
	0.208965	
	0.257723	
	0.236315	
	0.369031	
	0.287558	
	0.238654	
	0.252875	
	0.431549	
	0.469493	
	0.447383	
	0.628230	
	0.541494	
	NaN	
	NaN	
	0.488457	
	0.504190	
	NaN	
	NaN	
	0.493563	
	0.539602	
	0.556448	
	0.560210	
	0.508175	
	0.526186	
	0.476239	
	0.484561	
	0.737045	
	NaN	
	0.503708	
	0.122242	
	0.119370	
	0.139360	
	0.117725	
	0.202481	
	0.265340	
	0.268106	
	0.279076	
	0.325211	
	0.213233	
	0.251607	
	0.317086	
	0.275553	
	0.247211	
	0.263162	
	NaN	
	NaN	
	NaN	
	0.720741	
	0.361233	
	0.213338	
	0.206023	
	0.251276	
	0.233916	
	0.484475	
	0.686183	
	0.337381	
	0.273331	
	0.171331	
	0.182889	
	0.328041	
	0.446724	
	0.507620	
	0.528617	
	0.642892	
	0.589911	
	0.571010	
	0.575225	
	0.611650	
	0.598193	
	0.577810	
	NaN	
	NaN	
	NaN	
	NaN	
	NaN	
	NaN	
	NaN	
	NaN	
	NaN	
	NaN	
	NaN	
	NaN	
	0.512464	
	NaN	
	0.550313	
	NaN	
	NaN	
	NaN	
	0.535252	
	0.546558	
	0.533985	
	NaN	
	NaN	
	NaN	
	NaN	
	NaN	
	0.513445	
	0.279212	
	0.178870	
	0.487213	
	0.445857	
	0.518195	
	0.603442	
	0.900227	
	0.971048	
	0.977832	
	0.959595	
	0.644416	
	0.376676	
	0.158113	
	0.135676	
	0.201298	
	0.768094	
	0.960447	
	0.931410	
	0.549689	
	0.386303	
	0.239735	
	0.618680	
	0.351056	
	0.228483	
	0.280926	
	0.300574	
	0.232162	
	0.209288	
	0.248541	
	0.315727	
	0.246621	
	0.137768	
	0.140209	
	0.130239	
	0.194074	
	0.232310	
	0.179453	
	0.460321	
	0.297355	
	0.505478	
	0.168590	
	0.164655	
	0.172345	
	0.213518	
	0.208474	
	0.506346	
	0.430692	
	0.255119	
	0.172340	
	0.132703	
	0.150993	
	0.184804	
	0.341735	
	0.461526	
	0.575255	
	0.621164	
	0.587953	
	0.558733	
	0.519332	
	0.515076	
	NaN	
	0.554490	
	NaN	
	NaN	
	NaN	
	NaN	
	0.651571	
	0.692981	
	0.690236	
	0.656862	
	0.664303	
	0.631608	
	NaN	
	0.506699	
	NaN	
	NaN	
	NaN	
	NaN	
	0.413480	
	0.323749	
	0.366472	
	0.369128	
	0.310941	
	0.268933	
	0.608853	
	0.953007	
	0.980576	
	0.982383	
	0.954608	
	0.606117	
	0.281815	
	0.337804	
	0.414514	
	0.551833	
	0.514417	
	NaN	
	NaN	
	NaN	
	NaN	
	0.533039	
	NaN	
	0.561966	
	0.556547	
	0.570998	
	0.513018	
	0.519613	
	NaN	
	0.521359	
	0.313021	
	0.142639	
	0.193097	
	0.292087	
	0.436198	
	0.778045	
	0.574600	
	0.486443	
	0.664087	
	0.344364	
	0.260390	
	0.187423	
	0.179740	
	0.173203	
	0.276351	
	0.409014	
	0.489402	
	0.926325	
	0.969577	
	0.890922	
	0.731856	
	0.778692	
	0.602036	
	0.930209	
	0.978362	
	0.955064	
	0.525155	
	0.316889	
	0.263435	
	0.167645	
	0.129421	
	0.127323	
	0.465240	
	0.912534	
	0.966335	
	0.976032	
	0.954542	
	0.655492	
	0.296527	
	0.257038	
	0.252896	
	0.398919	
	0.343566	
	0.624848	
	0.569750	
	NaN	
	NaN	
	0.577208	
	0.578293	
	0.640832	
	0.567264	
	0.495913	
	0.482075	
	NaN	
	0.326085	
	0.181924	
	0.167372	
	0.229269	
	0.266632	
	0.454896	
	0.619605	
	0.932222	
	0.945385	
	0.478598	
	0.290623	
	0.220686	
	0.216470	
	0.389056	
	0.853356	
	0.964901	
	0.892880	
	0.501366	
	0.349461	
	0.216790	
	0.271647	
	0.380517	
	0.415826	
	0.357029	
	0.207693	
	0.449092	
	0.783531	
	0.415277	
	0.429137	
	0.643385	
	0.733698	
	0.581137	
	0.441438	
	0.420939	
	0.368838	
	0.453622	
	0.509919	
	0.631323	
	0.699248	
	0.879712	
	0.821277	
	0.934210	
	0.915417	
	0.891261	
	0.839738	
	0.763284	
	0.592513	
	0.510850	
	0.534776	
	NaN	
	NaN	
	NaN	
	0.564188	
	NaN	
	NaN	
	NaN	
	0.569256	
	NaN	
	NaN	
	NaN	
	0.583927	
	NaN	
	0.587178	
	NaN	
	NaN	
	NaN	
	0.540107	
	NaN	
	NaN	
	NaN	
	0.893018	
	0.969156	
	0.964011	
	0.900889	
	0.297106	
	0.316053	
	0.354833	
	0.380969	
	0.370443	
	0.364750	
	0.351251	
	0.394171	
	0.296192	
	0.079545	
	0.083794	
	0.125373	
	0.233740	
	0.278017	
	0.338386	
	0.293022	
	0.318103	
	0.434573	
	NaN	
	NaN	
	NaN	
	NaN	
	0.580805	
	0.535550	
	NaN	
	NaN	
	0.607652	
	0.179212	
	0.217274	
	0.278240	
	0.336120	
	0.290497	
	0.225309	
	0.189701	
	0.158689	
	0.135003	
	0.115704	
	0.231793	
	0.160470	
	0.143291	
	0.151479	
	0.160684	
	0.175013	
	0.201170	
	0.292086	
	0.337276	
	0.333365	
	0.362460	
	0.518958	
	0.377575	
	0.415169	
	0.330185	
	0.276812	
	0.274013	
	0.248824	
	0.615101	
	0.481428	
	0.397827	
	0.156911	
	0.103369	
	0.105821	
	0.189391	
	0.272496	
	0.358591	
	0.934765	
	0.982493	
	0.944964	
	0.916847	
	0.790889	
	0.387347	
	0.316752	
	0.370909	
	0.363462	
	0.329683	
	0.310646	
	0.313518	
	0.440048	
	NaN	
	0.543894	
	NaN	
	0.521192	
	NaN	
	NaN	
	0.536676	
	0.554208	
	NaN	
	NaN	
	NaN	
	NaN	
	NaN	
	NaN	
	NaN	
	NaN	
	NaN	
	NaN	
	NaN	
	NaN	
	0.501835	
	NaN	
	NaN	
	NaN	
	NaN	
	NaN	
	0.473357	
	NaN	
	NaN	
	NaN	
	NaN	
	NaN	
	NaN	
	NaN	
	NaN	
	NaN	
	0.494857	
	NaN	
	NaN	
	NaN	
	NaN	
	NaN	
	0.868799	
	0.800619	
	0.320395	
	0.167144	
	0.112071	
	0.104973	
	0.145258	
	0.179571	
	0.128473	
	0.103871	
	0.110605	
	0.132625	
	0.150509	
	0.181814	
	0.189397	
	0.203007	
	0.164544	
	0.188123	
	0.224228	
	0.329312	
	0.445150	
	0.457144	
	0.450972	
	0.434251	
	0.404139	
	0.402389	
	0.401288	
	0.432434	
	0.456571	
	0.463908	
	0.466102	
	0.574848	
	0.549065	
	0.459398	
	0.345281	
	0.333065	
	0.379535	
	0.399690	
	0.473173	
	0.468735	
	0.416896	
	0.420475	
	0.405393	
	0.446125	
	0.464910	
	0.413894	
	0.418004	
	0.375601	
	0.432520	
	0.442564	
	0.502125	
	0.554425	
	0.530832	
	0.615677	
	0.610037	
	0.552611	
	0.571162	
	0.567076	
	0.580836	
	0.500975	
	0.298828	
	0.398479	
	0.521390	
	0.542668	
	0.536964	
	0.476597	
	0.442757	
	0.394470	
	0.403044	
	0.398365	
	0.419423	
	0.457296	
	0.451397	
	0.420707	
	0.405832	
	0.418410	
	0.425470	
	0.460397	
	0.469976	
	0.448708	
	0.436922	
	0.457796	
	0.415923	
	0.474781	
	0.512215	
	0.455953	
	0.425587	
	0.456758	
	0.509469	
	0.445748	
	0.378198	
	0.475693	
	0.560330	
	0.449859	
	0.481004	
	0.396198	
	0.388754	
	0.447139	
	0.502018	
	0.563007	
	0.592992	
	0.576010	
	0.573354	
	0.509702	
	0.612982	
	0.609706	
	0.605487	
	0.608380	
	0.677599	
	0.662655	
	0.751091	
	0.734091	
	0.729682	
	0.729363	
	0.720662	
	0.747874	
	0.785934	
	0.804190	
	0.741093	
	0.614307	
	0.402770	
	0.415667	
	0.294821	
	0.323855	
	0.411621	
	0.398381	
	0.328886	
	0.340651	
	0.327398	
	0.388623	
	0.437147	
	0.477186	
	0.427228	
	0.313580	
	0.338102	
	0.406692	
	0.380445	
	0.462190	
	0.515145	
	0.530722	
	0.535142	
	0.542857	
	0.535315	
	0.575647	
	0.602787	
	0.582213	
	0.590598	
	0.504163	
	0.591290	
	0.408490	
	0.522763	
	0.481008	
	0.430606	
	0.485137	
	0.515148	
	0.520765	
	0.609748	
	0.552631	
	0.594091	
	0.617649	
	0.626622	
	0.589498	
	0.631355	
	0.617051	
	0.636569	
	0.667768	
	0.700573	
	0.744062	
	0.722101	
	0.717165	
	0.696391	
	0.745443	
	0.755463	
	0.741718	
	0.756013	
	0.655198	
	0.438317	
	0.370416	
	0.486306	
	0.563389	
	0.573230	
	0.504134	
	0.437569	
	0.387934	
	0.333324	
	0.367498	
	0.384016	
	0.368722	
	0.365474	
	0.327358	
	0.336860	
	0.345850	
	0.361949	
	0.397048	
	0.416865	
	0.407853	
	0.391580	
	0.385828	
	0.374874	
	0.397845	
	0.443253	
	0.405719	
	0.364973	
	0.434597	
	0.432603	
	0.357028	
	0.263682	
	0.529808	
	0.472105	
	0.444361	
	0.440880	
	0.373340	
	0.406740	
	0.456949	
	0.503542	
	0.494031	
	0.541695	
	0.499935	
	0.437183	
	0.471009	
	0.429947	
	0.418057	
	0.466130	
	0.427697	
	0.407862	
	0.416273	
	0.412124	
	0.409615	
	0.423666	
	0.431670	
	0.491880	
	0.533461	
	0.470716	
	0.384886	
	0.309335	
	0.488442	
	0.521236	
	0.440128	
	0.356662	
	0.363189	
	0.399573	
	0.276082	
	0.238681	
	0.186201	
	0.174377	
	0.163684	
	0.168268	
	0.156990	
	0.141279	
	0.145415	
	0.147961	
	0.242593	
	0.280454	
	0.237995	
	0.229991	
	0.238066	
	0.295843	
	0.271325	
	0.264185	
	0.287288	
	0.323963	
	0.308885	
	0.315144	
	0.341854	
	0.302089	
	0.399319	
	0.466867	
	0.419350	
	0.392799	
	0.425409	
	0.435358	
	0.422951	
	0.380293	
	0.382708	
	0.391566	
	0.446370	
	0.476097	
	0.416833	
	0.383435	
	0.369465	
	0.377972	
	0.381448	
	0.383148	
	0.397989	
	0.402340	
	0.426114	
	0.431588	
	0.427862	
	0.396423	
	0.409719	
	0.376320	
	0.363950	
	0.343640	
	0.217059	
	0.201303	
	0.527270	
	0.502718	
	0.470181	
	0.419239	
	0.359946	
	0.318073	
	0.321970	
	0.337389	
	0.371743	
	0.354991	
	0.332667	
	0.355594	
	0.354728	
	0.374728	
	0.378514	
	0.360900	
	0.361217	
	0.333080	
	0.343015	
	0.298243	
	0.302320	
	0.296331	
	0.309057	
	0.348690	
	0.373458	
	0.361841	
	0.354497	
	0.427987	
	0.451872	
	0.388303	
	0.350774	
	0.381189	
	0.411850	
	0.359850	
	0.347685	
	0.328941	
	0.327189	
	0.326660	
	0.349047	
	0.363301	
	0.384395	
	0.339460	
	0.345688	
	0.362350	
	0.378881	
	0.390225	
	0.376238	
	0.390631	
	0.388981	
	0.400027	
	0.429868	
	0.427368	
	0.438944	
	0.501497	
	0.391118	
	0.236432	
	0.165816	
	0.239669	
	0.392409	
	0.402362	
	0.404149	
	0.298837	
	0.260478	
	0.228704	
	0.225949	
	0.255078	
	0.283545	
	0.356321	
	0.393517	
	0.406295	
	0.363678	
	0.374184	
	0.432957	
	0.580968	
	0.589953	
	0.556004	
	0.612744	
	0.617164	
	0.559334	
	0.572262	
	0.574670	
	0.577000	
	0.576699	
	0.627806	
	0.617725	
	0.604014	
	0.537706	
	0.412148	
	0.393135	
	0.490037	
	0.475670	
	0.478900	
	0.448446	
	0.489738	
	0.551642	
	0.571613	
	0.591477	
	0.523029	
	0.413040	
	0.382023	
	0.458568	
	0.554669	
	0.615236	
	0.629357	
	0.642349	
	0.594269	
	0.598289	
	0.635878	
	0.604737	
	0.549566	
	0.613089	
	0.602861	
	0.610555	
	0.506382	
	0.440589	
	0.331271	
	0.435841	
	0.458319	
	0.506005	
	0.464171	
	0.456753	
	0.453780	
	0.425542	
	0.436243	
	0.386295	
	0.352687	
	0.369381	
	0.305399	
	0.313229	
	0.385996	
	0.469561	
	0.443087	
	0.474856	
	0.504642	
	0.440002	
	0.498182	
	0.556661	
	0.581094	
	0.603546	
	0.615080	
	0.653605	
	0.583336	
	0.492586	
	0.448970	
	0.369307	
	0.556514	
	0.504003	
	0.527673	
	0.504456	
	0.470175	
	0.480893	
	0.564977	
	0.589943	
	0.563863	
	0.472722	
	0.509171	
	0.513711	
	0.524820	
	0.513831	
	0.514325	
	0.520737	
	0.571685	
	0.562029	
	0.547556	
	0.470313	
	0.449051	
	0.584020	
	0.842257	
	0.942613	
	0.961757	
	0.952907	
	0.912438	
	0.479634	
	0.275029	
	0.203189	
	0.193711	
	0.216676	
	0.213317	
	0.177115	
	0.188406	
	0.203727	
	0.214533	
	0.217719	
	0.253595	
	0.253144	
	0.261630	
	0.221547	
	0.258438	
	0.260260	
	0.266670	
	0.262253	
	0.256504	
	0.261735	
	0.277654	
	0.264085	
	0.281362	
	0.296986	
	0.279326	
	0.290927	
	0.289163	
	0.290688	
	0.320492	
	0.281722	
	0.320872	
	0.305988	
	0.298341	
	0.288836	
	0.322673	
	0.330308	
	0.313894	
	0.309216	
	0.339483	
	0.335924	
	0.351886	
	0.360257	
	0.353886	
	0.329966	
	0.320857	
	0.337702	
	0.290454	
	0.297813	
	0.281259	
	0.277552	
	0.279974	
	0.289723	
	0.372952	
	0.336389	
	0.307199	
	0.416916	
	0.427909	
	0.428245	
	0.602604	
	0.831450	
	0.880556	
	0.815888	
	0.775852	
	0.510465	
	0.393729	
	0.407842	
	0.399818	
	0.416424	
	0.422882	
	0.443833	
	0.413088	
	0.444246	
	0.497791	
	0.497442	
	0.507436	
	0.476084	
	0.428489	
	0.396918	
	0.404542	
	0.384829	
	0.347467	
	0.281185	
	0.233507	
	0.255801	
	0.228652	
	0.221383	
	0.228241	
	0.282920	
	0.401861	
	0.357997	
	0.305237	
	0.306590	
	0.354420	
	0.304444	
	0.307050	
	0.297601	
	0.305860	
	0.288504	
	0.330663	
	0.350222	
	0.304323	
	0.309977	
	0.322606	
	0.334611	
	0.383135	
	0.385617	
	0.387918	
	0.335884	
	0.330786	
	0.346280	
	0.362919	
	0.368589	
	0.306087	
	0.286993	
	0.310927	
	0.341938	
	0.275515	
	0.543654	
	0.408624	
	0.439919	
	0.374365	
	0.314946	
	0.331699	
	0.324079	
	0.345028	
	0.352923	
	0.337938	
	0.340769	
	0.326071	
	0.349062	
	0.342799	
	0.384002	
	0.441724	
	0.451107	
	0.478746	
	0.434856	
	0.400718	
	0.432007	
	0.475007	
	0.451769	
	0.470937	
	0.487261	
	0.463074	
	0.390304	
	0.232626	
	0.187598	
	0.328218	
	0.417553	
	0.384411	
	0.500355	
	0.474891	
	0.485012	
	0.508244	
	0.498988	
	0.465197	
	0.540520	
	0.617568	
	0.565454	
	0.519782	
	0.487760	
	0.540468	
	0.480730	
	0.463308	
	0.410918	
	0.387305	
	0.336581	
	0.325804	
	0.424359	
	0.477586	
	0.360924	
	0.378415	
	0.363141	
	0.361233	
	0.272728	
	0.171407	
	0.199214	
	0.277025	
	0.199248	
	0.188062	
	0.246044	
	0.231395	
	0.212526	
	0.187091	
	0.210405	
	0.240514	
	0.235886	
	0.246481	
	0.238731	
	0.240334	
	0.235688	
	0.229106	
	0.249596	
	0.257142	
	0.265289	
	0.238714	
	0.219009	
	0.222635	
	0.214602	
	0.198079	
	0.195795	
	0.174898	
	0.177565	
	0.174114	
	0.176270	
	0.185725	
	0.222137	
	0.194725	
	0.168404	
	0.150465	
	0.133559	
	0.128797	
	0.103251	
	0.107605	
	0.105705	
	0.120700	
	0.124990	
	0.112052	
	0.105169	
	0.114850	
	0.132043	
	0.167759	
	0.174174	
	0.135201	
	0.128416	
	0.114693	
	0.115310	
	0.114962	
	0.106153	
	0.119511	
	0.121936	
	0.108271	
	0.098060	
	0.108883	
	0.136967	
	0.359721	
	0.294187	
	0.250760	
	0.297729	
	0.350759	
	0.353458	
	0.324706	
	0.349757	
	0.399903	
	0.452025	
	0.504104	
	0.508425	
	0.513921	
	0.442153	
	0.342386	
	0.290423	
	0.265351	
	0.231326	
	0.237702	
	0.222970	
	0.239402	
	0.237855	
	0.216387	
	0.226505	
	0.250393	
	0.216051	
	0.251723	
	0.294267	
	0.294970	
	0.407425	
	0.365423	
	0.354500	
	0.287332	
	0.264572	
	0.253815	
	0.264546	
	0.260278	
	0.265367	
	0.284550	
	0.283173	
	0.272088	
	0.286425	
	0.280750	
	0.292580	
	0.329080	
	0.232207	
	0.205208	
	0.204247	
	0.246736	
	0.280182	
	0.315598	
	0.276755	
	0.272451	
	0.267113	
	0.237351	
	0.271039	
	0.262398	
	0.219984	
	0.216437	
	0.341137	
	0.288094	
	0.251893	
	0.230020	
	0.218883	
	0.220006	
	0.253069	
	0.246450	
	0.283142	
	0.292522	
	0.315754	
	0.324841	
	0.300947	
	0.287354	
	0.299592	
	0.331020	
	0.451717	
	0.456864	
	0.464819	
	0.455979	
	0.446588	
	0.466093	
	0.437483	
	0.442039	
	0.392575	
	0.346564	
	0.287808	
	0.332909	
	0.316828	
	0.208515	
	0.170709	
	0.167534	
	0.181796	
	0.180827	
	0.185172	
	0.181832	
	0.197948	
	0.199818	
	0.206167	
	0.170726	
	0.218774	
	0.288905	
	0.386111	
	0.397869	
	0.362513	
	0.312312	
	0.344337	
	0.328190	
	0.303654	
	0.304654	
	0.363573	
	0.418256	
	0.419857	
	0.336655	
	0.337618	
	0.341186	
	0.542944	
	0.516020	
	0.365348	
	0.354483	
	0.351897	
	0.380411	
	0.352510	
	0.341510	
	0.342295	
	0.334801	
	0.376582	
	0.368810	
	0.413190	
	0.358836	
	0.357377	
	0.370631	
	0.358412	
	0.364848	
	0.373136	
	0.375506	
	0.342814	
	0.390249	
	0.372200	
	0.379032	
	0.369590	
	0.333093	
	0.331567	
	0.346704	
	0.338954	
	0.353275	
	0.416436	
	0.313289	
	0.314177	
	0.298079	
	0.312679	
	0.289620	
	0.297035	
	0.290166	
	0.315414	
	0.312729	
	0.332168	
	0.338372	
	0.337837	
	0.335277	
	0.339404	
	0.341423	
	0.341397	
	0.332549	
	0.328433	
	0.311815	
	0.309640	
	0.326998	
	0.348814	
	0.356234	
	0.353679	
	0.309217	
	0.313735	
	0.318141	
	0.361117	
	0.359840	
	0.354420	
	0.317906	
	0.306095	
	0.265999	
	0.258326	
	0.260581	
	0.309084	
	0.299122	
	0.283515	
	0.288594	
	0.285779	
	0.316723	
	0.331767	
	0.349929	
	0.347391	
	0.326393	
	0.315603	
	0.285292	
	0.268580	
	0.285156	
	0.284760	
	0.287336	
	0.297278	
	0.289604	
	0.348874	
	0.368126	
	0.278927	
	0.271906	
	0.355227	
	0.292064	
	0.284795	
	0.234779	
	0.247083	
	0.266577	
	0.263147	
	0.239054	
	0.241047	
	0.258944	
	0.245519	
	0.289980	
	0.355166	
	0.301964	
	0.403062	
	0.518146	
	0.494546	
	0.506992	
	0.439569	
	0.435069	
	0.421062	
	0.384868	
	0.399355	
	0.359997	
	0.388825	
	0.431264	
	0.446028	
	0.394951	
	0.395942	
	0.280855	
	0.228025	
	0.209111	
	0.267841	
	0.319368	
	0.274175	
	0.303284	
	0.356862	
	0.371356	
	0.415476	
	0.408668	
	0.304397	
	0.206956	
	0.229964	
	0.222825	
	0.257429	
	0.407899	
	0.480648	
	0.393032	
	0.266485	
	0.295751	
	0.272667	
	0.260171	
	0.309069	
	0.294808	
	0.306379	
	0.310720	
	0.324691	
	0.337927	
	0.359885	
	0.233634	
	0.198577	
	0.196899	
	0.227578	
	0.279756	
	0.245670	
	0.268371	
	0.295728	
	0.312647	
	0.320353	
	0.353199	
	0.322810	
	0.328945	
	0.337233	
	0.370611	
	0.347685	
	0.374301	
	0.490837	
	0.463410	
	0.524024	
	0.572818	
	0.518938	
	0.519969	
	0.519768	
	0.480589	
	0.399358	
	0.333752	
	0.264446	
	0.326861	
	0.378155	
	0.336059	
	0.408200	
	0.305576	
	0.265016	
	0.234653	
	0.240324	
	0.252982	
	0.274697	
	0.296163	
	0.318473	
	0.285391	
	0.268997	
	0.276099	
	0.277252	
	0.255226	
	0.270051	
	0.274793	
	0.279579	
	0.272189	
	0.312036	
	0.297809	
	0.321508	
	0.313019	
	0.333628	
	0.314567	
	0.376667	
	0.408611	
	0.325880	
	0.354311	
	0.326889	
	0.275623	
	0.308854	
	0.269989	
	0.266456	
	0.304330	
	0.595559	
	0.891838	
	0.926315	
	0.933695	
	0.923844	
	0.843918	
	0.688838	
	0.629303	
	0.697332	
	0.739265	
	0.673497	
	0.674624	
	0.616380	
	0.580169	
	0.552770	
	0.547206	
	0.585785	
	0.559156	
	0.468055	
	0.154256	
	0.185989	
	0.234334	
	0.434792	
	0.438961	
	0.443301	
	0.383671	
	0.301384	
	0.295998	
	0.300992	
	0.339348	
	0.351357	
	0.355983	
	0.292383	
	0.342418	
	0.357097	
	0.347328	
	0.252150	
	0.289449	
	0.338696	
	0.332133	
	0.340682	
	0.358109	
	0.332582	
	0.472516	
	0.747998	
	0.908247	
	0.940368	
	0.936325	
	0.915436	
	0.828844	
	0.503581	
	0.429368	
	0.355215	
	0.274922	
	0.246316	
	0.255658	
	0.253416	
	0.265136	
	0.300889	
	0.281938	
	0.258347	
	0.241801	
	0.246135	
	0.204064	
	0.218903	
	0.230686	
	0.242395	
	0.241841	
	0.239561	
	0.279735	
	0.279894	
	0.297954	
	0.287221	
	0.293595	
	0.339691	
	0.298763	
	0.247407	
	0.375485	
	0.335831	
	0.221461	
	0.174752	
	0.153033	
	0.154403	
	0.182374	
	0.185966	
	0.197427	
	0.179793	
	0.208056	
	0.221580	
	0.256823	
	0.281135	
	0.271289	
	0.279800	
	0.276782	
	0.281283	
	0.259421	
	0.257989	
	0.228813	
	0.240879	
	0.251920	
	0.260461	
	0.289942	
	0.333428	
	0.345312	
	0.361955	
	0.373832	
	0.319103	
	0.338465	
	0.284119	
	0.282764	
	0.297635	
	0.284547	
	0.331775	
	0.342010	
	0.304531	
	0.255000	
	0.238337	
	0.240082	
	0.228456	
	0.199872	
	0.233592	
	0.237020	
	0.247894	
	0.358178	
	0.355406	
	0.276068	
	0.232693	
	0.206045	
	0.175122	
	0.179225	
	0.183700	
	0.149109	
	0.172442	
	0.248426	
	0.312627	
	0.297750	
	0.274148	
	0.351435	
	0.322331	
	0.367435	
	0.353324	
	0.389313	
	0.441020	
	0.464633	
	0.502662	
	0.530585	
	0.482587	
	0.374764	
	0.224310	
	0.490397	
	0.631482	
	0.656359	
	0.604726	
	0.464142	
	0.349727	
	0.354104	
	0.355299	
	0.349547	
	0.303237	
	0.237804	
	0.258426	
	0.243044	
	0.230113	
	0.205239	
	0.261496	
	0.245970	
	0.330983	
	0.262706	
	0.247121	
	0.225146	
	0.192701	
	0.243345	
	0.229813	
	0.230059	
	0.212426	
	0.224183	
	0.240557	
	0.252952	
	0.265438	
	0.290176	
	0.255451	
	0.277441	
	0.282560	
	0.334630	
	0.358684	
	0.314960	
	0.328290	
	0.370621	
	0.379078	
	0.363382	
	0.402006	
	0.446802	
	0.342415	
	0.354687	
	0.411185	
	0.378052	
	0.455258	
	0.522234	
	0.519075	
	0.494713	
	0.405107	
	0.416725	
	0.379410	
	0.390150	
	0.400168	
	0.374197	
	0.381256	
	0.368837	
	0.343956	
	0.301305	
	0.265265	
	0.292007	
	0.287856	
	0.285511	
	0.297202	
	0.348598	
	0.348757	
	0.368649	
	0.342533	
	0.302610	
	0.390443	
	0.449647	
	0.534064	
	0.344797	
	0.234610	
	0.219907	
	0.199075	
	0.173564	
	0.201055	
	0.195052	
	0.225543	
	0.220852	
	0.186503	
	0.191145	
	0.232297	
	0.245237	
	0.217287	
	0.198451	
	0.204247	
	0.203762	
	0.205993	
	0.199555	
	0.178886	
	0.164332	
	0.179881	
	0.172614	
	0.197074	
	0.225608	
	0.316565	
	0.523100	
	0.720616	
	0.902498	
	0.850642	
	0.705893	
	0.534924	
	0.397258	
	0.346131	
	0.404004	
	0.355373	
	0.379056	
	0.417384	
	0.463498	
	0.466942	
	0.436771	
	0.440156	
	0.377239	
	0.407998	
	0.398790	
	0.365235	
	0.395257	
	0.395557	
	0.400252	
	0.408778	
	0.399234	
	0.391907	
	0.399250	
	0.418392	
	0.391994	
	0.405221	
	0.374383	
	0.359820	
	0.382211	
	0.404022	
	0.341982	
	0.315825	
	0.318161	
	0.309433	
	0.325930	
	0.354413	
	0.350629	
	0.380234	
	0.394509	
	0.384270	
	0.363117	
	0.357062	
	0.355849	
	0.377892	
	0.358260	
	0.373519	
	0.381519	
	0.375836	
	0.373547	
	0.343745	
	0.379523	
	0.344362	
	0.373142	
	0.369973	
	0.397765	
	0.382850	
	0.376928	
	0.346773	
	0.349747	
	0.346419	
	0.303360	
	0.298218	
	0.327096	
	0.355838	
	0.338475	
	0.347390	
	0.351013	
	0.344696	
	0.320020	
	0.302930	
	0.305234	
	0.340403	
	0.378737	
	0.388520	
	0.387507	
	0.329214	
	0.297559	
	0.322603	
	0.352060	
	0.360477	
	0.314262	
	0.387293	
	0.376101	
	0.390622	
	0.317537	
	0.382771	
	0.311411	
	0.299357	
	0.281084	
	0.268995	
	0.301532	
	0.309962	
	0.291954	
	0.328789	
	0.346022	
	0.341764	
	0.305664	
	0.375621	
	0.449313	
	0.492992	
	0.493142	
	0.479055	
	0.493365	
	0.526296	
	0.567380	
	0.605658	
	0.511359	
	0.511277	
	0.562664	
	0.643355	
	0.639145	
	0.598541	
	0.582919	
	0.502275	
	0.519273	
	0.446386	
	0.417596	
	0.442850	
	0.467662	
	0.492996	
	0.495175	
	0.452571	
	0.522289	
	0.495025	
	0.434509	
	0.325421	
	0.237155	
	0.204146	
	0.273141	
	0.620689	
	0.676054	
	0.452676	
	0.401655	
	0.285369	
	0.240315	
	0.266303	
	0.278757	
	0.189667	
	0.201738	
	0.184836	
	0.193656	
	0.174250	
	0.186994	
	0.208723	
	0.285184	
	0.257103	
	0.261428	
	0.368963	
	0.390221	
	0.371056	
	0.306211	
	0.340559	
	0.314585	
	0.358891	
	0.321264	
	0.324295	
	0.331132	
	0.341304	
	0.320760	
	0.332181	
	0.414153	
	0.497738	
	0.488298	
	0.439576	
	0.468430	
	0.432924	
	0.465608	
	0.432554	
	0.380536	
	0.331025	
	0.250761	
	0.633719	
	0.804938	
	0.756123	
	0.671657	
	0.440663	
	0.385547	
	0.361796	
	0.299609	
	0.243984	
	0.215261	
	0.244417	
	0.320874	
	0.341406	
	0.386950	
	0.317415	
	0.332849	
	0.293128	
	0.288676	
	0.292881	
	0.322618	
	0.374491	
	0.407565	
	0.345292	
	0.290415	
	0.311376	
	0.286219	
	0.311257	
	0.365244	
	0.332455	
	0.303353	
	0.220043	
	0.226260	
	0.239649	
	0.255761	
	0.300487	
	0.301515	
	0.309735	
	0.271320	
	0.251355	
	0.201009	
	0.201133	
	0.195254	
	0.208887	
	0.187864	
	0.179213	
	0.174621	
	0.188655	
	0.430451	
	0.276927	
	0.358538	
	0.398321	
	0.366973	
	0.399969	
	0.408602	
	0.417362	
	0.480819	
	0.403119	
	0.334901	
	0.231114	
	0.213625	
	0.208959	
	0.244299	
	0.219741	
	0.215867	
	0.197542	
	0.195512	
	0.249237	
	0.258644	
	0.354896	
	0.475028	
	0.518976	
	0.418167	
	0.271887	
	0.332594	
	0.377717	
	0.356493	
	0.353089	
	0.249972	
	0.202815	
	0.182306	
	0.253493	
	0.328174	
	0.306230	
	0.330548	
	0.264704	
	0.384938	
	0.390359	
	0.572512	
	0.375105	
	0.361073	
	0.378800	
	0.367543	
	0.346919	
	0.338934	
	0.302799	
	0.357900	
	0.435883	
	0.449512	
	0.513421	
	0.513405	
	0.679846	
	0.921935	
	0.931611	
	0.702647	
	0.418301	
	0.380294	
	0.462810	
	0.523203	
	0.560679	
	0.491376	
	0.394723	
	0.322839	
	0.334971	
	0.290556	
	0.265016	
	0.295212	
	0.283178	
	0.272248	
	0.227547	
	0.262242	
	0.315090	
	0.345330	
	0.317325	
	0.347949	
	0.335400	
	0.367942	
	0.364174	
	0.326097	
	0.340477	
	0.432043	
	0.488301	
	0.511243	
	0.429967	
	0.437719	
	0.495700	
	0.428005	
	0.410362	
	0.454986	
	0.422862	
	0.439373	
	0.448621	
	0.383993	
	0.371814	
	0.442511	
	0.451123	
	0.354762	
	0.277968	
	0.269872	
	0.219791	
	0.228403	
	0.242291	
	0.292283	
	0.302621	
	0.298339	
	0.277458	
	0.253756	
	0.219877	
	0.204528	
	0.192879	
	0.201763	
	0.183559	
	0.238058	
	0.256106	
	0.266196	
	0.240491	
	0.195633	
	0.206470	
	0.262666	
	0.351393	
	0.391986	
	0.414254	
	0.396717	
	0.413456	
	0.418493	
	0.334915	
	0.235267	
	0.220964	
	0.247084	
	0.351465	
	0.367207	
	0.369366	
	0.363383	
	0.406420	
	0.452313	
	0.441233	
	0.350756	
	0.223985	
	0.229324	
	0.267356	
	0.248911	
	0.313112	
	0.363117	
	0.335220	
	0.339515	
	0.343235	
	0.371903	
	0.439120	
	0.502362	
	0.524685	
	0.516461	
	0.526467	
	0.323953	
	0.321106	
	0.467333	
	0.355544	
	0.210225	
	0.234895	
	0.268834	
	0.265479	
	0.211312	
	0.297562	
	0.330344	
	0.308394	
	0.343523	
	0.400338	
	0.401791	
	0.439853	
	0.446345	
	0.375821	
	0.385686	
	0.419055	
	0.400510	
	0.432562	
	0.454779	
	0.489383	
	0.574210	
	0.469617	
	0.822328	
	0.855779	
	0.785983	
	0.583841	
	0.493568	
	0.469670	
	0.539143	
	0.530236	
	0.554395	
	0.556847	
	0.569356	
	0.601767	
	0.534914	
	0.592857	
	0.600469	
	0.559833	
	0.608339	
	0.591972	
	0.624343	
	0.631664	
	0.696499	
	0.726167	
	0.677057	
	0.724268	
	0.726561	
	0.662010	
	0.674883	
	0.701221	
	0.724678	
	0.497175	
	0.234717	
	0.396654	
	0.411359	
	0.462008	
	0.532552	
	0.534585	
	0.501049	
	0.498906	
	0.513840	
	0.520203	
	0.610900	
	0.582898	
	0.592433	
	0.574386	
	0.573181	
	0.636492	
	0.646982	
	0.577464	
	0.391080	
	0.498649	
	0.485852	
	0.498510	
	0.466691	
	0.443575	
	0.423355	
	0.440447	
	0.480672	
	0.519021	
	0.507067	
	0.461514	
	0.430056	
	0.403418	
	0.335252	
	0.306242	
	0.309573	
	0.305598	
	0.340395	
	0.325221	
	0.336014	
	0.329791	
	0.401141	
	0.503010	
	0.484201	
	0.362607	
	0.216906	
	0.250711	
	0.222462	
	0.219002	
	0.195914	
	0.218182	
	0.250632	
	0.273351	
	0.280515	
	0.304135	
	0.282308	
	0.321913	
	0.319903	
	0.410164	
	0.424076	
	0.358977	
	0.477423	
	0.521523	
	0.480218	
	0.461343	
	0.430233	
	0.374113	
	0.383607	
	0.400037	
	0.402664	
	0.373804	
	0.340985	
	0.309197	
	0.272765	
	0.293538	
	0.357758	
	0.495678	
	0.507941	
	0.385067	
	0.429283	
	0.394600	
	0.333225	
	0.349811	
	0.282270	
	0.326494	
	0.347862	
	0.349992	
	0.355880	
	0.375127	
	0.348641	
	0.347729	
	0.291565	
	0.493414	
	0.502595	
	0.499506	
	0.522632	
	0.562994	
	0.514424	
	0.531929	
	0.568278	
	0.532732	
	0.482121	
	0.559874	
	0.653226	
	0.610636	
	0.592676	
	0.627392	
	0.535103	
	0.474323	
	0.479742	
	0.518142	
	0.542808	
	0.549610	
	0.536268	
	0.585833	
	0.545444	
	0.424606	
	0.436748	
	0.518878	
	0.498136	
	0.382856	
	0.359532	
	0.391117	
	0.446929	
	0.339711	
	0.381140	
	0.375586	
	0.402823	
	0.304797	
	0.304277	
	0.359097	
	0.343934	
	0.341143	
	0.365992	
	0.361885	
	0.354943	
	0.383849	
	0.354543	
	0.317520	
	0.321969	
	0.427210	
	0.338137	
	0.378133	
	0.411364	
	0.370274	
	0.385689	
	0.545343	
	0.571408	
	0.577651	
	0.554287	
	0.387938	
	0.329341	
	0.340215	
	0.246265	
	0.293826	
	0.358400	
	0.372877	
	0.358715	
	0.396276	
	0.455177	
	0.525644	
	0.577065	
	0.634225	
	0.529336	
	0.369585	
	0.360770	
	0.208948	
	0.263671	
	0.258351	
	0.281259	
	0.304198	
	0.277339	
	0.313904	
	0.331121	
	0.301623	
	0.350457	
	0.400018	
	0.397882	
	0.396197	
	0.417423	
	0.409246	
	0.451886	
	0.454572	
	0.467315	
	0.449017	
	0.480665	
	0.485310	
	0.493053	
	0.499933	
	0.448319	
	0.488229	
	0.409847	
	0.317139	
	0.316606	
	0.340392	
	0.382250	
	0.341114	
	0.430593	
	0.444152	
	0.438878	
	0.457505	
	0.462871	
	0.414633	
	0.410305	
	0.439885	
	0.450831	
	0.511892	
	0.491400	
	0.559823	
	0.594555	
	0.852098	
	0.890061	
	0.841805	
	0.798525	
	0.542680	
	0.578029	
	0.617406	
	0.536461	
	0.498375	
	0.516787	
	0.503491	
	0.570969	
	0.535481	
	0.506780	
	0.510503	
	0.525269	
	0.542914	
	0.503327	
	0.470839	
	0.450060	
	0.462581	
	0.483315	
	0.515570	
	0.529285	
	0.458137	
	0.444658	
	0.314158	
	0.397006	
	0.316534	
	0.251138	
	0.298062	
	0.309074	
	0.294162	
	0.316830	
	0.314556	
	0.333284	
	0.307583	
	0.329057	
	0.370121	
	0.353442	
	0.356121	
	0.428172	
	0.814240	
	0.879836	
	0.868559	
	0.771005	
	0.432581	
	0.410025	
	0.367388	
	0.333473	
	0.354778	
	0.335539	
	0.378769	
	0.381252	
	0.396963	
	0.319985	
	0.324987	
	0.255720	
	0.237587	
	0.229997	
	0.292841	
	0.330080	
	0.291854	
	0.344915	
	0.320426	
	0.315245	
	0.254483	
	0.270910	
	0.396052	
	0.541741	
	0.582015	
	0.562107	
	0.571129	
	0.564309	
	0.612642	
	0.605726	
	0.559104	
	0.526153	
	0.470746	
	0.502851	
	0.471325	
	0.510373	
	0.504005	
	0.559503	
	0.378581	
	0.506419	
	0.537756	
	0.502850	
	0.483573	
	0.512139	
	0.495399	
	0.456254	
	0.557439	
	0.564563	
	0.500720	
	0.507947	
	0.552619	
	0.443764	
	0.402472	
	0.481525	
	0.407363	
	0.518269	
	0.489952	
	0.503168	
	0.521119	
	0.536144	
	0.467486	
	0.480646	
	0.497146	
	0.423753	
	0.421642	
	0.368878	
	0.360029	
	0.566703	
	0.821982	
	0.881213	
	0.774811	
	0.522122	
	0.400504	
	0.410835	
	0.401415	
	0.359402	
	0.339448	
	0.380978	
	0.409669	
	0.373105	
	0.364580	
	0.320474	
	0.331517	
	0.350849	
	0.360975	
	0.347520	
	0.370047	
	0.332661	
	0.301599	
	0.307152	
	0.311239	
	0.308003	
	0.335279	
	0.317650	
	0.310410	
	0.325039	
	0.356223	
	0.407145	
	0.381688	
	0.266293	
	0.246446	
	0.264520	
	0.268256	
	0.265120	
	0.295552	
	0.291854	
	0.281075	
	0.279623	
	0.288294	
	0.287952	
	0.297850	
	0.292413	
	0.319125	
	0.325692	
	0.323262	
	0.318798	
	0.364478	
	0.356146	
	0.311873	
	0.315198	
	0.320653	
	0.332814	
	0.329544	
	0.327769	
	0.273504	
	0.227119	
	0.307790	
	0.383749	
	0.410640	
	0.413602	
	0.413949	
	0.377627	
	0.384524	
	0.413627	
	0.424966	
	0.420576	
	0.429116	
	0.470926	
	0.433631	
	0.443842	
	0.465303	
	0.392300	
	0.280716	
	0.219433	
	0.217069	
	0.244635	
	0.312924	
	0.396143	
	0.336569	
	0.286538	
	0.264246	
	0.227798	
	0.194414	
	0.233247	
	0.307890	
	0.247696	
	0.286264	
	0.273335	
	0.228652	
	0.219712	
	0.236949	
	0.265459	
	0.282645	
	0.271888	
	0.299410	
	0.276604	
	0.328175	
	0.349598	
	0.305514	
	0.339202	
	0.383743	
	0.366905	
	0.380563	
	0.372282	
	0.356598	
	0.356384	
	0.376800	
	0.338048	
	0.358827	
	0.382950	
	0.233938	
	0.216074	
	0.381410	
	0.638948	
	0.599365	
	0.395163	
	0.355753	
	0.329156	
	0.268175	
	0.283373	
	0.267074	
	0.201538	
	0.148537	
	0.167617	
	0.183573	
	0.215837	
	0.223010	
	0.259868	
	0.210089	
	0.286990	
	0.437264	
	0.490897	
	0.539331	
	0.498718	
	0.377310	
	0.204565	
	0.243848	
	0.285617	
	0.298589	
	0.292909	
	0.259880	
	0.256030	
	0.187296	
	0.235205	
	0.269849	
	0.251845	
	0.268110	
	0.301692	
	0.250676	
	0.224439	
	0.184240	
	0.248317	
	0.342690	
	0.280561	
	0.301362	
	0.384592	
	0.864317	
	0.908988	
	0.703183	
	0.459426	
	0.454228	
	0.413487	
	0.419240	
	0.347542	
	0.296008	
	0.230614	
	0.198216	
	0.210633	
	0.215292	
	0.181776	
	0.215952	
	0.344157	
	0.690861	
	0.810778	
	0.819751	
	0.873504	
	0.865790	
	0.816221	
	0.625568	
	0.432462	
	0.406627	
	0.406912	
	0.438429	
	0.488024	
	0.518496	
	0.472400	
	0.474300	
	0.464397	
	0.373565	
	0.454867	
	0.449980	
	0.479200	
	0.500530	
	0.471287	
	0.446191	
	0.451613	
	0.393034	
	0.445111	
	0.462966	
	0.484031	
	0.432520	
	0.439758	
	0.382016	
	0.339571	
	0.336369	
	0.350536	
	0.360097	
	0.355440	
	0.386771	
	0.382732	
	0.374452	
	0.379742	
	0.327852	
	0.353332	
	0.330596	
	0.381163	
	0.419691	
	0.376924	
	0.339620	
	0.391967	
	0.384019	
	0.363842	
	0.387239	
	0.383712	
	0.394080	
	0.370546	
	0.396806	
	0.405951	
	0.403772	
	0.411878	
	0.400676	
	0.336598	
	0.322476	
	0.282520	
	0.311857	
	0.315688	
	0.349839	
	0.354037	
	0.345662	
	0.341129	
	0.333707	
	0.330690	
	0.358748	
	0.375814	
	0.372316	
	0.391610	
	0.415208	
	0.425978	
	0.378313	
	0.413190	
	0.408764	
	0.372424	
	0.339064	
	0.397385	
	0.469221	
	0.505304	
	0.415425	
	0.467873	
	0.460140	
	0.425978	
	0.407432	
	0.445930	
	0.403124	
	0.330266	
	0.319748	
	0.334209	
	0.335343	
	0.366031	
	0.322673	
	0.364362	
	0.336378	
	0.296995	
	0.336769	
	0.326798	
	0.295207	
	0.328892	
	0.246319	
	0.227049	
	0.251585	
	0.238466	
	0.217754	
	0.200277	
	0.184020	
	0.189156	
	0.156977	
	0.159337	
	0.076639	
	0.060948	
	0.060910	
	0.109725	
	0.167326	
	0.194281	
	0.133904	
	0.113682	
	0.082738	
	0.098064	
	0.096527	
	0.112006	
	0.138952	
	0.140012	
	0.115707	
	0.172257	
	0.237696	
	0.326148	
	0.485184	
	0.502452	
	0.436233	
	0.404064	
	0.364368	
	0.369218	
	0.383833	
	0.433041	
	0.503629	
	0.503183	
	0.508854	
	0.477573	
	0.358595	
	0.302896	
	0.452278	
	0.470204	
	0.474317	
	0.524316	
	0.504429	
	0.386386	
	0.355646	
	0.341748	
	0.349229	
	0.295059	
	0.281821	
	0.319053	
	0.267127	
	0.422451	
	0.450071	
	0.421315	
	0.464639	
	0.434634	
	0.494923	
	0.515290	
	0.533007	
	0.487529	
	0.459324	
	0.447795	
	0.374119	
	0.461858	
	0.337409	
	0.207812	
	0.275066	
	0.423599	
	0.483642	
	0.519311	
	0.424727	
	0.378493	
	0.266756	
	0.255129	
	0.257849	
	0.283283	
	0.299052	
	0.276624	
	0.225590	
	0.400289	
	0.621467	
	0.540604	
	0.511496	
	0.502725	
	0.489646	
	0.474203	
	0.458945	
	0.480165	
	0.415223	
	0.420472	
	0.417746	
	0.364460	
	0.453294	
	0.363435	
	0.549689	
	0.537488	
	0.522800	
	0.461414	
	0.460427	
	0.464159	
	0.459028	
	0.342712	
	0.281443	
	0.281225	
	0.294050	
	0.307141	
	0.292152	
	0.299264	
	0.506187	
	0.616728	
	0.607010	
	0.610298	
	0.557004	
	0.452895	
	0.516698	
	0.541009	
	0.445561	
	0.470003	
	0.419017	
	0.366485	
	0.404169	
	0.397122	
	0.430251	
	0.601351	
	0.520283	
	0.479503	
	0.408330	
	0.421850	
	0.409727	
	0.409649	
	0.441368	
	0.420480	
	0.457665	
	0.472183	
	0.479931	
	0.491342	
	0.497321	
	0.483813	
	0.493557	
	0.513816	
	0.511013	
	0.477599	
	0.464058	
	0.446598	
	0.498122	
	0.513921	
	0.514550	
	0.523165	
	0.547254	
	0.546114	
	0.590450	
	0.545336	
	0.650808	
	0.502240	
	0.446081	
	0.382757	
	0.448720	
	0.448560	
	0.492159	
	0.496263	
	0.513294	
	0.510168	
	0.523491	
	0.508692	
	0.460072	
	0.502958	
	0.497485	
	0.521700	
	0.508906	
	0.510405	
	0.496717	
	0.523624	
	0.519646	
	0.514226	
	0.571635	
	0.566661	
	0.603946	
	0.581902	
	0.627685	
	0.580359	
	0.517335	
	0.414026	
	0.590787	
	0.527853	
	0.494660	
	0.513106	
	0.464505	
	0.472872	
	0.439636	
	0.388637	
	0.405487	
	0.412204	
	0.395901	
	0.380707	
	0.349328	
	0.349704	
	0.342051	
	0.356541	
	0.372517	
	0.352099	
	0.322215	
	0.295778	
	0.300329	
	0.278358	
	0.280770	
	0.300572	
	0.290739	
	0.302307	
	0.303281	
	0.331673	
	0.394544	
	0.355241	
	0.307129	
	0.279686	
	0.282554	
	0.362320	
	0.389194	
	0.357830	
	0.357759	
	0.330373	
	0.351312	
	0.371131	
	0.385388	
	0.346992	
	0.383083	
	0.406195	
	0.388629	
	0.413751	
	0.446709	
	0.456629	
	0.410423	
	0.446562	
	0.442763	
	0.438275	
	0.440377	
	0.339681	
	0.420163	
	0.540599	
	0.704896	
	0.341297	
	0.209270	
	0.261475	
	0.333285	
	0.331340	
	0.307262	
	0.254123	
	0.271384	
	0.328436	
	0.321835	
	0.366925	
	0.388933	
	0.406738	
	0.402760	
	0.427593	
	0.453696	
	0.470869	
	0.506031	
	0.502032	
	0.448968	
	0.476920	
	0.540957	
	0.529307	
	0.502023	
	0.547541	
	0.506451	
	0.553479	
	0.561545	
	0.592686	
	0.671576	
	0.634914	
	0.415625	
	0.377544	
	0.396529	
	0.452111	
	0.475407	
	0.522266	
	0.548660	
	0.617258	
	0.596173	
	0.577472	
	0.531972	
	0.551865	
	0.546298	
	0.404606	
	0.415901	
	0.594193	
	0.615913	
	0.643824	
	0.637999	
	0.661860	
	0.649639	
	0.623985	
	0.626061	
	0.607697	
	0.682901	
	0.683704	
	0.658101	
	0.545471	
	0.585284	
	0.397466	
	0.355998	
	0.346376	
	0.336725	
	0.344838	
	0.337604	
	0.305520	
	0.347120	
	0.332887	
	0.340182	
	0.349735	
	0.353120	
	0.361528	
	0.290349	
	0.325581	
	0.380413	
	0.395601	
	0.397127	
	0.409864	
	0.466011	
	0.494492	
	0.517961	
	0.527083	
	0.509908	
	0.508032	
	0.537168	
	0.564159	
	0.511027	
	0.485851	
	0.472426	
	0.478349	
	0.482158	
	0.421714	
	0.432461	
	0.495257	
	0.422587	
	0.513359	
	0.530763	
	0.515814	
	0.527858	
	0.529619	
	0.570292	
	0.617417	
	0.608092	
	0.551310	
	0.527742	
	0.517528	
	0.509055	
	0.540329	
	0.537863	
	0.599439	
	0.572818	
	0.555556	
	0.608738	
	0.620804	
	0.624712	
	0.615643	
	0.653310	
	0.489218	
	0.486797	
	0.448386	
	0.495708	
	0.474002	
	0.429256	
	0.372912	
	0.361181	
	0.377168	
	0.409874	
	0.477408	
	0.456761	
	0.422758	
	0.432031	
	0.424966	
	0.477590	
	0.502472	
	0.445392	
	0.520701	
	0.472572	
	0.480470	
	0.520923	
	0.545770	
	0.504897	
	0.529001	
	0.528237	
	0.555929	
	0.500121	
	0.434818	
	0.467980	
	0.566465	
	0.513307	
	0.524532	
	0.405090	
	0.472487	
	0.460220	
	0.461915	
	0.470847	
	0.465139	
	0.493739	
	0.534564	
	0.527647	
	0.576680	
	0.539291	
	0.539492	
	0.584994	
	0.528310	
	0.531280	
	0.536801	
	0.586742	
	0.661415	
	0.626370	
	0.585255	
	0.555357	
	0.568086	
	0.526167	
	0.556525	
	0.564019	
	0.334957	
	0.324325	
	0.305914	
	0.278474	
	0.285911	
	0.286803	
	0.293870	
	0.347883	
	0.367471	
	0.378854	
	0.400298	
	0.417492	
	0.425655	
	0.434659	
	0.428340	
	0.445809	
	0.416077	
	0.406757	
	0.450847	
	0.454261	
	0.497319	
	0.523593	
	0.518276	
	0.525542	
	0.597926	
	0.588846	
	0.577355	
	0.561467	
	0.555835	
	0.458052	
	0.476252	
	0.464831	
	0.372602	
	0.425265	
	0.391703	
	0.398997	
	0.319403	
	0.285051	
	0.291680	
	0.314750	
	0.305451	
	0.290895	
	0.278653	
	0.250792	
	0.264566	
	0.257073	
	0.257559	
	0.254727	
	0.223930	
	0.207905	
	0.197240	
	0.253335	
	0.596699	
	0.718709	
	0.678571	
	0.594818	
	0.477856	
	0.494054	
	0.692253	
	0.570130	
	0.404505	
	0.246064	
	0.252058	
	0.380643	
	0.292255	
	0.277070	
	0.188149	
	0.214796	
	0.230863	
	0.280673	
	0.269584	
	0.252332	
	0.257839	
	0.256395	
	0.315584	
	0.329256	
	0.330953	
	0.321505	
	0.337730	
	0.354057	
	0.371309	
	0.347101	
	0.343044	
	0.344733	
	0.367766	
	0.401645	
	0.385964	
	0.463782	
	0.718610	
	0.608655	
	0.410647	
	0.331226	
	0.335415	
	0.449611	
	0.455475	
	0.471228	
	0.355534	
	0.351014	
	0.383358	
	0.378507	
	0.381525	
	0.376836	
	0.347548	
	0.318518	
	0.330000	
	0.315565	
	0.287898	
	0.300487	
	0.289332	
	0.309376	
	0.309810	
	0.306914	
	0.310104	
	0.299244	
	0.292940	
	0.350015	
	0.361350	
	0.471061	
	0.631485	
	0.499852	
	0.345172	
	0.322632	
	0.340571	
	0.430223	
	0.415594	
	0.363454	
	0.302147	
	0.287156	
	0.298304	
	0.329904	
	0.325743	
	0.316690	
	0.316343	
	0.335947	
	0.339159	
	0.391907	
	0.404504	
	0.301216	
	0.299665	
	0.305604	
	0.305878	
	0.297339	
	0.268853	
	0.307092	
	0.302607	
	0.307656	
	0.330439	
	0.393051	
	0.420873	
	0.393295	
	0.306977	
	0.374681	
	0.384377	
	0.328926	
	0.303003	
	0.272759	
	0.276218	
	0.347384	
	0.310635	
	0.326189	
	0.321580	
	0.304699	
	0.306207	
	0.317641	
	0.359468	
	0.354065	
	0.509279	
	0.450800	
	0.430896	
	0.443913	
	0.401361	
	0.400288	
	0.430621	
	0.451633	
	0.418447	
	0.407333	
	0.369359	
	0.422975	
	0.307898	
	0.289807	
	0.326216	
	0.327080	
	0.288475	
	0.256234	
	0.217780	
	0.262415	
	0.315343	
	0.342986	
	0.352968	
	0.374205	
	0.352257	
	0.374962	
	0.380171	
	0.437489	
	0.439712	
	0.442418	
	0.434620	
	0.417769	
	0.388916	
	0.388062	
	0.420648	
	0.417403	
	0.428064	
	0.440116	
	0.455317	
	0.515502	
	0.569454	
	0.453959	
	0.424565	
	0.397533	
	0.360932	
	0.394244	
	0.421775	
	0.356540	
	0.387649	
	0.379599	
	0.460176	
	0.514875	
	0.495660	
	0.480998	
	0.436180	
	0.411015	
	0.437204	
	0.509925	
	0.485375	
	0.500950	
	0.491049	
	0.465130	
	0.482653	
	0.507163	
	0.515165	
	0.460195	
	0.367061	
	0.412861	
	0.420135	
	0.358441	
	0.469166	
	0.408335	
	0.334724	
	0.355866	
	0.357374	
	0.309294	
	0.289319	
	0.290870	
	0.311229	
	0.330221	
	0.291769	
	0.272449	
	0.277683	
	0.282339	
	0.305554	
	0.344284	
	0.353729	
	0.351392	
	0.335888	
	0.318477	
	0.293989	
	0.256141	
	0.278666	
	0.339040	
	0.379845	
	0.307288	
	0.356025	
	0.331964	
	0.391199	
	0.508418	
	0.349446	
	0.349546	
	0.279766	
	0.298587	
	0.341727	
	0.297081	
	0.314062	
	0.301048	
	0.258052	
	0.259893	
	0.291966	
	0.315996	
	0.205157	
	0.254102	
	0.378767	
	0.412113	
	0.415092	
	0.407604	
	0.420514	
	0.362294	
	0.263202	
	0.497188	
	0.326736	
	0.332799	
	0.493092	
	0.785176	
	0.915222	
	0.918097	
	0.782202	
	0.684948	
	0.525434	
	0.434310	
	0.494495	
	0.509330	
	0.365122	
	0.375384	
	0.368437	
	0.404528	
	0.403083	
	0.456244	
	0.445678	
	0.450579	
	0.416110	
	0.453171	
	0.453858	
	0.496819	
	0.463548	
	0.477189	
	0.456052	
	0.420000	
	0.434061	
	0.445806	
	0.403289	
	0.407615	
	0.415990	
	0.408490	
	0.434082	
	0.388876	
	0.340094	
	0.323395	
	0.299558	
	0.326110	
	0.338302	
	0.316850	
	0.298563	
	0.310619	
	0.342178	
	0.322406	
	0.287695	
	0.333946	
	0.302678	
	0.250879	
	0.241124	
	0.268678	
	0.254263	
	0.254304	
	0.267297	
	0.256226	
	0.236500	
	0.222533	
	0.243810	
	0.278076	
	0.289195	
	0.290014	
	0.315562	
	0.316968	
	0.322728	
	0.363974	
	0.389563	
	0.276226	
	0.366515	
	0.365807	
	0.385011	
	0.345710	
	0.302758	
	0.284028	
	0.268998	
	0.355075	
	0.379443	
	0.405481	
	0.428261	
	0.381284	
	0.390057	
	0.328908	
	0.295106	
	0.257752	
	0.226306	
	0.217921	
	0.216453	
	0.213452	
	0.218823	
	0.229024	
	0.251311	
	0.261491	
	0.248878	
	0.229717	
	0.320523	
	0.417091	
	0.353537	
	0.360183	
	0.368723	
	0.346491	
	0.323148	
	0.276431	
	0.284027	
	0.294931	
	0.271640	
	0.303614	
	0.355078	
	0.329357	
	0.319524	
	0.301949	
	0.306104	
	0.324553	
	0.332449	
	0.362933	
	0.395164	
	0.362912	
	0.335248	
	0.364211	
	0.252621	
	0.485858	
	0.537727	
	0.558368	
	0.552469	
	0.514860	
	0.315058	
	0.276741	
	0.209823	
	0.223996	
	0.166772	
	0.198371	
	0.214300	
	0.199386	
	0.201154	
	0.222825	
	0.209296	
	0.230856	
	0.248276	
	0.251613	
	0.202953	
	0.217182	
	0.260639	
	0.285760	
	0.303628	
	0.318395	
	0.334338	
	0.297904	
	0.312147	
	0.300692	
	0.285266	
	0.236161	
	0.392182	
	0.758163	
	0.939542	
	0.927300	
	0.819627	
	0.635388	
	0.466477	
	0.395549	
	0.371649	
	0.456988	
	0.462062	
	0.397702	
	0.349330	
	0.293721	
	0.288222	
	0.285523	
	0.287217	
	0.298689	
	0.281846	
	0.287867	
	0.224824	
	0.248080	
	0.300595	
	0.267176	
	0.284635	
	0.285469	
	0.284918	
	0.290670	
	0.265161	
	0.228481	
	0.219614	
	0.218460	
	0.207120	
	0.221443	
	0.212867	
	0.163529	
	0.248332	
	0.327255	
	0.442537	
	0.461504	
	0.431526	
	0.422535	
	0.439173	
	0.416463	
	0.423462	
	0.392594	
	0.345450	
	0.410283	
	0.356749	
	0.383308	
	0.324174	
	0.301931	
	0.270213	
	0.279008	
	0.279447	
	0.321915	
	0.298785	
	0.322734	
	0.318596	
	0.293506	
	0.269043	
	0.266894	
	0.296326	
	0.261896	
	0.284712	
	0.267127	
	0.276557	
	0.211391	
	0.195412	
	0.235187	
	0.181469	
	0.179711	
	0.204035	
	0.278793	
	0.292922	
	0.257039	
	0.205372	
	0.178205	
	0.203799	
	0.232668	
	0.241922	
	0.299471	
	0.231651	
	0.194682	
	0.142083	
	0.127282	
	0.169638	
	0.184390	
	0.162862	
	0.141893	
	0.165545	
	0.148531	
	0.295968	
	0.317467	
	0.294027	
	0.298613	
	0.307484	
	0.319234	
	0.396407	
	0.402707	
	0.414474	
	0.385410	
	0.432612	
	0.471073	
	0.488070	
	0.476372	
	0.398330	
	0.250575	
	0.216162	
	0.238983	
	0.230384	
	0.324601	
	0.275947	
	0.235924	
	0.233110	
	0.270794	
	0.241608	
	0.250515	
	0.223837	
	0.198136	
	0.205265	
	0.239610	
	0.201675	
	0.290437	
	0.225053	
	0.186074	
	0.204118	
	0.291463	
	0.304818	
	0.340805	
	0.335685	
	0.314737	
	0.348337	
	0.300880	
	0.335543	
	0.326151	
	0.293950	
	0.326819	
	0.319375	
	0.262465	
	0.240220	
	0.275702	
	0.263251	
	0.305105	
	0.308977	
	0.267134	
	0.308333	
	0.354526	
	0.749070	
	0.880659	
	0.906382	
	0.855936	
	0.771687	
	0.752215	
	0.551638	
	0.446836	
	0.469076	
	0.468480	
	0.417945	
	0.437482	
	0.463748	
	0.501792	
	0.430989	
	0.462991	
	0.475346	
	0.483547	
	0.402696	
	0.316003	
	0.349157	
	0.341995	
	0.338667	
	0.349839	
	0.346439	
	0.275996	
	0.289444	
	0.399059	
	0.732851	
	0.776748	
	0.810409	
	0.808163	
	0.806386	
	0.582869	
	0.377272	
	0.306269	
	0.308184	
	0.343627	
	0.338802	
	0.354546	
	0.359626	
	0.378526	
	0.381326	
	0.385697	
	0.370463	
	0.381013	
	0.376132	
	0.358607	
	0.349384	
	0.352224	
	0.350945	
	0.292278	
	0.280166	
	0.248810	
	0.227494	
	0.264039	
	0.251386	
	0.307051	
	0.277623	
	0.332744	
	0.353777	
	0.371296	
	0.371897	
	0.305702	
	0.259559	
	0.251320	
	0.341035	
	0.356199	
	0.311601	
	0.256137	
	0.259011	
	0.289547	
	0.311090	
	0.300954	
	0.333807	
	0.327031	
	0.336374	
	0.327355	
	0.318322	
	0.293693	
	0.322245	
	0.328334	
	0.344427	
	0.368952	
	0.376122	
	0.345940	
	0.341355	
	0.366052	
	0.350177	
	0.378822	
	0.355995	
	0.339175	
	0.320743	
	0.333744	
	0.327753	
	0.327481	
	0.321960	
	0.330359	
	0.344766	
	0.385400	
	0.384246	
	0.397060	
	0.356344	
	0.394930	
	0.387188	
	0.414274	
	0.376889	
	0.370665	
	0.375733	
	0.343385	
	0.337498	
	0.363560	
	0.358964	
	0.357090	
	0.381543	
	0.331999	
	0.349087	
	0.322639	
	0.326263	
	0.370276	
	0.346192	
	0.333141	
	0.333214	
	0.312554	
	0.232418	
	0.252713	
	0.285180	
	0.333924	
	0.318876	
	0.316951	
	0.282042	
	0.227458	
	0.221973	
	0.268983	
	0.296521	
	0.296864	
	0.271955	
	0.282103	
	0.259028	
	0.283502	
	0.300664	
	0.340974	
	0.291718	
	0.291941	
	0.291841	
	0.311741	
	0.282303	
	0.288278	
	0.362799	
	0.307415	
	0.337088	
	0.367297	
	0.293669	
	0.260683	
	0.225677	
	0.228756	
	0.259281	
	0.261255	
	0.252799	
	0.238147	
	0.230257	
	0.235558	
	0.246457	
	0.264556	
	0.258934	
	0.286101	
	0.289114	
	0.500534	
	0.468775	
	0.444222	
	0.479807	
	0.478113	
	0.432914	
	0.433205	
	0.389794	
	0.416084	
	0.449040	
	0.480353	
	0.402069	
	0.332742	
	0.334146	
	0.227969	
	0.204602	
	0.240066	
	0.306463	
	0.324587	
	0.298574	
	0.346493	
	0.389906	
	0.434367	
	0.451247	
	0.440576	
	0.307132	
	0.617503	
	0.883298	
	0.927755	
	0.941948	
	0.938853	
	0.802332	
	0.582730	
	0.483766	
	0.495741	
	0.473308	
	0.449890	
	0.414565	
	0.387633	
	0.406620	
	0.322117	
	0.219306	
	0.416944	
	0.468377	
	0.685405	
	0.668720	
	0.397964	
	0.351078	
	0.453539	
	0.420565	
	0.427100	
	0.342185	
	0.325844	
	0.415434	
	0.447777	
	0.471732	
	0.504606	
	0.500467	
	0.505011	
	0.525771	
	0.514287	
	0.566098	
	0.594953	
	0.575302	
	0.584854	
	0.552976	
	0.571475	
	0.617574	
	0.623675	
	0.606259	
	0.391586	
	0.243613	
	0.223347	
	0.406723	
	0.323460	
	0.301869	
	0.378330	
	0.315707	
	0.265501	
	0.252609	
	0.241536	
	0.259297	
	0.274248	
	0.294896	
	0.297061	
	0.277223	
	0.325875	
	0.331035	
	0.280534	
	0.298788	
	0.364717	
	0.342960	
	0.264171	
	0.255031	
	0.237754	
	0.254741	
	0.238188	
	0.273776	
	0.277726	
	0.294734	
	0.363754	
	0.375240	
	0.283342	
	0.249235	
	0.246491	
	0.276824	
	0.254589	
	0.266344	
	0.300784	
	0.286484	
	0.351441	
	0.591216	
	0.864431	
	0.915631	
	0.932877	
	0.933365	
	0.899417	
	0.752007	
	0.601225	
	0.580467	
	0.587346	
	0.708155	
	0.649653	
	0.528764	
	0.339909	
	0.339781	
	0.384171	
	0.450783	
	0.495219	
	0.562106	
	0.519380	
	0.322559	
	0.289803	
	0.404357	
	0.414223	
	0.401301	
	0.394964	
	0.341224	
	0.283601	
	0.315526	
	0.346010	
	0.344167	
	0.379340	
	0.376370	
	0.337655	
	0.300593	
	0.351510	
	0.322501	
	0.321325	
	0.288518	
	0.351081	
	0.363906	
	0.347978	
	0.372802	
	0.346608	
	0.446705	
	0.869179	
	0.912516	
	0.912181	
	0.899134	
	0.859253	
	0.608516	
	0.379681	
	0.229345	
	0.300216	
	0.287035	
	0.256150	
	0.218862	
	0.260975	
	0.283549	
	0.290585	
	0.299257	
	0.272287	
	0.271150	
	0.276716	
	0.229027	
	0.188808	
	0.190239	
	0.226402	
	0.205454	
	0.231863	
	0.219476	
	0.252993	
	0.302283	
	0.306447	
	0.304203	
	0.361137	
	0.320977	
	0.309323	
	0.312948	
	0.165077	
	0.192259	
	0.213094	
	0.170347	
	0.160872	
	0.176290	
	0.213900	
	0.244862	
	0.235444	
	0.255957	
	0.299728	
	0.307359	
	0.278450	
	0.251119	
	0.236119	
	0.314335	
	0.294263	
	0.309747	
	0.284822	
	0.254220	
	0.252377	
	0.267606	
	0.261272	
	0.276603	
	0.300832	
	0.278324	
	0.278127	
	0.298785	
	0.363988	
	0.329621	
	0.281598	
	0.237850	
	0.230129	
	0.221908	
	0.236802	
	0.229719	
	0.283538	
	0.271076	
	0.298904	
	0.288155	
	0.287387	
	0.249108	
	0.211259	
	0.231996	
	0.233125	
	0.257583	
	0.247555	
	0.226336	
	0.213987	
	0.191265	
	0.186800	
	0.153443	
	0.109893	
	0.109310	
	0.157482	
	0.270351	
	0.322408	
	0.331792	
	0.263316	
	0.365662	
	0.312927	
	0.366490	
	0.432506	
	0.403482	
	0.463297	
	0.402844	
	0.461989	
	0.544484	
	0.536213	
	0.471732	
	0.302463	
	0.247267	
	0.246073	
	0.272265	
	0.511450	
	0.418208	
	0.368769	
	0.380417	
	0.320971	
	0.313567	
	0.318553	
	0.395650	
	0.411711	
	0.295497	
	0.220479	
	0.169199	
	0.185278	
	0.198539	
	0.264605	
	0.348543	
	0.313015	
	0.288143	
	0.277406	
	0.300974	
	0.305268	
	0.304223	
	0.335449	
	0.316079	
	0.331627	
	0.312326	
	0.349408	
	0.291349	
	0.326856	
	0.355861	
	0.362519	
	0.345173	
	0.441329	
	0.525356	
	0.454289	
	0.452851	
	0.477875	
	0.463530	
	0.510721	
	0.511071	
	0.389658	
	0.274469	
	0.239678	
	0.207290	
	0.201352	
	0.247781	
	0.222115	
	0.218973	
	0.221544	
	0.265517	
	0.261261	
	0.259871	
	0.289452	
	0.276294	
	0.286701	
	0.287032	
	0.301048	
	0.243384	
	0.259883	
	0.251240	
	0.217832	
	0.198385	
	0.239667	
	0.221626	
	0.234341	
	0.232477	
	0.257595	
	0.290434	
	0.349535	
	0.362568	
	0.447620	
	0.369312	
	0.706681	
	0.871684	
	0.863896	
	0.737154	
	0.484465	
	0.422790	
	0.398448	
	0.360609	
	0.356731	
	0.326201	
	0.331036	
	0.350823	
	0.355660	
	0.341608	
	0.400237	
	0.391854	
	0.335771	
	0.373977	
	0.323774	
	0.288178	
	0.310323	
	0.324061	
	0.274321	
	0.250797	
	0.242602	
	0.219496	
	0.252896	
	0.268015	
	0.270078	
	0.279429	
	0.408266	
	0.437939	
	0.381783	
	0.381723	
	0.359180	
	0.403013	
	0.397788	
	0.428844	
	0.390962	
	0.428776	
	0.401752	
	0.390545	
	0.409976	
	0.430984	
	0.407481	
	0.403607	
	0.426655	
	0.417733	
	0.405403	
	0.454527	
	0.434409	
	0.430320	
	0.420003	
	0.384247	
	0.406038	
	0.400878	
	0.397461	
	0.402058	
	0.416226	
	0.431597	
	0.445822	
	0.347491	
	0.365645	
	0.382125	
	0.359181	
	0.369207	
	0.393480	
	0.345838	
	0.356326	
	0.321192	
	0.354112	
	0.410415	
	0.380353	
	0.400175	
	0.382078	
	0.433815	
	0.428427	
	0.427442	
	0.402460	
	0.433346	
	0.409291	
	0.423747	
	0.459424	
	0.464269	
	0.455670	
	0.409121	
	0.395540	
	0.394076	
	0.359595	
	0.441536	
	0.398573	
	0.347841	
	0.338056	
	0.363714	
	0.349371	
	0.307452	
	0.357686	
	0.345259	
	0.364384	
	0.368367	
	0.369461	
	0.317192	
	0.326844	
	0.359770	
	0.324854	
	0.298332	
	0.339634	
	0.317144	
	0.358588	
	0.415049	
	0.358836	
	0.379828	
	0.339849	
	0.347021	
	0.324289	
	0.321863	
	0.313370	
	0.322467	
	0.351204	
	0.299560	
	0.324572	
	0.263500	
	0.316803	
	0.267689	
	0.308492	
	0.378644	
	0.385595	
	0.354941	
	0.304428	
	0.338844	
	0.405066	
	0.406147	
	0.484036	
	0.492208	
	0.472387	
	0.478078	
	0.464388	
	0.600656	
	0.674217	
	0.642073	
	0.616385	
	0.593867	
	0.613395	
	0.528479	
	0.412601	
	0.505292	
	0.469296	
	0.406934	
	0.373139	
	0.339157	
	0.382798	
	0.442587	
	0.460466	
	0.480039	
	0.428276	
	0.525071	
	0.544531	
	0.549494	
	0.469134	
	0.385988	
	0.340611	
	0.807205	
	0.925514	
	0.892958	
	0.854992	
	0.595630	
	0.357742	
	0.378954	
	0.297110	
	0.302925	
	0.207863	
	0.220010	
	0.249957	
	0.184156	
	0.165560	
	0.193579	
	0.197213	
	0.416028	
	0.398304	
	0.275376	
	0.283583	
	0.212968	
	0.286773	
	0.286469	
	0.296735	
	0.253516	
	0.298119	
	0.243594	
	0.291306	
	0.289624	
	0.374468	
	0.373821	
	0.406680	
	0.487507	
	0.440895	
	0.495532	
	0.505844	
	0.455540	
	0.471388	
	0.451044	
	0.447687	
	0.361913	
	0.345409	
	0.820341	
	0.837538	
	0.715056	
	0.636214	
	0.422996	
	0.373357	
	0.282367	
	0.273036	
	0.199342	
	0.203974	
	0.180451	
	0.253389	
	0.287515	
	0.313366	
	0.327878	
	0.343838	
	0.342208	
	0.297190	
	0.325417	
	0.312667	
	0.298779	
	0.329461	
	0.397404	
	0.393871	
	0.370542	
	0.369141	
	0.360555	
	0.452129	
	0.346956	
	0.334009	
	0.281487	
	0.395043	
	0.362412	
	0.361183	
	0.406644	
	0.451690	
	0.471792	
	0.476844	
	0.401155	
	0.317910	
	0.266441	
	0.199728	
	0.210650	
	0.181872	
	0.160110	
	0.191687	
	0.233305	
	0.240249	
	0.148869	
	0.135923	
	0.117803	
	0.120452	
	0.138492	
	0.153962	
	0.141565	
	0.152225	
	0.169179	
	0.168263	
	0.179125	
	0.196981	
	0.248585	
	0.220044	
	0.222657	
	0.210813	
	0.274862	
	0.230293	
	0.228230	
	0.244698	
	0.245070	
	0.241181	
	0.307457	
	0.307548	
	0.239129	
	0.327941	
	0.420439	
	0.493979	
	0.488516	
	0.477375	
	0.421138	
	0.287376	
	0.267622	
	0.233760	
	0.210486	
	0.303874	
	0.350295	
	0.331325	
	0.273482	
	0.247177	
	0.258798	
	0.429726	
	0.500353	
	0.231727	
	0.240153	
	0.271806	
	0.244207	
	0.264200	
	0.257351	
	0.250884	
	0.260805	
	0.246928	
	0.296751	
	0.278695	
	0.190119	
	0.247268	
	0.424492	
	0.511925	
	0.477128	
	0.480446	
	0.561288	
	0.564494	
	0.493722	
	0.428970	
	0.334746	
	0.251058	
	0.216066	
	0.270292	
	0.291620	
	0.275110	
	0.255939	
	0.456712	
	0.415457	
	0.567389	
	0.548924	
	0.430755	
	0.422860	
	0.456133	
	0.363325	
	0.294254	
	0.286060	
	0.311400	
	0.311931	
	0.314356	
	0.318576	
	0.461732	
	0.495447	
	0.454317	
	0.458927	
	0.455298	
	0.405261	
	0.425469	
	0.436310	
	0.443689	
	0.377272	
	0.348391	
	0.316826	
	0.341389	
	0.285681	
	0.260186	
	0.312621	
	0.337025	
	0.296806	
	0.306129	
	0.232234	
	0.227529	
	0.223496	
	0.238413	
	0.290550	
	0.354867	
	0.346864	
	0.296248	
	0.230332	
	0.225275	
	0.230486	
	0.260464	
	0.258044	
	0.303159	
	0.349404	
	0.307699	
	0.261428	
	0.256977	
	0.240402	
	0.223116	
	0.202910	
	0.176332	
	0.188797	
	0.321897	
	0.524002	
	0.508837	
	0.409707	
	0.290796	
	0.222415	
	0.229123	
	0.265456	
	0.317460	
	0.307726	
	0.304919	
	0.287692	
	0.348148	
	0.386882	
	0.427449	
	0.403711	
	0.288341	
	0.235307	
	0.228771	
	0.260414	
	0.301837	
	0.447708	
	0.452912	
	0.417364	
	0.381310	
	0.335793	
	0.357699	
	0.412795	
	0.394226	
	0.366279	
	0.361606	
	0.491999	
	0.617995	
	0.876989	
	0.883877	
	0.876825	
	0.910540	
	0.866774	
	0.738948	
	0.678523	
	0.618628	
	0.585106	
	0.534284	
	0.516949	
	0.469668	
	0.480008	
	0.481073	
	0.544562	
	0.538430	
	0.545710	
	0.590072	
	0.629985	
	0.667835	
	0.642521	
	0.574469	
	0.627067	
	0.677792	
	0.708253	
	0.723283	
	0.735340	
	0.464685	
	0.331338	
	0.652217	
	0.535168	
	0.422144	
	0.378852	
	0.316749	
	0.371082	
	0.442657	
	0.378019	
	0.422723	
	0.391296	
	0.384641	
	0.371897	
	0.372194	
	0.364210	
	0.334710	
	0.333339	
	0.338736	
	0.373610	
	0.316172	
	0.366517	
	0.391704	
	0.392573	
	0.340102	
	0.365324	
	0.399998	
	0.524335	
	0.779246	
	0.901182	
	0.939488	
	0.934578	
	0.894881	
	0.811381	
	0.417410	
	0.433748	
	0.445168	
	0.416296	
	0.375198	
	0.385837	
	0.336755	
	0.309587	
	0.303830	
	0.275955	
	0.242325	
	0.281436	
	0.294231	
	0.263395	
	0.246545	
	0.414385	
	0.585556	
	0.525100	
	0.494524	
	0.486218	
	0.454112	
	0.457498	
	0.473251	
	0.556966	
	0.552694	
	0.514884	
	0.461039	
	0.278421	
	0.333805	
	0.327267	
	0.322554	
	0.322889	
	0.332713	
	0.328416	
	0.328877	
	0.319603	
	0.364587	
	0.427998	
	0.498143	
	0.457533	
	0.441723	
	0.422987	
	0.225584	
	0.179854	
	0.309299	
	0.311545	
	0.353209	
	0.203253	
	0.293606	
	0.293524	
	0.303374	
	0.325974	
	0.297759	
	0.366085	
	0.359229	
	0.357417	
	0.336706	
	0.374624	
	0.694331	
	0.862389	
	0.858528	
	0.691203	
	0.587668	
	0.587178	
	0.439836	
	0.420301	
	0.431708	
	0.317469	
	0.247278	
	0.249271	
	0.241937	
	0.304269	
	0.383353	
	0.287472	
	0.342884	
	0.410469	
	0.463401	
	0.242005	
	0.195876	
	0.263285	
	0.271237	
	0.267275	
	0.258603	
	0.252442	
	0.240814	
	0.212385	
	0.238997	
	0.258644	
	0.290569	
	0.537136	
	0.622484	
	0.520819	
	0.455653	
	0.492403	
	0.421142	
	0.396628	
	0.396327	
	0.446754	
	0.470413	
	0.544541	
	0.589192	
	0.637334	
	0.657451	
	0.631676	
	0.584751	
	0.504264	
	0.500947	
	0.587902	
	0.641106	
	0.588405	
	0.619718	
	0.589784	
	0.538135	
	0.408985	
	0.522374	
	0.553546	
	0.469041	
	0.377733	
	0.463190	
	0.467808	
	0.437270	
	0.382237	
	0.467632	
	0.447797	
	0.340028	
	0.473274	
	0.503168	
	0.560145	
	0.471987	
	0.572863	
	0.512203	
	0.418420	
	0.505659	
	0.537500	
	0.518786	
	0.509522	
	0.507236	
	0.516704	
	0.511251	
	0.527983	
	0.507976	
	0.585752	
	0.559391	
	0.503915	
	0.706789	
	0.701059	
	0.558901	
	0.404986	
	0.297895	
	0.272393	
	0.251110	
	0.355526	
	0.405056	
	0.349445	
	0.352400	
	0.365101	
	0.413464	
	0.465173	
	0.538392	
	0.435299	
	0.334212	
	0.257482	
	0.256500	
	0.253860	
	0.332042	
	0.361295	
	0.321034	
	0.303225	
	0.268332	
	0.289483	
	0.290029	
	0.318254	
	0.337998	
	0.372772	
	0.386921	
	0.292883	
	0.250266	
	0.317412	
	0.342540	
	0.364315	
	0.401988	
	0.403392	
	0.391412	
	0.427160	
	0.402343	
	0.447786	
	0.419044	
	0.363416	
	0.347437	
	0.351538	
	0.310850	
	0.355899	
	0.383576	
	0.408946	
	0.419692	
	0.378991	
	0.335688	
	0.355878	
	0.354307	
	0.406910	
	0.417103	
	0.436146	
	0.455100	
	0.520141	
	0.542203	
	0.436933	
	0.797677	
	0.905428	
	0.884649	
	0.878958	
	0.647786	
	0.559243	
	0.597923	
	0.490743	
	0.521381	
	0.524268	
	0.506322	
	0.585945	
	0.570768	
	0.511956	
	0.493753	
	0.454795	
	0.445566	
	0.453042	
	0.391834	
	0.470789	
	0.468775	
	0.414367	
	0.411699	
	0.332130	
	0.364629	
	0.376615	
	0.334947	
	0.303757	
	0.368476	
	0.389112	
	0.369800	
	0.285360	
	0.303198	
	0.299212	
	0.357515	
	0.345735	
	0.346970	
	0.320745	
	0.312083	
	0.350405	
	0.327169	
	0.352476	
	0.332790	
	0.688819	
	0.855641	
	0.828791	
	0.778231	
	0.468085	
	0.415032	
	0.416262	
	0.400847	
	0.373726	
	0.345518	
	0.281233	
	0.370503	
	0.363513	
	0.307836	
	0.331990	
	0.308095	
	0.293548	
	0.249175	
	0.267130	
	0.329526	
	0.322912	
	0.275513	
	0.276811	
	0.280297	
	0.265032	
	0.243023	
	0.360225	
	0.549029	
	0.620499	
	0.604760	
	0.563073	
	0.537357	
	0.493194	
	0.559060	
	0.531911	
	0.532211	
	0.495881	
	0.517275	
	0.509673	
	0.525577	
	0.512005	
	0.548380	
	0.447230	
	0.393760	
	0.529260	
	0.503896	
	0.490043	
	0.500531	
	0.482075	
	0.550159	
	0.532651	
	0.492258	
	0.512782	
	0.504406	
	0.466921	
	0.418689	
	0.412793	
	0.396966	
	0.428218	
	0.448912	
	0.492369	
	0.531092	
	0.524589	
	0.495943	
	0.458985	
	0.512617	
	0.525514	
	0.620445	
	0.568767	
	0.320995	
	0.300490	
	0.288664	
	0.663472	
	0.863918	
	0.856756	
	0.765189	
	0.484096	
	0.378943	
	0.379723	
	0.394245	
	0.337687	
	0.395483	
	0.360498	
	0.390138	
	0.420063	
	0.408004	
	0.382303	
	0.365015	
	0.302928	
	0.349734	
	0.339348	
	0.362514	
	0.323468	
	0.306179	
	0.338939	
	0.375417	
	0.391852	
	0.365989	
	0.319394	
	0.338280	
	0.328294	
	0.281921	
	0.391507	
	0.275596	
	0.247033	
	0.225860	
	0.308703	
	0.307434	
	0.286075	
	0.292457	
	0.290603	
	0.283338	
	0.297692	
	0.306077	
	0.273873	
	0.303442	
	0.318059	
	0.334128	
	0.321763	
	0.408252	
	0.423306	
	0.369663	
	0.324638	
	0.327542	
	0.343115	
	0.348182	
	0.300354	
	0.311681	
	0.285617	
	0.257989	
	0.257301	
	0.271003	
	0.344648	
	0.373883	
	0.335945	
	0.335436	
	0.389757	
	0.353496	
	0.421719	
	0.404745	
	0.424690	
	0.433062	
	0.447392	
	0.441178	
	0.405599	
	0.369584	
	0.225821	
	0.169629	
	0.204290	
	0.220738	
	0.300733	
	0.392378	
	0.393249	
	0.356364	
	0.311579	
	0.252428	
	0.265438	
	0.321235	
	0.361244	
	0.356852	
	0.353130	
	0.359241	
	0.314086	
	0.303461	
	0.331884	
	0.367039	
	0.349850	
	0.400518	
	0.380830	
	0.368111	
	0.336151	
	0.345244	
	0.358895	
	0.356303	
	0.340183	
	0.355643	
	0.343590	
	0.330002	
	0.295975	
	0.316905	
	0.231295	
	0.262516	
	0.258611	
	0.261190	
	0.269183	
	0.218036	
	0.216246	
	0.223625	
	0.150170	
	0.139265	
	0.226296	
	0.232481	
	0.244991	
	0.228269	
	0.249609	
	0.284986	
	0.252432	
	0.145834	
	0.164523	
	0.164006	
	0.171223	
	0.170148	
	0.163287	
	0.171730	
	0.159462	
	0.299015	
	0.298498	
	0.250216	
	0.249575	
	0.249636	
	0.252899	
	0.272265	
	0.348201	
	0.394412	
	0.357839	
	0.323357	
	0.522049	
	0.838163	
	0.894716	
	0.821886	
	0.656901	
	0.429513	
	0.439596	
	0.441462	
	0.410477	
	0.423549	
	0.319729	
	0.356638	
	0.329228	
	0.301969	
	0.218307	
	0.202309	
	0.240373	
	0.367396	
	0.264928	
	0.245621	
	0.258286	
	0.218946	
	0.202190	
	0.269042	
	0.323785	
	0.387216	
	0.468872	
	0.457192	
	0.509753	
	0.521551	
	0.429823	
	0.394494	
	0.350607	
	0.309806	
	0.179230	
	0.229398	
	0.225576	
	0.180571	
	0.196938	
	0.296827	
	0.355583	
	0.356033	
	0.389003	
	0.382808	
	0.370124	
	0.372575	
	0.423733	
	0.439216	
	0.405094	
	0.439479	
	0.383301	
	0.376155	
	0.408197	
	0.400835	
	0.404801	
	0.395835	
	0.412783	
	0.467333	
	0.450673	
	0.419776	
	0.439919	
	0.447975	
	0.367837	
	0.351514	
	0.310993	
	0.356322	
	0.351024	
	0.364804	
	0.420159	
	0.395976	
	0.386034	
	0.387852	
	0.375768	
	0.367562	
	0.388924	
	0.420467	
	0.437655	
	0.433552	
	0.402098	
	0.410589	
	0.400673	
	0.429227	
	0.383442	
	0.373446	
	0.378598	
	0.372014	
	0.385571	
	0.379140	
	0.416175	
	0.409608	
	0.358699	
	0.373206	
	0.316934	
	0.366201	
	0.295328	
	0.275112	
	0.284086	
	0.295632	
	0.330042	
	0.320068	
	0.325188	
	0.371590	
	0.347301	
	0.327513	
	0.336341	
	0.334434	
	0.330626	
	0.311687	
	0.325493	
	0.323413	
	0.340515	
	0.266919	
	0.253377	
	0.263560	
	0.296095	
	0.352988	
	0.337221	
	0.340329	
	0.411721	
	0.289987	
	0.226817	
	0.174257	
	0.188961	
	0.211377	
	0.229875	
	0.163257	
	0.200090	
	0.209249	
	0.210684	
	0.215879	
	0.250061	
	0.222117	
	0.238510	
	0.232768	
	0.243953	
	0.205737	
	0.216190	
	0.243045	
	0.237049	
	0.193905	
	0.211436	
	0.211387	
	0.238546	
	0.170334	
	0.192994	
	0.132354	
	0.128327	
	0.093210	
	0.188977	
	0.196269	
	0.126869	
	0.222451	
	0.242933	
	0.200248	
	0.123737	
	0.138636	
	0.127039	
	0.122930	
	0.144053	
	0.141873	
	0.137112	
	0.119774	
	0.119133	
	0.108817	
	0.107801	
	0.109229	
	0.120052	
	0.111981	
	0.105085	
	0.100164	
	0.106898	
	0.098320	
	0.107565	
	0.102499	
	0.108513	
	0.108845	
	0.117981	
	0.133925	
	0.354658	
	0.699372	
	0.537160	
	0.377276	
	0.260310	
	0.235036	
	0.219400	
	0.183164	
	0.180080	
	0.194001	
	0.211470	
	0.195410	
	0.191846	
	0.171342	
	0.168015	
	0.158742	
	0.163686	
	0.177344	
	0.186670	
	0.205900	
	0.220003	
	0.183059	
	0.162262	
	0.164039	
	0.163985	
	0.172850	
	0.194769	
	0.213881	
	0.211791	
	0.279700	
	0.325093	
	0.431931	
	0.418588	
	0.388914	
	0.327340	
	0.303625	
	0.229187	
	0.228574	
	0.163377	
	0.152207	
	0.132771	
	0.139106	
	0.131096	
	0.119711	
	0.110477	
	0.097267	
	0.111627	
	0.112953	
	0.107319	
	0.092563	
	0.089873	
	0.093189	
	0.089968	
	0.095798	
	0.085766	
	0.098193	
	0.106247	
	0.104476	
	0.143635	
	0.121504	
	0.239760	
	0.438149	
	0.298169	
	0.256221	
	0.278855	
	0.226319	
	0.277821	
	0.268286	
	0.265648	
	0.194659	
	0.188962	
	0.135114	
	0.113112	
	0.129391	
	0.141834	
	0.181442	
	0.152953	
	0.132680	
	0.139540	
	0.510586	
	0.481626	
	0.392084	
	0.367520	
	0.321159	
	0.297590	
	0.241020	
	0.235711	
	0.242730	
	0.260825	
	0.220116	
	0.460203	
	0.242521	
	0.176838	
	0.188188	
	0.194628	
	0.189404	
	0.133304	
	0.126928	
	0.128982	
	0.151030	
	0.134516	
	0.158923	
	0.166273	
	0.121472	
	0.137696	
	0.139560	
	0.138752	
	0.144105	
	0.145845	
	0.120641	
	0.141494	
	0.165795	
	0.162246	
	0.185650	
	0.178110	
	0.144670	
	0.198105	
	0.189053	
	0.213565	
	0.436352	
	0.427049	
	0.267066	
	0.226725	
	0.176075	
	0.206601	
	0.207991	
	0.186095	
	0.177549	
	0.198932	
	0.173379	
	0.174004	
	0.156740	
	0.171674	
	0.168359	
	0.150378	
	0.143762	
	0.136178	
	0.139410	
	0.149790	
	0.177865	
	0.147747	
	0.115588	
	0.124906	
	0.135885	
	0.146143	
	0.135294	
	0.152857	
	0.218482	
	0.564566	
	0.352336	
	0.284315	
	0.228233	
	0.220351	
	0.208239	
	0.197233	
	0.185398	
	0.139377	
	0.133734	
	0.121716	
	0.107265	
	0.118207	
	0.110785	
	0.110435	
	0.118196	
	0.114502	
	0.128624	
	0.118900	
	0.117978	
	0.111870	
	0.112870	
	0.121552	
	0.123702	
	0.119866	
	0.109231	
	0.127071	
	0.193723	
	0.316197	
	0.451760	
	0.443768	
	0.514245	
	0.382671	
	0.381062	
	0.343468	
	0.358653	
	0.329466	
	0.361096	
	0.335791	
	0.360667	
	0.366696	
	0.344474	
	0.372429	
	0.370491	
	0.347975	
	0.405575	
	0.466451	
	0.508658	
	0.564942	
	0.502297	
	0.465982	
	0.434912	
	0.412743	
	0.412947	
	0.423317	
	0.406867	
	0.382301	
	0.389142	
	0.437905	
	0.325906	
	0.333104	
	0.262139	
	0.279507	
	0.338652	
	0.305167	
	0.309378	
	0.283934	
	0.314847	
	0.294188	
	0.250951	
	0.293024	
	0.291954	
	0.311996	
	0.311210	
	0.337067	
	0.282647	
	0.314908	
	0.308207	
	0.296858	
	0.281026	
	0.265080	
	0.306907	
	0.312245	
	0.327818	
	0.284928	
	0.274883	
	0.301303	
	0.488397	
	0.394763	
	0.335757	
	0.276964	
	0.243091	
	0.322358	
	0.324050	
	0.343910	
	0.325527	
	0.285896	
	0.316274	
	0.319456	
	0.364828	
	0.307695	
	0.306291	
	0.256748	
	0.298125	
	0.318529	
	0.305475	
	0.318188	
	0.289491	
	0.317131	
	0.336643	
	0.303110	
	0.272074	
	0.265419	
	0.318310	
	0.426114	
	0.423642	
	0.573393	
	0.496582	
	0.378253	
	0.420282	
	0.364368	
	0.370915	
	0.364769	
	0.432203	
	0.350657	
	0.338808	
	0.302994	
	0.326701	
	0.352109	
	0.377614	
	0.399749	
	0.353015	
	0.305896	
	0.300835	
	0.296600	
	0.263277	
	0.257794	
	0.309856	
	0.300461	
	0.307367	
	0.332724	
	0.359421	
	0.287748	
	0.318132	
	0.298040	
	0.334635	
	0.409029	
	0.314948	
	0.293351	
	0.306936	
	0.307577	
	0.261200	
	0.220113	
	0.226770	
	0.232149	
	0.237512	
	0.280454	
	0.241507	
	0.256897	
	0.234821	
	0.267132	
	0.326190	
	0.343636	
	0.374179	
	0.350818	
	0.319101	
	0.328663	
	0.314730	
	0.326362	
	0.341344	
	0.350521	
	0.304408	
	0.345027	
	0.233894	
	0.224680	
	0.301925	
	0.259160	
	0.234226	
	0.225630	
	0.202765	
	0.190986	
	0.161342	
	0.183391	
	0.195153	
	0.177778	
	0.229039	
	0.301818	
	0.314768	
	0.326591	
	0.300685	
	0.304056	
	0.341044	
	0.387386	
	0.379272	
	0.355285	
	0.388997	
	0.411909	
	0.395290	
	0.437011	
	0.423885	
	0.472016	
	0.496083	
	0.460717	
	0.440707	
	0.522674	
	0.443017	
	0.333382	
	0.334220	
	0.337701	
	0.286910	
	0.272257	
	0.251674	
	0.332932	
	0.337770	
	0.377602	
	0.349302	
	0.296364	
	0.274151	
	0.287342	
	0.310011	
	0.463687	
	0.461707	
	0.427110	
	0.432608	
	0.414185	
	0.411935	
	0.384113	
	0.372644	
	0.491869	
	0.473098	
	0.487986	
	0.513226	
	0.508531	
	0.392126	
	0.414651	
	0.369205	
	0.367729	
	0.380613	
	0.435266	
	0.367797	
	0.373547	
	0.349287	
	0.355990	
	0.349465	
	0.360642	
	0.360067	
	0.330568	
	0.351646	
	0.267217	
	0.273148	
	0.375625	
	0.372339	
	0.337760	
	0.328479	
	0.340891	
	0.401004	
	0.373792	
	0.411538	
	0.432879	
	0.421455	
	0.469143	
	0.468115	
	0.502708	
	0.583913	
	0.405195	
	0.357663	
	0.341268	
	0.388590	
	0.397820	
	0.376506	
	0.397311	
	0.398050	
	0.372693	
	0.410850	
	0.367636	
	0.337706	
	0.335814	
	0.361689	
	0.352073	
	0.550757	
	0.598550	
	0.598398	
	0.529836	
	0.464400	
	0.396005	
	0.358446	
	0.330212	
	0.248479	
	0.232494	
	0.196023	
	0.240585	
	0.579832	
	0.452546	
	0.321566	
	0.277633	
	0.255802	
	0.324215	
	0.338674	
	0.351859	
	0.324588	
	0.307949	
	0.340878	
	0.379544	
	0.375908	
	0.313814	
	0.319429	
	0.339307	
	0.342654	
	0.315016	
	0.344990	
	0.348810	
	0.340907	
	0.346262	
	0.349785	
	0.316260	
	0.303240	
	0.281694	
	0.260908	
	0.266669	
	0.257445	
	0.282070	
	0.304064	
	0.333963	
	0.333068	
	0.254279	
	0.255094	
	0.242890	
	0.317316	
	0.348830	
	0.325717	
	0.259313	
	0.216983	
	0.213528	
	0.309058	
	0.401313	
	0.396231	
	0.334123	
	0.367343	
	0.354565	
	0.332981	
	0.381048	
	0.379417	
	0.383432	
	0.351476	
	0.346947	
	0.367591	
	0.267194	
	0.336660	
	0.369734	
	0.285922	
	0.349782	
	0.478214	
	0.452248	
	0.281267	
	0.400730	
	0.243543	
	0.221362	
	0.232443	
	0.201462	
	0.205828	
	0.185849	
	0.190345	
	0.165119	
	0.181139	
	0.214957	
	0.216660	
	0.242047	
	0.231586	
	0.186942	
	0.188541	
	0.192004	
	0.213934	
	0.184286	
	0.200363	
	0.209545	
	0.214811	
	0.209141	
	0.217484	
	0.199086	
	0.205146	
	0.237641	
	0.259587	
	0.277520	
	0.275387	
	0.244449	
	0.288400	
	0.272312	
	0.266019	
	0.224755	
	0.230560	
	0.288533	
	0.249016	
	0.238694	
	0.293476	
	0.286706	
	0.290931	
	0.291008	
	0.263124	
	0.287982	
	0.328698	
	0.370665	
	0.358980	
	0.366190	
	0.366640	
	0.443777	
	0.463442	
	0.443251	
	0.410471	
	0.243223	
	0.238964	
	0.339936	
	0.285256	
	0.273088	
	0.270948	
	0.213347	
	0.191151	
	0.164197	
	0.323202	
	0.220637	
	0.261737	
	0.252868	
	0.221981	
	0.227098	
	0.221196	
	0.216758	
	0.217251	
	0.267908	
	0.356101	
	0.439627	
	0.507521	
	0.558065	
	0.521829	
	0.518928	
	0.548053	
	0.441099	
	0.537665	
	0.588670	
	0.554844	
	0.514639	
	0.845648	
	0.824039	
	0.761107	
	0.548999	
	0.422428	
	0.482784	
	0.456385	
	0.373715	
	0.453941	
	0.404295	
	0.381745	
	0.349814	
	0.331095	
	0.241749	
	0.237874	
	0.240161	
	0.260348	
	0.190434	
	0.210319	
	0.231662	
	0.223014	
	0.238107	
	0.241013	
	0.263062	
	0.199094	
	0.184423	
	0.222726	
	0.286372	
	0.282384	
	0.422395	
	0.278626	
	0.203295	
	0.158117	
	0.318413	
	0.245508	
	0.302186	
	0.341044	
	0.337138	
	0.320517	
	0.302041	
	0.306859	
	0.386364	
	0.348193	
	0.267621	
	0.266214	
	0.252364	
	0.263613	
	0.267797	
	0.282081	
	0.255797	
	0.268325	
	0.241915	
	0.236696	
	0.250698	
	0.238471	
	0.252247	
	0.261151	
	0.230605	
	0.213065	
	0.257356	
	0.218084	
	0.173110	
	0.175550	
	0.152132	
	0.159887	
	0.169761	
	0.171610	
	0.151316	
	0.128559	
	0.122357	
	0.118933	
	0.118741	
	0.113151	
	0.105489	
	0.099695	
	0.103562	
	0.124042	
	0.181919	
	0.165269	
	0.131158	
	0.115159	
	0.099285	
	0.096175	
	0.084730	
	0.108134	
	0.104058	
	0.107913	
	0.142182	
	0.427809	
	0.380766	
	0.251844	
	0.259970	
	0.280996	
	0.323762	
	0.300211	
	0.321036	
	0.346555	
	0.378246	
	0.401349	
	0.428028	
	0.400172	
	0.303969	
	0.256221	
	0.317558	
	0.763609	
	0.884862	
	0.891551	
	0.835957	
	0.570986	
	0.207378	
	0.213932	
	0.198838	
	0.225550	
	0.216432	
	0.308239	
	0.434640	
	0.399200	
	0.396195	
	0.345138	
	0.316605	
	0.269768	
	0.249084	
	0.197569	
	0.195414	
	0.243633	
	0.213103	
	0.228635	
	0.226108	
	0.224027	
	0.221576	
	0.220701	
	0.252580	
	0.230106	
	0.225368	
	0.246324	
	0.241952	
	0.242618	
	0.196077	
	0.233056	
	0.271797	
	0.268123	
	0.295740	
	0.262419	
	0.257202	
	0.240414	
	0.196033	
	0.237945	
	0.500315	
	0.682592	
	0.781510	
	0.850167	
	0.679988	
	0.395600	
	0.313740	
	0.307471	
	0.272018	
	0.254807	
	0.244829	
	0.263490	
	0.285666	
	0.286113	
	0.265994	
	0.285103	
	0.287969	
	0.278008	
	0.317571	
	0.322047	
	0.325527	
	0.318284	
	0.348317	
	0.325248	
	0.310846	
	0.338841	
	0.361047	
	0.343394	
	0.366906	
	0.371182	
	0.386779	
	0.450163	
	0.397281	
	0.372310	
	0.339410	
	0.376727	
	0.400235	
	0.369786	
	0.394750	
	0.383860	
	0.387321	
	0.351548	
	0.364299	
	0.303900	
	0.350822	
	0.312479	
	0.257761	
	0.266899	
	0.287522	
	0.332881	
	0.372646	
	0.499277	
	0.529416	
	0.510207	
	0.506022	
	0.475651	
	0.563508	
	0.552309	
	0.479923	
	0.404198	
	0.388991	
	0.255088	
	0.479235	
	0.433833	
	0.460795	
	0.393909	
	0.342640	
	0.321444	
	0.333792	
	0.335316	
	0.344266	
	0.359628	
	0.381273	
	0.392870	
	0.416404	
	0.416966	
	0.401379	
	0.440936	
	0.439132	
	0.456754	
	0.459752	
	0.452758	
	0.486296	
	0.474398	
	0.499991	
	0.456722	
	0.448666	
	0.459105	
	0.447642	
	0.487811	
	0.484000	
	0.414582	
	0.413170	
	0.394774	
	0.389550	
	0.421563	
	0.420589	
	0.403578	
	0.397150	
	0.370471	
	0.397582	
	0.397273	
	0.423506	
	0.417256	
	0.406182	
	0.368738	
	0.378354	
	0.373039	
	0.355687	
	0.341970	
	0.340436	
	0.345786	
	0.360739	
	0.297879	
	0.284784	
	0.312256	
	0.291461	
	0.324365	
	0.334934	
	0.310331	
	0.297334	
	0.267856	
	0.290085	
	0.352122	
	0.336353	
	0.342579	
	0.318842	
	0.354536	
	0.368886	
	0.347084	
	0.356368	
	0.356740	
	0.290554	
	0.301880	
	0.292100	
	0.321823	
	0.362043	
	0.339331	
	0.320990	
	0.255178	
	0.271508	
	0.308392	
	0.287256	
	0.307166	
	0.338592	
	0.358811	
	0.261950	
	0.328105	
	0.298901	
	0.254645	
	0.230213	
	0.236620	
	0.190090	
	0.243721	
	0.259429	
	0.232364	
	0.195248	
	0.234194	
	0.244983	
	0.233189	
	0.251179	
	0.254561	
	0.282543	
	0.310116	
	0.372882	
	0.396140	
	0.422019	
	0.414252	
	0.370278	
	0.358133	
	0.379125	
	0.411069	
	0.407014	
	0.366162	
	0.369202	
	0.394711	
	0.417181	
	0.327637	
	0.192919	
	0.186284	
	0.204238	
	0.281222	
	0.329752	
	0.281652	
	0.277298	
	0.284324	
	0.295968	
	0.330583	
	0.368845	
	0.326827	
	0.219758	
	0.187714	
	0.151811	
	0.183992	
	0.325992	
	0.401192	
	0.453639	
	0.543838	
	0.560829	
	0.533013	
	0.578420	
	0.564430	
	0.567051	
	0.563063	
	0.514157	
	0.346190	
	0.311165	
	0.424290	
	0.471085	
	0.552604	
	0.416518	
	0.202589	
	0.246410	
	0.281088	
	0.312557	
	0.348056	
	0.322080	
	0.317260	
	0.334413	
	0.346513	
	0.362968	
	0.409376	
	0.355846	
	0.370815	
	0.404877	
	0.602580	
	0.584982	
	0.560323	
	0.550973	
	0.580314	
	0.596870	
	0.598433	
	0.599208	
	0.498412	
	0.334391	
	0.308801	
	0.424532	
	0.303595	
	0.317757	
	0.342597	
	0.325106	
	0.353219	
	0.334290	
	0.327547	
	0.318534	
	0.313723	
	0.317994	
	0.332440	
	0.352292	
	0.350940	
	0.327807	
	0.297700	
	0.318019	
	0.315690	
	0.315182	
	0.300443	
	0.263135	
	0.266639	
	0.309644	
	0.301077	
	0.330028	
	0.288824	
	0.259908	
	0.247755	
	0.297436	
	0.339580	
	0.273195	
	0.311456	
	0.297126	
	0.324999	
	0.330749	
	0.331829	
	0.329684	
	0.394395	
	0.615011	
	0.887892	
	0.906527	
	0.920997	
	0.912734	
	0.876110	
	0.747853	
	0.585039	
	0.589325	
	0.612872	
	0.696976	
	0.717958	
	0.674176	
	0.557367	
	0.490459	
	0.407398	
	0.461828	
	0.471859	
	0.484824	
	0.520016	
	0.516296	
	0.442893	
	0.258545	
	0.365266	
	0.446187	
	0.458645	
	0.423026	
	0.326113	
	0.354674	
	0.343238	
	0.361269	
	0.401814	
	0.396487	
	0.368531	
	0.382283	
	0.356346	
	0.439126	
	0.421364	
	0.317718	
	0.315136	
	0.293635	
	0.336139	
	0.335247	
	0.408077	
	0.509315	
	0.672243	
	0.891925	
	0.923755	
	0.917839	
	0.874655	
	0.713194	
	0.473132	
	0.332118	
	0.263987	
	0.248065	
	0.229557	
	0.163120	
	0.214162	
	0.277350	
	0.257189	
	0.203157	
	0.237592	
	0.239998	
	0.252547	
	0.242584	
	0.215805	
	0.200347	
	0.261918	
	0.259521	
	0.267211	
	0.274792	
	0.360553	
	0.364574	
	0.391676	
	0.425521	
	0.403066	
	0.250248	
	0.388538	
	0.410452	
	0.193596	
	0.186113	
	0.206270	
	0.209762	
	0.237690	
	0.253072	
	0.243625	
	0.239501	
	0.229250	
	0.208001	
	0.268587	
	0.305071	
	0.299474	
	0.284215	
	0.269732	
	0.285014	
	0.260686	
	0.279409	
	0.272368	
	0.266862	
	0.253956	
	0.292192	
	0.301847	
	0.325878	
	0.369194	
	0.354104	
	0.335225	
	0.338479	
	0.390506	
	0.335504	
	0.258761	
	0.263830	
	0.295105	
	0.303400	
	0.329971	
	0.273565	
	0.225998	
	0.233028	
	0.237545	
	0.273766	
	0.229867	
	0.269974	
	0.246071	
	0.254103	
	0.234717	
	0.251208	
	0.227299	
	0.245891	
	0.239854	
	0.236641	
	0.256925	
	0.240642	
	0.263772	
	0.233579	
	0.269824	
	0.308033	
	0.344541	
	0.320935	
	0.375986	
	0.285145	
	0.262437	
	0.244043	
	0.256609	
	0.291515	
	0.336196	
	0.323926	
	0.345741	
	0.383401	
	0.386945	
	0.412674	
	0.363871	
	0.204113	
	0.188623	
	0.164223	
	0.155122	
	0.205856	
	0.336248	
	0.338925	
	0.362722	
	0.370638	
	0.341044	
	0.316613	
	0.280860	
	0.217478	
	0.208801	
	0.218160	
	0.252444	
	0.333664	
	0.319765	
	0.189304	
	0.201982	
	0.202330	
	0.205392	
	0.229701	
	0.204021	
	0.201178	
	0.207353	
	0.215112	
	0.213100	
	0.202747	
	0.202625	
	0.210376	
	0.176698	
	0.216370	
	0.245358	
	0.307726	
	0.331548	
	0.343577	
	0.320841	
	0.293340	
	0.314368	
	0.315534	
	0.293408	
	0.344050	
	0.413685	
	0.463668	
	0.447677	
	0.445190	
	0.469064	
	0.511226	
	0.563323	
	0.427195	
	0.344746	
	0.342718	
	0.348703	
	0.358630	
	0.345195	
	0.366006	
	0.345179	
	0.311238	
	0.288213	
	0.269278	
	0.267723	
	0.277205	
	0.284896	
	0.320776	
	0.343512	
	0.342727	
	0.393775	
	0.374158	
	0.371703	
	0.332195	
	0.351250	
	0.395043	
	0.405570	
	0.561359	
	0.276786	
	0.256874	
	0.279291	
	0.193573	
	0.201490	
	0.202857	
	0.168150	
	0.213122	
	0.253659	
	0.216300	
	0.232480	
	0.281853	
	0.270923	
	0.243315	
	0.236490	
	0.233659	
	0.223312	
	0.220253	
	0.265515	
	0.208444	
	0.189554	
	0.188209	
	0.205182	
	0.218753	
	0.217983	
	0.262815	
	0.463125	
	0.521868	
	0.817320	
	0.861778	
	0.793320	
	0.757348	
	0.645415	
	0.433020	
	0.293463	
	0.340870	
	0.440661	
	0.422193	
	0.445510	
	0.445845	
	0.431087	
	0.415209	
	0.439559	
	0.425370	
	0.456413	
	0.422335	
	0.414241	
	0.388461	
	0.408265	
	0.397398	
	0.402829	
	0.406288	
	0.408873	
	0.419294	
	0.408417	
	0.409244	
	0.412346	
	0.385219	
	0.376018	
	0.356578	
	0.391705	
	0.331202	
	0.350004	
	0.341869	
	0.338463	
	0.395889	
	0.375239	
	0.385464	
	0.387926	
	0.328950	
	0.370864	
	0.339336	
	0.352628	
	0.320801	
	0.301707	
	0.342461	
	0.357889	
	0.311320	
	0.345929	
	0.335207	
	0.318927	
	0.310106	
	0.340270	
	0.341057	
	0.350911	
	0.324542	
	0.277825	
	0.296868	
	0.283191	
	0.271580	
	0.315605	
	0.295208	
	0.275794	
	0.267866	
	0.294606	
	0.302466	
	0.313156	
	0.296202	
	0.224900	
	0.219420	
	0.248309	
	0.301158	
	0.328597	
	0.354337	
	0.343573	
	0.337492	
	0.305480	
	0.278256	
	0.284507	
	0.263507	
	0.353089	
	0.394830	
	0.341855	
	0.330161	
	0.342269	
	0.321361	
	0.403552	
	0.404653	
	0.326203	
	0.282691	
	0.268816	
	0.288249	
	0.329867	
	0.328871	
	0.325659	
	0.304357	
	0.326536	
	0.367920	
	0.339117	
	0.381796	
	0.397086	
	0.382892	
	0.473476	
	0.438323	
	0.494221	
	0.528122	
	0.559509	
	0.576495	
	0.616823	
	0.583300	
	0.526139	
	0.450350	
	0.532304	
	0.630538	
	0.610220	
	0.553313	
	0.544996	
	0.384616	
	0.352385	
	0.317822	
	0.357984	
	0.403940	
	0.470714	
	0.445724	
	0.415496	
	0.365517	
	0.305183	
	0.314027	
	0.224536	
	0.232315	
	0.257307	
	0.233739	
	0.312632	
	0.350907	
	0.332644	
	0.337207	
	0.385380	
	0.386025	
	0.405044	
	0.365132	
	0.330199	
	0.276053	
	0.229923	
	0.221321	
	0.270029	
	0.284514	
	0.233279	
	0.186423	
	0.267458	
	0.298662	
	0.278128	
	0.327802	
	0.284873	
	0.332264	
	0.285244	
	0.361533	
	0.306162	
	0.310667	
	0.331571	
	0.322064	
	0.327268	
	0.357847	
	0.349602	
	0.404483	
	0.430297	
	0.451757	
	0.463618	
	0.414873	
	0.400744	
	0.394656	
	0.429877	
	0.450520	
	0.440995	
	0.428222	
	0.212440	
	0.301934	
	0.342323	
	0.357609	
	0.286525	
	0.347454	
	0.316937	
	0.233363	
	0.270639	
	0.307109	
	0.347221	
	0.353122	
	0.350366	
	0.396527	
	0.368211	
	0.312278	
	0.298445	
	0.218383	
	0.181017	
	0.188367	
	0.194172	
	0.209680	
	0.170007	
	0.196123	
	0.184816	
	0.179872	
	0.600710	
	0.879828	
	0.917705	
	0.912620	
	0.838170	
	0.689108	
	0.527604	
	0.383123	
	0.371329	
	0.432439	
	0.425780	
	0.374475	
	0.334516	
	0.283981	
	0.299845	
	0.280638	
	0.232506	
	0.211292	
	0.216241	
	0.204028	
	0.183358	
	0.145060	
	0.159312	
	0.276634	
	0.392522	
	0.453440	
	0.476739	
	0.418020	
	0.400793	
	0.425702	
	0.430737	
	0.367552	
	0.325673	
	0.366489	
	0.269864	
	0.169959	
	0.221666	
	0.236804	
	0.246154	
	0.191673	
	0.214486	
	0.228105	
	0.303098	
	0.584909	
	0.839398	
	0.869918	
	0.873277	
	0.828108	
	0.707035	
	0.356514	
	0.330760	
	0.318482	
	0.322349	
	0.297913	
	0.284675	
	0.273783	
	0.249142	
	0.339008	
	0.405102	
	0.373221	
	0.365688	
	0.295687	
	0.412490	
	0.407154	
	0.425873	
	0.243618	
	0.201039	
	0.272825	
	0.242042	
	0.219945	
	0.201974	
	0.242419	
	0.303102	
	0.301970	
	0.251357	
	0.211971	
	0.257151	
	0.262119	
	0.470462	
	0.434084	
	0.292995	
	0.262299	
	0.310273	
	0.294239	
	0.294104	
	0.279015	
	0.210883	
	0.198801	
	0.232194	
	0.200825	
	0.184243	
	0.172451	
	0.214060	
	0.269409	
	0.233151	
	0.490478	
	0.419446	
	0.334916	
	0.370009	
	0.323456	
	0.287774	
	0.250492	
	0.289753	
	0.333460	
	0.349343	
	0.393246	
	0.419519	
	0.394476	
	0.331514	
	0.299621	
	0.326815	
	0.302305	
	0.313661	
	0.341329	
	0.271024	
	0.273181	
	0.248324	
	0.223475	
	0.184060	
	0.170651	
	0.192652	
	0.240392	
	0.224526	
	0.223457	
	0.196766	
	0.186179	
	0.153336	
	0.169149	
	0.157545	
	0.182534	
	0.158754	
	0.163233	
	0.180449	
	0.181237	
	0.179851	
	0.185597	
	0.192104	
	0.242435	
	0.231382	
	0.237072	
	0.195945	
	0.171540	
	0.219933	
	0.238572	
	0.277284	
	0.371889	
	0.404182	
	0.392524	
	0.395702	
	0.292939	
	0.167271	
	0.212421	
	0.190810	
	0.217378	
	0.272051	
	0.283412	
	0.311570	
	0.359726	
	0.381253	
	0.378686	
	0.330179	
	0.283758	
	0.583315	
	0.817039	
	0.842812	
	0.854116	
	0.872183	
	0.701014	
	0.495474	
	0.516150	
	0.546482	
	0.578928	
	0.568055	
	0.579945	
	0.652697	
	0.694147	
	0.666694	
	0.641995	
	0.748444	
	0.680103	
	0.858861	
	0.843283	
	0.837302	
	0.593043	
	0.489286	
	0.504067	
	0.471199	
	0.458681	
	0.415814	
	0.381714	
	0.417168	
	0.394610	
	0.426257	
	0.453205	
	0.458548	
	0.523465	
	0.572393	
	0.625089	
	0.662248	
	0.609399	
	0.705731	
	0.714881	
	0.680040	
	0.675745	
	0.703002	
	0.706770	
	0.742613	
	0.693002	
	0.628215	
	0.506069	
	0.432181	
	0.352240	
	0.393931	
	0.418180	
	0.390108	
	0.362276	
	0.417494	
	0.443620	
	0.432241	
	0.460840	
	0.519028	
	0.493306	
	0.499040	
	0.409727	
	0.347141	
	0.353753	
	0.331098	
	0.357061	
	0.279160	
	0.316101	
	0.316706	
	0.349543	
	0.371733	
	0.326997	
	0.380781	
	0.366361	
	0.361937	
	0.310668	
	0.274764	
	0.248975	
	0.328366	
	0.370549	
	0.369213	
	0.438833	
	0.475906	
	0.421023	
	0.345015	
	0.353755	
	0.371386	
	0.386654	
	0.364883	
	0.366032	
	0.372051	
	0.388316	
	0.466734	
	0.507160	
	0.469198	
	0.498254	
	0.518105	
	0.510260	
	0.514997	
	0.522588	
	0.542671	
	0.535967	
	0.538371	
	0.502114	
	0.487030	
	0.317759	
	0.249454	
	0.188665	
	0.157566	
	0.203807	
	0.261056	
	0.268920	
	0.300880	
	0.283010	
	0.315208	
	0.412632	
	0.494832	
	0.440697	
	0.377574	
	0.286808	
	0.230978	
	0.277482	
	0.295468	
	0.239693	
	0.303170	
	0.303415	
	0.249012	
	0.202465	
	0.252391	
	0.339068	
	0.336053	
	0.334634	
	0.264248	
	0.312131	
	0.301351	
	0.341340	
	0.330289	
	0.239996	
	0.247387	
	0.275466	
	0.307287	
	0.336347	
	0.348986	
	0.337034	
	0.433931	
	0.530998	
	0.492835	
	0.511088	
	0.561269	
	0.585655	
	0.544025	
	0.848260	
	0.950039	
	0.947637	
	0.785088	
	0.617509	
	0.589671	
	0.591897	
	0.639784	
	0.665922	
	0.707637	
	0.686186	
	0.602764	
	0.689387	
	0.782513	
	0.850058	
	0.904162	
	0.912623	
	0.928783	
	0.911423	
	0.870022	
	0.694581	
	0.464057	
	0.474626	
	0.448436	
	0.456376	
	0.560207	
	0.549920	
	0.425257	
	0.519638	
	0.594021	
	0.588645	
	0.617662	
	0.583989	
	0.562703	
	0.457897	
	0.485145	
	0.559040	
	0.570588	
	0.530388	
	0.511175	
	0.523450	
	0.494330	
	0.438485	
	0.485722	
	0.447442	
	0.322986	
	0.320059	
	0.374845	
	0.419682	
	0.443907	
	0.461002	
	0.538928	
	0.434728	
	0.397878	
	0.492371	
	0.488396	
	0.456482	
	0.507520	
	0.514157	
	0.471838	
	0.451633	
	0.486667	
	0.417535	
	0.502819	
	0.415156	
	0.375650	
	0.420147	
	0.456285	
	0.453193	
	0.431989	
	0.470882	
	0.499731	
	0.420067	
	0.327207	
	0.264864	
	0.263448	
	0.313712	
	0.443910	
	0.467741	
	0.403501	
	0.424872	
	0.480631	
	0.495472	
	0.507979	
	0.532670	
	0.476313	
	0.299639	
	0.266901	
	0.269523	
	0.312192	
	0.294624	
	0.338458	
	0.365383	
	0.340831	
	0.337358	
	0.347259	
	0.320641	
	0.313861	
	0.340085	
	0.363906	
	0.420017	
	0.424450	
	0.360071	
	0.301080	
	0.339341	
	0.383676	
	0.389953	
	0.397464	
	0.422079	
	0.437124	
	0.436024	
	0.480936	
	0.805502	
	0.922438	
	0.933557	
	0.938408	
	0.927795	
	0.762959	
	0.485700	
	0.540510	
	0.555032	
	0.569650	
	0.496057	
	0.475252	
	0.499529	
	0.519286	
	0.533039	
	0.540933	
	0.502872	
	0.666337	
	0.681515	
	0.895037	
	0.900782	
	0.832593	
	0.596293	
	0.518801	
	0.612588	
	0.648275	
	0.558331	
	0.553406	
	0.547647	
	0.560793	
	0.591768	
	0.572361	
	0.532351	
	0.513786	
	0.514754	
	0.473010	
	0.499766	
	0.478379	
	0.430616	
	0.494668	
	0.514048	
	0.484383	
	0.381628	
	0.322564	
	0.312357	
	0.330713	
	0.313312	
	0.314615	
	0.350942	
	0.305868	
	0.286838	
	0.260691	
	0.267146	
	0.284738	
	0.308708	
	0.333648	
	0.326923	
	0.276013	
	0.326480	
	0.359208	
	0.333720	
	0.673293	
	0.877203	
	0.914904	
	0.882921	
	0.717614	
	0.399707	
	0.440084	
	0.469610	
	0.431132	
	0.382089	
	0.337541	
	0.336703	
	0.291613	
	0.369198	
	0.360459	
	0.363286	
	0.421062	
	0.370147	
	0.297713	
	0.256523	
	0.298407	
	0.314234	
	0.348588	
	0.300245	
	0.320435	
	0.306341	
	0.277150	
	0.256684	
	0.256884	
	0.471417	
	0.614290	
	0.584986	
	0.600222	
	0.578045	
	0.653233	
	0.681672	
	0.587445	
	0.516367	
	0.523423	
	0.526835	
	0.521492	
	0.510359	
	0.519870	
	0.504147	
	0.516918	
	0.448105	
	0.566620	
	0.547225	
	0.510498	
	0.461204	
	0.534397	
	0.544683	
	0.518218	
	0.488169	
	0.504043	
	0.521612	
	0.444756	
	0.455931	
	0.460939	
	0.446117	
	0.459289	
	0.484691	
	0.522892	
	0.521609	
	0.474449	
	0.479931	
	0.550166	
	0.520563	
	0.516499	
	0.426467	
	0.357210	
	0.343316	
	0.626357	
	0.873333	
	0.943101	
	0.905271	
	0.797144	
	0.528699	
	0.435456	
	0.465767	
	0.430111	
	0.389732	
	0.427575	
	0.430695	
	0.428244	
	0.432606	
	0.403712	
	0.375769	
	0.337035	
	0.310520	
	0.379485	
	0.410296	
	0.389410	
	0.341633	
	0.349234	
	0.340582	
	0.329077	
	0.334075	
	0.326415	
	0.285260	
	0.326829	
	0.299559	
	0.332243	
	0.347969	
	0.337631	
	0.237889	
	0.244481	
	0.223158	
	0.227567	
	0.213942	
	0.258569	
	0.228939	
	0.289437	
	0.295269	
	0.283439	
	0.295681	
	0.282184	
	0.292293	
	0.295019	
	0.314253	
	0.327271	
	0.353052	
	0.313834	
	0.309173	
	0.293377	
	0.290814	
	0.336808	
	0.293278	
	0.284374	
	0.274296	
	0.255726	
	0.272136	
	0.288355	
	0.297469	
	0.396945	
	0.297355	
	0.356131	
	0.339342	
	0.339421	
	0.347387	
	0.331384	
	0.357450	
	0.421850	
	0.457145	
	0.438162	
	0.444411	
	0.406818	
	0.299211	
	0.183540	
	0.160042	
	0.207783	
	0.262607	
	0.336187	
	0.271492	
	0.297879	
	0.235048	
	0.218444	
	0.214505	
	0.240004	
	0.280907	
	0.230206	
	0.210523	
	0.258747	
	0.312752	
	0.226943	
	0.174058	
	0.180745	
	0.224224	
	0.244547	
	0.231051	
	0.240985	
	0.211518	
	0.197438	
	0.218892	
	0.231138	
	0.264447	
	0.230375	
	0.294073	
	0.265628	
	0.265916	
	0.268878	
	0.257345	
	0.243884	
	0.277199	
	0.275293	
	0.287411	
	0.267784	
	0.241041	
	0.272505	
	0.220818	
	0.265703	
	0.173168	
	0.399178	
	0.299924	
	0.260286	
	0.269731	
	0.206478	
	0.167681	
	0.160103	
	0.128539	
	0.124635	
	0.147788	
	0.151030	
	0.159752	
	0.171719	
	0.180541	
	0.158012	
	0.125747	
	0.228314	
	0.577549	
	0.396395	
	0.332714	
	0.270850	
	0.257815	
	0.332741	
	0.458394	
	0.375886	
	0.340218	
	0.432382	
	0.464971	
	0.858399	
	0.914692	
	0.881297	
	0.808451	
	0.619815	
	0.489236	
	0.497698	
	0.372792	
	0.363028	
	0.313598	
	0.322705	
	0.382645	
	0.353935	
	0.306044	
	0.287778	
	0.219915	
	0.544860	
	0.374512	
	0.285485	
	0.313288	
	0.391059	
	0.397493	
	0.367245	
	0.332153	
	0.257918	
	0.215197	
	0.242028	
	0.271257	
	0.306606	
	0.264576	
	0.271669	
	0.249218	
	0.244414	
	0.354368	
	0.602408	
	0.435240	
	0.480410	
	0.470001	
	0.468362	
	0.400051	
	0.461206	
	0.471158	
	0.484197	
	0.522438	
	0.478435	
	0.454340	
	0.452634	
	0.483422	
	0.500190	
	0.499516	
	0.467980	
	0.480728	
	0.472653	
	0.464955	
	0.455485	
	0.436018	
	0.470261	
	0.490129	
	0.507947	
	0.492154	
	0.504978	
	0.527892	
	0.459266	
	0.397490	
	0.408313	
	0.382491	
	0.457304	
	0.443093	
	0.428375	
	0.454559	
	0.443381	
	0.469580	
	0.534311	
	0.509549	
	0.473341	
	0.484961	
	0.488098	
	0.492303	
	0.467583	
	0.496006	
	0.458687	
	0.422646	
	0.483379	
	0.458469	
	0.464864	
	0.464275	
	0.460523	
	0.472727	
	0.498629	
	0.470462	
	0.402081	
	0.355154	
	0.410900	
	0.369651	
	0.303170	
	0.324242	
	0.344769	
	0.332690	
	0.324943	
	0.353968	
	0.327875	
	0.364694	
	0.440208	
	0.417596	
	0.344127	
	0.324377	
	0.319088	
	0.358331	
	0.264807	
	0.248597	
	0.323999	
	0.358319	
	0.326784	
	0.310341	
	0.309461	
	0.312278	
	0.261065	
	0.275067	
	0.358883	
	0.373850	
	0.390344	
	0.307218	
	0.242964	
	0.189942	
	0.190382	
	0.211690	
	0.224579	
	0.176260	
	0.138961	
	0.131670	
	0.152214	
	0.163932	
	0.195820	
	0.193591	
	0.169464	
	0.213547	
	0.206169	
	0.193954	
	0.216779	
	0.200237	
	0.226467	
	0.258890	
	0.242929	
	0.262710	
	0.257539	
	0.259332	
	0.302261	
	0.309837	
	0.307782	
	0.233958	
	0.136763	
	0.236080	
	0.278000	
	0.333804	
	0.351391	
	0.358698	
	0.283094	
	0.239835	
	0.240854	
	0.239240	
	0.264394	
	0.307637	
	0.296179	
	0.314548	
	0.282886	
	0.299235	
	0.310021	
	0.354941	
	0.367970	
	0.407321	
	0.409961	
	0.426311	
	0.412524	
	0.433721	
	0.444222	
	0.431819	
	0.411785	
	0.407747	
	0.454765	
	0.468187	
	0.575609	
	0.539224	
	0.490590	
	0.436030	
	0.441452	
	0.403765	
	0.466432	
	0.435599	
	0.401834	
	0.405761	
	0.392024	
	0.431193	
	0.478288	
	0.472653	
	0.499177	
	0.527459	
	0.549482	
	0.498859	
	0.497858	
	0.522610	
	0.571970	
	0.581967	
	0.587885	
	0.570930	
	0.542662	
	0.499706	
	0.567872	
	0.551192	
	0.574346	
	0.605354	
	0.441196	
	0.334714	
	0.465108	
	0.460818	
	0.471191	
	0.497568	
	0.449527	
	0.406209	
	0.400071	
	0.400416	
	0.410632	
	0.418945	
	0.431480	
	0.434000	
	0.431926	
	0.411031	
	0.436795	
	0.446596	
	0.432333	
	0.384432	
	0.415327	
	0.403764	
	0.389596	
	0.377735	
	0.398552	
	0.433845	
	0.276317	
	0.245144	
	0.271449	
	0.253806	
	0.374627	
	0.421952	
	0.399177	
	0.373119	
	0.400469	
	0.507099	
	0.519259	
	0.481853	
	0.473155	
	0.494061	
	0.566766	
	0.537876	
	0.482229	
	0.504035	
	0.494956	
	0.582733	
	0.639962	
	0.611353	
	0.570031	
	0.599195	
	0.605698	
	0.614080	
	0.614085	
	0.630007	
	0.675983	
	0.670134	
	0.661300	
	0.664670	
	0.695847	
	0.518044	
	0.358042	
	0.292568	
	0.290365	
	0.415400	
	0.407608	
	0.391201	
	0.359253	
	0.399331	
	0.372721	
	0.403596	
	0.437149	
	0.452681	
	0.485293	
	0.429608	
	0.427640	
	0.450413	
	0.514783	
	0.565222	
	0.596198	
	0.603163	
	0.611361	
	0.627030	
	0.629067	
	0.614424	
	0.660029	
	0.624074	
	0.596388	
	0.650457	
	0.736597	
	0.588195	
	0.392385	
	0.462501	
	0.431792	
	0.426920	
	0.538639	
	0.518819	
	0.532267	
	0.548757	
	0.560220	
	0.561135	
	0.617524	
	0.600656	
	0.605919	
	0.592534	
	0.552434	
	0.604962	
	0.652412	
	0.630317	
	0.609489	
	0.522176	
	0.493930	
	0.625202	
	0.644060	
	0.683733	
	0.605221	
	0.537527	
	0.543260	
	0.535033	
	0.536273	
	0.393842	
	0.478570	
	0.482132	
	0.552214	
	0.569063	
	0.540584	
	0.451820	
	0.415713	
	0.456201	
	0.443056	
	0.463910	
	0.429978	
	0.380223	
	0.373256	
	0.359605	
	0.369533	
	0.373546	
	0.385357	
	0.393317	
	0.345552	
	0.341885	
	0.361163	
	0.372534	
	0.387611	
	0.373682	
	0.401674	
	0.499210	
	0.593467	
	0.548802	
	0.510560	
	0.381009	
	0.339013	
	0.451357	
	0.292297	
	0.256660	
	0.247668	
	0.249848	
	0.310962	
	0.320734	
	0.324135	
	0.368187	
	0.391180	
	0.429784	
	0.357918	
	0.334896	
	0.373661	
	0.374119	
	0.418663	
	0.406706	
	0.426380	
	0.395655	
	0.360807	
	0.362214	
	0.369168	
	0.386493	
	0.370042	
	0.396232	
	0.384098	
	0.484515	
	0.479437	
	0.369392	
	0.360246	
	0.366326	
	0.364432	
	0.356700	
	0.342471	
	0.339207	
	0.313285	
	0.374042	
	0.397420	
	0.386053	
	0.346098	
	0.346952	
	0.343465	
	0.357033	
	0.370948	
	0.405018	
	0.401402	
	0.421721	
	0.429685	
	0.418775	
	0.424501	
	0.465622	
	0.506665	
	0.496186	
	0.422703	
	0.480207	
	0.481694	
	0.512787	
	0.578102	
	0.525998	
	0.413286	
	0.371996	
	0.331409	
	0.399853	
	0.420701	
	0.419249	
	0.399763	
	0.399343	
	0.385995	
	0.376599	
	0.378231	
	0.391295	
	0.359788	
	0.347980	
	0.327075	
	0.334090	
	0.330439	
	0.336701	
	0.368555	
	0.373380	
	0.357606	
	0.382014	
	0.392024	
	0.433055	
	0.419515	
	0.396095	
	0.332497	
	0.270840	
	0.381529	
	0.278757	
	0.306754	
	0.368554	
	0.402105	
	0.405496	
	0.339409	
	0.418165	
	0.453564	
	0.474981	
	0.476625	
	0.518079	
	0.527153	
	0.554020	
	0.535111	
	0.551986	
	0.501693	
	0.589027	
	0.554136	
	0.585906	
	0.613164	
	0.615708	
	0.597387	
	0.582922	
	0.593938	
	0.634006	
	0.628537	
	0.593166	
	0.585036	
	0.477794	
	0.388296	
	0.466649	
	0.491778	
	0.472461	
	0.423978	
	0.404706	
	0.430158	
	0.446400	
	0.502667	
	0.533153	
	0.569269	
	0.568398	
	0.576678	
	0.610165	
	0.626690	
	0.591533	
	0.484741	
	0.462051	
	0.536689	
	0.542049	
	0.536504	
	0.602133	
	0.585833	
	0.625189	
	0.616276	
	0.626654	
	0.583604	
	0.602121	
	0.511800	
	0.292203	
	0.253823	
	0.402468	
	0.339638	
	0.407360	
	0.369996	
	0.436669	
	0.387467	
	0.379230	
	0.387327	
	0.344116	
	0.377292	
	0.407818	
	0.392748	
	0.372263	
	0.412716	
	0.435648	
	0.475927	
	0.457318	
	0.454747	
	0.459166	
	0.462493	
	0.420186	
	0.422689	
	0.460994	
	0.448235	
	0.477881	
	0.389579	
	0.429615	
	0.461853	
	0.457686	
	0.450800	
	0.501529	
	0.427537	
	0.477548	
	0.384545	
	0.345360	
	0.353720	
	0.409265	
	0.394848	
	0.383688	
	0.366228	
	0.370761	
	0.400602	
	0.410148	
	0.396133	
	0.391574	
	0.376510	
	0.356095	
	0.344370	
	0.352639	
	0.346359	
	0.364234	
	0.395487	
	0.362363	
	0.360328	
	0.370843	
	0.364947	
	0.406773	
	0.463779	
	0.477707	
	0.442884	
	0.314304	
	0.311127	
	0.258114	
	0.214933	
	0.423061	
	0.386209	
	0.394795	
	0.302853	
	0.302058	
	0.324882	
	0.336819	
	0.345806	
	0.353333	
	0.378790	
	0.368069	
	0.343051	
	0.377166	
	0.418774	
	0.442259	
	0.462573	
	0.501891	
	0.485280	
	0.424512	
	0.453479	
	0.491013	
	0.434436	
	0.382564	
	0.389480	
	0.385284	
	0.386953	
	0.332979	
	0.367235	
	0.349109	
	0.318698	
	0.314010	
	0.342343	
	0.308408	
	0.290231	
	0.288577	
	0.326363	
	0.304716	
	0.305857	
	0.328928	
	0.301242	
	0.316888	
	0.297170	
	0.378438	
	0.348905	
	0.377460	
	0.357885	
	0.361248	
	0.328080	
	0.326895	
	0.279004	
	0.294017	
	0.261492	
	0.235574	
	0.215714	
	0.242267	
	0.244051	
	0.239218	
	0.247133	
	0.223616	
	0.228436	
	0.240096	
	0.271958	
	0.260898	
	0.216330	
	0.212663	
	0.235535	
	0.226812	
	0.213641	
	0.207966	
	0.227009	
	0.266167	
	0.234535	
	0.242387	
	0.231682	
	0.245010	
	0.243672	
	0.250646	
	0.245994	
	0.256564	
	0.260489	
	0.255588	
	0.270054	
	0.272488	
	0.305250	
	0.260899	
	0.299430	
	0.284187	
	0.303587	
	0.276844	
	0.279572	
	0.269125	
	0.332053	
	0.313512	
	0.334596	
	0.364072	
	0.354344	
	0.389590	
	0.336339	
	0.374590	
	0.341936	
	0.381854	
	0.331264	
	0.327228	
	0.325780	
	NaN	
	NaN	
	NaN	
	NaN	
	NaN	
	NaN	
	NaN	
	NaN	
	NaN	
	NaN	
	NaN	
	NaN	
	NaN	
	NaN	
	NaN	
	NaN	
	NaN	
	NaN	
	NaN	
	NaN	
	NaN	
	NaN	
	NaN	
	NaN	
	NaN	
	NaN	
	NaN	
	NaN	
	NaN	
	NaN	
	NaN	
	NaN	
	NaN	
	NaN	
	NaN	
	NaN	
	NaN	
	NaN	
	NaN	
	NaN	
	NaN	
	NaN	
	NaN	
	NaN	
	NaN	
	NaN	
	NaN	
	NaN	
	NaN	
	NaN	
	NaN	
	NaN	
	NaN	
	NaN	
	NaN	
	NaN	
	NaN	
	NaN	
	NaN	
	NaN	
	NaN	
	NaN	
	NaN	
	NaN	
	NaN	
	NaN	
	NaN	
	NaN	
	NaN	
	NaN	
	NaN	
	NaN	
	NaN	
	NaN	
	NaN	
	NaN	
	NaN	
	NaN	
	NaN	
	NaN	
	NaN	
	NaN	
	NaN	
	NaN	
	NaN	
	NaN	
	NaN	
	NaN	
	0.864398	
	0.876918	
	0.884737	
	0.879382	
	0.868042	
	0.877958	
	0.876882	
	0.881400	
	0.882742	
	0.865825	
	0.874189	
	0.890611	
	0.888739	
	0.867014	
	0.842549	
	0.705001	
	0.796323	
	0.796335	
	0.794157	
	0.797983	
	0.779493	
	0.786677	
	0.774077	
	0.779787	
	0.784631	
	0.785719	
	0.785146	
	0.795323	
	0.785888	
	0.773364	
	0.796194	
	0.787100	
	0.773809	
	0.799837	
	0.797322	
	0.781106	
	0.794599	
	0.776767	
	0.761193	
	0.792880	
	0.792739	
	0.786492	
	0.788417	
