_Mode		
	-0.227522	
	-0.359142	
	-0.324463	
	-0.296663	
	-0.123086	
	-0.127208	
	-0.181379	
	-0.109501	
	-0.099532	
	-0.201540	
	-0.189667	
	-0.229380	
	-0.205469	
	-0.032331	
	-0.288302	
	-0.182800	
	-0.096210	
	-0.110794	
	-0.108356	
	-0.112812	
	-0.115198	
	0.007370	
	0.028070	
	-0.075060	
	-0.076963	
	-0.142605	
	-0.189672	
	-0.191781	
	0.023989	
	0.016884	
	-0.270038	
	-0.293490	
	-0.227921	
	-0.281387	
	-0.314115	
	-0.206130	
	-0.237722	
	-0.133573	
	-0.103730	
	-0.052509	
	-0.068030	
	-0.070319	
	-0.086635	
	-0.053917	
	-0.184723	
	-0.346627	
	-0.312862	
	-0.261953	
	-0.331456	
	-0.287692	
	-0.389411	
	-0.376894	
	-0.302622	
	-0.385131	
	-0.329773	
	-0.344941	
	-0.328702	
	-0.347349	
	0.027887	
	-0.004461	
	-0.073493	
	-0.006251	
	-0.043448	
	-0.156350	
	-0.033292	
	-0.010573	
	-0.030612	
	-0.112439	
	-0.081613	
	-0.282363	
	-0.361731	
	-0.353374	
	-0.002592	
	-0.260513	
	-0.030856	
	-0.097916	
	-0.128615	
	-0.003551	
	-0.103940	
	-0.032690	
	0.023777	
	-0.070247	
	-0.113259	
	-0.107590	
	-0.099171	
	-0.194618	
	-0.162313	
	0.000533	
	-0.145881	
	-0.104522	
	-0.105302	
	-0.105205	
	0.025942	
	-0.120114	
	0.120187	
	-0.017543	
	-0.266431	
	-0.121933	
	-0.134329	
	-0.167792	
	-0.035054	
	-0.263805	
	0.199991	
	-0.168632	
	-0.084301	
	-0.124026	
	-0.131040	
	0.025417	
	-0.037966	
	0.009383	
	-0.056172	
	-0.050431	
	-0.114312	
	-0.277508	
	-0.250632	
	-0.365397	
	-0.017342	
	-0.095807	
	-0.097061	
	-0.091740	
	-0.111201	
	-0.059055	
	0.244613	
	-0.009156	
	0.119228	
	-0.057585	
	-0.089234	
	-0.124117	
	0.089107	
	-0.039810	
	-0.104552	
	-0.067361	
	-0.179903	
	-0.123457	
	-0.132690	
	-0.127609	
	-0.184801	
	0.117372	
	0.218870	
	-0.080761	
	-0.101702	
	-0.097256	
	-0.069531	
	-0.147445	
	0.009330	
	-0.055186	
	0.092700	
	0.069915	
	-0.098314	
	-0.169035	
	-0.100582	
	0.035041	
	-0.056302	
	-0.019358	
	-0.109482	
	-0.105943	
	-0.130535	
	0.000574	
	-0.052571	
	0.042173	
	-0.096729	
	-0.274748	
	0.119044	
	-0.155395	
	-0.001412	
	0.152375	
	0.019380	
	-0.091547	
	-0.008454	
	-0.048765	
	-0.069498	
	0.059110	
	-0.276612	
	-0.076311	
	0.137335	
	0.061097	
	0.048873	
	0.216775	
	0.150612	
	0.165024	
	-0.127535	
	-0.138789	
	-0.024307	
	-0.011367	
	-0.033224	
	-0.012982	
	-0.089811	
	-0.066089	
	-0.101620	
	0.000443	
	-0.030428	
	-0.043201	
	-0.192214	
	-0.179775	
	-0.123353	
	-0.179214	
	-0.076067	
	0.022396	
	0.114905	
	0.094253	
	0.069391	
	0.002561	
	0.037627	
	0.175698	
	0.169426	
	-0.056547	
	-0.143690	
	-0.131370	
	-0.106681	
	-0.092770	
	0.036225	
	0.004514	
	-0.158155	
	0.154570	
	0.122181	
	0.087862	
	-0.092990	
	-0.089959	
	-0.098252	
	-0.077553	
	-0.170984	
	-0.264862	
	0.030833	
	0.010310	
	0.044767	
	0.049292	
	0.078407	
	-0.050490	
	-0.087638	
	-0.204822	
	-0.197702	
	-0.036258	
	-0.161037	
	-0.183514	
	-0.104820	
	-0.073307	
	0.044120	
	0.071532	
	0.094091	
	-0.039961	
	-0.231817	
	0.135922	
	-0.200861	
	-0.117474	
	-0.169204	
	0.004126	
	0.005801	
	-0.308346	
	-0.168246	
	-0.042757	
	-0.137355	
	-0.168721	
	0.127770	
	0.143986	
	0.120666	
	0.047378	
	-0.132027	
	0.016438	
	-0.125207	
	-0.122561	
	-0.175585	
	-0.021669	
	-0.138020	
	-0.179384	
	-0.178907	
	-0.126092	
	-0.176081	
	0.091739	
	-0.032694	
	-0.028433	
	-0.071162	
	-0.026802	
	-0.131800	
	-0.226885	
	-0.191428	
	-0.010588	
	-0.137002	
	-0.185404	
	-0.041911	
	-0.070749	
	-0.091402	
	-0.014857	
	-0.053024	
	-0.080514	
	0.066795	
	-0.112205	
	-0.140011	
	-0.029591	
	-0.039395	
	0.046903	
	0.114170	
	0.047535	
	0.099674	
	0.127954	
	0.125201	
	0.051947	
	-0.177644	
	0.128848	
	0.157288	
	-0.010891	
	0.116095	
	-0.188422	
	0.238539	
	0.037458	
	-0.048812	
	-0.175758	
	-0.157076	
	-0.152139	
	-0.028466	
	0.073061	
	-0.160434	
	-0.149355	
	-0.082170	
	-0.023335	
	0.015491	
	-0.095916	
	0.001896	
	-0.110317	
	-0.046926	
	-0.046036	
	0.177282	
	0.143214	
	0.070864	
	-0.063033	
	-0.109125	
	-0.090946	
	-0.061990	
	-0.108012	
	-0.030056	
	-0.137845	
	-0.227562	
	-0.125486	
	-0.113143	
	-0.102881	
	-0.019158	
	-0.083993	
	0.029696	
	-0.027047	
	-0.106019	
	-0.080829	
	-0.088721	
	-0.067547	
	-0.058992	
	-0.124231	
	-0.090521	
	0.011190	
	-0.111372	
	-0.104949	
	-0.074482	
	-0.096853	
	-0.346623	
	0.217477	
	-0.210723	
	-0.106625	
	-0.089673	
	-0.083706	
	-0.001911	
	-0.016575	
	-0.105311	
	-0.133212	
	0.127083	
	-0.143178	
	-0.165149	
	0.044006	
	0.039246	
	-0.048971	
	0.098321	
	-0.094371	
	-0.097933	
	-0.059798	
	-0.126579	
	-0.241768	
	0.038655	
	0.088309	
	-0.193966	
	-0.093319	
	-0.160209	
	-0.082762	
	-0.052931	
	0.222541	
	0.068103	
	0.067932	
	-0.046406	
	-0.089250	
	-0.117566	
	-0.097679	
	-0.092530	
	-0.060009	
	-0.133836	
	-0.213897	
	-0.172256	
	-0.237536	
	-0.171503	
	-0.063946	
	-0.054201	
	-0.014817	
	-0.026568	
	-0.104405	
	-0.135306	
	-0.041646	
	-0.000332	
	-0.087846	
	-0.097975	
	-0.080449	
	-0.083747	
	-0.121106	
	-0.214742	
	-0.073451	
	0.001143	
	0.036022	
	0.284903	
	-0.148494	
	-0.106770	
	-0.152396	
	-0.033540	
	-0.032842	
	-0.063786	
	-0.054409	
	-0.166651	
	-0.215517	
	-0.042163	
	-0.005975	
	0.115751	
	-0.057432	
	-0.173974	
	0.097069	
	-0.121536	
	-0.087454	
	0.010603	
	0.022311	
	-0.263842	
	0.018767	
	0.106656	
	-0.005948	
	0.263544	
	0.116053	
	0.164174	
	0.011568	
	0.017428	
	0.074687	
	0.082847	
	-0.138252	
	0.021196	
	-0.057560	
	-0.008695	
	-0.065653	
	-0.059655	
	0.008553	
	-0.001932	
	-0.104254	
	-0.173089	
	-0.066968	
	-0.038290	
	-0.106480	
	-0.011483	
	0.143398	
	0.098401	
	0.165975	
	0.033048	
	0.165682	
	-0.172786	
	0.013935	
	-0.126442	
	-0.126535	
	-0.057084	
	-0.098825	
	-0.098476	
	-0.057825	
	-0.137848	
	-0.123110	
	0.013434	
	0.080828	
	0.020507	
	-0.078647	
	-0.132555	
	-0.052805	
	-0.126193	
	-0.115030	
	-0.318199	
	-0.036485	
	-0.052198	
	0.054493	
	0.054643	
	0.062358	
	0.036414	
	-0.109831	
	-0.162856	
	-0.129479	
	-0.072568	
	-0.152835	
	-0.128946	
	-0.050346	
	-0.094509	
	0.111556	
	0.030453	
	0.066921	
	0.020576	
	0.024234	
	0.152306	
	0.127695	
	0.227801	
	0.050452	
	-0.051196	
	0.026337	
	0.182677	
	0.201182	
	0.112287	
	0.024527	
	0.107679	
	0.085309	
	0.127229	
	0.136231	
	0.026118	
	0.100202	
	-0.017255	
	-0.273871	
	-0.052398	
	-0.120803	
	-0.173729	
	-0.122242	
	-0.165709	
	-0.055845	
	0.114817	
	0.163152	
	0.065730	
	-0.239219	
	-0.128983	
	-0.055107	
	-0.284309	
	-0.281501	
	-0.002178	
	0.121823	
	-0.171055	
	0.053266	
	-0.218214	
	-0.075528	
	-0.111809	
	-0.122434	
	-0.137420	
	-0.121517	
	-0.080031	
	-0.116943	
	-0.142779	
	-0.154871	
	-0.088931	
	-0.046586	
	-0.098006	
	-0.104959	
	0.009090	
	-0.141098	
	-0.209231	
	0.163554	
	-0.114494	
	-0.169882	
	-0.043225	
	-0.126374	
	-0.099067	
	0.152416	
	0.179799	
	0.111724	
	-0.018274	
	-0.170959	
	0.138528	
	0.152032	
	0.082598	
	-0.156520	
	-0.091434	
	-0.230136	
	-0.143268	
	-0.138435	
	-0.130420	
	-0.201030	
	-0.029775	
	0.031574	
	0.105145	
	-0.152413	
	-0.131251	
	-0.083254	
	-0.139748	
	0.009281	
	0.181374	
	-0.079665	
	-0.159350	
	-0.027426	
	-0.062926	
	-0.209658	
	-0.083981	
	-0.050466	
	0.094709	
	-0.135445	
	0.080673	
	0.003456	
	-0.090876	
	0.154654	
	-0.028746	
	-0.074552	
	-0.154684	
	-0.120069	
	-0.128569	
	-0.133650	
	-0.206289	
	-0.162506	
	-0.037209	
	0.123147	
	0.036084	
	0.030378	
	-0.019675	
	-0.058759	
	-0.094706	
	0.174820	
	0.077109	
	-0.210134	
	0.169424	
	-0.060580	
	-0.028712	
	-0.275914	
	0.100275	
	0.198322	
	0.008142	
	0.103004	
	0.110571	
	0.157239	
	0.043868	
	-0.109250	
	-0.242730	
	-0.123725	
	-0.192066	
	-0.123794	
	-0.046877	
	-0.192972	
	-0.271306	
	0.022463	
	0.191684	
	0.024220	
	0.017152	
	-0.058579	
	0.071775	
	0.011135	
	-0.000729	
	0.206038	
	-0.069686	
	-0.033996	
	-0.142546	
	-0.107342	
	-0.193532	
	0.091979	
	0.203408	
	0.143734	
	0.014140	
	0.000000	
	0.000000	
	0.000000	
	0.000000	
	0.000000	
