_Key	_Keyclarity	_Keystrength		
	4.000000	0.766103	3.000000	
	4.000000	0.831254	3.000000	
	4.000000	0.803526	3.000000	
	4.000000	0.683342	3.000000	
	4.000000	0.693806	3.000000	
	4.000000	0.819999	3.000000	
	4.000000	0.759397	3.000000	
	4.000000	0.765365	3.000000	
	4.000000	0.746288	3.000000	
	4.000000	0.732036	3.000000	
	4.000000	0.771148	3.000000	
	4.000000	0.554385	3.000000	
	4.000000	0.749805	3.000000	
	4.000000	0.532629	3.000000	
	4.000000	0.457676	3.000000	
	6.000000	0.512926	5.000000	
	1.000000	0.431537	0.000000	
	4.000000	0.591428	3.000000	
	4.000000	0.518690	3.000000	
	4.000000	0.715451	3.000000	
	6.000000	0.732296	5.000000	
	7.000000	0.404385	6.000000	
	1.000000	0.564422	0.000000	
	9.000000	0.374480	8.000000	
	1.000000	0.799131	0.000000	
	4.000000	0.716762	3.000000	
	4.000000	0.601048	3.000000	
	11.000000	0.632643	10.000000	
	4.000000	0.652888	3.000000	
	11.000000	0.723725	10.000000	
	7.000000	0.311709	6.000000	
	4.000000	0.649649	3.000000	
	4.000000	0.415864	3.000000	
	4.000000	0.685448	3.000000	
	8.000000	0.655790	7.000000	
	7.000000	0.547727	6.000000	
	4.000000	0.420233	3.000000	
	4.000000	0.530317	3.000000	
	1.000000	0.634658	0.000000	
	1.000000	0.407034	0.000000	
	9.000000	0.323759	8.000000	
	11.000000	0.650543	10.000000	
	11.000000	0.729256	10.000000	
	11.000000	0.760227	10.000000	
	11.000000	0.743821	10.000000	
	11.000000	0.777207	10.000000	
	11.000000	0.810299	10.000000	
	11.000000	0.741661	10.000000	
	4.000000	0.766927	3.000000	
	11.000000	0.654076	10.000000	
	4.000000	0.636436	3.000000	
	4.000000	0.736309	3.000000	
	4.000000	0.752662	3.000000	
	4.000000	0.338926	3.000000	
	5.000000	0.363221	4.000000	
	6.000000	0.446984	5.000000	
	4.000000	0.784514	3.000000	
	1.000000	0.822083	0.000000	
	1.000000	0.904256	0.000000	
	6.000000	0.473777	5.000000	
	6.000000	0.513226	5.000000	
	6.000000	0.291018	5.000000	
	9.000000	0.747931	8.000000	
	9.000000	0.596965	8.000000	
	1.000000	0.794132	0.000000	
	4.000000	0.803685	3.000000	
	11.000000	0.536884	10.000000	
	4.000000	0.591907	3.000000	
	4.000000	0.757890	3.000000	
	11.000000	0.540658	10.000000	
	8.000000	0.432929	7.000000	
	5.000000	0.394536	4.000000	
	4.000000	0.647478	3.000000	
	4.000000	0.837518	3.000000	
	4.000000	0.557161	3.000000	
	6.000000	0.340548	5.000000	
	4.000000	0.487918	3.000000	
	1.000000	0.526051	0.000000	
	1.000000	0.654522	0.000000	
	1.000000	0.841981	0.000000	
	4.000000	0.689470	3.000000	
	11.000000	0.532191	10.000000	
	11.000000	0.654554	10.000000	
	11.000000	0.631689	10.000000	
	11.000000	0.589688	10.000000	
	11.000000	0.622615	10.000000	
	11.000000	0.627936	10.000000	
	11.000000	0.530657	10.000000	
	11.000000	0.693155	10.000000	
	9.000000	0.600661	8.000000	
	9.000000	0.573593	8.000000	
	9.000000	0.459990	8.000000	
	9.000000	0.619407	8.000000	
	4.000000	0.731551	3.000000	
	11.000000	0.560171	10.000000	
	4.000000	0.639484	3.000000	
	11.000000	0.603334	10.000000	
	11.000000	0.591634	10.000000	
	11.000000	0.582434	10.000000	
	11.000000	0.751604	10.000000	
	11.000000	0.533213	10.000000	
	1.000000	0.311293	0.000000	
	4.000000	0.405850	3.000000	
	4.000000	0.504979	3.000000	
	1.000000	0.566471	0.000000	
	8.000000	0.709804	7.000000	
	8.000000	0.874771	7.000000	
	8.000000	0.879330	7.000000	
	1.000000	0.571963	0.000000	
	3.000000	0.557628	2.000000	
	3.000000	0.547514	2.000000	
	6.000000	0.449113	5.000000	
	2.000000	0.516861	1.000000	
	6.000000	0.582182	5.000000	
	6.000000	0.802084	5.000000	
	11.000000	0.733129	10.000000	
	11.000000	0.766734	10.000000	
	11.000000	0.807594	10.000000	
	11.000000	0.495937	10.000000	
	7.000000	0.401756	6.000000	
	4.000000	0.667737	3.000000	
	4.000000	0.615200	3.000000	
	4.000000	0.638471	3.000000	
	4.000000	0.701666	3.000000	
	4.000000	0.610152	3.000000	
	4.000000	0.671642	3.000000	
	4.000000	0.779010	3.000000	
	4.000000	0.741370	3.000000	
	8.000000	0.672324	7.000000	
	4.000000	0.757091	3.000000	
	10.000000	0.244238	9.000000	
	4.000000	0.317726	3.000000	
	1.000000	0.781330	0.000000	
	4.000000	0.686599	3.000000	
	4.000000	0.438411	3.000000	
	11.000000	0.654185	10.000000	
	4.000000	0.438246	3.000000	
	4.000000	0.501846	3.000000	
	4.000000	0.499413	3.000000	
	1.000000	0.353158	0.000000	
	6.000000	0.388969	5.000000	
	6.000000	0.371992	5.000000	
	6.000000	0.554743	5.000000	
	9.000000	0.357461	8.000000	
	9.000000	0.347030	8.000000	
	4.000000	0.272310	3.000000	
	4.000000	0.523385	3.000000	
	4.000000	0.409768	3.000000	
	7.000000	0.532495	6.000000	
	4.000000	0.505845	3.000000	
	4.000000	0.550014	3.000000	
	9.000000	0.400161	8.000000	
	9.000000	0.566168	8.000000	
	11.000000	0.362638	10.000000	
	1.000000	0.852502	0.000000	
	4.000000	0.737207	3.000000	
	7.000000	0.374825	6.000000	
	11.000000	0.459014	10.000000	
	11.000000	0.398813	10.000000	
	6.000000	0.754329	5.000000	
	6.000000	0.813134	5.000000	
	8.000000	0.276985	7.000000	
	6.000000	0.606123	5.000000	
	6.000000	0.420674	5.000000	
	11.000000	0.496953	10.000000	
	4.000000	0.584511	3.000000	
	4.000000	0.692743	3.000000	
	4.000000	0.584392	3.000000	
	4.000000	0.609058	3.000000	
	4.000000	0.692585	3.000000	
	4.000000	0.804163	3.000000	
	4.000000	0.713790	3.000000	
	4.000000	0.678343	3.000000	
	4.000000	0.613362	3.000000	
	4.000000	0.798959	3.000000	
	9.000000	0.553559	8.000000	
	11.000000	0.776107	10.000000	
	1.000000	0.693686	0.000000	
	4.000000	0.351700	3.000000	
	4.000000	0.490398	3.000000	
	11.000000	0.584598	10.000000	
	11.000000	0.430060	10.000000	
	9.000000	0.325455	8.000000	
	4.000000	0.372192	3.000000	
	1.000000	0.284484	0.000000	
	6.000000	0.378262	5.000000	
	2.000000	0.310929	1.000000	
	2.000000	0.517215	1.000000	
	9.000000	0.353299	8.000000	
	9.000000	0.296250	8.000000	
	1.000000	0.440232	0.000000	
	1.000000	0.243241	0.000000	
	4.000000	0.394776	3.000000	
	12.000000	0.477246	11.000000	
	4.000000	0.425431	3.000000	
	4.000000	0.452007	3.000000	
	9.000000	0.446562	8.000000	
	9.000000	0.367655	8.000000	
	11.000000	0.508657	10.000000	
	9.000000	0.668397	8.000000	
	4.000000	0.632783	3.000000	
	5.000000	0.247023	4.000000	
	7.000000	0.415266	6.000000	
	7.000000	0.551095	6.000000	
	7.000000	0.529130	6.000000	
	7.000000	0.595063	6.000000	
	9.000000	0.333449	8.000000	
	9.000000	0.388252	8.000000	
	2.000000	0.359778	1.000000	
	7.000000	0.388615	6.000000	
	6.000000	0.171518	5.000000	
	1.000000	0.361729	0.000000	
	5.000000	0.356847	4.000000	
	4.000000	0.482568	3.000000	
	4.000000	0.618774	3.000000	
	4.000000	0.491241	3.000000	
	4.000000	0.521601	3.000000	
	4.000000	0.531485	3.000000	
	4.000000	0.740663	3.000000	
	4.000000	0.622767	3.000000	
	4.000000	0.709104	3.000000	
	4.000000	0.773877	3.000000	
	4.000000	0.611531	3.000000	
	4.000000	0.392021	3.000000	
	4.000000	0.337807	3.000000	
	4.000000	0.412186	3.000000	
	6.000000	0.501010	5.000000	
	4.000000	0.709373	3.000000	
	5.000000	0.555420	4.000000	
	1.000000	0.855478	0.000000	
	6.000000	0.658338	5.000000	
	6.000000	0.588700	5.000000	
	7.000000	0.240526	6.000000	
	4.000000	0.587496	3.000000	
	9.000000	0.621427	8.000000	
	9.000000	0.617947	8.000000	
	4.000000	0.812953	3.000000	
	11.000000	0.654933	10.000000	
	4.000000	0.549744	3.000000	
	11.000000	0.615291	10.000000	
	11.000000	0.550092	10.000000	
	4.000000	0.617142	3.000000	
	4.000000	0.582145	3.000000	
	4.000000	0.361820	3.000000	
	4.000000	0.671317	3.000000	
	7.000000	0.619193	6.000000	
	6.000000	0.351169	5.000000	
	4.000000	0.490043	3.000000	
	4.000000	0.494656	3.000000	
	1.000000	0.814516	0.000000	
	4.000000	0.668406	3.000000	
	4.000000	0.453038	3.000000	
	11.000000	0.688866	10.000000	
	11.000000	0.603058	10.000000	
	11.000000	0.672131	10.000000	
	11.000000	0.575633	10.000000	
	11.000000	0.576110	10.000000	
	11.000000	0.638453	10.000000	
	11.000000	0.624924	10.000000	
	11.000000	0.763940	10.000000	
	9.000000	0.616797	8.000000	
	9.000000	0.600099	8.000000	
	9.000000	0.468107	8.000000	
	4.000000	0.637687	3.000000	
	4.000000	0.736674	3.000000	
	11.000000	0.594587	10.000000	
	4.000000	0.541357	3.000000	
	11.000000	0.672609	10.000000	
	11.000000	0.711910	10.000000	
	4.000000	0.517649	3.000000	
	11.000000	0.539381	10.000000	
	6.000000	0.481991	5.000000	
	9.000000	0.291372	8.000000	
	1.000000	0.633097	0.000000	
	1.000000	0.813318	0.000000	
	1.000000	0.725692	0.000000	
	8.000000	0.666279	7.000000	
	8.000000	0.842230	7.000000	
	11.000000	0.649381	10.000000	
	1.000000	0.275838	0.000000	
	3.000000	0.590131	2.000000	
	6.000000	0.416221	5.000000	
	6.000000	0.516934	5.000000	
	9.000000	0.460251	8.000000	
	6.000000	0.740999	5.000000	
	6.000000	0.711797	5.000000	
	11.000000	0.772829	10.000000	
	11.000000	0.757418	10.000000	
	6.000000	0.590160	5.000000	
	11.000000	0.452017	10.000000	
	7.000000	0.486798	6.000000	
	7.000000	0.487114	6.000000	
	7.000000	0.497393	6.000000	
	12.000000	0.177994	11.000000	
	9.000000	0.374783	8.000000	
	5.000000	0.368103	4.000000	
	5.000000	0.358556	4.000000	
	4.000000	0.494877	3.000000	
	4.000000	0.522233	3.000000	
	4.000000	0.522918	3.000000	
	4.000000	0.517758	3.000000	
	1.000000	0.682463	0.000000	
	1.000000	0.595725	0.000000	
	1.000000	0.677481	0.000000	
	1.000000	0.868388	0.000000	
	6.000000	0.420785	5.000000	
	9.000000	0.512729	8.000000	
	9.000000	0.360449	8.000000	
	5.000000	0.337318	4.000000	
	9.000000	0.345676	8.000000	
	5.000000	0.401780	4.000000	
	5.000000	0.444630	4.000000	
	5.000000	0.357183	4.000000	
	9.000000	0.393486	8.000000	
	4.000000	0.613368	3.000000	
	4.000000	0.451534	3.000000	
	4.000000	0.592261	3.000000	
	4.000000	0.749828	3.000000	
	4.000000	0.674923	3.000000	
	4.000000	0.629018	3.000000	
	4.000000	0.646265	3.000000	
	4.000000	0.697175	3.000000	
	4.000000	0.613182	3.000000	
	4.000000	0.584317	3.000000	
	4.000000	0.554628	3.000000	
	4.000000	0.493203	3.000000	
	8.000000	0.366278	7.000000	
