_Mode		
	-0.097742	
	-0.061269	
	-0.023748	
	-0.074233	
	-0.055978	
	-0.084714	
	-0.076284	
	-0.041874	
	-0.050768	
	-0.069089	
	-0.024307	
	-0.070771	
	-0.061301	
	-0.061780	
	-0.072523	
	-0.107751	
	-0.077909	
	-0.066791	
	-0.044068	
	0.071896	
	0.115642	
	-0.108048	
	-0.049025	
	-0.025857	
	-0.057488	
	-0.013341	
	0.074884	
	-0.027648	
	0.014319	
	0.016964	
	0.011256	
	-0.072357	
	0.006482	
	-0.022004	
	-0.017125	
	-0.044633	
	-0.096953	
	0.022930	
	-0.030652	
	0.012256	
	0.178842	
	0.215700	
	0.183387	
	0.107846	
	0.050636	
	0.068583	
	0.039785	
	0.016068	
	-0.026684	
	0.005421	
	0.133883	
	0.131332	
	0.013475	
	-0.001533	
	-0.051694	
	-0.040077	
	-0.072793	
	-0.030159	
	0.019194	
	0.045064	
	-0.012384	
	-0.014805	
	-0.105294	
	-0.090270	
	-0.065373	
	-0.093848	
	-0.074406	
	-0.109617	
	-0.120484	
	0.150592	
	-0.079632	
	-0.106265	
	-0.047588	
	-0.077445	
	0.057215	
	-0.120199	
	-0.104522	
	-0.136540	
	-0.159749	
	-0.092493	
	0.120600	
	0.030501	
	0.126691	
	-0.108265	
	-0.112431	
	-0.128399	
	-0.152786	
	-0.142696	
	-0.227942	
	0.034361	
	-0.102715	
	-0.109609	
	-0.109525	
	-0.107919	
	-0.104894	
	-0.058086	
	-0.040439	
	-0.108041	
	-0.103387	
	-0.104522	
	-0.104522	
	-0.072037	
	-0.045010	
	-0.042670	
	-0.037725	
	-0.071424	
	-0.079281	
	-0.094068	
	-0.071482	
	-0.064685	
	-0.009388	
	-0.099739	
	-0.106257	
	-0.099278	
	-0.108786	
	-0.087212	
	-0.069557	
	-0.093331	
	0.040781	
	-0.102637	
	-0.078297	
	-0.053516	
	-0.148711	
	-0.226064	
	-0.214012	
	-0.072577	
	-0.126878	
	-0.108377	
	-0.117027	
	-0.114190	
	-0.107341	
	-0.117486	
	0.102989	
	-0.076761	
	-0.024483	
	-0.105341	
	-0.104522	
	-0.158766	
	-0.251062	
	-0.041270	
	-0.020068	
	-0.049375	
	-0.133300	
	-0.095734	
	-0.034200	
	0.173307	
	0.072515	
	-0.206466	
	-0.079487	
	-0.164420	
	-0.109794	
	-0.058088	
	0.114631	
	0.082927	
	-0.083424	
	0.006175	
	-0.173409	
	-0.108031	
	-0.215957	
	-0.172330	
	-0.053743	
	-0.089463	
	-0.102667	
	-0.106904	
	-0.109002	
	-0.109526	
	-0.109600	
	-0.016267	
	-0.009579	
	-0.050049	
	-0.029337	
	0.160678	
	0.069476	
	0.039950	
	-0.093428	
	0.016412	
	0.085277	
	0.081009	
	-0.018031	
	-0.188948	
	-0.220888	
	-0.116525	
	0.006852	
	0.085515	
	0.005452	
	-0.019172	
	-0.049176	
	-0.069178	
	-0.069559	
	0.127634	
	0.035184	
	-0.062557	
	0.114245	
	-0.014285	
	-0.150066	
	-0.095993	
	-0.175574	
	-0.095880	
	0.052980	
	-0.011215	
	-0.166593	
	-0.051624	
	-0.167030	
	0.044788	
	0.100436	
	-0.049928	
	-0.049573	
	-0.065413	
	-0.110748	
	-0.108964	
	-0.084451	
	0.029727	
	-0.107220	
	-0.040614	
	0.012316	
	-0.022738	
	-0.096776	
	-0.044600	
	0.039118	
	-0.048409	
	0.018874	
	-0.141514	
	-0.217658	
	-0.225461	
	-0.203454	
	-0.190923	
	-0.220037	
	-0.174003	
	-0.142774	
	-0.044098	
	-0.140638	
	-0.227820	
	-0.064923	
	-0.191954	
	-0.101877	
	-0.057999	
	-0.131384	
	-0.132191	
	-0.119757	
	-0.195149	
	-0.002207	
	-0.038047	
	-0.145809	
	0.017798	
	-0.120895	
	-0.067181	
	0.021751	
	-0.014011	
	-0.152207	
	-0.149075	
	-0.003065	
	-0.103707	
	-0.062610	
	-0.111250	
	-0.049203	
	-0.092576	
	-0.087077	
	-0.105181	
	-0.121909	
	0.004921	
	0.045090	
	-0.048347	
	-0.036515	
	-0.006534	
	-0.036354	
	-0.073831	
	-0.034770	
	0.081465	
	-0.085505	
	-0.131786	
	-0.214737	
	-0.102716	
	-0.089386	
	-0.118809	
	-0.094157	
	0.082583	
	-0.005806	
	0.175577	
	0.055489	
	0.094923	
	0.159509	
	0.057085	
	0.073809	
	-0.113959	
	-0.186414	
	-0.166277	
	-0.205890	
	0.009674	
	-0.118412	
	-0.265572	
	0.018044	
	-0.061578	
	-0.033864	
	-0.042120	
	-0.035947	
	-0.107998	
	-0.089584	
	-0.152680	
	-0.071749	
	-0.090669	
	-0.082419	
	-0.081929	
	-0.088442	
	-0.119107	
	-0.056092	
	-0.053813	
	-0.024315	
	0.002971	
	-0.035149	
	-0.067137	
	-0.016110	
	-0.128236	
	-0.118258	
	-0.104041	
	-0.073238	
	-0.020465	
	-0.109996	
	-0.083968	
	0.005679	
	-0.095215	
	-0.100470	
	-0.082557	
	-0.046482	
	-0.114073	
	0.009583	
	0.117860	
	0.038306	
	0.109806	
	0.004104	
	-0.003535	
	-0.075924	
	-0.100734	
	0.073165	
	-0.008546	
	-0.228072	
	-0.231772	
	-0.120803	
	-0.082507	
	-0.053911	
	-0.054357	
	0.122110	
	0.166611	
	0.098038	
	0.145596	
	0.136478	
	0.189740	
	0.049259	
	-0.108197	
	-0.014743	
	-0.123880	
	-0.032409	
	-0.057978	
	-0.066438	
	-0.086116	
	0.045015	
	-0.025298	
	0.000007	
	0.041387	
	-0.059825	
	-0.078118	
	-0.104106	
	0.004695	
	0.009599	
	-0.039050	
	0.016842	
	-0.044992	
	-0.099240	
	-0.033703	
	-0.089765	
	-0.003620	
	-0.070325	
	-0.018303	
	-0.029934	
	-0.085415	
	-0.099952	
	-0.057105	
	-0.024517	
	-0.113625	
	-0.072646	
	-0.073711	
	-0.106595	
	-0.067490	
	-0.075665	
	0.065182	
	-0.048251	
	-0.031455	
	0.013313	
	0.080992	
	-0.089102	
	-0.084798	
	-0.024218	
	0.021793	
	-0.066076	
	0.033286	
	-0.042392	
	-0.035868	
	-0.000591	
	-0.070554	
	-0.082763	
	-0.068529	
	-0.018765	
	0.016594	
	0.068388	
	-0.024772	
	0.007527	
	-0.008774	
	-0.069364	
	-0.041486	
	-0.065916	
	-0.113154	
	0.023273	
	0.070773	
	0.084757	
	0.045121	
	-0.081590	
	-0.073380	
	-0.096087	
	-0.070653	
	0.067046	
	0.119466	
	-0.057729	
	-0.068325	
	-0.108823	
	-0.163543	
	-0.090701	
	-0.066079	
	0.142127	
	-0.144499	
	0.061543	
	0.108934	
	0.133923	
	0.174975	
	-0.071359	
	-0.203547	
	-0.071428	
	-0.191620	
	-0.121638	
	-0.114453	
	-0.179519	
	-0.045559	
	0.031753	
	-0.123516	
	-0.069325	
	-0.069524	
	-0.068451	
	-0.106284	
	-0.107969	
	-0.060998	
	0.041239	
	0.096927	
	0.026449	
	-0.019916	
	-0.095802	
	-0.075353	
	-0.015614	
	-0.205160	
	-0.160273	
	-0.053257	
	0.080764	
	-0.028171	
	-0.078103	
	-0.160718	
	-0.007234	
	-0.025652	
	-0.003243	
	-0.008958	
	-0.076200	
	-0.048521	
	0.039475	
	0.064875	
	-0.113696	
	-0.055374	
	0.041251	
	-0.013518	
	-0.075785	
	0.022095	
	0.089676	
	-0.099929	
	-0.229117	
	0.016434	
	-0.151235	
	-0.163438	
	-0.128165	
	0.042359	
	0.074532	
	0.145358	
	0.068721	
	0.167347	
	0.187730	
	0.088988	
	-0.157521	
	0.082835	
	-0.088839	
	-0.049952	
	0.068835	
	0.168804	
	-0.058979	
	-0.246776	
	-0.066916	
	0.025629	
	-0.010347	
	-0.047529	
	-0.064161	
	-0.090245	
	-0.100273	
	-0.098381	
	-0.070503	
	-0.073005	
	-0.033338	
	-0.088743	
	-0.076811	
	-0.099334	
	-0.024693	
	-0.025318	
	-0.229765	
	-0.119636	
	-0.125705	
	-0.105853	
	-0.103211	
	0.043929	
	0.136756	
	0.132062	
	0.050143	
	0.073994	
	0.153810	
	-0.042514	
	-0.096048	
	-0.011384	
	-0.198806	
	-0.142691	
	-0.034088	
	-0.119575	
	-0.000179	
	0.177268	
	0.137678	
	-0.066805	
	-0.076762	
	0.019230	
	-0.036579	
	-0.064062	
	-0.069422	
	-0.006559	
	-0.039944	
	-0.018786	
	-0.018686	
	0.018611	
	-0.075973	
	0.005171	
	-0.038914	
	0.121258	
	0.037489	
	0.019089	
	-0.050341	
	0.013181	
	-0.183239	
	0.085619	
	0.067627	
	0.043289	
	0.054074	
	0.131289	
	0.070683	
	0.079560	
	0.055832	
	-0.018106	
	0.072723	
	0.089224	
	-0.036047	
	-0.095527	
	-0.063725	
	-0.251388	
	0.075492	
	0.051067	
	-0.019946	
	0.126454	
	0.115217	
	0.083456	
	-0.072822	
	-0.078010	
	-0.010500	
	-0.021442	
	0.039480	
	0.007115	
	-0.049477	
	-0.078675	
	0.000413	
	-0.028663	
	0.147611	
	0.057160	
	-0.031979	
	0.035467	
	-0.010967	
	-0.052778	
	-0.069040	
	0.229060	
	0.129516	
	-0.044472	
	-0.068855	
	-0.005109	
	-0.185922	
	0.014674	
	0.057468	
	-0.003330	
	0.119588	
	0.123234	
	0.150986	
	-0.013565	
	-0.098141	
	-0.035539	
	0.033937	
	-0.050011	
	-0.050879	
	-0.049667	
	-0.052534	
	-0.145124	
	0.014556	
	0.040548	
	0.019862	
	0.005735	
	0.097554	
	-0.028814	
	-0.091791	
	-0.051303	
	0.180059	
	-0.015874	
	-0.024839	
	-0.041092	
	-0.136318	
	-0.071602	
	0.000000	
	0.000000	
