_Mode		
	-0.115747	
	-0.106478	
	-0.074543	
	0.097222	
	0.029086	
	0.075486	
	0.170468	
	0.170611	
	0.222908	
	0.017887	
	-0.112983	
	0.175093	
	0.198822	
	0.183886	
	0.182888	
	-0.181931	
	-0.056276	
	0.138758	
	0.269532	
	0.234731	
	0.150714	
	0.122402	
	0.163461	
	0.096670	
	0.036920	
	0.041035	
	-0.383549	
	-0.294059	
	-0.383771	
	-0.329461	
	0.014728	
	-0.004836	
	0.055713	
	0.194916	
	0.166582	
	-0.004348	
	-0.034797	
	0.003755	
	0.071127	
	0.186900	
	0.066685	
	0.133612	
	0.209893	
	-0.073828	
	-0.134911	
	-0.002566	
	0.057805	
	-0.049692	
	0.044854	
	-0.033596	
	-0.156442	
	0.012951	
	-0.074895	
	0.031704	
	-0.021952	
	0.029808	
	-0.093106	
	-0.085346	
	-0.077111	
	-0.203725	
	-0.103675	
	0.011670	
	0.273499	
	-0.080796	
	-0.058168	
	-0.056073	
	-0.178702	
	-0.056905	
	-0.145260	
	-0.212772	
	-0.067863	
	0.175923	
	-0.020108	
	-0.112312	
	0.171616	
	-0.000658	
	0.145631	
	0.251644	
	0.056239	
	0.015104	
	0.109299	
	0.078948	
	0.053960	
	-0.079072	
	-0.116746	
	0.051590	
	0.077250	
	0.167161	
	0.248033	
	-0.157025	
	-0.033515	
	-0.137924	
	0.059106	
	-0.009007	
	0.090872	
	-0.088785	
	0.026638	
	-0.046843	
	0.015310	
	-0.037001	
	0.111905	
	0.167380	
	0.108074	
	0.010247	
	0.042165	
	-0.049336	
	-0.203046	
	-0.095009	
	-0.233150	
	0.020406	
	0.102011	
	0.027715	
	-0.290348	
	0.011328	
	0.059558	
	0.184098	
	0.083151	
	-0.149691	
	0.021157	
	-0.040491	
	-0.095008	
	-0.155513	
	-0.164422	
	-0.097128	
	0.023881	
	-0.072391	
	-0.071456	
	0.119452	
	0.227700	
	-0.072593	
	-0.021391	
	-0.028061	
	0.012167	
	-0.147767	
	-0.063511	
	0.036058	
	-0.222137	
	0.077204	
	-0.124901	
	0.056968	
	-0.164185	
	-0.125507	
	-0.098798	
	-0.197676	
	-0.067338	
	-0.154676	
	-0.120876	
	-0.173733	
	-0.190921	
	0.114503	
	0.085556	
	0.155593	
	0.029990	
	-0.218024	
	0.026650	
	0.070178	
	0.097757	
	0.029252	
	-0.081734	
	0.110792	
	0.078760	
	-0.086260	
	-0.096846	
	-0.166526	
	-0.107560	
	0.199764	
	0.126030	
	0.123252	
	-0.003015	
	-0.135755	
	0.010373	
	0.025556	
	0.146829	
	0.072529	
	0.101624	
	0.183065	
	0.095368	
	0.140882	
	-0.204226	
	0.108475	
	0.141747	
	0.087425	
	-0.054031	
	0.123109	
	-0.083961	
	-0.329610	
	-0.262959	
	-0.247093	
	0.051889	
	-0.042969	
	0.217367	
	-0.215727	
	-0.007824	
	-0.047470	
	0.105805	
	0.107756	
	0.083744	
	-0.197902	
	0.012444	
	0.222072	
	0.072538	
	0.050725	
	0.235954	
	-0.023781	
	0.034239	
	-0.028727	
	0.133935	
	0.189479	
	0.048623	
	0.175978	
	0.186977	
	0.011003	
	-0.003225	
	0.093970	
	-0.033112	
	0.029559	
	0.108023	
	0.009874	
	-0.034582	
	0.011040	
	0.237525	
	-0.018335	
	-0.241679	
	-0.176047	
	0.091944	
	-0.020131	
	-0.005310	
	0.031517	
	-0.146347	
	0.041464	
	-0.136302	
	-0.053920	
	0.028047	
	-0.062357	
	-0.067644	
	-0.112980	
	-0.058379	
	-0.198906	
	-0.091174	
	0.124252	
	0.188914	
	-0.107342	
	-0.202272	
	-0.172546	
	-0.266232	
	-0.301655	
	-0.309376	
	-0.273623	
	0.050688	
	-0.116521	
	0.020883	
	-0.022325	
	-0.038959	
	-0.054059	
	0.243548	
	0.161135	
	0.147359	
	-0.057573	
	0.092417	
	0.102160	
	-0.043179	
	-0.110477	
	-0.173696	
	-0.105274	
	0.154233	
	0.170546	
	0.187736	
	0.062746	
	0.133203	
	-0.017695	
	-0.029675	
	-0.059533	
	-0.038055	
	0.015257	
	-0.043156	
	0.145999	
	0.038944	
	-0.017372	
	0.118280	
	0.083675	
	0.151996	
	-0.041533	
	0.144697	
	-0.090102	
	-0.087640	
	0.080379	
	-0.316391	
	-0.154191	
	0.036026	
	-0.227518	
	-0.232198	
	0.005809	
	-0.010498	
	0.101470	
	0.043027	
	0.002262	
	-0.051418	
	-0.064268	
	-0.084484	
	-0.091346	
	-0.102866	
	-0.043844	
	0.140785	
	-0.104555	
	-0.022197	
	0.031631	
	-0.067917	
	-0.107140	
	-0.072938	
	0.017602	
	-0.105647	
	-0.071875	
	-0.025190	
	0.000045	
	-0.171076	
	-0.001122	
	0.060851	
	-0.115565	
	-0.215683	
	-0.170890	
	-0.038606	
	-0.248939	
	-0.096010	
	-0.113445	
	-0.230015	
	-0.094354	
	-0.145247	
	0.027470	
	0.038407	
	0.231874	
	-0.017854	
	-0.268340	
	0.162380	
	0.204040	
	0.180977	
	0.240607	
	0.101218	
	0.072967	
	0.071630	
	0.050235	
	-0.139335	
	-0.089761	
	-0.050904	
	0.249530	
	0.043205	
	0.133960	
	0.034364	
	-0.080973	
	-0.030850	
	-0.065689	
	-0.077143	
	-0.060446	
	0.086444	
	0.081828	
	-0.040892	
	0.000991	
	0.094057	
	0.129523	
	0.174901	
	0.075069	
	-0.059404	
	0.004558	
	-0.117966	
	-0.217353	
	-0.064540	
	-0.273364	
	0.006026	
	-0.096326	
	0.088924	
	-0.160948	
	0.022855	
	-0.095776	
	0.195897	
	0.199525	
	0.263592	
	0.118073	
	-0.212552	
	0.024040	
	0.083079	
	0.108483	
	0.195990	
	-0.125012	
	0.158915	
	0.060747	
	0.073695	
	-0.021873	
	-0.250140	
	-0.111633	
	-0.064936	
	-0.068353	
	-0.085966	
	-0.103894	
	-0.097030	
	-0.088972	
	-0.102048	
	-0.110125	
