_Mode		
	0.063547	
	0.023354	
	0.045069	
	0.052618	
	-0.116102	
	-0.106462	
	-0.003811	
	-0.023041	
	-0.277388	
	-0.006870	
	-0.017715	
	-0.123535	
	0.060429	
	-0.069481	
	-0.090986	
	-0.086050	
	-0.010004	
	0.045856	
	-0.017586	
	0.029300	
	-0.127957	
	-0.008399	
	-0.077644	
	0.144578	
	0.044183	
	0.100424	
	-0.137223	
	0.260222	
	-0.006899	
	-0.072152	
	-0.000100	
	-0.201039	
	-0.060733	
	-0.032212	
	-0.071818	
	-0.050445	
	-0.017163	
	-0.046481	
	-0.117049	
	-0.010856	
	-0.067557	
	0.107654	
	0.018060	
	-0.035019	
	0.033186	
	0.022121	
	0.194720	
	0.058590	
	0.062725	
	0.147678	
	0.149928	
	-0.144015	
	-0.043227	
	-0.148824	
	0.071144	
	-0.025658	
	0.012330	
	-0.092102	
	-0.072385	
	-0.020332	
	-0.073552	
	-0.038127	
	0.095212	
	-0.019735	
	0.191164	
	-0.119218	
	0.021376	
	-0.084571	
	0.018678	
	-0.095286	
	-0.046165	
	-0.031656	
	0.115785	
	-0.004134	
	-0.024572	
	-0.022826	
	-0.120023	
	0.050946	
	0.004178	
	-0.065055	
	-0.074163	
	-0.047416	
	-0.196512	
	-0.141644	
	-0.137655	
	-0.077341	
	0.031131	
	-0.116419	
	-0.091535	
	-0.027810	
	0.041046	
	0.019569	
	0.004390	
	0.037579	
	-0.130742	
	-0.128246	
	-0.055173	
	-0.017429	
	-0.130653	
	-0.253964	
	-0.084432	
	0.011239	
	0.032283	
	-0.013859	
	-0.054323	
	-0.018105	
	0.079255	
	-0.035769	
	-0.083968	
	-0.065651	
	-0.035420	
	-0.134644	
	0.015562	
	0.041660	
	0.032300	
	-0.021651	
	-0.124456	
	0.195468	
	-0.103221	
	0.071392	
	-0.019712	
	-0.165693	
	-0.105654	
	-0.073057	
	0.035070	
	-0.056573	
	-0.017876	
	0.005316	
	-0.144524	
	-0.106986	
	0.077835	
	0.039170	
	0.004281	
	-0.045970	
	0.001853	
	-0.017403	
	-0.125054	
	0.110330	
	0.052325	
	0.120304	
	-0.268706	
	-0.004473	
	-0.092186	
	0.086514	
	0.028093	
	-0.052370	
	-0.062396	
	0.007861	
	-0.120357	
	0.029919	
	-0.079474	
	-0.010007	
	0.030995	
	-0.117557	
	0.064422	
	-0.008829	
	-0.051986	
	-0.044506	
	-0.110298	
	0.062340	
	-0.068989	
	-0.035941	
	-0.037174	
	0.103549	
	0.112690	
	-0.007346	
	0.076122	
	-0.031641	
	0.027257	
	0.024164	
	0.002705	
	0.005636	
	0.017302	
	0.174161	
	-0.102050	
	-0.080121	
	0.081144	
	-0.012909	
	-0.111252	
	0.013520	
	-0.010457	
	0.017404	
	-0.005816	
	0.199183	
	-0.051730	
	0.113710	
	0.111061	
	0.046816	
	-0.146297	
	-0.009902	
	-0.199553	
	-0.160105	
	0.072149	
	-0.029296	
	-0.237425	
	0.024939	
	0.094781	
	-0.025725	
	-0.190296	
	0.058458	
	0.102964	
	0.071998	
	-0.057072	
	0.008872	
	-0.036416	
	-0.063760	
	0.070181	
	0.054759	
	0.063736	
	-0.014069	
	0.103869	
	-0.070914	
	-0.067703	
	-0.019067	
	0.056257	
	-0.089692	
	0.128879	
	0.004166	
	-0.044719	
	-0.054542	
	0.019721	
	0.135554	
	-0.023140	
	-0.128817	
	-0.007155	
	-0.195794	
	0.067262	
	-0.073490	
	-0.054254	
	0.137254	
	-0.015111	
	-0.118460	
	-0.043592	
	-0.107307	
	-0.156352	
	-0.128597	
	-0.328487	
	-0.016093	
	0.036447	
	-0.009176	
	0.006441	
	-0.129288	
	-0.008788	
	0.111080	
	0.004390	
	-0.175181	
	-0.051246	
	0.053694	
	-0.122055	
	-0.035475	
	0.059769	
	0.060503	
	-0.056102	
	0.077324	
	0.071512	
	-0.106780	
	0.116048	
	0.089144	
	-0.069823	
	0.025455	
	-0.004336	
	0.059315	
	0.114190	
	0.000618	
	0.138411	
	-0.145893	
	-0.057918	
	0.074407	
	0.064213	
	-0.057875	
	0.086973	
	-0.070348	
	0.054387	
	-0.102126	
	0.055553	
	0.064786	
	0.140605	
	-0.184041	
	0.051782	
	-0.192115	
	0.076790	
	0.113655	
	0.066242	
	0.177922	
	0.045382	
	-0.041133	
	0.104406	
	0.035303	
	-0.029914	
	-0.084035	
	-0.091482	
	0.053170	
	0.014022	
	-0.063556	
	-0.073084	
	-0.122393	
	-0.050907	
	-0.238081	
	-0.068819	
	-0.344009	
	0.163820	
	0.086139	
	-0.021419	
	0.115885	
	-0.039359	
	-0.040605	
	-0.033551	
	-0.002216	
	-0.043654	
	0.019486	
	0.112241	
	-0.271356	
	-0.012012	
	0.030994	
	-0.002449	
	-0.071576	
	-0.005466	
	-0.047604	
	0.017091	
	0.083608	
	0.056435	
	0.038197	
	0.061995	
	0.077151	
	-0.177956	
	-0.022655	
	0.000000	
	0.000000	
