_Brightness		
	NaN	
	NaN	
	NaN	
	NaN	
	NaN	
	NaN	
	NaN	
	NaN	
	NaN	
	NaN	
	NaN	
	NaN	
	NaN	
	NaN	
	NaN	
	NaN	
	NaN	
	NaN	
	NaN	
	NaN	
	NaN	
	NaN	
	NaN	
	NaN	
	NaN	
	NaN	
	NaN	
	NaN	
	NaN	
	NaN	
	NaN	
	NaN	
	NaN	
	NaN	
	NaN	
	NaN	
	NaN	
	NaN	
	NaN	
	NaN	
	NaN	
	NaN	
	NaN	
	NaN	
	NaN	
	NaN	
	NaN	
	NaN	
	NaN	
	NaN	
	NaN	
	NaN	
	NaN	
	NaN	
	NaN	
	NaN	
	NaN	
	NaN	
	NaN	
	NaN	
	NaN	
	NaN	
	NaN	
	NaN	
	0.124307	
	0.168717	
	0.263280	
	0.242927	
	0.223657	
	0.247473	
	0.243242	
	0.214128	
	0.188297	
	0.210779	
	0.236098	
	0.242726	
	0.269074	
	0.253917	
	0.273181	
	0.313082	
	0.314305	
	0.354386	
	0.241712	
	0.254548	
	0.332911	
	0.418771	
	0.455243	
	0.419331	
	0.480213	
	0.506724	
	0.547578	
	0.604821	
	0.737939	
	0.759238	
	0.726750	
	0.694743	
	0.726133	
	0.724470	
	0.721275	
	0.701418	
	0.553014	
	0.469492	
	0.388385	
	0.342540	
	0.313451	
	0.349199	
	0.363873	
	0.354193	
	0.336709	
	0.368465	
	0.364357	
	0.397725	
	0.381592	
	0.353254	
	0.393790	
	0.331905	
	0.299424	
	0.257598	
	0.233716	
	0.299109	
	0.334670	
	0.342729	
	0.369951	
	0.386290	
	0.441916	
	0.562013	
	0.624889	
	0.566499	
	0.617850	
	0.638791	
	0.630235	
	0.631514	
	0.581174	
	0.580892	
	0.565365	
	0.570165	
	0.463361	
	0.283122	
	0.322250	
	0.366746	
	0.370781	
	0.400695	
	0.413444	
	0.445457	
	0.499351	
	0.501858	
	0.513838	
	0.569269	
	0.619399	
	0.599062	
	0.608197	
	0.634136	
	0.653852	
	0.544232	
	0.489668	
	0.462608	
	0.491867	
	0.569609	
	0.573130	
	0.701346	
	0.733607	
	0.693655	
	0.655994	
	0.755562	
	0.697228	
	0.723445	
	0.789531	
	0.766512	
	0.682213	
	0.724230	
	0.709438	
	0.552246	
	0.401723	
	0.269682	
	0.349707	
	0.333400	
	0.320189	
	0.354696	
	0.340708	
	0.366614	
	0.370343	
	0.394288	
	0.417859	
	0.429538	
	0.432185	
	0.404109	
	0.418222	
	0.490216	
	0.530773	
	0.466433	
	0.440335	
	0.368641	
	0.421648	
	0.425141	
	0.438318	
	0.467131	
	0.510186	
	0.563772	
	0.613363	
	0.672583	
	0.652078	
	0.685680	
	0.687723	
	0.685442	
	0.689796	
	0.704931	
	0.608190	
	0.444861	
	0.355170	
	0.363385	
	0.318274	
	0.304793	
	0.316398	
	0.376886	
	0.342803	
	0.363753	
	0.334739	
	0.346272	
	0.370648	
	0.389216	
	0.418264	
	0.458899	
	0.454178	
	0.437073	
	0.392526	
	0.337246	
	0.359415	
	0.429151	
	0.457698	
	0.456219	
	0.539315	
	0.602010	
	0.660624	
	0.681561	
	0.666277	
	0.696528	
	0.690731	
	0.752880	
	0.752377	
	0.759715	
	0.784386	
	0.585901	
	0.440830	
	0.375166	
	0.354522	
	0.392499	
	0.411493	
	0.445870	
	0.442105	
	0.427272	
	0.441123	
	0.473411	
	0.506525	
	0.532519	
	0.577377	
	0.559648	
	0.520110	
	0.558660	
	0.362456	
	0.322305	
	0.312050	
	0.358444	
	0.391334	
	0.383301	
	0.450734	
	0.469690	
	0.472460	
	0.488476	
	0.487306	
	0.559026	
	0.587368	
	0.629631	
	0.665873	
	0.649018	
	0.656521	
	0.640594	
	0.389684	
	0.323661	
	0.279748	
	0.341255	
	0.339344	
	0.358149	
	0.336957	
	0.346500	
	0.353125	
	0.354918	
	0.401996	
	0.421240	
	0.454201	
	0.496855	
	0.530406	
	0.538907	
	0.543986	
	0.537621	
	0.468224	
	0.412077	
	0.381726	
	0.378650	
	0.384569	
	0.458154	
	0.443078	
	0.454163	
	0.516830	
	0.521491	
	0.418081	
	0.459550	
	0.527825	
	0.512632	
	0.585035	
	0.556518	
	0.447520	
	0.410309	
	0.468474	
	0.344332	
	0.323701	
	0.264629	
	0.271997	
	0.284550	
	0.252689	
	0.252859	
	0.282640	
	0.318974	
	0.325304	
	0.339409	
	0.277885	
	0.244960	
	0.225695	
	0.264588	
	0.309090	
	0.314427	
	0.340257	
	0.317289	
	0.247094	
	0.260265	
	0.274614	
	0.369112	
	0.398627	
	0.404578	
	0.388819	
	0.368230	
	0.436539	
	0.463649	
	0.432281	
	0.417119	
	0.350417	
	0.291511	
	0.411980	
	0.458109	
	0.343801	
	0.357470	
	0.344376	
	0.359795	
	0.343060	
	0.341750	
	0.368974	
	0.353528	
	0.331381	
	0.316786	
	0.323406	
	0.344134	
	0.327168	
	0.332650	
	0.319360	
	0.321073	
	0.312967	
	0.303918	
	0.334738	
	0.340466	
	0.396958	
	0.424304	
	0.403592	
	0.414430	
	0.455692	
	0.454690	
	0.498978	
	0.436089	
	0.408060	
	0.412092	
	0.435382	
	0.533238	
	0.486736	
	0.375357	
	0.302021	
	0.291302	
	0.332930	
	0.375148	
	0.354006	
	0.331682	
	0.293593	
	0.302675	
	0.347092	
	0.353842	
	0.357121	
	0.387549	
	0.324658	
	0.297148	
	0.295604	
	0.301418	
	0.327904	
	0.387105	
	0.359084	
	0.357391	
	0.318786	
	0.314297	
	0.338107	
	0.435370	
	0.365011	
	0.430907	
	0.451429	
	0.468488	
	0.479536	
	0.430133	
	0.420078	
	0.410926	
	0.423019	
	0.386625	
	0.323790	
	0.304195	
	0.312241	
	0.296166	
	0.286756	
	0.240662	
	0.254997	
	0.227685	
	0.195868	
	0.191699	
	0.263484	
	0.331915	
	0.425357	
	0.442613	
	0.364866	
	0.391041	
	0.298110	
	0.242041	
	0.250048	
	0.277846	
	0.294631	
	0.313499	
	0.268019	
	0.285598	
	0.217535	
	0.205162	
	0.270124	
	0.339834	
	0.346757	
	0.421673	
	0.411331	
	0.432728	
	0.488678	
	0.478799	
	0.445258	
	0.414122	
	0.394458	
	0.414978	
	0.406550	
	0.370150	
	0.358756	
	0.326142	
	0.319134	
	0.333181	
	0.330816	
	0.338100	
	0.361937	
	0.338716	
	0.344815	
	0.345083	
	0.310416	
	0.279573	
	0.337988	
	0.412752	
	0.399661	
	0.347534	
	0.332972	
	0.283108	
	0.288479	
	0.301739	
	0.301079	
	0.341438	
	0.298966	
	0.304148	
	0.267571	
	0.333385	
	0.336651	
	0.352211	
	0.335324	
	0.344106	
	0.328838	
	0.243645	
	0.224875	
	0.281324	
	0.316727	
	0.332438	
	0.313873	
	0.339956	
	0.334230	
	0.352401	
	0.346569	
	0.363804	
	0.368248	
	0.420778	
	0.426442	
	0.410102	
	0.408483	
	0.390623	
	0.372988	
	0.319186	
	0.318964	
	0.361062	
	0.357600	
	0.391066	
	0.393027	
	0.430784	
	0.478731	
	0.463001	
	0.388654	
	0.405700	
	0.365474	
	0.360445	
	0.385712	
	0.391410	
	0.430922	
	0.415498	
	0.373529	
	0.365721	
	0.344227	
	0.299714	
	0.273477	
	0.244705	
	0.282179	
	0.263827	
	0.272076	
	0.262327	
	0.238416	
	0.237358	
	0.254699	
	0.236407	
	0.255790	
	0.248756	
	0.261955	
	0.239272	
	0.226341	
	0.296295	
	0.359817	
	0.382691	
	0.371215	
	0.399336	
	0.407027	
	0.416062	
	0.376220	
	0.370693	
	0.371555	
	0.373957	
	0.419513	
	0.377611	
	0.426048	
	0.392027	
	0.382975	
	0.300291	
	0.290532	
	0.315299	
	0.304195	
	0.300541	
	0.312486	
	0.314725	
	0.331810	
	0.344432	
	0.353242	
	0.392311	
	0.398441	
	0.383290	
	0.343146	
	0.392253	
	0.360978	
	0.347581	
	0.304394	
	0.338579	
	0.363737	
	0.363018	
	0.367785	
	0.392130	
	0.440365	
	0.464612	
	0.385071	
	0.405185	
	0.363775	
	0.385610	
	0.356755	
	0.355706	
	0.399759	
	0.387678	
	0.325248	
	0.360980	
	0.301529	
	0.325732	
	0.330939	
	0.295598	
	0.290947	
	0.300247	
	0.301007	
	0.288926	
	0.266363	
	0.262060	
	0.233694	
	0.223192	
	0.233884	
	0.227074	
	0.259675	
	0.249770	
	0.222840	
	0.229714	
	0.276470	
	0.254973	
	0.243005	
	0.270583	
	0.272128	
	0.246287	
	0.322017	
	0.320972	
	0.379557	
	0.392909	
	0.358729	
	0.367868	
	0.445507	
	0.567112	
	0.620663	
	0.662011	
	0.612143	
	0.534942	
	0.495266	
	0.293209	
	0.259110	
	0.298185	
	0.323090	
	0.318666	
	0.337290	
	0.288171	
	0.287302	
	0.293608	
	0.273970	
	0.282173	
	0.235096	
	0.196152	
	0.212972	
	0.206134	
	0.230807	
	0.224826	
	0.208872	
	0.166722	
	0.170562	
	0.159812	
	0.144169	
	0.157188	
	0.172863	
	0.123630	
	0.150917	
	0.125382	
	0.142460	
	0.143202	
	0.145328	
	0.117767	
	0.123401	
	0.123661	
	0.082089	
	0.089411	
	0.083622	
	0.084540	
	0.079057	
	0.072800	
	0.087626	
	0.086394	
	0.083276	
	0.085358	
	0.069754	
	0.106411	
	0.102228	
	0.208029	
	0.217081	
	0.167638	
	0.184543	
	0.204825	
	0.162274	
	0.177025	
	0.175189	
	0.167161	
	0.198053	
	0.172406	
	0.160839	
	0.165979	
	0.152111	
	0.166482	
	0.177607	
	0.224481	
	0.620811	
	0.774821	
	0.736591	
	0.604707	
	0.495474	
	0.225047	
	0.261636	
	0.241422	
	0.187814	
	0.193840	
	0.187448	
	0.191482	
	0.194932	
	0.195535	
	0.181470	
	0.187950	
	0.181035	
	0.152188	
	0.162846	
	0.159065	
	0.150475	
	0.133024	
	0.141406	
	0.148943	
	0.158376	
	0.170718	
	0.151696	
	0.122572	
	0.128120	
	0.146916	
	0.170547	
	0.180676	
	0.170037	
	0.177683	
	0.160528	
	0.173756	
	0.204852	
	0.202905	
	0.184769	
	0.166259	
	0.161493	
	0.174817	
	0.183903	
	0.178864	
	0.192627	
	0.199837	
	0.191657	
	0.182808	
	0.225164	
	0.235748	
	0.230541	
	0.240477	
	0.249441	
	0.225516	
	0.242166	
	0.247411	
	0.216264	
	0.253704	
	0.274743	
	0.308524	
	0.306706	
	0.276856	
	0.320756	
	0.372484	
	0.439959	
	0.425865	
	0.341364	
	0.330799	
	0.359567	
	0.563732	
	0.705452	
	0.688494	
	0.543666	
	0.283878	
	0.342940	
	0.337328	
	0.269092	
	0.353244	
	0.401267	
	0.407583	
	0.418671	
	0.462424	
	0.402982	
	0.381618	
	0.380548	
	0.395548	
	0.411910	
	0.406197	
	0.459490	
	0.365071	
	0.378426	
	0.383726	
	0.329481	
	0.382031	
	0.343469	
	0.374405	
	0.308436	
	0.326773	
	0.364937	
	0.323645	
	0.293493	
	0.270632	
	0.307715	
	0.258866	
	0.299813	
	0.358110	
	0.306696	
	0.296928	
	0.267018	
	0.229704	
	0.260527	
	0.292813	
	0.312679	
	0.329012	
	0.359231	
	0.415653	
	0.411289	
	0.410305	
	0.435806	
	0.409599	
	0.411505	
	0.408558	
	0.426077	
	0.415165	
	0.452447	
	0.449173	
	0.358432	
	0.339089	
	0.425066	
	0.450551	
	0.388448	
	0.345638	
	0.350752	
	0.351554	
	0.325751	
	0.308227	
	0.335926	
	0.653953	
	0.723375	
	0.705638	
	0.641874	
	0.467286	
	0.418691	
	0.335948	
	0.361396	
	0.378747	
	0.325167	
	0.301763	
	0.285447	
	0.269259	
	0.286323	
	0.265709	
	0.265579	
	0.270584	
	0.277262	
	0.265996	
	0.268006	
	0.327118	
	0.306030	
	0.282205	
	0.272886	
	0.321909	
	0.286145	
	0.353778	
	0.360856	
	0.289155	
	0.275745	
	0.306525	
	0.265254	
	0.346675	
	0.356277	
	0.320973	
	0.274846	
	0.298357	
	0.219414	
	0.335144	
	0.304419	
	0.303324	
	0.264272	
	0.258373	
	0.244344	
	0.304186	
	0.283671	
	0.254383	
	0.250289	
	0.210375	
	0.190603	
	0.196016	
	0.200154	
	0.201371	
	0.204460	
	0.197093	
	0.199819	
	0.168473	
	0.236173	
	0.227378	
	0.277466	
	0.285175	
	0.289661	
	0.253413	
	0.308407	
	0.304954	
	0.317614	
	0.306051	
	0.277536	
	0.270680	
	0.292672	
	0.272617	
	0.294168	
	0.309964	
	0.179612	
	0.244441	
	0.383170	
	0.420942	
	0.419271	
	0.489089	
	0.505917	
	0.466697	
	0.473227	
	0.482850	
	0.445013	
	0.445218	
	0.500759	
	0.504764	
	0.523119	
	0.533286	
	0.576164	
	0.581408	
	0.492675	
	0.552860	
	0.567634	
	0.599707	
	0.615468	
	0.676739	
	0.603214	
	0.570032	
	0.585695	
	0.627256	
	0.605931	
	0.633813	
	0.626931	
	0.608518	
	0.584426	
	0.575477	
	0.522953	
	0.521910	
	0.569834	
	0.524118	
	0.499846	
	0.549911	
	0.512875	
	0.515402	
	0.427669	
	0.463290	
	0.501176	
	0.569911	
	0.442462	
	0.432457	
	0.404782	
	0.554494	
	0.484733	
	0.426716	
	0.363676	
	0.430992	
	0.475465	
	0.456514	
	0.458537	
	0.507600	
	0.511475	
	0.637769	
	0.549157	
	0.557698	
	0.525224	
	0.613840	
	0.542826	
	0.572391	
	0.590688	
	0.507143	
	0.482881	
	0.395586	
	0.422786	
	0.481254	
	0.523715	
	0.533595	
	0.509925	
	0.482578	
	0.471551	
	0.498363	
	0.507569	
	0.596125	
	0.624426	
	0.503445	
	0.543319	
	0.548978	
	0.520346	
	0.559223	
	0.519492	
	0.425513	
	0.435462	
	0.394128	
	0.395323	
	0.391207	
	0.412778	
	0.407666	
	0.406520	
	0.374036	
	0.391098	
	0.400515	
	0.378141	
	0.473676	
	0.433212	
	0.445825	
	0.453394	
	0.466416	
	0.329267	
	0.334323	
	0.371012	
	0.378146	
	0.412294	
	0.418628	
	0.426418	
	0.399576	
	0.347625	
	0.337208	
	0.371094	
	0.330370	
	0.390222	
	0.404084	
	0.349242	
	0.467430	
	0.445826	
	0.406643	
	0.449032	
	0.452096	
	0.436800	
	0.488317	
	0.496987	
	0.451550	
	0.414574	
	0.493313	
	0.501744	
	0.458259	
	0.457415	
	0.476096	
	0.535817	
	0.515665	
	0.511995	
	0.424467	
	0.311014	
	0.248086	
	0.235757	
	0.238784	
	0.244459	
	0.220555	
	0.251093	
	0.259516	
	0.268542	
	0.233369	
	0.254290	
	0.260204	
	0.240448	
	0.241635	
	0.222453	
	0.210188	
	0.239974	
	0.246128	
	0.252013	
	0.241597	
	0.238983	
	0.235645	
	0.262582	
	0.252661	
	0.233358	
	0.235853	
	0.245106	
	0.253278	
	0.252627	
	0.282291	
	0.350918	
	0.304807	
	0.314458	
	0.274379	
	0.240371	
	0.235888	
	0.242606	
	0.263863	
	0.274337	
	0.248825	
	0.231813	
	0.208913	
	0.204272	
	0.202182	
	0.222387	
	0.275661	
	0.243344	
	0.205881	
	0.202639	
	0.201149	
	0.190016	
	0.242795	
	0.240345	
	0.271510	
	0.227233	
	0.238262	
	0.240325	
	0.211076	
	0.286676	
	0.276414	
	0.290194	
	0.266930	
	0.245067	
	0.248413	
	0.225422	
	0.315924	
	0.331883	
	0.306800	
	0.259238	
	0.238801	
	0.210038	
	0.265825	
	0.305388	
	0.307209	
	0.300918	
	0.290142	
	0.267624	
	0.285140	
	0.308555	
	0.311328	
	0.347727	
	0.264022	
	0.263703	
	0.298583	
	0.254317	
	0.325347	
	0.357639	
	0.356763	
	0.299158	
	0.286205	
	0.302555	
	0.328126	
	0.300636	
	0.352840	
	0.310569	
	0.340094	
	0.300364	
	0.297602	
	0.372860	
	0.402287	
	0.355116	
	0.356272	
	0.376515	
	0.327113	
	0.256912	
	0.244824	
	0.246542	
	0.296629	
	0.228208	
	0.189547	
	0.210564	
	0.214359	
	0.210172	
	0.189069	
	0.170321	
	0.160985	
	0.173144	
	0.156033	
	0.278244	
	0.300453	
	0.323231	
	0.324775	
	0.308858	
	0.345794	
	0.377691	
	0.412445	
	0.309446	
	0.335739	
	0.409678	
	0.388692	
	0.317547	
	0.321562	
	0.302278	
	0.293758	
	0.295618	
	0.454715	
	0.362555	
	0.325949	
	0.271080	
	0.289950	
	0.391597	
	0.397203	
	0.444802	
	0.450512	
	0.464505	
	0.467180	
	0.485621	
	0.498606	
	0.498130	
	0.532407	
	0.494972	
	0.550518	
	0.644489	
	0.608824	
	0.563029	
	0.589021	
	0.646135	
	0.657991	
	0.664908	
	0.674041	
	0.692036	
	0.721916	
	0.717649	
	0.662188	
	0.647406	
	0.614696	
	0.681415	
	0.706248	
	0.673776	
	0.677794	
	0.617282	
	0.542107	
	0.589848	
	0.563065	
	0.546489	
	0.496310	
	0.496362	
	0.505236	
	0.489378	
	0.418160	
	0.405837	
	0.341177	
	0.538611	
	0.565574	
	0.557891	
	0.553349	
	0.506688	
	0.415284	
	0.390560	
	0.352447	
	0.368924	
	0.434440	
	0.442853	
	0.475858	
	0.440634	
	0.372202	
	0.390127	
	0.364335	
	0.385953	
	0.376343	
	0.357610	
	0.342111	
	0.424177	
	0.490272	
	0.493535	
	0.341254	
	0.218353	
	0.256283	
	0.245085	
	0.286713	
	0.300948	
	0.322259	
	0.269817	
	0.238967	
	0.286532	
	0.295630	
	0.273814	
	0.277127	
	0.245713	
	0.267219	
	0.244919	
	0.281294	
	0.256416	
	0.266526	
	0.316056	
	0.350023	
	0.418566	
	0.396977	
	0.349616	
	0.363372	
	0.385206	
	0.369276	
	0.402288	
	0.374850	
	0.402255	
	0.484883	
	0.657344	
	0.672360	
	0.680442	
	0.620586	
	0.470334	
	0.389941	
	0.367311	
	0.292548	
	0.269913	
	0.259862	
	0.290151	
	0.318589	
	0.264316	
	0.269203	
	0.254707	
	0.284149	
	0.244007	
	0.253485	
	0.232532	
	0.236465	
	0.259110	
	0.219400	
	0.194562	
	0.184956	
	0.266095	
	0.353091	
	0.367396	
	0.415367	
	0.442580	
	0.413311	
	0.363762	
	0.382558	
	0.361818	
	0.380065	
	0.405155	
	0.460587	
	0.285347	
	0.177889	
	0.104910	
	0.087313	
	0.066514	
	0.081071	
	0.077049	
	0.062046	
	0.071430	
	0.057442	
	0.081892	
	0.053085	
	0.072537	
	0.057529	
	0.054197	
	0.062489	
	0.053107	
	0.142514	
	0.127862	
	0.107839	
	0.065480	
	0.053116	
	0.069381	
	0.061111	
	0.066085	
	0.068316	
	0.098391	
	0.101309	
	0.079198	
	0.072898	
	0.078779	
	0.095453	
	0.080801	
	0.098610	
	0.087258	
	0.059197	
	0.204743	
	0.422167	
	0.360372	
	0.280078	
	0.284385	
	0.264260	
	0.271155	
	0.270664	
	0.308038	
	0.303036	
	0.318757	
	0.307014	
	0.286919	
	0.283306	
	0.295171	
	0.297636	
	0.263304	
	0.310494	
	0.445914	
	0.320695	
	0.376425	
	0.293735	
	0.248015	
	0.237922	
	0.258834	
	0.274068	
	0.238712	
	0.226399	
	0.192743	
	0.192095	
	0.270290	
	0.299271	
	0.450783	
	0.432281	
	0.254357	
	0.189987	
	0.182782	
	0.239725	
	0.229761	
	0.235208	
	0.240182	
	0.248089	
	0.230859	
	0.269689	
	0.244942	
	0.254815	
	0.198205	
	0.237850	
	0.238317	
	0.220949	
	0.259055	
	0.220590	
	0.192819	
	0.205480	
	0.216406	
	0.224816	
	0.239770	
	0.215974	
	0.233870	
	0.216207	
	0.246323	
	0.271615	
	0.262476	
	0.271409	
	0.239789	
	0.229966	
	0.224821	
	0.220967	
	0.216319	
	0.193145	
	0.244850	
	0.237883	
	0.219016	
	0.237608	
	0.228607	
	0.213250	
	0.205004	
	0.202279	
	0.187586	
	0.214843	
	0.240218	
	0.201552	
	0.261380	
	0.246029	
	0.201640	
	0.182914	
	0.261197	
	0.294734	
	0.319707	
	0.311303	
	0.312789	
	0.293114	
	0.315724	
	0.284028	
	0.319427	
	0.275486	
	0.288851	
	0.260695	
	0.259141	
	0.220464	
	0.284740	
	0.279838	
	0.278219	
	0.353700	
	0.430728	
	0.348047	
	0.370864	
	0.363139	
	0.402863	
	0.447208	
	0.507045	
	0.490982	
	0.439650	
	0.496433	
	0.492322	
	0.554267	
	0.526971	
	0.510984	
	0.548590	
	0.567957	
	0.572363	
	0.557261	
	0.547774	
	0.578810	
	0.591637	
	0.633497	
	0.656513	
	0.667001	
	0.664287	
	0.687294	
	0.732639	
	0.675674	
	0.694146	
	0.627641	
	0.658854	
	0.655763	
	0.676835	
	0.710646	
	0.598626	
	0.583174	
	0.548725	
	0.546458	
	0.610320	
	0.610336	
	0.608755	
	0.630116	
	0.633894	
	0.652703	
	0.616198	
	0.587843	
	0.671636	
	0.657497	
	0.635609	
	0.567741	
	0.457004	
	0.447959	
	0.475432	
	0.403344	
	0.387974	
	0.373112	
	0.320274	
	0.365400	
	0.491339	
	0.414561	
	0.361265	
	0.349518	
	0.323568	
	0.325597	
	0.339329	
	0.506022	
	0.587709	
	0.524560	
	0.410326	
	0.368341	
	0.353955	
	0.349681	
	0.361087	
	0.322778	
	0.395451	
	0.414700	
	0.343114	
	0.344539	
	0.329088	
	0.404619	
	0.422552	
	0.387107	
	0.318754	
	0.347384	
	0.274207	
	0.301101	
	0.311074	
	0.311462	
	0.269635	
	0.296475	
	0.307300	
	0.297777	
	0.285736	
	0.288871	
	0.294111	
	0.332878	
	0.358941	
	0.384429	
	0.423612	
	0.292034	
	0.341630	
	0.357310	
	0.330817	
	0.384822	
	0.543032	
	0.490964	
	0.464841	
	0.466128	
	0.391353	
	0.348778	
	0.334832	
	0.324860	
	0.367996	
	0.351501	
	0.328113	
	0.378191	
	0.393902	
	0.335459	
	0.403560	
	0.358648	
	0.362214	
	0.398839	
	0.374516	
	0.376362	
	0.390106	
	0.347918	
	0.340421	
	0.318413	
	0.393624	
	0.389124	
	0.383422	
	0.358649	
	0.355256	
	0.333568	
	0.258419	
	0.273270	
	0.260267	
	0.208457	
	0.224840	
	0.247599	
	0.218734	
	0.218124	
	0.204597	
	0.209071	
	0.193426	
	0.169904	
	0.206146	
	0.161472	
	0.162594	
	0.194662	
	0.179866	
	0.206150	
	0.185795	
	0.147594	
	0.129035	
	0.132558	
	0.183725	
	0.241737	
	0.285717	
	0.313768	
	0.325593	
	0.254935	
	0.261334	
	0.214825	
	0.265931	
	0.303224	
	0.342854	
	0.349753	
	0.305341	
	0.281675	
	0.243843	
	0.264562	
	0.267731	
	0.320421	
	0.280392	
	0.251720	
	0.247647	
	0.211410	
	0.237607	
	0.269867	
	0.315365	
	0.213950	
	0.241752	
	0.226668	
	0.192522	
	0.189174	
	0.205130	
	0.253259	
	0.222023	
	0.202643	
	0.210260	
	0.209101	
	0.248034	
	0.312411	
	0.332321	
	0.295283	
	0.369097	
	0.301926	
	0.256549	
	0.274986	
	0.291476	
	0.282678	
	0.293808	
	0.341109	
	0.240307	
	0.204482	
	0.211859	
	0.279167	
	0.280460	
	0.333926	
	0.368251	
	0.344571	
	0.353512	
	0.426747	
	0.401577	
	0.375255	
	0.418923	
	0.408561	
	0.340818	
	0.357928	
	0.381124	
	0.339121	
	0.326234	
	0.320615	
	0.369044	
	0.354249	
	0.358726	
	0.357036	
	0.363195	
	0.419660	
	0.421485	
	0.406433	
	0.408806	
	0.446106	
	0.466231	
	0.457292	
	0.439941	
	0.439702	
	0.402205	
	0.318962	
	0.309216	
	0.352264	
	0.327672	
	0.299554	
	0.281975	
	0.274951	
	0.294929	
	0.259179	
	0.224866	
	0.229283	
	0.214641	
	0.201366	
	0.203718	
	0.190578	
	0.202613	
	0.167823	
	0.171617	
	0.185700	
	0.336576	
	0.412075	
	0.350802	
	0.408986	
	0.372827	
	0.378858	
	0.371946	
	0.382300	
	0.426853	
	0.433387	
	0.363538	
	0.385639	
	0.387930	
	0.421539	
	0.360270	
	0.314016	
	0.315111	
	0.155931	
	0.165385	
	0.133100	
	0.154150	
	0.199213	
	0.189435	
	0.234787	
	0.254641	
	0.302626	
	0.306890	
	0.314642	
	0.318502	
	0.384649	
	0.421684	
	0.390633	
	0.359658	
	0.340446	
	0.357584	
	0.458582	
	0.562387	
	0.462158	
	0.430076	
	0.504330	
	0.491934	
	0.517242	
	0.538573	
	0.509963	
	0.530745	
	0.611469	
	0.586890	
	0.547845	
	0.654471	
	0.665592	
	0.685606	
	0.604665	
	0.466288	
	0.405085	
	0.370611	
	0.418668	
	0.391151	
	0.380120	
	0.347972	
	0.343929	
	0.292931	
	0.303763	
	0.329968	
	0.326653	
	0.323509	
	0.323333	
	0.302205	
	0.290437	
	0.238619	
	0.218214	
	0.225484	
	0.235108	
	0.231501	
	0.243806	
	0.249297	
	0.261252	
	0.226371	
	0.240706	
	0.221968	
	0.243912	
	0.248024	
	0.261865	
	0.266739	
	0.349540	
	0.408835	
	0.405538	
	0.282012	
	0.309503	
	0.336469	
	0.347364	
	0.332844	
	0.346335	
	0.326909	
	0.349645	
	0.306949	
	0.296159	
	0.287337	
	0.288735	
	0.344503	
	0.319525	
	0.308227	
	0.278689	
	0.295133	
	0.309962	
	0.296979	
	0.274417	
	0.285053	
	0.267329	
	0.277500	
	0.328333	
	0.309155	
	0.331259	
	0.299332	
	0.312685	
	0.397868	
	0.484492	
	0.468766	
	0.475627	
	0.349814	
	0.329128	
	0.398682	
	0.406387	
	0.368869	
	0.426600	
	0.315645	
	0.328240	
	0.338129	
	0.333663	
	0.344301	
	0.281655	
	0.320728	
	0.333123	
	0.303103	
	0.305967	
	0.314964	
	0.363819	
	0.265613	
	0.251989	
	0.261697	
	0.225575	
	0.307995	
	0.319592	
	0.291444	
	0.298968	
	0.333701	
	0.320390	
	0.391554	
	0.406306	
	0.360600	
	0.363912	
	0.344425	
	0.401895	
	0.348917	
	0.171421	
	0.149100	
	0.248296	
	0.293817	
	0.373128	
	0.370570	
	0.358395	
	0.369039	
	0.438271	
	0.364739	
	0.338288	
	0.342823	
	0.418800	
	0.327214	
	0.347176	
	0.399970	
	0.435582	
	0.403353	
	0.404976	
	0.430305	
	0.468647	
	0.478102	
	0.489494	
	0.507666	
	0.574033	
	0.463274	
	0.525492	
	0.533983	
	0.525341	
	0.612247	
	0.648890	
	0.644354	
	0.597809	
	0.644912	
	0.577847	
	0.556455	
	0.485301	
	0.476411	
	0.367303	
	0.307964	
	0.240584	
	0.253842	
	0.299894	
	0.268609	
	0.280966	
	0.283768	
	0.268485	
	0.228534	
	0.197212	
	0.179742	
	0.173041	
	0.151054	
	0.163439	
	0.173733	
	0.178128	
	0.165755	
	0.164522	
	0.158152	
	0.151723	
	0.157293	
	0.143544	
	0.136236	
	0.147871	
	0.146115	
	0.155792	
	0.175170	
	0.162690	
	0.170467	
	0.208242	
	0.125401	
	0.094752	
	0.089688	
	0.088442	
	0.102521	
	0.106933	
	0.142983	
	0.143555	
	0.147733	
	0.157578	
	0.176338	
	0.178719	
	0.183614	
	0.187862	
	0.205960	
	0.218867	
	0.200044	
	0.195777	
	0.193491	
	0.195273	
	0.212423	
	0.182269	
	0.168473	
	0.179933	
	0.176515	
	0.176255	
	0.166223	
	0.182859	
	0.204013	
	0.191633	
	0.181934	
	0.198158	
	0.193474	
	0.199001	
	0.183236	
	0.219792	
	0.192228	
	0.197142	
	0.237073	
	0.194275	
	0.187128	
	0.216692	
	0.186791	
	0.183632	
	0.188373	
	0.190605	
	0.167496	
	0.160013	
	0.212283	
	0.179922	
	0.195807	
	0.213118	
	0.171860	
	0.158805	
	0.145036	
	0.166556	
	0.193220	
	0.221776	
	0.225607	
	0.250262	
	0.252504	
	0.307933	
	0.322435	
	0.267200	
	0.278622	
	0.284972	
	0.322617	
	0.348048	
	0.250820	
	0.245166	
	0.255925	
	0.255361	
	0.290709	
	0.309270	
	0.317752	
	0.310535	
	0.337491	
	0.328721	
	0.313654	
	0.312104	
	0.341676	
	0.398575	
	0.383532	
	0.399924	
	0.375446	
	0.412614	
	0.426564	
	0.450554	
	0.410758	
	0.418449	
	0.402556	
	0.407985	
	0.506389	
	0.541276	
	0.506264	
	0.410595	
	0.436415	
	0.413384	
	0.432297	
	0.507056	
	0.525658	
	0.408120	
	0.367633	
	0.346087	
	0.411423	
	0.448258	
	0.430399	
	0.348320	
	0.357326	
	0.305154	
	0.315854	
	0.322648	
	0.351489	
	0.310722	
	0.340488	
	0.368572	
	0.369289	
	0.371413	
	0.329271	
	0.281026	
	0.279773	
	0.405075	
	0.445661	
	0.471490	
	0.527310	
	0.456397	
	0.486304	
	0.512884	
	0.539985	
	0.566879	
	0.541484	
	0.446625	
	0.404538	
	0.444494	
	0.443939	
	0.458464	
	0.479800	
	0.341945	
	0.297001	
	0.288286	
	0.318152	
	0.284531	
	0.289989	
	0.308969	
	0.306241	
	0.310294	
	0.372975	
	0.337567	
	0.368508	
	0.404711	
	0.288074	
	0.271528	
	0.291914	
	0.365931	
	0.309452	
	0.370855	
	0.404865	
	0.503350	
	0.527366	
	0.476859	
	0.546139	
	0.555304	
	0.569074	
	0.515867	
	0.505968	
	0.388162	
	0.325591	
	0.409203	
	0.377022	
	0.482655	
	0.474983	
	0.507788	
	0.491445	
	0.382937	
	0.305477	
	0.255872	
	0.288541	
	0.291024	
	0.311915	
	0.285590	
	0.275110	
	0.274222	
	0.244575	
	0.250290	
	0.268683	
	0.316724	
	0.381412	
	0.360108	
	0.314036	
	0.270654	
	0.311540	
	0.361066	
	0.389965	
	0.404470	
	0.384553	
	0.349116	
	0.378091	
	0.344377	
	0.335289	
	0.340897	
	0.348398	
	0.322237	
	0.317981	
	0.305266	
	0.343125	
	0.519625	
	0.456283	
	0.393672	
	0.304725	
	0.297221	
	0.264675	
	0.312534	
	0.340010	
	0.312066	
	0.290911	
	0.298453	
	0.233186	
	0.224339	
	0.252850	
	0.270525	
	0.285897	
	0.243182	
	0.237595	
	0.251374	
	0.248632	
	0.282683	
	0.273365	
	0.276665	
	0.271632	
	0.241451	
	0.265320	
	0.293375	
	0.296170	
	0.294395	
	0.281303	
	0.244106	
	0.241827	
	0.233027	
	0.287839	
	0.277592	
	0.284095	
	0.258128	
	0.251536	
	0.242690	
	0.252995	
	0.297905	
	0.265598	
	0.261604	
	0.234552	
	0.218159	
	0.214547	
	0.244791	
	0.244621	
	0.240752	
	0.242895	
	0.209609	
	0.212176	
	0.235948	
	0.268829	
	0.235855	
	0.287757	
	0.264204	
	0.235742	
	0.240169	
	0.265487	
	0.247356	
	0.238004	
	0.252323	
	0.256591	
	0.256674	
	0.270472	
	0.273453	
	0.236255	
	0.263298	
	0.268269	
	0.235024	
	0.224616	
	0.240000	
	0.239533	
	0.235507	
	0.250033	
	0.234774	
	0.238809	
	0.222014	
	0.239789	
	0.253241	
	0.266223	
	0.235433	
	0.242725	
	0.216539	
	0.225937	
	0.250402	
	0.213760	
	0.238290	
	0.230822	
	0.210377	
	0.232203	
	0.249052	
	0.240883	
	0.253327	
	0.263724	
	0.261870	
	0.234699	
	0.226412	
	0.289496	
	0.273905	
	0.294635	
	0.266699	
	0.249628	
	0.246385	
	0.282398	
	0.244824	
	0.249236	
	0.233147	
	0.243916	
	0.262619	
	0.233404	
	0.239900	
	0.263871	
	0.258829	
	0.249716	
	0.216550	
	0.246738	
	0.262454	
	0.268086	
	0.323396	
	0.299990	
	0.266487	
	0.261606	
	0.230718	
	0.279044	
	0.294774	
	0.275554	
	0.324206	
	0.353136	
	0.378741	
	0.424196	
	0.424505	
	0.427044	
	0.372519	
	0.394841	
	0.388554	
	0.517502	
	0.649823	
	0.402612	
	0.328010	
	0.421279	
	0.452686	
	0.521925	
	0.543548	
	0.548030	
	0.524545	
	0.515034	
	0.545371	
	0.613695	
	0.558948	
	0.544733	
	0.611728	
	0.568088	
	0.613945	
	0.607642	
	0.457399	
	0.548526	
	0.586367	
	0.532491	
	0.532943	
	0.590241	
	0.628279	
	0.682549	
	0.625979	
	0.505197	
	0.514599	
	0.487551	
	0.478578	
	0.433795	
	0.428169	
	0.515076	
	0.505261	
	0.495079	
	0.323647	
	0.278588	
	0.288046	
	0.267927	
	0.266646	
	0.238373	
	0.226104	
	0.245171	
	0.238730	
	0.238717	
	0.240089	
	0.295545	
	0.329429	
	0.252160	
	0.229465	
	0.224348	
	0.302828	
	0.304549	
	0.373213	
	0.398824	
	0.362170	
	0.357713	
	0.339333	
	0.334551	
	0.301393	
	0.364410	
	0.394305	
	0.406492	
	0.348124	
	0.335021	
	0.343317	
	0.322732	
	0.577240	
	0.485205	
	0.332875	
	0.284216	
	0.318895	
	0.302121	
	0.313501	
	0.325703	
	0.343220	
	0.346476	
	0.386221	
	0.382550	
	0.355156	
	0.330083	
	0.371304	
	0.469072	
	0.502218	
	0.514956	
	0.393463	
	0.404799	
	0.355203	
	0.395883	
	0.394696	
	0.390950	
	0.355650	
	0.369493	
	0.307549	
	0.303775	
	0.309844	
	0.286502	
	0.306937	
	0.297793	
	0.454884	
	0.531062	
	0.509414	
	0.484984	
	0.332327	
	0.200866	
	0.268396	
	0.239791	
	0.240480	
	0.219940	
	0.209929	
	0.252769	
	0.194579	
	0.175325	
	0.181434	
	0.205985	
	0.197592	
	0.187115	
	0.197158	
	0.164948	
	0.133264	
	0.232028	
	0.191735	
	0.166166	
	0.177232	
	0.242238	
	0.339163	
	0.451949	
	0.448083	
	0.410767	
	0.419815	
	0.346747	
	0.277165	
	0.263564	
	0.273511	
	0.461704	
	0.562192	
	0.577032	
	0.265831	
	0.160686	
	0.116354	
	0.134663	
	0.142596	
	0.130419	
	0.123606	
	0.098359	
	0.115629	
	0.096353	
	0.116895	
	0.108828	
	0.101155	
	0.096254	
	0.099597	
	0.098293	
	0.122682	
	0.142533	
	0.110006	
	0.098415	
	0.094474	
	0.099172	
	0.090427	
	0.091829	
	0.118427	
	0.163923	
	0.183960	
	0.261477	
	0.281342	
	0.285753	
	0.314140	
	0.353526	
	0.614347	
	0.639308	
	0.540799	
	0.440277	
	0.225271	
	0.316288	
	0.332199	
	0.353112	
	0.330165	
	0.265645	
	0.295525	
	0.260612	
	0.265652	
	0.269002	
	0.244633	
	0.229403	
	0.285453	
	0.267343	
	0.276090	
	0.336481	
	0.445292	
	0.272397	
	0.319074	
	0.399993	
	0.383108	
	0.327205	
	0.301418	
	0.322066	
	0.271962	
	0.267534	
	0.285795	
	0.305815	
	0.293984	
	0.241950	
	0.212572	
	0.174545	
	0.181725	
	0.144552	
	0.192464	
	0.194225	
	0.169275	
	0.177410	
	0.171509	
	0.171077	
	0.152787	
	0.136405	
	0.121730	
	0.147035	
	0.144206	
	0.149038	
	0.130769	
	0.112139	
	0.139462	
	0.133325	
	0.134840	
	0.114773	
	0.112580	
	0.112826	
	0.138239	
	0.133164	
	0.137196	
	0.137274	
	0.150493	
	0.154837	
	0.172531	
	0.167054	
	0.178196	
	0.190736	
	0.182173	
	0.174418	
	0.159608	
	0.122213	
	0.097176	
	0.111263	
	0.138764	
	0.148564	
	0.138438	
	0.138780	
	0.145686	
	0.155147	
	0.158726	
	0.210329	
	0.184206	
	0.223657	
	0.188956	
	0.175350	
	0.196943	
	0.236404	
	0.198627	
	0.221028	
	0.251080	
	0.299137	
	0.361434	
	0.376341	
	0.367210	
	0.381500	
	0.351227	
	0.440762	
	0.457151	
	0.444406	
	0.499692	
	0.459865	
	0.449705	
	0.497443	
	0.494726	
	0.339244	
	0.426377	
	0.384190	
	0.342695	
	0.359425	
	0.375431	
	0.450457	
	0.468992	
	0.470178	
	0.485554	
	0.561855	
	0.553453	
	0.593359	
	0.575759	
	0.547765	
	0.573551	
	0.584205	
	0.568266	
	0.581106	
	0.583842	
	0.584580	
	0.578306	
	0.627404	
	0.630562	
	0.595682	
	0.696622	
	0.701585	
	0.654937	
	0.670283	
	0.664810	
	0.585773	
	0.555506	
	0.620571	
	0.646360	
	0.623352	
	0.554098	
	0.598477	
	0.559080	
	0.622106	
	0.533830	
	0.540995	
	0.588377	
	0.553253	
	0.573454	
	0.550058	
	0.580493	
	0.561282	
	0.524742	
	0.508100	
	0.528792	
	0.569245	
	0.530238	
	0.440957	
	0.484539	
	0.411786	
	0.396781	
	0.351457	
	0.272839	
	0.287102	
	0.291693	
	0.273670	
	0.275098	
	0.302202	
	0.213848	
	0.206207	
	0.236146	
	0.344555	
	0.311600	
	0.276232	
	0.259070	
	0.230774	
	0.285406	
	0.297108	
	0.336226	
	0.350175	
	0.396419	
	0.435792	
	0.434246	
	0.399529	
	0.387962	
	0.391111	
	0.302617	
	0.351768	
	0.332385	
	0.314504	
	0.358643	
	0.293044	
	0.313255	
	0.381854	
	0.380900	
	0.338916	
	0.346764	
	0.363163	
	0.288231	
	0.329243	
	0.313079	
	0.416198	
	0.426863	
	0.452335	
	0.427063	
	0.411631	
	0.390571	
	0.431902	
	0.451920	
	0.456791	
	0.481271	
	0.415304	
	0.382822	
	0.354219	
	0.402040	
	0.423265	
	0.361245	
	0.393213	
	0.445287	
	0.441830	
	0.430388	
	0.392027	
	0.358218	
	0.383232	
	0.382789	
	0.407027	
	0.424290	
	0.405947	
	0.399903	
	0.457893	
	0.478021	
	0.483430	
	0.452377	
	0.445073	
	0.477883	
	0.432961	
	0.451485	
	0.400539	
	0.460344	
	0.472398	
	0.426022	
	0.410747	
	0.541102	
	0.604363	
	0.481538	
	0.549942	
	0.345573	
	0.302786	
	0.301162	
	0.304346	
	0.247371	
	0.275720	
	0.260398	
	0.253378	
	0.251302	
	0.251973	
	0.232692	
	0.253799	
	0.254253	
	0.203184	
	0.224865	
	0.179138	
	0.187810	
	0.235061	
	0.245263	
	0.259469	
	0.232504	
	0.237869	
	0.248917	
	0.212141	
	0.190952	
	0.275845	
	0.242811	
	0.272101	
	0.313184	
	0.293294	
	0.244976	
	0.247085	
	0.237445	
	0.301571	
	0.282021	
	0.235600	
	0.220223	
	0.182655	
	0.194977	
	0.203610	
	0.225184	
	0.217979	
	0.218710	
	0.198406	
	0.182916	
	0.196049	
	0.205976	
	0.171190	
	0.178826	
	0.197556	
	0.155892	
	0.204612	
	0.251593	
	0.261767	
	0.260116	
	0.266472	
	0.254501	
	0.224884	
	0.220117	
	0.260167	
	0.264249	
	0.277307	
	0.239781	
	0.210725	
	0.206833	
	0.218834	
	0.242502	
	0.235008	
	0.210171	
	0.191840	
	0.276837	
	0.234770	
	0.237466	
	0.215653	
	0.244346	
	0.226447	
	0.261634	
	0.192689	
	0.233132	
	0.287809	
	0.276334	
	0.260200	
	0.266904	
	0.304455	
	0.237605	
	0.254525	
	0.247796	
	0.340417	
	0.233667	
	0.261322	
	0.272399	
	0.322090	
	0.268028	
	0.317879	
	0.330418	
	0.322559	
	0.284975	
	0.291554	
	0.318256	
	0.318416	
	0.302793	
	0.299974	
	0.389911	
	0.325664	
	0.279786	
	0.248434	
	0.217852	
	0.214093	
	0.210495	
	0.224274	
	0.244471	
	0.187092	
	0.191243	
	0.195843	
	0.175711	
	0.158541	
	0.158007	
	0.160385	
	0.149868	
	0.159855	
	0.178937	
	0.257648	
	0.320400	
	0.340007	
	0.335701	
	0.336757	
	0.341624	
	0.292418	
	0.331178	
	0.357020	
	0.349240	
	0.426766	
	0.332262	
	0.327732	
	0.349841	
	0.343788	
	0.527478	
	0.447207	
	0.427162	
	0.470380	
	0.485328	
	0.446297	
	0.422595	
	0.421701	
	0.382996	
	0.401262	
	0.454132	
	0.485310	
	0.538763	
	0.544376	
	0.526237	
	0.569531	
	0.585916	
	0.574902	
	0.509355	
	0.469096	
	0.425111	
	0.503676	
	0.609026	
	0.622229	
	0.622674	
	0.639247	
	0.645681	
	0.685019	
	0.682115	
	0.655243	
	0.678254	
	0.682999	
	0.651819	
	0.608983	
	0.577684	
	0.582411	
	0.507831	
	0.394980	
	0.414394	
	0.435422	
	0.429755	
	0.485161	
	0.562228	
	0.560016	
	0.535411	
	0.524188	
	0.498554	
	0.553597	
	0.520751	
	0.552279	
	0.525187	
	0.504542	
	0.467200	
	0.418592	
	0.402569	
	0.412709	
	0.380794	
	0.418810	
	0.461408	
	0.464571	
	0.472185	
	0.480766	
	0.489870	
	0.471289	
	0.471439	
	0.457590	
	0.521581	
	0.511235	
	0.493124	
	0.452563	
	0.471309	
	0.261570	
	0.212203	
	0.233802	
	0.267540	
	0.262895	
	0.280017	
	0.328477	
	0.343432	
	0.317661	
	0.305778	
	0.283478	
	0.313887	
	0.385628	
	0.478736	
	0.463283	
	0.445178	
	0.437731	
	0.391161	
	0.302361	
	0.236431	
	0.295439	
	0.287363	
	0.339611	
	0.297761	
	0.253258	
	0.234994	
	0.211749	
	0.220090	
	0.253608	
	0.390732	
	0.437165	
	0.383811	
	0.377300	
	0.391352	
	0.354770	
	0.378934	
	0.361515	
	0.388773	
	0.320844	
	0.345306	
	0.325695	
	0.304598	
	0.313490	
	0.309854	
	0.308677	
	0.281362	
	0.280374	
	0.318777	
	0.324255	
	0.348963	
	0.399716	
	0.371756	
	0.391494	
	0.387663	
	0.345649	
	0.346626	
	0.331048	
	0.358351	
	0.336235	
	0.284232	
	0.279395	
	0.270710	
	0.282268	
	0.296956	
	0.286793	
	0.281203	
	0.308096	
	0.265250	
	0.317392	
	0.325464	
	0.298619	
	0.296307	
	0.306062	
	0.290747	
	0.233806	
	0.279461	
	0.267957	
	0.295325	
	0.302576	
	0.362222	
	0.331621	
	0.294217	
	0.296303	
	0.334150	
	0.348994	
	0.357900	
	0.370603	
	0.345026	
	0.363173	
	0.334353	
	0.273361	
	0.261139	
	0.291729	
	0.392420	
	0.439912	
	0.399168	
	0.383236	
	0.416821	
	0.394606	
	0.440404	
	0.396437	
	0.391691	
	0.407414	
	0.420388	
	0.461674	
	0.465485	
	0.440869	
	0.371464	
	0.411716	
	0.397594	
	0.391018	
	0.357508	
	0.343858	
	0.350895	
	0.322912	
	0.303875	
	0.358326	
	0.335952	
	0.319513	
	0.331578	
	0.330264	
	0.303620	
	0.300074	
	0.272854	
	0.250167	
	0.283194	
	0.291490	
	0.311986	
	0.317641	
	0.312055	
	0.303535	
	0.288346	
	0.322237	
	0.319486	
	0.367694	
	0.319159	
	0.333521	
	0.351561	
	0.368215	
	0.343992	
	0.372925	
	0.365235	
	0.383593	
	0.394875	
	0.373348	
	0.302456	
	0.297924	
	0.287676	
	0.285766	
	0.336344	
	0.309966	
	0.311857	
	0.314607	
	0.306809	
	0.324217	
	0.387795	
	0.381134	
	0.373602	
	0.381590	
	0.408550	
	0.356152	
	0.322237	
	0.302122	
	0.314535	
	0.297798	
	0.330028	
	0.346868	
	0.372118	
	0.353003	
	0.375291	
	0.426464	
	0.463683	
	0.455055	
	0.473542	
	0.438086	
	0.443726	
	0.441209	
	0.360580	
	0.407849	
	0.353164	
	0.255121	
	0.283965	
	0.228203	
	0.231842	
	0.231084	
	0.199959	
	0.249495	
	0.217621	
	0.204234	
	0.209407	
	0.189921	
	0.212326	
	0.201061	
	0.184901	
	0.162619	
	0.200246	
	0.272308	
	0.315391	
	0.291270	
	0.273767	
	0.314657	
	0.313103	
	0.340018	
	0.362429	
	0.283809	
	0.287658	
	0.338482	
	0.309464	
	0.346904	
	0.347937	
	0.271539	
	0.255986	
	0.255330	
	0.262807	
	0.106149	
	0.097055	
	0.101672	
	0.111605	
	0.104100	
	0.105970	
	0.104960	
	0.101470	
	0.110503	
	0.102343	
	0.101291	
	0.094553	
	0.100191	
	0.080650	
	0.092213	
	0.084374	
	0.133534	
	0.177017	
	0.125142	
	0.086655	
	0.084470	
	0.095014	
	0.094378	
	0.086470	
	0.090088	
	0.092446	
	0.077217	
	0.083166	
	0.089357	
	0.088506	
	0.106609	
	0.097541	
	0.093978	
	0.098410	
	0.099579	
	0.065690	
	0.061248	
	0.066363	
	0.068084	
	0.066049	
	0.071468	
	0.072022	
	0.078387	
	0.117590	
	0.104621	
	0.073241	
	0.085076	
	0.074305	
	0.142687	
	0.217821	
	0.249559	
	0.240709	
	0.229238	
	0.224508	
	0.236853	
	0.301981	
	0.281845	
	0.255835	
	0.278281	
	0.310787	
	0.274449	
	0.291955	
	0.328037	
	0.315967	
	0.235994	
	0.438729	
	0.542666	
	0.527779	
	0.359557	
	0.196879	
	0.187290	
	0.247256	
	0.222816	
	0.262096	
	0.262537	
	0.277724	
	0.276075	
	0.278849	
	0.297006	
	0.273624	
	0.266552	
	0.246619	
	0.250127	
	0.233959	
	0.261133	
	0.313625	
	0.271869	
	0.225783	
	0.269494	
	0.262642	
	0.223131	
	0.227503	
	0.243355	
	0.265333	
	0.265736	
	0.282666	
	0.231385	
	0.220462	
	0.232206	
	0.244314	
	0.205291	
	0.211160	
	0.198128	
	0.200032	
	0.176993	
	0.120421	
	0.146598	
	0.138591	
	0.132918	
	0.156524	
	0.137313	
	0.147944	
	0.137516	
	0.136308	
	0.157780	
	0.175321	
	0.147668	
	0.135598	
	0.152045	
	0.149298	
	0.200936	
	0.164468	
	0.187364	
	0.153904	
	0.225596	
	0.291385	
	0.340691	
	0.327548	
	0.295463	
	0.276107	
	0.267280	
	0.252924	
	0.235380	
	0.211176	
	0.239429	
	0.230701	
	0.160299	
	0.097344	
	0.088214	
	0.071768	
	0.095990	
	0.088756	
	0.114981	
	0.095915	
	0.125994	
	0.112945	
	0.104656	
	0.106047	
	0.105490	
	0.110619	
	0.126071	
	0.120088	
	0.130371	
	0.150544	
	0.162964	
	0.138718	
	0.120714	
	0.117790	
	0.127109	
	0.097249	
	0.100233	
	0.105074	
	0.111566	
	0.108819	
	0.113666	
	0.117818	
	0.125825	
	0.125580	
	0.215334	
	0.128340	
	0.113771	
	0.136956	
	0.179469	
	0.256379	
	0.327085	
	0.378183	
	0.386976	
	0.396732	
	0.378700	
	0.357004	
	0.365105	
	0.373951	
	0.341108	
	0.330736	
	0.322660	
	0.340844	
	0.360472	
	0.367716	
	0.377280	
	0.408924	
	0.505904	
	0.479773	
	0.448439	
	0.423156	
	0.407755	
	0.449355	
	0.443658	
	0.443116	
	0.464717	
	0.477170	
	0.504857	
	0.385521	
	0.441950	
	0.571314	
	0.604031	
	0.497616	
	0.310592	
	0.360647	
	0.347668	
	0.379761	
	0.395006	
	0.390851	
	0.383666	
	0.388117	
	0.423462	
	0.408375	
	0.404949	
	0.392704	
	0.439646	
	0.408829	
	0.429172	
	0.438577	
	0.389169	
	0.407413	
	0.407612	
	0.407020	
	0.402258	
	0.442144	
	0.452709	
	0.439651	
	0.405394	
	0.442494	
	0.506313	
	0.487144	
	0.436633	
	0.421599	
	0.431795	
	0.425615	
	0.435635	
	0.409691	
	0.379845	
	0.386493	
	0.341734	
	0.352859	
	0.333363	
	0.304227	
	0.324805	
	0.323816	
	0.330409	
	0.298895	
	0.292932	
	0.276490	
	0.243752	
	0.260090	
	0.239938	
	0.246433	
	0.248860	
	0.285882	
	0.279186	
	0.281993	
	0.297046	
	0.299903	
	0.303688	
	0.333811	
	0.374733	
	0.375376	
	0.422594	
	0.377029	
	0.374710	
	0.335928	
	0.322176	
	0.341433	
	0.340664	
	0.379678	
	0.547261	
	0.311594	
	0.261544	
	0.256152	
	0.236678	
	0.244513	
	0.264960	
	0.275505	
	0.279553	
	0.291649	
	0.292311	
	0.255120	
	0.300243	
	0.284526	
	0.281968	
	0.283831	
	0.317835	
	0.324622	
	0.303935	
	0.282240	
	0.282920	
	0.268309	
	0.302720	
	0.310264	
	0.322215	
	0.299880	
	0.312800	
	0.329625	
	0.360580	
	0.355403	
	0.354953	
	0.336141	
	0.300475	
	0.300214	
	0.294470	
	0.280224	
	0.296074	
	0.308794	
	0.309868	
	0.346556	
	0.262888	
	0.303735	
	0.280969	
	0.286166	
	0.260987	
	0.240868	
	0.273985	
	0.327493	
	0.390451	
	0.358598	
	0.328969	
	0.346045	
	0.364408	
	0.372927	
	0.358957	
	0.379782	
	0.490072	
	0.595721	
	0.636253	
	0.655515	
	0.664719	
	0.647626	
	0.640400	
	0.667965	
	0.588379	
	0.569728	
	0.649735	
	0.632990	
	0.580766	
	0.384102	
	0.396075	
	0.415859	
	0.444632	
	0.424377	
	0.391355	
	0.442560	
	0.402529	
	0.405730	
	0.375938	
	0.407084	
	0.378137	
	0.423941	
	0.429993	
	0.416540	
	0.412596	
	0.454712	
	0.361450	
	0.345835	
	0.389411	
	0.373692	
	0.355153	
	0.386705	
	0.420695	
	0.413153	
	0.483837	
	0.504816	
	0.532684	
	0.547049	
	0.527875	
	0.525660	
	0.510432	
	0.599424	
	0.616723	
	0.518641	
	0.465297	
	0.440877	
	0.432659	
	0.461592	
	0.452129	
	0.452024	
	0.419145	
	0.445826	
	0.452912	
	0.422789	
	0.371494	
	0.415770	
	0.397979	
	0.401032	
	0.369427	
	0.366703	
	0.354873	
	0.367556	
	0.350054	
	0.283852	
	0.291267	
	0.296965	
	0.302247	
	0.284151	
	0.241675	
	0.198430	
	0.213111	
	0.246658	
	0.254730	
	0.239935	
	0.262949	
	0.288954	
	0.290081	
	0.254245	
	0.236863	
	0.183324	
	0.185776	
	0.196819	
	0.192930	
	0.202829	
	0.212553	
	0.195634	
	0.196395	
	0.205094	
	0.230066	
	0.216799	
	0.204730	
	0.212829	
	0.205119	
	0.192432	
	0.214788	
	0.218254	
	0.214083	
	0.235901	
	0.262041	
	0.293508	
	0.264774	
	0.250067	
	0.239468	
	0.256485	
	0.267055	
	0.249854	
	0.275214	
	0.306531	
	0.306668	
	0.308088	
	0.283186	
	0.302608	
	0.280417	
	0.288845	
	0.276967	
	0.253316	
	0.243332	
	0.266196	
	0.303609	
	0.277558	
	0.256405	
	0.221151	
	0.205065	
	0.201650	
	0.184751	
	0.211568	
	0.266295	
	0.257666	
	0.206495	
	0.180235	
	0.184807	
	0.197041	
	0.260689	
	0.254388	
	0.283788	
	0.205906	
	0.215804	
	0.220750	
	0.245696	
	0.272723	
	0.253545	
	0.264127	
	0.210610	
	0.188842	
	0.223923	
	0.203446	
	0.225404	
	0.245055	
	0.246913	
	0.207020	
	0.200019	
	0.200687	
	0.210486	
	0.284829	
	0.238594	
	0.255910	
	0.192430	
	0.252364	
	0.226940	
	0.268061	
	0.271632	
	0.251545	
	0.253530	
	0.217730	
	0.201581	
	0.218987	
	0.269535	
	0.261724	
	0.263348	
	0.271833	
	0.230129	
	0.229135	
	0.194566	
	0.278270	
	0.286952	
	0.295630	
	0.272328	
	0.288726	
	0.291459	
	0.280367	
	0.277565	
	0.266489	
	0.309700	
	0.265583	
	0.224528	
	0.228304	
	0.195179	
	0.193669	
	0.194455	
	0.175695	
	0.153832	
	0.148881	
	0.136712	
	0.137741	
	0.151114	
	0.138460	
	0.145427	
	0.130344	
	0.173968	
	0.287766	
	0.298635	
	0.223576	
	0.228922	
	0.256662	
	0.265955	
	0.211562	
	0.202103	
	0.293064	
	0.377685	
	0.338794	
	0.286081	
	0.249055	
	0.265388	
	0.282018	
	0.277049	
	0.259217	
	0.232074	
	0.263154	
	0.316415	
	0.349824	
	0.396854	
	0.415907	
	0.410220	
	0.481443	
	0.482243	
	0.486426	
	0.480093	
	0.475368	
	0.418503	
	0.429185	
	0.455477	
	0.558785	
	0.579373	
	0.479870	
	0.452052	
	0.453456	
	0.442079	
	0.369538	
	0.435731	
	0.471982	
	0.388434	
	0.374090	
	0.462834	
	0.489627	
	0.442170	
	0.442046	
	0.428660	
	0.375212	
	0.396548	
	0.405392	
	0.377767	
	0.352137	
	0.401675	
	0.412304	
	0.427651	
	0.426521	
	0.464964	
	0.408205	
	0.386131	
	0.357331	
	0.351118	
	0.430549	
	0.466516	
	0.488215	
	0.456719	
	0.436330	
	0.459697	
	0.484863	
	0.404532	
	0.421680	
	0.441085	
	0.431842	
	0.411466	
	0.418195	
	0.432005	
	0.411342	
	0.436344	
	0.478882	
	0.443880	
	0.396417	
	0.364138	
	0.402683	
	0.575352	
	0.586199	
	0.534545	
	0.394379	
	0.295312	
	0.254964	
	0.265725	
	0.255212	
	0.256966	
	0.238540	
	0.234479	
	0.236085	
	0.284372	
	0.254346	
	0.211088	
	0.233325	
	0.230581	
	0.257275	
	0.282619	
	0.322231	
	0.287854	
	0.351008	
	0.391676	
	0.439845	
	0.386534	
	0.447744	
	0.459221	
	0.424811	
	0.405582	
	0.406435	
	0.395681	
	0.427383	
	0.449005	
	0.430061	
	0.421885	
	0.452586	
	0.410157	
	0.341177	
	0.238373	
	0.221846	
	0.212995	
	0.221739	
	0.237591	
	0.234275	
	0.226542	
	0.242607	
	0.249604	
	0.268078	
	0.222745	
	0.240403	
	0.202625	
	0.234813	
	0.259957	
	0.287749	
	0.223396	
	0.192660	
	0.175559	
	0.199714	
	0.188571	
	0.239432	
	0.293841	
	0.320079	
	0.320257	
	0.362944	
	0.394534	
	0.406446	
	0.360815	
	0.368187	
	0.401716	
	0.269266	
	0.225320	
	0.100959	
	0.072550	
	0.076137	
	0.069800	
	0.063898	
	0.058970	
	0.061260	
	0.072588	
	0.066966	
	0.071193	
	0.066652	
	0.067415	
	0.066297	
	0.069382	
	0.063930	
	0.103518	
	0.117470	
	0.103708	
	0.091814	
	0.073398	
	0.086351	
	0.065604	
	0.080903	
	0.082800	
	0.095729	
	0.095966	
	0.096119	
	0.110419	
	0.117761	
	0.120577	
	0.115899	
	0.114685	
	0.200712	
	0.365508	
	0.393061	
	0.526278	
	0.223092	
	0.176408	
	0.141156	
	0.138409	
	0.147305	
	0.151600	
	0.160581	
	0.202885	
	0.182127	
	0.189055	
	0.156576	
	0.161233	
	0.191185	
	0.193926	
	0.182344	
	0.199894	
	0.211636	
	0.195763	
	0.237407	
	0.165083	
	0.165532	
	0.144630	
	0.132849	
	0.150084	
	0.176880	
	0.157153	
	0.182142	
	0.213268	
	0.239521	
	0.225414	
	0.211791	
	0.175609	
	0.209633	
	0.163965	
	0.118162	
	0.115127	
	0.118790	
	0.118635	
	0.105104	
	0.112309	
	0.115175	
	0.126568	
	0.121490	
	0.119084	
	0.126247	
	0.125594	
	0.121050	
	0.114575	
	0.164419	
	0.135874	
	0.189256	
	0.181686	
	0.173147	
	0.185575	
	0.162736	
	0.168486	
	0.174295	
	0.157157	
	0.146355	
	0.161536	
	0.158214	
	0.183448	
	0.186635	
	0.203616	
	0.180830	
	0.167886	
	0.191189	
	0.235796	
	0.204642	
	0.176546	
	0.169630	
	0.169440	
	0.182383	
	0.175334	
	0.180079	
	0.195579	
	0.201435	
	0.209432	
	0.208421	
	0.188635	
	0.187808	
	0.185334	
	0.220073	
	0.306709	
	0.275035	
	0.248175	
	0.235283	
	0.225563	
	0.239616	
	0.268073	
	0.265638	
	0.256708	
	0.263940	
	0.251771	
	0.246345	
	0.280960	
	0.256855	
	0.241978	
	0.240191	
	0.213125	
	0.225330	
	0.225828	
	0.343470	
	0.378552	
	0.358025	
	0.402243	
	0.424126	
	0.472189	
	0.528108	
	0.533280	
	0.552390	
	0.514519	
	0.436510	
	0.377925	
	0.388199	
	0.386386	
	0.412619	
	0.423893	
	0.452895	
	0.422877	
	0.474625	
	0.488644	
	0.481052	
	0.468202	
	0.406477	
	0.454920	
	0.395904	
	0.484026	
	0.447862	
	0.450394	
	0.472591	
	0.412043	
	0.474575	
	0.482633	
	0.462779	
	0.487504	
	0.436054	
	0.377728	
	0.369332	
	0.402402	
	0.399294	
	0.376517	
	0.288611	
	0.286820	
	0.341023	
	0.359425	
	0.391429	
	0.401772	
	0.397481	
	0.389972	
	0.365240	
	0.335891	
	0.401634	
	0.405151	
	0.392997	
	0.440133	
	0.423293	
	0.327986	
	0.357177	
	0.450461	
	0.410394	
	0.350819	
	0.336368	
	0.287032	
	0.498093	
	0.511575	
	0.544719	
	0.403832	
	0.302261	
	0.268866	
	0.222782	
	0.247399	
	0.240030	
	0.221018	
	0.217172	
	0.197877	
	0.223589	
	0.279651	
	0.309002	
	0.373745	
	0.432748	
	0.403516	
	0.362424	
	0.307590	
	0.297123	
	0.275123	
	0.224566	
	0.241928	
	0.242115	
	0.249912	
	0.221990	
	0.232446	
	0.245008	
	0.261853	
	0.283620	
	0.286091	
	0.304411	
	0.237288	
	0.218584	
	0.262249	
	0.294028	
	0.232219	
	0.267501	
	0.284842	
	0.319532	
	0.315900	
	0.384142	
	0.347942	
	0.325008	
	0.310423	
	0.324629	
	0.357743	
	0.350118	
	0.369801	
	0.387522	
	0.311088	
	0.294255	
	0.264086	
	0.301873	
	0.328110	
	0.313219	
	0.342876	
	0.360828	
	0.380168	
	0.361519	
	0.341067	
	0.333819	
	0.383244	
	0.354755	
	0.369481	
	0.309648	
	0.344938	
	0.285444	
	0.255666	
	0.254427	
	0.236600	
	0.259083	
	0.258901	
	0.202887	
	0.171972	
	0.190046	
	0.169015	
	0.162115	
	0.156950	
	0.166667	
	0.172727	
	0.153370	
	0.171503	
	0.166255	
	0.154115	
	0.155830	
	0.163018	
	0.143027	
	0.133385	
	0.144217	
	0.135348	
	0.195928	
	0.189141	
	0.261278	
	0.260705	
	0.240354	
	0.287862	
	0.247859	
	0.227087	
	0.221363	
	0.331454	
	0.342649	
	0.324122	
	0.317835	
	0.308015	
	0.298527	
	0.333172	
	0.376434	
	0.299847	
	0.289925	
	0.287268	
	0.271715	
	0.264474	
	0.292882	
	0.308682	
	0.308134	
	0.301173	
	0.280216	
	0.229248	
	0.211079	
	0.236432	
	0.246769	
	0.245519	
	0.244156	
	0.214544	
	0.186066	
	0.252608	
	0.274227	
	0.268739	
	0.301860	
	0.256337	
	0.264780	
	0.249732	
	0.244627	
	0.284226	
	0.309243	
	0.326967	
	0.305196	
	0.266719	
	0.240722	
	0.223030	
	0.233686	
	0.211274	
	0.221418	
	0.329487	
	0.341750	
	0.324624	
	0.336347	
	0.345215	
	0.361862	
	0.350480	
	0.330131	
	0.372200	
	0.437865	
	0.380223	
	0.400309	
	0.367587	
	0.433779	
	0.392098	
	0.311973	
	0.339468	
	0.355698	
	0.363523	
	0.351309	
	0.406286	
	0.406712	
	0.383424	
	0.377249	
	0.408050	
	0.459759	
	0.435284	
	0.395187	
	0.379455	
	0.414208	
	0.358176	
	0.400298	
	0.320489	
	0.306991	
	0.349517	
	0.328795	
	0.334171	
	0.275988	
	0.264611	
	0.240962	
	0.235439	
	0.243784	
	0.237207	
	0.238465	
	0.262645	
	0.242367	
	0.235386	
	0.247189	
	0.243602	
	0.271317	
	0.304927	
	0.315263	
	0.315018	
	0.359262	
	0.338195	
	0.384760	
	0.410581	
	0.477154	
	0.398217	
	0.410371	
	0.423426	
	0.413946	
	0.377299	
	0.376852	
	0.312671	
	0.294705	
	0.323205	
	0.287621	
	0.139125	
	0.149459	
	0.154027	
	0.165580	
	0.195225	
	0.198504	
	0.219834	
	0.261452	
	0.273417	
	0.307931	
	0.327197	
	0.305301	
	0.320063	
	0.335452	
	0.357380	
	0.427678	
	0.369341	
	0.333816	
	0.459306	
	0.522251	
	0.515285	
	0.510118	
	0.453948	
	0.436200	
	0.529515	
	0.544023	
	0.517632	
	0.535187	
	0.582188	
	0.632992	
	0.589926	
	0.630678	
	0.615363	
	0.663525	
	0.485661	
	0.435949	
	0.375413	
	0.396898	
	0.461149	
	0.413844	
	0.373483	
	0.338370	
	0.369103	
	0.341007	
	0.305388	
	0.308074	
	0.319758	
	0.313518	
	0.350864	
	0.288279	
	0.278026	
	0.272775	
	0.236557	
	0.232414	
	0.233430	
	0.201561	
	0.232665	
	0.240358	
	0.268136	
	0.216798	
	0.234733	
	0.233294	
	0.224260	
	0.281210	
	0.256601	
	0.373008	
	0.424490	
	0.320518	
	0.245065	
	0.321826	
	0.345194	
	0.298662	
	0.335596	
	0.345233	
	0.328208	
	0.329122	
	0.354533	
	0.336177	
	0.332329	
	0.331303	
	0.363253	
	0.321736	
	0.298558	
	0.279607	
	0.279815	
	0.288692	
	0.270187	
	0.309106	
	0.288295	
	0.276687	
	0.297318	
	0.306278	
	0.303779	
	0.320668	
	0.360896	
	0.331221	
	0.346575	
	0.334935	
	0.345457	
	0.401571	
	0.509109	
	0.451551	
	0.344962	
	0.288077	
	0.294205	
	0.339374	
	0.383431	
	0.345651	
	0.277041	
	0.298333	
	0.267071	
	0.285230	
	0.249589	
	0.242594	
	0.256730	
	0.259549	
	0.241604	
	0.275532	
	0.284786	
	0.294106	
	0.296793	
	0.233934	
	0.206300	
	0.227988	
	0.250223	
	0.290429	
	0.312067	
	0.347658	
	0.332316	
	0.338959	
	0.331297	
	0.340112	
	0.287023	
	0.292432	
	0.221672	
	0.183805	
	0.280885	
	0.278487	
	0.305483	
	0.313071	
	0.322220	
	0.385608	
	0.410637	
	0.419833	
	0.390666	
	0.395183	
	0.434019	
	0.399878	
	0.370310	
	0.361900	
	0.354000	
	0.375124	
	0.422936	
	0.405665	
	0.386281	
	0.440115	
	0.497315	
	0.459412	
	0.545362	
	0.556062	
	0.514121	
	0.586851	
	0.568006	
	0.532639	
	0.572174	
	0.616933	
	0.619344	
	0.644709	
	0.676268	
	0.632538	
	0.583131	
	0.471060	
	0.472717	
	0.334322	
	0.286530	
	0.247679	
	0.267338	
	0.285118	
	0.312459	
	0.284135	
	0.243157	
	0.255328	
	0.222056	
	0.219078	
	0.235505	
	0.191427	
	0.172748	
	0.217270	
	0.185406	
	0.178622	
	0.209011	
	0.193399	
	0.197124	
	0.203534	
	0.201722	
	0.158793	
	0.147792	
	0.176171	
	0.170012	
	0.191827	
	0.185383	
	0.201696	
	0.208452	
	0.197735	
	0.176665	
	0.111217	
	0.104907	
	0.125249	
	0.133918	
	0.138752	
	0.142768	
	0.154066	
	0.166143	
	0.196840	
	0.183180	
	0.195852	
	0.198842	
	0.186182	
	0.196354	
	0.201910	
	0.219755	
	0.186014	
	0.193844	
	0.211042	
	0.241788	
	0.229895	
	0.222696	
	0.221848	
	0.205153	
	0.207437	
	0.219529	
	0.259468	
	0.267990	
	0.203544	
	0.227395	
	0.251089	
	0.266553	
	0.273937	
	0.221341	
	0.213631	
	0.243931	
	0.222945	
	0.216945	
	0.194826	
	0.232552	
	0.197781	
	0.191250	
	0.202973	
	0.202296	
	0.190143	
	0.192901	
	0.201353	
	0.188022	
	0.211923	
	0.238549	
	0.183110	
	0.160011	
	0.158312	
	0.153219	
	0.179035	
	0.206594	
	0.233135	
	0.254569	
	0.244785	
	0.279551	
	0.283040	
	0.277426	
	0.267859	
	0.271605	
	0.288180	
	0.366186	
	0.273617	
	0.161610	
	0.180543	
	0.217263	
	0.207196	
	0.227721	
	0.285675	
	0.316853	
	0.342351	
	0.329833	
	0.315414	
	0.333459	
	0.323751	
	0.331977	
	0.296012	
	0.295075	
	0.318238	
	0.309680	
	0.332831	
	0.357312	
	0.325104	
	0.357589	
	0.363180	
	0.334662	
	0.382182	
	0.457859	
	0.413329	
	0.377144	
	0.371996	
	0.395381	
	0.417828	
	0.416714	
	0.395627	
	0.377610	
	0.390867	
	0.336527	
	0.341728	
	0.334437	
	0.326317	
	0.305530	
	0.294788	
	0.291740	
	0.309537	
	0.295006	
	0.314295	
	0.317716	
	0.296175	
	0.279349	
	0.277113	
	0.276266	
	0.281425	
	0.261495	
	0.282925	
	0.395023	
	0.418881	
	0.349320	
	0.395046	
	0.434142	
	0.493336	
	0.521278	
	0.565955	
	0.627060	
	0.539403	
	0.544701	
	0.483322	
	0.440830	
	0.474059	
	0.504870	
	0.387339	
	0.318663	
	0.303283	
	0.287298	
	0.296869	
	0.261843	
	0.228553	
	0.232266	
	0.266391	
	0.254205	
	0.263894	
	0.250766	
	0.282227	
	0.298968	
	0.247662	
	0.316369	
	0.325936	
	0.285315	
	0.268074	
	0.325418	
	0.405966	
	0.422047	
	0.426766	
	0.500799	
	0.455359	
	0.448868	
	0.450003	
	0.459199	
	0.539893	
	0.343225	
	0.280144	
	0.314199	
	0.349275	
	0.420347	
	0.390412	
	0.405171	
	0.293011	
	0.331331	
	0.287332	
	0.273837	
	0.265374	
	0.252193	
	0.270051	
	0.282321	
	0.290302	
	0.254531	
	0.232450	
	0.259120	
	0.256780	
	0.285141	
	0.378407	
	0.349508	
	0.278091	
	0.252582	
	0.274404	
	0.301770	
	0.346129	
	0.301905	
	0.318093	
	0.280771	
	0.251001	
	0.276042	
	0.292230	
	0.305852	
	0.303051	
	0.254348	
	0.322230	
	0.361818	
	0.271359	
	0.253022	
	0.245877	
	0.239299	
	0.243116	
	0.241298	
	0.204396	
	0.203237	
	0.204419	
	0.214828	
	0.236208	
	0.236725	
	0.228456	
	0.249216	
	0.217571	
	0.236150	
	0.235220	
	0.246340	
	0.256598	
	0.256080	
	0.283689	
	0.294434	
	0.262685	
	0.269911	
	0.270767	
	0.254005	
	0.264187	
	0.269446	
	0.268707	
	0.271193	
	0.266613	
	0.270284	
	0.286735	
	0.312367	
	0.320730	
	0.236812	
	0.253654	
	0.277849	
	0.249447	
	0.253371	
	0.270418	
	0.242479	
	0.236381	
	0.229475	
	0.224005	
	0.268742	
	0.273330	
	0.241028	
	0.242207	
	0.232284	
	0.240925	
	0.247615	
	0.249222	
	0.227865	
	0.253174	
	0.254293	
	0.228574	
	0.228644	
	0.221498	
	0.208973	
	0.242625	
	0.258916	
	0.266338	
	0.221841	
	0.230316	
	0.244296	
	0.246547	
	0.271477	
	0.229071	
	0.202969	
	0.193439	
	0.191363	
	0.230839	
	0.237514	
	0.230667	
	0.209053	
	0.204114	
	0.206941	
	0.208695	
	0.224767	
	0.234196	
	0.233251	
	0.224263	
	0.223207	
	0.229727	
	0.240057	
	0.210685	
	0.207552	
	0.230816	
	0.215811	
	0.263775	
	0.285175	
	0.299344	
	0.259438	
	0.280956	
	0.256623	
	0.221437	
	0.279223	
	0.306598	
	0.296451	
	0.322064	
	0.282782	
	0.253869	
	0.248442	
	0.271930	
	0.256567	
	0.249272	
	0.254637	
	0.235175	
	0.226698	
	0.208752	
	0.219156	
	0.184309	
	0.203196	
	0.177856	
	0.209105	
	0.199815	
	0.182646	
	0.166478	
	0.182847	
	0.231570	
	0.235923	
	0.258575	
	0.245038	
	0.291445	
	0.317371	
	0.298206	
	0.326587	
	0.262824	
	0.273613	
	0.280856	
	0.290781	
	0.327099	
	0.318631	
	0.347142	
	0.371988	
	0.459263	
	0.498939	
	0.495070	
	0.362313	
	0.232854	
	0.281549	
	0.394521	
	0.455979	
	0.526609	
	0.612386	
	0.598458	
	0.598765	
	0.554706	
	0.557745	
	0.601610	
	0.587744	
	0.591465	
	0.531305	
	0.586778	
	0.621784	
	0.588885	
	0.583760	
	0.575159	
	0.582365	
	0.605939	
	0.571440	
	0.670713	
	0.534141	
	0.450459	
	0.515708	
	0.509909	
	0.407784	
	0.442644	
	0.567081	
	0.503290	
	0.551159	
	0.502192	
	0.321866	
	0.278870	
	0.262028	
	0.264563	
	0.263578	
	0.251634	
	0.261804	
	0.275292	
	0.287014	
	0.283185	
	0.293178	
	0.359973	
	0.434253	
	0.294053	
	0.217648	
	0.270262	
	0.380816	
	0.391705	
	0.386588	
	0.417279	
	0.467102	
	0.334912	
	0.336360	
	0.403389	
	0.441001	
	0.412092	
	0.366529	
	0.389608	
	0.364110	
	0.387441	
	0.375343	
	0.438127	
	0.574354	
	0.531633	
	0.355276	
	0.263643	
	0.265221	
	0.314518	
	0.323659	
	0.344679	
	0.355134	
	0.384700	
	0.367881	
	0.337048	
	0.320070	
	0.275703	
	0.370173	
	0.519215	
	0.516035	
	0.516892	
	0.436572	
	0.366447	
	0.375942	
	0.341475	
	0.394483	
	0.385100	
	0.363911	
	0.376271	
	0.309333	
	0.360873	
	0.318765	
	0.282257	
	0.272185	
	0.254340	
	0.293038	
	0.379604	
	0.452220	
	0.453432	
	0.364888	
	0.259040	
	0.213401	
	0.215568	
	0.210978	
	0.222493	
	0.204261	
	0.171524	
	0.163397	
	0.156794	
	0.165331	
	0.179191	
	0.169728	
	0.176036	
	0.175904	
	0.162694	
	0.221400	
	0.182410	
	0.156473	
	0.152851	
	0.163656	
	0.172323	
	0.209147	
	0.237179	
	0.237767	
	0.219474	
	0.226397	
	0.206465	
	0.197255	
	0.192538	
	0.223110	
	0.384481	
	0.511949	
	0.519124	
	0.202009	
	0.125183	
	0.113273	
	0.100065	
	0.112630	
	0.122468	
	0.108680	
	0.117116	
	0.119259	
	0.132159	
	0.094144	
	0.106755	
	0.094326	
	0.107307	
	0.122262	
	0.127884	
	0.159178	
	0.163095	
	0.148864	
	0.124815	
	0.105012	
	0.095515	
	0.107312	
	0.125442	
	0.179493	
	0.261959	
	0.257718	
	0.299629	
	0.268318	
	0.305436	
	0.549106	
	0.599619	
	0.652598	
	0.537919	
	0.246979	
	0.267517	
	0.303537	
	0.287226	
	0.309504	
	0.275657	
	0.268160	
	0.245371	
	0.231763	
	0.228211	
	0.257830	
	0.324678	
	0.272414	
	0.284457	
	0.308150	
	0.447106	
	0.397862	
	0.351449	
	0.297496	
	0.366416	
	0.345734	
	0.368494	
	0.385718	
	0.351466	
	0.283961	
	0.291397	
	0.267311	
	0.244728	
	0.282174	
	0.241559	
	0.224862	
	0.239832	
	0.187131	
	0.175474	
	0.153150	
	0.179964	
	0.136083	
	0.206035	
	0.159298	
	0.179349	
	0.179613	
	0.162593	
	0.170932	
	0.178773	
	0.168389	
	0.182804	
	0.150255	
	0.154133	
	0.137624	
	0.146627	
	0.136661	
	0.154951	
	0.147562	
	0.137961	
	0.150983	
	0.164231	
	0.156181	
	0.170069	
	0.170132	
	0.186606	
	0.202164	
	0.225529	
	0.237806	
	0.227778	
	0.238573	
	0.269372	
	0.269493	
	0.209489	
	0.188208	
	0.140007	
	0.126198	
	0.149040	
	0.198258	
	0.205325	
	0.216128	
	0.245911	
	0.234259	
	0.270450	
	0.308735	
	0.295098	
	0.329652	
	0.315106	
	0.275984	
	0.249952	
	0.277092	
	0.268221	
	0.299645	
	0.261342	
	0.313516	
	0.315847	
	0.331430	
	0.358755	
	0.399915	
	0.378397	
	0.354103	
	0.401530	
	0.368769	
	0.422126	
	0.485548	
	0.517669	
	0.449884	
	0.385192	
	0.541399	
	0.544194	
	0.486837	
	0.379449	
	0.430355	
	0.511083	
	0.474800	
	0.501501	
	0.470232	
	0.535663	
	0.519900	
	0.521814	
	0.574886	
	0.585570	
	0.552418	
	0.559540	
	0.564230	
	0.562017	
	0.596215	
	0.557490	
	0.603322	
	0.621569	
	0.681861	
	0.659687	
	0.671341	
	0.710163	
	0.670724	
	0.618867	
	0.622631	
	0.663671	
	0.689933	
	0.711029	
	0.682912	
	0.596175	
	0.590911	
	0.627538	
	0.546356	
	0.567864	
	0.570110	
	0.559613	
	0.543897	
	0.551943	
	0.509950	
	0.524227	
	0.522970	
	0.555322	
	0.517654	
	0.550460	
	0.583343	
	0.539809	
	0.550811	
	0.579828	
	0.508604	
	0.461743	
	0.394282	
	0.464976	
	0.434060	
	0.402729	
	0.355027	
	0.282769	
	0.288595	
	0.302452	
	0.317655	
	0.296782	
	0.279010	
	0.277546	
	0.229772	
	0.236572	
	0.271534	
	0.316535	
	0.265725	
	0.241625	
	0.212565	
	0.203312	
	0.240744	
	0.282799	
	0.323077	
	0.334598	
	0.360863	
	0.403839	
	0.372871	
	0.388086	
	0.382587	
	0.361822	
	0.340190	
	0.312791	
	0.328070	
	0.316302	
	0.272736	
	0.204117	
	0.304791	
	0.337577	
	0.324650	
	0.343829	
	0.344076	
	0.366063	
	0.354420	
	0.405959	
	0.420771	
	0.417186	
	0.429351	
	0.488643	
	0.464671	
	0.394350	
	0.420163	
	0.393240	
	0.397649	
	0.478223	
	0.503937	
	0.339135	
	0.389263	
	0.409285	
	0.388571	
	0.398353	
	0.380406	
	0.402599	
	0.463848	
	0.469985	
	0.372564	
	0.364026	
	0.342667	
	0.367392	
	0.434992	
	0.399798	
	0.369986	
	0.392863	
	0.405505	
	0.439692	
	0.424539	
	0.413443	
	0.429631	
	0.507956	
	0.441753	
	0.431846	
	0.397905	
	0.377890	
	0.367221	
	0.431887	
	0.437290	
	0.554578	
	0.553943	
	0.457584	
	0.481487	
	0.352509	
	0.318622	
	0.331434	
	0.287307	
	0.300826	
	0.281089	
	0.276389	
	0.255982	
	0.247205	
	0.233055	
	0.224840	
	0.220114	
	0.208005	
	0.183060	
	0.187444	
	0.197551	
	0.160466	
	0.173276	
	0.294802	
	0.312762	
	0.267557	
	0.285734	
	0.302091	
	0.297896	
	0.303433	
	0.299964	
	0.281713	
	0.299730	
	0.318456	
	0.346676	
	0.285960	
	0.250315	
	0.233854	
	0.195877	
	0.225189	
	0.246991	
	0.204111	
	0.207804	
	0.196776	
	0.175027	
	0.180360	
	0.192293	
	0.205100	
	0.203802	
	0.198566	
	0.186584	
	0.174480	
	0.169553	
	0.157389	
	0.184606	
	0.172546	
	0.188748	
	0.206476	
	0.235322	
	0.256016	
	0.255764	
	0.242079	
	0.245538	
	0.241457	
	0.223469	
	0.256389	
	0.217033	
	0.230036	
	0.269858	
	0.250661	
	0.267926	
	0.251785	
	0.253290	
	0.182243	
	0.165322	
	0.254711	
	0.304532	
	0.282220	
	0.267668	
	0.228384	
	0.193080	
	0.219857	
	0.212110	
	0.212072	
	0.259958	
	0.258256	
	0.193819	
	0.191858	
	0.187152	
	0.233389	
	0.217236	
	0.262520	
	0.283974	
	0.270591	
	0.243044	
	0.232618	
	0.253695	
	0.260204	
	0.286788	
	0.354550	
	0.346119	
	0.360932	
	0.303626	
	0.316134	
	0.321430	
	0.293771	
	0.247053	
	0.220982	
	0.219152	
	0.275711	
	0.240491	
	0.233955	
	0.225744	
	0.224853	
	0.197735	
	0.191621	
	0.167635	
	0.188792	
	0.195648	
	0.187787	
	0.159897	
	0.149239	
	0.148701	
	0.151747	
	0.164738	
	0.209363	
	0.287461	
	0.289082	
	0.275330	
	0.290694	
	0.316971	
	0.353161	
	0.366177	
	0.331950	
	0.299717	
	0.325650	
	0.353777	
	0.362087	
	0.324084	
	0.327508	
	0.273709	
	0.298808	
	0.173851	
	0.142479	
	0.154419	
	0.141582	
	0.134276	
	0.143178	
	0.147978	
	0.144423	
	0.143619	
	0.145205	
	0.136125	
	0.158055	
	0.150276	
	0.160126	
	0.149798	
	0.157313	
	0.160830	
	0.140683	
	0.160619	
	0.216683	
	0.239349	
	0.226060	
	0.213376	
	0.204722	
	0.203758	
	0.225424	
	0.278612	
	0.250949	
	0.230629	
	0.215003	
	0.201754	
	0.239910	
	0.234852	
	0.223357	
	0.192842	
	0.212927	
	0.198944	
	0.107820	
	0.084590	
	0.090737	
	0.087004	
	0.089867	
	0.102544	
	0.086926	
	0.087651	
	0.075186	
	0.095192	
	0.074389	
	0.094293	
	0.085613	
	0.079586	
	0.089065	
	0.103651	
	0.175530	
	0.156757	
	0.117362	
	0.122430	
	0.159056	
	0.200747	
	0.214991	
	0.228738	
	0.220744	
	0.205966	
	0.213974	
	0.185100	
	0.188344	
	0.218367	
	0.214082	
	0.231605	
	0.173248	
	0.119196	
	0.105925	
	0.110926	
	0.162318	
	0.192797	
	0.196850	
	0.208444	
	0.171346	
	0.165475	
	0.218684	
	0.248013	
	0.265890	
	0.282055	
	0.273991	
	0.220736	
	0.218973	
	0.267937	
	0.329305	
	0.239781	
	0.229086	
	0.264896	
	0.281282	
	0.278853	
	0.268047	
	0.300431	
	0.318405	
	0.295571	
	0.276038	
	0.319199	
	0.331690	
	0.340333	
	0.335552	
	0.361208	
	0.358104	
	0.259079	
	0.187359	
	0.151359	
	0.153635	
	0.152772	
	0.161868	
	0.143516	
	0.143825	
	0.144602	
	0.162312	
	0.179813	
	0.220760	
	0.230229	
	0.231275	
	0.219117	
	0.223880	
	0.220656	
	0.155143	
	0.209913	
	0.196291	
	0.195433	
	0.211970	
	0.195769	
	0.223603	
	0.259907	
	0.307513	
	0.321782	
	0.331209	
	0.363921	
	0.343299	
	0.285525	
	0.259542	
	0.326084	
	0.315173	
	0.249101	
	0.123972	
	0.154381	
	0.149283	
	0.137443	
	0.126213	
	0.151227	
	0.181918	
	0.173209	
	0.171882	
	0.185921	
	0.180089	
	0.174387	
	0.190374	
	0.193898	
	0.190900	
	0.194176	
	0.158396	
	0.228393	
	0.234196	
	0.218285	
	0.235230	
	0.239121	
	0.253207	
	0.272465	
	0.309230	
	0.321864	
	0.359849	
	0.346565	
	0.323029	
	0.340057	
	0.359080	
	0.373726	
	0.369919	
	0.301630	
	0.182884	
	0.172946	
	0.117121	
	0.134738	
	0.137715	
	0.151492	
	0.146115	
	0.154346	
	0.152180	
	0.165295	
	0.159782	
	0.180963	
	0.151237	
	0.162247	
	0.194400	
	0.168487	
	0.183018	
	0.142565	
	0.202487	
	0.183724	
	0.181289	
	0.202532	
	0.189831	
	0.176094	
	0.194168	
	0.227558	
	0.252315	
	0.228062	
	0.232237	
	0.248540	
	0.217494	
	0.221412	
	0.257628	
	0.226841	
	0.213831	
	0.145088	
	0.120133	
	0.125572	
	0.125767	
	0.136135	
	0.136202	
	0.118786	
	0.126706	
	0.145591	
	0.154305	
	0.146620	
	0.148402	
	0.141100	
	0.119660	
	0.126397	
	0.159266	
	0.162928	
	0.157042	
	0.150183	
	0.152792	
	0.271947	
	0.326669	
	0.313274	
	0.305367	
	0.291605	
	0.298010	
	0.286896	
	0.307991	
	0.312456	
	0.329369	
	0.329060	
	0.292596	
	0.272325	
	0.290339	
	0.306197	
	0.271336	
	0.280911	
	0.240319	
	0.233876	
	0.229136	
	0.212360	
	0.221475	
	0.231252	
	0.208017	
	0.184605	
	0.178364	
	0.168143	
	0.145541	
	0.147217	
	0.137191	
	0.119026	
	0.191842	
	0.169920	
	0.200838	
	0.251273	
	0.257306	
	0.258870	
	0.290397	
	0.312773	
	0.305799	
	0.272433	
	0.270696	
	0.316588	
	0.318869	
	0.285956	
	0.240809	
	0.248194	
	0.291614	
	0.253854	
	0.191017	
	0.201817	
	0.303586	
	0.352509	
	0.348500	
	0.333410	
	0.343449	
	0.357302	
	0.301350	
	0.316404	
	0.342442	
	0.333387	
	0.359080	
	0.394826	
	0.398218	
	0.390432	
	0.437794	
	0.352776	
	0.309117	
	0.270887	
	0.242866	
	0.279911	
	0.318751	
	0.376409	
	0.390378	
	0.408423	
	0.393212	
	0.375485	
	0.421819	
	0.425065	
	0.529457	
	0.511014	
	0.415325	
	0.413798	
	0.340501	
	0.291327	
	0.315115	
	0.307211	
	0.330573	
	0.290511	
	0.304750	
	0.271406	
	0.284881	
	0.323765	
	0.340640	
	0.324722	
	0.334369	
	0.312380	
	0.370599	
	0.409516	
	0.297087	
	0.328748	
	0.282483	
	0.281898	
	0.272130	
	0.291307	
	0.333687	
	0.379776	
	0.353946	
	0.357914	
	0.376804	
	0.364211	
	0.437177	
	0.440914	
	0.404120	
	0.433813	
	0.508256	
	0.424842	
	0.356551	
	0.344156	
	0.296727	
	0.270793	
	0.235388	
	0.257636	
	0.273874	
	0.237761	
	0.242608	
	0.240766	
	0.253218	
	0.260716	
	0.263447	
	0.234778	
	0.240845	
	0.225996	
	0.288781	
	0.193767	
	0.201031	
	0.202377	
	0.223610	
	0.199847	
	0.200279	
	0.198128	
	0.208997	
	0.226660	
	0.214174	
	0.257539	
	0.262538	
	0.244052	
	0.230466	
	0.239963	
	0.250534	
	0.235703	
	0.219013	
	0.217050	
	0.168704	
	0.151273	
	0.185740	
	0.179144	
	0.180558	
	0.152887	
	0.155258	
	0.140972	
	0.153657	
	0.164630	
	0.174849	
	0.172269	
	0.169934	
	0.172298	
	0.201041	
	0.173139	
	0.213011	
	0.207254	
	0.194492	
	0.180578	
	0.194018	
	0.191494	
	0.216009	
	0.207098	
	0.235148	
	0.268745	
	0.274662	
	0.272426	
	0.250104	
	0.279797	
	0.291102	
	0.284549	
	0.329566	
	0.324985	
	0.200259	
	0.219252	
	0.197771	
	0.212722	
	0.217601	
	0.210579	
	0.214691	
	0.251469	
	0.205889	
	0.223187	
	0.239693	
	0.232843	
	0.222893	
	0.188230	
	0.194793	
	0.230347	
	0.222654	
	0.211884	
	0.310077	
	0.335765	
	0.408026	
	0.384786	
	0.371527	
	0.430302	
	0.375145	
	0.328618	
	0.299977	
	0.420053	
	0.430386	
	0.438435	
	0.477240	
	0.455851	
	0.371108	
	0.325461	
	0.272194	
	0.255112	
	0.232410	
	0.302289	
	0.270879	
	0.282181	
	0.260076	
	0.236945	
	0.277778	
	0.224435	
	0.229183	
	0.245040	
	0.218674	
	0.206919	
	0.182428	
	0.184419	
	0.201933	
	0.239514	
	0.246570	
	0.263281	
	0.282842	
	0.298266	
	0.325386	
	0.347166	
	0.313556	
	0.285720	
	0.291357	
	0.273706	
	0.260873	
	0.343738	
	0.368937	
	0.331221	
	0.330133	
	0.261416	
	0.286730	
	0.263166	
	0.368295	
	0.376468	
	0.406472	
	0.353337	
	0.387401	
	0.281590	
	0.325159	
	0.384301	
	0.389782	
	0.412685	
	0.402708	
	0.358148	
	0.328168	
	0.267986	
	0.299403	
	0.361473	
	0.395068	
	0.357136	
	0.363911	
	0.368870	
	0.445290	
	0.346611	
	0.360047	
	0.390725	
	0.411188	
	0.354033	
	0.337643	
	0.314645	
	0.297724	
	0.311622	
	0.296462	
	0.278843	
	0.232645	
	0.262966	
	0.252684	
	0.285847	
	0.283703	
	0.204673	
	0.201116	
	0.187139	
	0.186359	
	0.184377	
	0.185864	
	0.178454	
	0.144686	
	0.155240	
	0.168025	
	0.163320	
	0.238800	
	0.287712	
	0.323821	
	0.362114	
	0.362121	
	0.283817	
	0.268276	
	0.245005	
	0.233399	
	0.229956	
	0.235401	
	0.257519	
	0.288973	
	0.274767	
	0.272404	
	0.309727	
	0.302121	
	0.171571	
	0.148476	
	0.145115	
	0.155601	
	0.150039	
	0.153277	
	0.166231	
	0.181517	
	0.184901	
	0.181215	
	0.177708	
	0.196847	
	0.194007	
	0.193776	
	0.216187	
	0.190917	
	0.229871	
	0.264198	
	0.214387	
	0.180978	
	0.177153	
	0.199174	
	0.232355	
	0.212366	
	0.221448	
	0.232440	
	0.270676	
	0.260385	
	0.253899	
	0.251513	
	0.232395	
	0.227574	
	0.250256	
	0.259582	
	0.224508	
	0.178280	
	0.158594	
	0.165058	
	0.137213	
	0.153716	
	0.157198	
	0.163769	
	0.187583	
	0.180758	
	0.175938	
	0.184561	
	0.178853	
	0.164630	
	0.153985	
	0.157044	
	0.185548	
	0.188726	
	0.217170	
	0.197751	
	0.173521	
	0.187256	
	0.196241	
	0.202870	
	0.292776	
	0.293754	
	0.323622	
	0.333319	
	0.384058	
	0.399944	
	0.350978	
	0.309229	
	0.356302	
	0.414670	
	0.313451	
	0.148990	
	0.165789	
	0.156879	
	0.161686	
	0.164050	
	0.161804	
	0.174229	
	0.173003	
	0.172875	
	0.185333	
	0.162207	
	0.167444	
	0.177390	
	0.192129	
	0.186333	
	0.198654	
	0.220595	
	0.246224	
	0.191911	
	0.157966	
	0.170226	
	0.168823	
	0.186172	
	0.201268	
	0.209195	
	0.217765	
	0.264011	
	0.260109	
	0.241467	
	0.221336	
	0.210785	
	0.228468	
	0.224277	
	0.263314	
	0.189076	
	0.102082	
	0.143229	
	0.145894	
	0.161836	
	0.177406	
	0.178141	
	0.180267	
	0.185184	
	0.203185	
	0.263711	
	0.295411	
	0.310475	
	0.263154	
	0.243596	
	0.220548	
	0.258527	
	0.288882	
	0.275100	
	0.286595	
	0.336227	
	0.330798	
	0.290640	
	0.346851	
	0.370919	
	0.394706	
	0.416919	
	0.402764	
	0.418328	
	0.392203	
	0.374501	
	0.293562	
	0.224360	
	0.179140	
	0.104009	
	0.097066	
	0.074746	
	0.083859	
	0.072658	
	0.086170	
	0.075625	
	0.078065	
	0.080067	
	0.070865	
	0.074561	
	0.067322	
	0.084058	
	0.079733	
	0.086846	
	0.090474	
	0.139725	
	0.168766	
	0.130382	
	0.119460	
	0.105479	
	0.125775	
	0.140153	
	0.142603	
	0.151761	
	0.163407	
	0.186386	
	0.216334	
	0.224403	
	0.249835	
	0.265684	
	0.282298	
	0.235480	
	0.187247	
	0.108962	
	0.154174	
	0.172569	
	0.184436	
	0.174367	
	0.184502	
	0.179797	
	0.187959	
	0.201738	
	0.201129	
	0.192396	
	0.180856	
	0.203442	
	0.211307	
	0.169516	
	0.177077	
	0.143195	
	0.206095	
	0.220931	
	0.254645	
	0.250686	
	0.254789	
	0.253704	
	0.277270	
	0.273793	
	0.309828	
	0.319366	
	0.306371	
	0.293131	
	0.273868	
	0.249245	
	0.332078	
	0.282714	
	0.217030	
	0.207863	
	0.158188	
	0.168282	
	0.176724	
	0.224448	
	0.228590	
	0.210088	
	0.190034	
	0.197252	
	0.216358	
	0.240032	
	0.263114	
	0.251175	
	0.238684	
	0.204469	
	0.178131	
	0.199117	
	0.263136	
	0.217458	
	0.258522	
	0.274834	
	0.294699	
	0.236926	
	0.210105	
	0.221289	
	0.259779	
	0.297129	
	0.311050	
	0.326809	
	0.295859	
	0.335676	
	0.361212	
	0.382970	
	0.397355	
	0.204955	
	0.203978	
	0.292180	
	0.265939	
	0.244256	
	0.235978	
	0.249627	
	0.243141	
	0.198695	
	0.216860	
	0.228435	
	0.250590	
	0.256227	
	0.241574	
	0.230948	
	0.251466	
	0.246613	
	0.210918	
	0.304745	
	0.308883	
	0.296508	
	0.259542	
	0.262778	
	0.274107	
	0.254477	
	0.234795	
	0.211276	
	0.223392	
	0.215174	
	0.242402	
	0.214485	
	0.212122	
	0.215466	
	0.206986	
	0.205672	
	0.180155	
	0.198838	
	0.152743	
	0.162229	
	0.156146	
	0.161485	
	0.152641	
	0.145860	
	0.155643	
	0.150201	
	0.175839	
	0.174686	
	0.170664	
	0.168688	
	0.184642	
	0.189839	
	0.213558	
	0.224371	
	0.249757	
	0.217407	
	0.227907	
	0.238655	
	0.282988	
	0.289976	
	0.306821	
	0.353104	
	0.298659	
	0.292180	
	0.312814	
	0.385883	
	0.369507	
	0.336950	
	0.313401	
	0.286078	
	0.322995	
	0.302903	
	0.286914	
	0.286334	
	0.263480	
	0.293350	
	0.273826	
	0.282339	
	0.294259	
	0.269310	
	0.316578	
	0.347885	
	0.306923	
	0.295168	
	0.261054	
	0.229509	
	0.221619	
	0.226909	
	0.281999	
	0.296308	
	0.247800	
	0.232635	
	0.291750	
	0.335342	
	0.384347	
	0.462188	
	0.454277	
	0.448549	
	0.485258	
	0.424607	
	0.477201	
	0.447064	
	0.450708	
	0.487008	
	0.484190	
	0.331567	
	0.206823	
	0.200876	
	0.237246	
	0.239240	
	0.209291	
	0.197863	
	0.184915	
	0.190577	
	0.205890	
	0.201925	
	0.220944	
	0.266138	
	0.266056	
	0.269099	
	0.288324	
	0.285893	
	0.252225	
	0.222224	
	0.208740	
	0.214008	
	0.215086	
	0.191614	
	0.154944	
	0.177446	
	0.166375	
	0.151518	
	0.152358	
	0.156383	
	0.235039	
	0.236672	
	0.227333	
	0.264714	
	0.241188	
	0.243692	
	0.255307	
	0.275172	
	0.272306	
	0.250647	
	0.243470	
	0.243098	
	0.252730	
	0.251644	
	0.278058	
	0.249039	
	0.238716	
	0.205894	
	0.211539	
	0.211225	
	0.204766	
	0.199228	
	0.234184	
	0.226909	
	0.225656	
	0.254675	
	0.252167	
	0.232268	
	0.205277	
	0.167862	
	0.185178	
	0.193708	
	0.210037	
	0.198930	
	0.196017	
	0.187069	
	0.206121	
	0.218139	
	0.250666	
	0.249847	
	0.224824	
	0.159249	
	0.107125	
	0.134849	
	0.173970	
	0.185222	
	0.165364	
	0.190638	
	0.235101	
	0.242831	
	0.242728	
	0.222401	
	0.236759	
	0.238934	
	0.237489	
	0.226568	
	0.248182	
	0.248468	
	0.253991	
	0.274596	
	0.292815	
	0.354085	
	0.394601	
	0.450519	
	0.464172	
	0.512566	
	0.509906	
	0.450116	
	0.380604	
	0.397884	
	0.464657	
	0.457340	
	0.402766	
	0.422923	
	0.484565	
	0.442461	
	0.398820	
	0.394280	
	0.327082	
	0.351938	
	0.375703	
	0.416092	
	0.296301	
	0.326280	
	0.343076	
	0.368535	
	0.378961	
	0.419316	
	0.464320	
	0.423877	
	0.352510	
	0.370150	
	0.304261	
	0.287426	
	0.293298	
	0.312870	
	0.328396	
	0.301462	
	0.289686	
	0.360485	
	0.380842	
	0.387976	
	0.358827	
	0.352142	
	0.361419	
	0.406260	
	0.487064	
	0.491141	
	0.465262	
	0.426453	
	0.364673	
	0.290441	
	0.328165	
	0.409536	
	0.385897	
	0.316451	
	0.392855	
	0.461067	
	0.474729	
	0.408307	
	0.349601	
	0.461371	
	0.491679	
	0.469733	
	0.533035	
	0.496915	
	0.421602	
	0.396816	
	0.369147	
	0.381251	
	0.354641	
	0.361769	
	0.417758	
	0.378979	
	0.430346	
	0.360709	
	0.396563	
	0.418548	
	0.393466	
	0.459394	
	0.446837	
	0.458734	
	0.470023	
	0.471617	
	0.347421	
	0.315689	
	0.282870	
	0.272396	
	0.295688	
	0.331037	
	0.292255	
	0.309096	
	0.248230	
	0.220235	
	0.197443	
	0.199246	
	0.231771	
	0.233217	
	0.205662	
	0.203068	
	0.191957	
	0.162779	
	0.221954	
	0.309935	
	0.373805	
	0.335944	
	0.362187	
	0.358764	
	0.324837	
	0.348754	
	0.362389	
	0.394305	
	0.382341	
	0.391530	
	0.377617	
	0.422413	
	0.447887	
	0.441463	
	0.399645	
	0.363719	
	0.256708	
	0.139566	
	0.190282	
	0.194760	
	0.204864	
	0.252398	
	0.267603	
	0.277024	
	0.292524	
	0.279581	
	0.292853	
	0.326382	
	0.333819	
	0.392062	
	0.362503	
	0.347231	
	0.377538	
	0.504270	
	0.559583	
	0.424626	
	0.423373	
	0.553691	
	0.517012	
	0.521061	
	0.569856	
	0.567544	
	0.547683	
	0.574493	
	0.523948	
	0.518788	
	0.648700	
	0.591832	
	0.623121	
	0.595327	
	0.576219	
	0.537583	
	0.459781	
	0.415836	
	0.428596	
	0.364517	
	0.392361	
	0.353308	
	0.348971	
	0.294659	
	0.317986	
	0.292058	
	0.314974	
	0.274594	
	0.319038	
	0.281006	
	0.244496	
	0.203737	
	0.193884	
	0.220862	
	0.224971	
	0.224258	
	0.224087	
	0.235887	
	0.240285	
	0.220562	
	0.220250	
	0.243427	
	0.254502	
	0.288323	
	0.325764	
	0.336329	
	0.361487	
	0.418872	
	0.390583	
	0.285263	
	0.260732	
	0.278201	
	0.296685	
	0.318105	
	0.306508	
	0.312342	
	0.348268	
	0.345592	
	0.353318	
	0.373629	
	0.362279	
	0.318787	
	0.298999	
	0.340512	
	0.330465	
	0.313903	
	0.302362	
	0.360663	
	0.313519	
	0.291481	
	0.297393	
	0.314621	
	0.315140	
	0.312037	
	0.322955	
	0.311849	
	0.329239	
	0.373032	
	0.438605	
	0.471886	
	0.367301	
	0.382231	
	0.379008	
	0.347219	
	0.392960	
	0.387643	
	0.343064	
	0.329059	
	0.365798	
	0.320432	
	0.353735	
	0.352608	
	0.337193	
	0.300510	
	0.330886	
	0.292059	
	0.299400	
	0.282385	
	0.307200	
	0.305399	
	0.300969	
	0.272608	
	0.232106	
	0.227337	
	0.273267	
	0.263194	
	0.266609	
	0.267335	
	0.305272	
	0.301313	
	0.341005	
	0.309493	
	0.309124	
	0.309835	
	0.278620	
	0.282818	
	0.193346	
	0.106290	
	0.087349	
	0.109243	
	0.243467	
	0.295652	
	0.362973	
	0.344134	
	0.389066	
	0.396137	
	0.378933	
	0.427581	
	0.426558	
	0.433761	
	0.412562	
	0.409607	
	0.375608	
	0.383073	
	0.415095	
	0.433234	
	0.420035	
	0.475202	
	0.501967	
	0.560148	
	0.567654	
	0.607073	
	0.584492	
	0.597893	
	0.677796	
	0.631622	
	0.597174	
	0.610888	
	0.642757	
	0.612944	
	0.623133	
	0.587764	
	0.556727	
	0.494744	
	0.385067	
	0.337033	
	0.265108	
	0.256677	
	0.276606	
	0.229889	
	0.245322	
	0.263273	
	0.247185	
	0.223709	
	0.229732	
	0.200117	
	0.198042	
	0.190141	
	0.176638	
	0.179616	
	0.176866	
	0.170842	
	0.146396	
	0.157843	
	0.155465	
	0.143694	
	0.175834	
	0.150797	
	0.151823	
	0.170657	
	0.175908	
	0.186135	
	0.204253	
	0.216987	
	0.208296	
	0.173758	
	0.144215	
	0.104003	
	0.129753	
	0.129019	
	0.152099	
	0.151227	
	0.190346	
	0.196477	
	0.198572	
	0.189071	
	0.219748	
	0.213782	
	0.208212	
	0.238221	
	0.251901	
	0.238854	
	0.232862	
	0.197789	
	0.241775	
	0.228983	
	0.220297	
	0.199483	
	0.246535	
	0.258211	
	0.214172	
	0.227767	
	0.246471	
	0.293686	
	0.267442	
	0.275118	
	0.264760	
	0.256214	
	0.250182	
	0.293561	
	0.303127	
	0.240253	
	0.222172	
	0.237498	
	0.260421	
	0.233826	
	0.219817	
	0.232361	
	0.232327	
	0.226900	
	0.224865	
	0.219783	
	0.211240	
	0.223835	
	0.200404	
	0.190830	
	0.228760	
	0.243093	
	0.188519	
	0.181627	
	0.183177	
	0.190902	
	0.194310	
	0.223259	
	0.243089	
	0.220064	
	0.262331	
	0.276023	
	0.255076	
	0.292537	
	0.291401	
	0.330161	
	0.391808	
	0.288566	
	0.208902	
	0.216841	
	0.209249	
	0.236731	
	0.239186	
	0.249547	
	0.262032	
	0.272271	
	0.286423	
	0.287388	
	0.272844	
	0.280661	
	0.280441	
	0.290743	
	0.342527	
	0.361100	
	0.352059	
	0.336500	
	0.359264	
	0.381607	
	0.443708	
	0.407924	
	0.368886	
	0.370427	
	0.421263	
	0.415677	
	0.488882	
	0.508069	
	0.404245	
	0.452671	
	0.463980	
	0.424369	
	0.469651	
	0.485724	
	0.375649	
	0.396548	
	0.419692	
	0.388106	
	0.393091	
	0.395060	
	0.366530	
	0.351914	
	0.406060	
	0.371566	
	0.347248	
	0.371116	
	0.350869	
	0.350546	
	0.318708	
	0.324566	
	0.283666	
	0.300161	
	0.423318	
	0.405023	
	0.420975	
	0.490399	
	0.491669	
	0.592315	
	0.644828	
	0.566928	
	0.601134	
	0.615437	
	0.568595	
	0.497944	
	0.587507	
	0.510102	
	0.526887	
	0.500786	
	0.444874	
	0.338199	
	0.305032	
	0.321501	
	0.309434	
	0.271526	
	0.244486	
	0.277251	
	0.290068	
	0.323874	
	0.306448	
	0.292433	
	0.341582	
	0.316818	
	0.299250	
	0.313398	
	0.362405	
	0.329318	
	0.310403	
	0.438581	
	0.474605	
	0.521231	
	0.549396	
	0.534547	
	0.556341	
	0.582094	
	0.556252	
	0.492701	
	0.521436	
	0.504964	
	0.331845	
	0.414118	
	0.412370	
	0.469760	
	0.515714	
	0.409210	
	0.339708	
	0.291726	
	0.265493	
	0.279697	
	0.295066	
	0.294028	
	0.294484	
	0.296835	
	0.270514	
	0.232711	
	0.242498	
	0.218629	
	0.256738	
	0.267175	
	0.296771	
	0.288640	
	0.270106	
	0.306059	
	0.359793	
	0.429835	
	0.417374	
	0.404229	
	0.411672	
	0.444950	
	0.426292	
	0.377248	
	0.366915	
	0.378970	
	0.378366	
	0.345600	
	0.366595	
	0.531693	
	0.594724	
	0.456572	
	0.412636	
	0.303045	
	0.380027	
	0.391918	
	0.302246	
	0.250139	
	0.284587	
	0.275089	
	0.270517	
	0.268652	
	0.240334	
	0.273165	
	0.249813	
	0.253662	
	0.268115	
	0.258169	
	0.239549	
	0.233695	
	0.242123	
	0.298087	
	0.281492	
	0.295536	
	0.253396	
	0.277551	
	0.274116	
	0.274112	
	0.280312	
	0.259169	
	0.269947	
	0.255054	
	0.238117	
	0.241722	
	0.260318	
	0.255360	
	0.278158	
	0.287626	
	0.290583	
	0.263956	
	0.262795	
	0.261447	
	0.276578	
	0.262436	
	0.261828	
	0.245684	
	0.245712	
	0.232215	
	0.242232	
	0.264261	
	0.218241	
	0.258678	
	0.286812	
	0.249146	
	0.238501	
	0.262871	
	0.256027	
	0.217907	
	0.246770	
	0.282873	
	0.262522	
	0.254151	
	0.232977	
	0.243515	
	0.276705	
	0.302033	
	0.225032	
	0.204722	
	0.226811	
	0.205282	
	0.228282	
	0.208864	
	0.214096	
	0.238486	
	0.247327	
	0.239210	
	0.221645	
	0.225516	
	0.229584	
	0.231040	
	0.254094	
	0.253655	
	0.243491	
	0.230218	
	0.262416	
	0.333117	
	0.284621	
	0.213563	
	0.247257	
	0.257925	
	0.262826	
	0.231423	
	0.211015	
	0.237405	
	0.245503	
	0.232240	
	0.335534	
	0.317495	
	0.373655	
	0.371135	
	0.341676	
	0.322930	
	0.313837	
	0.294275	
	0.288492	
	0.293216	
	0.300482	
	0.274770	
	0.259308	
	0.260810	
	0.269779	
	0.254156	
	0.280654	
	0.251930	
	0.234039	
	0.228665	
	0.237767	
	0.222436	
	0.217138	
	0.225347	
	0.282397	
	0.296308	
	0.291774	
	0.317910	
	0.321179	
	0.348542	
	0.368656	
	0.334881	
	0.315569	
	0.313010	
	0.383642	
	0.398277	
	0.419925	
	0.436260	
	0.401439	
	0.357214	
	0.430829	
	0.471703	
	0.340869	
	0.241895	
	0.301576	
	0.273943	
	0.338106	
	0.398656	
	0.443477	
	0.513693	
	0.553016	
	0.608366	
	0.574565	
	0.614323	
	0.710156	
	0.633973	
	0.624342	
	0.697086	
	0.652396	
	0.661300	
	0.634137	
	0.541835	
	0.603816	
	0.644806	
	0.573308	
	0.623902	
	0.636321	
	0.701878	
	0.701042	
	0.671578	
	0.563417	
	0.539139	
	0.536261	
	0.537933	
	0.431175	
	0.554616	
	0.619084	
	0.522603	
	0.456253	
	0.351795	
	0.307211	
	0.306622	
	0.320465	
	0.288050	
	0.276034	
	0.273574	
	0.293895	
	0.289336	
	0.257580	
	0.268455	
	0.309107	
	0.378621	
	0.316023	
	0.291237	
	0.281946	
	0.328957	
	0.347214	
	0.381912	
	0.387234	
	0.408422	
	0.386752	
	0.343096	
	0.330869	
	0.357684	
	0.398163	
	0.348410	
	0.357604	
	0.371574	
	0.322602	
	0.321123	
	0.336838	
	0.405881	
	0.370677	
	0.334895	
	0.295965	
	0.302741	
	0.327212	
	0.323659	
	0.349576	
	0.380322	
	0.341943	
	0.370852	
	0.343073	
	0.366181	
	0.311747	
	0.349239	
	0.442327	
	0.470809	
	0.482482	
	0.409433	
	0.333447	
	0.414511	
	0.378776	
	0.387278	
	0.411874	
	0.367194	
	0.345568	
	0.322195	
	0.328839	
	0.323500	
	0.332930	
	0.304810	
	0.260675	
	0.352494	
	0.495046	
	0.483715	
	0.347642	
	0.283845	
	0.235421	
	0.235726	
	0.217950	
	0.222544	
	0.193170	
	0.175932	
	0.196682	
	0.168026	
	0.162349	
	0.150885	
	0.159069	
	0.174767	
	0.184431	
	0.152102	
	0.221012	
	0.201931	
	0.198674	
	0.154153	
	0.144710	
	0.146587	
	0.177113	
	0.221101	
	0.218309	
	0.279529	
	0.292424	
	0.306248	
	0.286589	
	0.239319	
	0.225081	
	0.223020	
	0.231210	
	0.308909	
	0.323351	
	0.215147	
	0.146780	
	0.120765	
	0.133917	
	0.145680	
	0.136215	
	0.130361	
	0.135571	
	0.126145	
	0.138168	
	0.117874	
	0.139084	
	0.126639	
	0.118684	
	0.117418	
	0.137374	
	0.171705	
	0.147188	
	0.128454	
	0.126199	
	0.114314	
	0.116607	
	0.101891	
	0.121777	
	0.137969	
	0.170438	
	0.203218	
	0.223160	
	0.276650	
	0.272111	
	0.278956	
	0.499076	
	0.643886	
	0.673710	
	0.514635	
	0.308238	
	0.290646	
	0.416073	
	0.354809	
	0.308327	
	0.332381	
	0.313002	
	0.325903	
	0.270833	
	0.252744	
	0.288921	
	0.339481	
	0.286100	
	0.299339	
	0.304573	
	0.492453	
	0.311799	
	0.265768	
	0.287630	
	0.381779	
	0.434410	
	0.428011	
	0.413032	
	0.447738	
	0.332015	
	0.319207	
	0.318130	
	0.302770	
	0.287850	
	0.276196	
	0.242724	
	0.204307	
	0.195750	
	0.209982	
	0.136782	
	0.203578	
	0.187370	
	0.175455	
	0.144574	
	0.164464	
	0.140881	
	0.134828	
	0.124807	
	0.125611	
	0.140592	
	0.130054	
	0.125526	
	0.122843	
	0.125470	
	0.160299	
	0.156330	
	0.139183	
	0.126652	
	0.147287	
	0.152141	
	0.159016	
	0.165424	
	0.168818	
	0.182156	
	0.190284	
	0.196334	
	0.204726	
	0.205566	
	0.188018	
	0.164561	
	0.159372	
	0.140390	
	0.143911	
	0.134538	
	0.176729	
	0.189173	
	0.177357	
	0.197919	
	0.198572	
	0.194479	
	0.239461	
	0.216586	
	0.277014	
	0.232117	
	0.245546	
	0.234808	
	0.211249	
	0.221014	
	0.187220	
	0.239208	
	0.215225	
	0.266331	
	0.293365	
	0.306392	
	0.310620	
	0.342709	
	0.381416	
	0.402461	
	0.421544	
	0.420669	
	0.443252	
	0.440780	
	0.379571	
	0.372735	
	0.391700	
	0.396780	
	0.329688	
	0.432980	
	0.439393	
	0.393676	
	0.445916	
	0.376744	
	0.368503	
	0.427443	
	0.450025	
	0.511547	
	0.517374	
	0.516786	
	0.521883	
	0.555956	
	0.615090	
	0.579262	
	0.551092	
	0.531610	
	0.493323	
	0.471557	
	0.483866	
	0.529669	
	0.561139	
	0.633196	
	0.675637	
	0.606089	
	0.643860	
	0.656565	
	0.673177	
	0.639666	
	0.682913	
	0.637997	
	0.603510	
	0.620928	
	0.671994	
	0.646305	
	0.597439	
	0.539655	
	0.520408	
	0.526091	
	0.559557	
	0.549732	
	0.571392	
	0.593206	
	0.526553	
	0.570136	
	0.542902	
	0.559335	
	0.550473	
	0.561435	
	0.573800	
	0.546481	
	0.443571	
	0.417325	
	0.453737	
	0.452503	
	0.499590	
	0.425654	
	0.335349	
	0.334323	
	0.349367	
	0.321121	
	0.342189	
	0.291619	
	0.226412	
	0.225898	
	0.225188	
	0.279164	
	0.279386	
	0.311067	
	0.225286	
	0.244516	
	0.291387	
	0.314517	
	0.339311	
	0.328291	
	0.362107	
	0.427761	
	0.367476	
	0.330440	
	0.354163	
	0.337190	
	0.356008	
	0.325555	
	0.325641	
	0.320118	
	0.353057	
	0.342096	
	0.358899	
	0.319416	
	0.355793	
	0.385733	
	0.433952	
	0.380977	
	0.420370	
	0.397481	
	0.320784	
	0.349846	
	0.353579	
	0.421943	
	0.429239	
	0.452616	
	0.414804	
	0.402000	
	0.415300	
	0.443743	
	0.467344	
	0.384912	
	0.427531	
	0.348931	
	0.432116	
	0.414999	
	0.462856	
	0.463651	
	0.455125	
	0.414194	
	0.440455	
	0.473993	
	0.427960	
	0.378623	
	0.371903	
	0.385179	
	0.408434	
	0.458300	
	0.440850	
	0.447932	
	0.489558	
	0.499501	
	0.483416	
	0.496656	
	0.478764	
	0.532282	
	0.493072	
	0.471031	
	0.389479	
	0.431388	
	0.436677	
	0.358257	
	0.427671	
	0.545488	
	0.522513	
	0.447210	
	0.434849	
	0.393328	
	0.309606	
	0.338995	
	0.304204	
	0.271692	
	0.271344	
	0.238928	
	0.239739	
	0.254977	
	0.211552	
	0.206295	
	0.224519	
	0.222815	
	0.205232	
	0.197226	
	0.232510	
	0.225083	
	0.243685	
	0.210879	
	0.245833	
	0.261677	
	0.277805	
	0.271689	
	0.224516	
	0.295920	
	0.275784	
	0.296970	
	0.307258	
	0.272383	
	0.285757	
	0.271594	
	0.246457	
	0.203734	
	0.222539	
	0.228185	
	0.215588	
	0.211459	
	0.240585	
	0.194647	
	0.196507	
	0.234291	
	0.221094	
	0.215110	
	0.175673	
	0.187590	
	0.159971	
	0.170082	
	0.164772	
	0.178439	
	0.211021	
	0.224507	
	0.235185	
	0.210310	
	0.202130	
	0.217263	
	0.248949	
	0.254808	
	0.261361	
	0.262706	
	0.244385	
	0.177527	
	0.226372	
	0.239110	
	0.215165	
	0.218289	
	0.183329	
	0.177577	
	0.142132	
	0.261734	
	0.280294	
	0.274287	
	0.291824	
	0.221093	
	0.206974	
	0.190704	
	0.223688	
	0.267762	
	0.261945	
	0.261867	
	0.235711	
	0.241680	
	0.218926	
	0.269866	
	0.237036	
	0.272013	
	0.275699	
	0.249170	
	0.234185	
	0.262986	
	0.217036	
	0.216578	
	0.286362	
	0.295481	
	0.245976	
	0.307748	
	0.348679	
	0.275498	
	0.295193	
	0.269109	
	0.229758	
	0.228319	
	0.276973	
	0.272285	
	0.234956	
	0.235181	
	0.249137	
	0.256055	
	0.206748	
	0.234118	
	0.194847	
	0.178149	
	0.181778	
	0.175235	
	0.176348	
	0.176731	
	0.151526	
	0.154321	
	0.123756	
	0.170684	
	0.202694	
	0.235258	
	0.220114	
	0.244452	
	0.240657	
	0.254923	
	0.248215	
	0.240973	
	0.241342	
	0.231571	
	0.259504	
	0.241239	
	0.221510	
	0.230567	
	0.196399	
	0.190098	
	0.288972	
	0.261437	
	0.274574	
	0.352741	
	0.332845	
	0.387313	
	0.354523	
	0.353268	
	0.359971	
	0.385229	
	0.388744	
	0.441386	
	0.416787	
	0.395251	
	0.516232	
	0.485037	
	0.542228	
	0.518866	
	0.425965	
	0.310998	
	0.357285	
	0.404296	
	0.378128	
	0.414677	
	0.452766	
	0.468242	
	0.417108	
	0.402497	
	0.445320	
	0.455598	
	0.496098	
	0.473731	
	0.463582	
	0.440612	
	0.474225	
	0.477941	
	0.437608	
	0.339601	
	0.312786	
	0.328168	
	0.304760	
	0.326426	
	0.340390	
	0.326039	
	0.265868	
	0.307033	
	0.282673	
	0.241329	
	0.212818	
	0.253470	
	0.223450	
	0.201117	
	0.200958	
	0.167561	
	0.173448	
	0.261710	
	0.332003	
	0.304302	
	0.277120	
	0.340755	
	0.405474	
	0.398708	
	0.412662	
	0.388916	
	0.481264	
	0.502059	
	0.406835	
	0.444593	
	0.468133	
	0.428294	
	0.381449	
	0.299389	
	0.228789	
	0.268082	
	0.272746	
	0.230703	
	0.183109	
	0.178962	
	0.208925	
	0.178285	
	0.151984	
	0.169548	
	0.228066	
	0.298656	
	0.347914	
	0.333508	
	0.295427	
	0.300372	
	0.405885	
	0.288213	
	0.244550	
	0.326048	
	0.277705	
	0.263284	
	0.205309	
	0.199612	
	0.248437	
	0.198157	
	0.205361	
	0.276030	
	0.346387	
	0.363438	
	0.292207	
	0.284247	
	0.294585	
	0.366670	
	0.337610	
	0.436164	
	0.417498	
	0.342415	
	0.344905	
	0.341720	
	0.299461	
	0.332394	
	0.306558	
	0.384998	
	0.320368	
	0.332547	
	0.346876	
	0.331852	
	0.306435	
	0.260780	
	0.329837	
	0.398830	
	0.433331	
	0.405990	
	0.333172	
	0.319035	
	0.285265	
	0.302827	
	0.299993	
	0.295209	
	0.311382	
	0.331554	
	0.298199	
	0.354648	
	0.345973	
	0.316059	
	0.290233	
	0.307884	
	0.299981	
	0.255936	
	0.298318	
	0.358755	
	0.316786	
	0.305726	
	0.300497	
	0.314909	
	0.299898	
	0.293449	
	0.302499	
	0.319162	
	0.336176	
	0.316775	
	0.297662	
	0.315680	
	0.325018	
	0.317888	
	0.304670	
	0.239439	
	0.332540	
	0.354208	
	0.415104	
	0.335365	
	0.391132	
	0.421530	
	0.384170	
	0.352367	
	0.377978	
	0.424559	
	0.400458	
	0.396756	
	0.436682	
	0.426388	
	0.418656	
	0.372280	
	0.317667	
	0.352670	
	0.384977	
	0.324391	
	0.344269	
	0.291637	
	0.280566	
	0.307522	
	0.270891	
	0.232284	
	0.244764	
	0.258637	
	0.246700	
	0.252624	
	0.266776	
	0.262710	
	0.246404	
	0.319882	
	0.388163	
	0.324029	
	0.346012	
	0.330453	
	0.337943	
	0.367996	
	0.341283	
	0.394467	
	0.421590	
	0.450669	
	0.397952	
	0.406290	
	0.455521	
	0.511504	
	0.465773	
	0.413946	
	0.367682	
	0.356222	
	0.248708	
	0.309486	
	0.341594	
	0.354990	
	0.371376	
	0.357008	
	0.402170	
	0.363601	
	0.380120	
	0.385983	
	0.371228	
	0.326997	
	0.369094	
	0.388656	
	0.428539	
	0.437021	
	0.412190	
	0.422565	
	0.396394	
	0.417965	
	0.515663	
	0.479658	
	0.482482	
	0.492439	
	0.503876	
	0.460939	
	0.430124	
	0.447719	
	0.426377	
	0.438237	
	0.426338	
	0.399811	
	0.387330	
	0.411967	
	0.423469	
	0.421315	
	0.563003	
	0.341287	
	0.373945	
	0.403757	
	0.450189	
	0.415582	
	0.327995	
	0.306368	
	0.322801	
	0.361107	
	0.367994	
	0.395237	
	0.437165	
	0.444694	
	0.397557	
	0.379754	
	0.450024	
	0.431040	
	0.366983	
	0.413344	
	0.406124	
	0.474411	
	0.482263	
	0.501584	
	0.474526	
	0.467199	
	0.420045	
	0.463978	
	0.428376	
	0.451473	
	0.447333	
	0.459288	
	0.431345	
	0.456361	
	0.425920	
	0.448005	
	0.473131	
	0.467485	
	0.477378	
	0.488500	
	0.481120	
	0.494934	
	0.494649	
	0.510004	
	0.441236	
	0.382636	
	0.441578	
	0.411186	
	0.379237	
	0.448734	
	0.442051	
	0.389372	
	0.438669	
	NaN	
	NaN	
	NaN	
	NaN	
	NaN	
	NaN	
	NaN	
	NaN	
	NaN	
	NaN	
	0.488065	
	0.536176	
	0.469975	
	0.485524	
	0.564583	
	0.497901	
	0.451795	
	0.510660	
	0.522307	
	0.501291	
	0.548055	
	NaN	
	NaN	
	0.500890	
	0.521476	
	0.372784	
	0.456421	
	0.516154	
	0.313987	
	0.266986	
	0.321993	
	NaN	
	0.468009	
	0.389829	
	0.414536	
	NaN	
	NaN	
	0.460331	
	0.489016	
	NaN	
	NaN	
	NaN	
	NaN	
	NaN	
	NaN	
	NaN	
	NaN	
	NaN	
	0.235094	
	0.218246	
	0.213331	
	0.225388	
	NaN	
	NaN	
	NaN	
	NaN	
	NaN	
	NaN	
	NaN	
	NaN	
	NaN	
	NaN	
	NaN	
	NaN	
	NaN	
	NaN	
	NaN	
	NaN	
	NaN	
	NaN	
	NaN	
	NaN	
	NaN	
	NaN	
	NaN	
	NaN	
	NaN	
	NaN	
	NaN	
	NaN	
	NaN	
	NaN	
	NaN	
	NaN	
	NaN	
	NaN	
	NaN	
	NaN	
	NaN	
	NaN	
	NaN	
	NaN	
	NaN	
	NaN	
	NaN	
	NaN	
	NaN	
	NaN	
	NaN	
	NaN	
	NaN	
	NaN	
	NaN	
	NaN	
	NaN	
	NaN	
	NaN	
	NaN	
	NaN	
	NaN	
	NaN	
	NaN	
	NaN	
	NaN	
	NaN	
	NaN	
	NaN	
	NaN	
	NaN	
	NaN	
	NaN	
	NaN	
	NaN	
	NaN	
	NaN	
	NaN	
	NaN	
	NaN	
	NaN	
	NaN	
	NaN	
	NaN	
	NaN	
	NaN	
	NaN	
	NaN	
	NaN	
	NaN	
	NaN	
	NaN	
	NaN	
	NaN	
	NaN	
	NaN	
	NaN	
