_Brightness		
	NaN	
	NaN	
	NaN	
	NaN	
	NaN	
	NaN	
	NaN	
	NaN	
	NaN	
	NaN	
	NaN	
	NaN	
	NaN	
	NaN	
	NaN	
	NaN	
	0.328200	
	0.320997	
	0.312158	
	0.295353	
	0.333155	
	0.324952	
	0.308155	
	0.303522	
	0.335194	
	0.319594	
	0.339283	
	0.334948	
	0.321372	
	0.315374	
	0.311656	
	0.322834	
	0.342959	
	0.375735	
	0.409243	
	0.379646	
	0.417031	
	0.420139	
	0.388500	
	0.421953	
	0.462294	
	0.442797	
	0.469098	
	0.455157	
	0.446997	
	0.446940	
	0.449761	
	0.482104	
	0.483851	
	0.468562	
	0.476304	
	0.449484	
	0.407288	
	0.426023	
	0.378585	
	0.388757	
	0.395516	
	0.399142	
	0.435735	
	0.483353	
	0.439679	
	0.452063	
	0.448276	
	0.431350	
	0.447970	
	0.403667	
	0.477686	
	0.537496	
	0.460370	
	0.445348	
	0.472603	
	0.496898	
	0.540134	
	0.529218	
	0.490532	
	0.463293	
	0.465331	
	0.486874	
	0.461969	
	0.440361	
	0.490074	
	0.481716	
	0.490980	
	0.486133	
	0.436841	
	0.374430	
	0.414010	
	0.443101	
	0.496635	
	0.479192	
	0.514184	
	0.510237	
	0.447443	
	0.452920	
	0.423859	
	0.429556	
	0.445202	
	0.437565	
	0.408189	
	0.374045	
	0.388298	
	0.371758	
	0.348822	
	0.346499	
	0.331604	
	0.353150	
	0.366314	
	0.407021	
	0.332607	
	0.351254	
	0.383912	
	0.383677	
	0.320776	
	0.354322	
	0.421627	
	0.403744	
	0.472857	
	0.424024	
	0.478235	
	0.466725	
	0.526973	
	0.486563	
	0.528335	
	0.458845	
	0.451466	
	0.485397	
	0.420015	
	0.469565	
	0.562151	
	0.540130	
	0.581756	
	0.523012	
	0.607974	
	0.525648	
	0.486531	
	0.462583	
	0.536096	
	0.511258	
	0.544215	
	0.558815	
	0.465398	
	0.414872	
	0.523196	
	0.485166	
	0.512609	
	0.454227	
	0.475973	
	0.500702	
	0.453476	
	0.418978	
	0.466555	
	0.527461	
	0.563527	
	0.408325	
	0.351806	
	0.343440	
	0.355111	
	0.339123	
	0.303379	
	0.314914	
	0.317045	
	0.336445	
	0.308443	
	0.301875	
	0.332746	
	0.378059	
	0.375549	
	0.355765	
	0.378342	
	0.354249	
	0.423878	
	0.352727	
	0.421212	
	0.432255	
	0.488146	
	0.523499	
	0.449340	
	0.435672	
	0.439731	
	0.427808	
	0.431895	
	0.465113	
	0.525106	
	0.537041	
	0.486874	
	0.456924	
	0.474773	
	0.459533	
	0.454878	
	0.495044	
	0.480550	
	0.488352	
	0.478668	
	0.481725	
	0.453095	
	0.456152	
	0.467965	
	0.494192	
	0.516913	
	0.490798	
	0.545059	
	0.547340	
	0.510295	
	0.502417	
	0.571446	
	0.488092	
	0.467656	
	0.495009	
	0.465690	
	0.511901	
	0.487924	
	0.506455	
	0.478877	
	0.550954	
	0.514394	
	0.503765	
	0.458897	
	0.454605	
	0.475930	
	0.519128	
	0.491072	
	0.550761	
	0.498296	
	0.479541	
	0.479939	
	0.471443	
	0.463321	
	0.492104	
	0.573125	
	0.530005	
	0.519911	
	0.551568	
	0.492136	
	0.541924	
	0.535473	
	0.556497	
	0.543189	
	0.524455	
	0.548388	
	0.473622	
	0.455194	
	0.471701	
	0.476475	
	0.495492	
	0.485946	
	0.475491	
	0.508301	
	0.492709	
	0.473628	
	0.494121	
	0.489751	
	0.504031	
	0.540625	
	0.533847	
	0.551918	
	0.557647	
	0.459776	
	0.424053	
	0.443942	
	0.476555	
	0.427357	
	0.454957	
	0.440918	
	0.473604	
	0.451626	
	0.372369	
	0.428825	
	0.417078	
	0.413655	
	0.447208	
	0.466780	
	0.490360	
	0.444271	
	0.322929	
	0.298499	
	0.274288	
	0.291653	
	0.336797	
	0.305722	
	0.267932	
	0.262940	
	0.249110	
	0.254975	
	0.237666	
	0.254975	
	0.252834	
	0.267933	
	0.281152	
	0.296827	
	0.265273	
	0.211111	
	0.204833	
	0.209883	
	0.208700	
	0.220909	
	0.235666	
	0.280367	
	0.272511	
	0.270484	
	0.296650	
	0.315846	
	0.307781	
	0.388297	
	0.406396	
	0.431191	
	0.395762	
	0.391101	
	0.430531	
	0.356011	
	0.337330	
	0.367449	
	0.379619	
	0.418234	
	0.373366	
	0.373101	
	0.408205	
	0.403130	
	0.402091	
	0.445528	
	0.448957	
	0.410556	
	0.517764	
	0.492990	
	0.512488	
	0.461612	
	0.414698	
	0.420341	
	0.394695	
	0.407448	
	0.449826	
	0.470459	
	0.491938	
	0.449649	
	0.420732	
	0.397675	
	0.432806	
	0.470782	
	0.467261	
	0.471244	
	0.488573	
	0.529174	
	0.507084	
	0.408880	
	0.421173	
	0.382991	
	0.480679	
	0.484493	
	0.464529	
	0.515601	
	0.421560	
	0.396310	
	0.434713	
	0.429789	
	0.461913	
	0.522790	
	0.501621	
	0.462547	
	0.430952	
	0.434686	
	0.392843	
	0.370994	
	0.371478	
	0.398586	
	0.407750	
	0.372331	
	0.388348	
	0.387855	
	0.331440	
	0.351514	
	0.350018	
	0.381871	
	0.386551	
	0.389848	
	0.390875	
	0.401959	
	0.386873	
	0.366160	
	0.343882	
	0.376647	
	0.403882	
	0.344307	
	0.392949	
	0.366278	
	0.373437	
	0.378604	
	0.431403	
	0.471760	
	0.461237	
	0.509172	
	0.483975	
	0.557461	
	0.517715	
	0.463445	
	0.348445	
	0.429957	
	0.428611	
	0.415234	
	0.422297	
	0.460158	
	0.409063	
	0.500695	
	0.483802	
	0.430583	
	0.476823	
	0.509220	
	0.516013	
	0.527806	
	0.530336	
	0.491865	
	0.483355	
	0.462478	
	0.489500	
	0.487182	
	0.470752	
	0.491400	
	0.409920	
	0.420564	
	0.424715	
	0.428376	
	0.452909	
	0.422154	
	0.432972	
	0.471401	
	0.404439	
	0.421737	
	0.491576	
	0.383593	
	0.283408	
	0.258240	
	0.275368	
	0.237512	
	0.216389	
	0.226556	
	0.249081	
	0.218669	
	0.221229	
	0.233276	
	0.264134	
	0.249317	
	0.250845	
	0.232328	
	0.225046	
	0.292619	
	0.308386	
	0.299118	
	0.324826	
	0.311113	
	0.312336	
	0.321388	
	0.361315	
	0.373955	
	0.354341	
	0.337954	
	0.341368	
	0.354245	
	0.367643	
	0.357076	
	0.337985	
	0.354718	
	0.373948	
	0.412804	
	0.336701	
	0.330758	
	0.382233	
	0.442011	
	0.397937	
	0.417304	
	0.444874	
	0.449310	
	0.384819	
	0.358437	
	0.373101	
	0.372582	
	0.362410	
	0.374760	
	0.392899	
	0.404444	
	0.402088	
	0.372680	
	0.342289	
	0.344632	
	0.315097	
	0.337414	
	0.404442	
	0.429541	
	0.349005	
	0.357074	
	0.351876	
	0.336220	
	0.350263	
	0.355495	
	0.364848	
	0.355796	
	0.346418	
	0.359456	
	0.367479	
	0.375328	
	0.429186	
	0.436894	
	0.455355	
	0.480927	
	0.408581	
	0.427485	
	0.456681	
	0.452329	
	0.467137	
	0.451559	
	0.432159	
	0.432849	
	0.492628	
	0.469013	
	0.418918	
	0.371887	
	0.332924	
	0.302045	
	0.357616	
	0.352961	
	0.314641	
	0.331964	
	0.333757	
	0.275517	
	0.324346	
	0.278127	
	0.286311	
	0.282415	
	0.329070	
	0.302959	
	0.315721	
	0.297152	
	0.324587	
	0.273930	
	0.315757	
	0.307956	
	0.347484	
	0.353783	
	0.362633	
	0.338693	
	0.308889	
	0.297303	
	0.295006	
	0.299847	
	0.296100	
	0.292968	
	0.289234	
	0.264768	
	0.269977	
	0.338937	
	0.261831	
	0.236584	
	0.242078	
	0.264419	
	0.245464	
	0.235154	
	0.230365	
	0.238858	
	0.219442	
	0.203121	
	0.188463	
	0.179843	
	0.173736	
	0.186419	
	0.199739	
	0.217951	
	0.241184	
	0.243360	
	0.283001	
	0.218009	
	0.196684	
	0.180261	
	0.170028	
	0.147961	
	0.157427	
	0.148066	
	0.144292	
	0.125159	
	0.139589	
	0.119235	
	0.121432	
	0.112704	
	0.098870	
	0.160472	
	0.296405	
	0.234248	
	0.206007	
	0.167812	
	0.130934	
	0.157139	
	0.141388	
	0.144615	
	0.142698	
	0.132410	
	0.132751	
	0.119734	
	0.132608	
	0.122154	
	0.120761	
	0.126415	
	0.188861	
	0.317889	
	0.236612	
	0.160925	
	0.167630	
	0.201230	
	0.159539	
	0.141952	
	0.150525	
	0.124826	
	0.134382	
	0.149998	
	0.155694	
	0.134416	
	0.147729	
	0.126984	
	0.136882	
	0.220754	
	0.247366	
	0.252962	
	0.195534	
	0.156566	
	0.141934	
	0.149282	
	0.153820	
	0.145524	
	0.142895	
	0.145394	
	0.139919	
	0.147822	
	0.143142	
	0.138387	
	0.121701	
	0.206042	
	0.192260	
	0.319426	
	0.335244	
	0.309140	
	0.260647	
	0.240250	
	0.238225	
	0.240842	
	0.249331	
	0.231189	
	0.228311	
	0.235936	
	0.252490	
	0.220371	
	0.229112	
	0.230952	
	0.219275	
	0.320690	
	0.306355	
	0.255018	
	0.232342	
	0.225565	
	0.233519	
	0.224897	
	0.225300	
	0.214755	
	0.220194	
	0.256924	
	0.230793	
	0.244647	
	0.199379	
	0.221829	
	0.230432	
	0.197853	
	0.298401	
	0.306872	
	0.200550	
	0.196195	
	0.204057	
	0.202960	
	0.190391	
	0.227123	
	0.200864	
	0.224126	
	0.218503	
	0.222363	
	0.239736	
	0.219538	
	0.172744	
	0.175633	
	0.188950	
	0.247387	
	0.359783	
	0.229284	
	0.180737	
	0.174411	
	0.182268	
	0.203271	
	0.183695	
	0.193882	
	0.171891	
	0.169305	
	0.175347	
	0.159718	
	0.131356	
	0.140438	
	0.123960	
	0.163507	
	0.161265	
	0.171651	
	0.179285	
	0.161136	
	0.180704	
	0.185694	
	0.161381	
	0.163641	
	0.127093	
	0.128643	
	0.133376	
	0.119443	
	0.116916	
	0.107435	
	0.116071	
	0.116278	
	0.100886	
	0.103982	
	0.239204	
	0.195747	
	0.170254	
	0.157363	
	0.144391	
	0.145643	
	0.138970	
	0.127349	
	0.110877	
	0.113193	
	0.113683	
	0.115854	
	0.103908	
	0.113135	
	0.108303	
	0.103262	
	0.148327	
	0.259792	
	0.227371	
	0.202628	
	0.187415	
	0.196876	
	0.181208	
	0.177465	
	0.173693	
	0.176505	
	0.164921	
	0.160098	
	0.175296	
	0.156078	
	0.143415	
	0.147064	
	0.154494	
	0.176347	
	0.422935	
	0.286065	
	0.245246	
	0.232313	
	0.197582	
	0.192525	
	0.208955	
	0.215307	
	0.223252	
	0.207426	
	0.208898	
	0.173804	
	0.190362	
	0.188295	
	0.192695	
	0.218583	
	0.223762	
	0.457129	
	0.387672	
	0.324530	
	0.290635	
	0.301069	
	0.291129	
	0.304625	
	0.287516	
	0.266081	
	0.271119	
	0.275718	
	0.226900	
	0.266141	
	0.267522	
	0.235471	
	0.243916	
	0.224165	
	0.241285	
	0.206342	
	0.176960	
	0.176882	
	0.190119	
	0.181741	
	0.180233	
	0.172992	
	0.176124	
	0.179791	
	0.177579	
	0.195347	
	0.220557	
	0.239778	
	0.266568	
	0.330324	
	0.360937	
	0.518125	
	0.565847	
	0.559970	
	0.571568	
	0.546745	
	0.498120	
	0.627720	
	0.711432	
	0.706165	
	0.570592	
	0.508425	
	0.504831	
	0.496497	
	0.433635	
	0.416336	
	0.406991	
	0.434161	
	0.659176	
	0.779219	
	0.675664	
	0.640566	
	0.534679	
	0.590434	
	0.521670	
	0.625336	
	0.721305	
	0.700020	
	0.715130	
	0.640806	
	0.611405	
	0.647625	
	0.648470	
	0.605185	
	0.650352	
	0.583358	
	0.487955	
	0.397255	
	0.331963	
	0.324681	
	0.334360	
	0.352621	
	0.368396	
	0.401555	
	0.384105	
	0.430310	
	0.453432	
	0.476494	
	0.472467	
	0.434406	
	0.424842	
	0.406483	
	0.410155	
	0.499397	
	0.465732	
	0.456419	
	0.400387	
	0.448938	
	0.446932	
	0.451144	
	0.439144	
	0.423648	
	0.400592	
	0.306214	
	0.314227	
	0.315651	
	0.367499	
	0.321761	
	0.377807	
	0.528833	
	0.617300	
	0.541058	
	0.407276	
	0.339510	
	0.345731	
	0.296766	
	0.292988	
	0.286556	
	0.262015	
	0.244433	
	0.208585	
	0.203125	
	0.284369	
	0.297777	
	0.352044	
	0.357610	
	0.256950	
	0.385319	
	0.295212	
	0.184130	
	0.140930	
	0.130886	
	0.129334	
	0.111887	
	0.114949	
	0.103326	
	0.097173	
	0.104515	
	0.090918	
	0.094662	
	0.115548	
	0.171143	
	0.199350	
	0.321750	
	0.521653	
	0.409631	
	0.252588	
	0.180782	
	0.161146	
	0.152517	
	0.152296	
	0.133986	
	0.134612	
	0.134816	
	0.138775	
	0.131173	
	0.172649	
	0.419772	
	0.531266	
	0.570183	
	0.599501	
	0.543351	
	0.505056	
	0.460841	
	0.467508	
	0.462887	
	0.500823	
	0.507884	
	0.507666	
	0.477150	
	0.526461	
	0.507739	
	0.464960	
	0.547558	
	0.633566	
	0.639258	
	0.455873	
	0.488881	
	0.561864	
	0.521012	
	0.435459	
	0.435372	
	0.512157	
	0.517178	
	0.494837	
	0.536395	
	0.527444	
	0.544344	
	0.568227	
	0.574684	
	0.616657	
	0.578882	
	0.557337	
	0.522052	
	0.474413	
	0.468409	
	0.406357	
	0.349326	
	0.345413	
	0.319385	
	0.326895	
	0.441610	
	0.534743	
	0.531115	
	0.623594	
	0.583590	
	0.504162	
	0.467756	
	0.356491	
	0.345506	
	0.376670	
	0.389740	
	0.387694	
	0.421337	
	0.459140	
	0.453221	
	0.470822	
	0.502748	
	0.508891	
	0.547000	
	0.529784	
	0.480433	
	0.508352	
	0.495573	
	0.509757	
	0.489814	
	0.506112	
	0.483555	
	0.496162	
	0.482544	
	0.532518	
	0.540216	
	0.510311	
	0.520586	
	0.511519	
	0.512224	
	0.460419	
	0.438046	
	0.453045	
	0.466298	
	0.563627	
	0.473492	
	0.495970	
	0.435639	
	0.403175	
	0.401910	
	0.531892	
	0.528195	
	0.501230	
	0.493418	
	0.490599	
	0.423968	
	0.346079	
	0.331426	
	0.374844	
	0.415348	
	0.420307	
	0.418620	
	0.485402	
	0.462249	
	0.451761	
	0.353856	
	0.372235	
	0.437068	
	0.403335	
	0.342862	
	0.213903	
	0.197566	
	0.184517	
	0.167091	
	0.143176	
	0.121948	
	0.126051	
	0.120308	
	0.188863	
	0.213151	
	0.210648	
	0.212648	
	0.228474	
	0.213499	
	0.535635	
	0.464207	
	0.417871	
	0.292005	
	0.240406	
	0.214793	
	0.205150	
	0.194988	
	0.173243	
	0.173160	
	0.168799	
	0.177056	
	0.159474	
	0.170053	
	0.157980	
	0.160313	
	0.137502	
	0.167465	
	0.323914	
	0.245553	
	0.184187	
	0.199900	
	0.204219	
	0.223295	
	0.230882	
	0.209214	
	0.331919	
	0.306365	
	0.232588	
	0.214608	
	0.192222	
	0.196730	
	0.166509	
	0.173407	
	0.531688	
	0.675490	
	0.615601	
	0.482226	
	0.408188	
	0.337103	
	0.260713	
	0.228017	
	0.228373	
	0.238234	
	0.247194	
	0.278744	
	0.368094	
	0.419182	
	0.486606	
	0.526955	
	0.611929	
	0.663429	
	0.649965	
	0.638923	
	0.644417	
	0.641623	
	0.597464	
	0.557032	
	0.529600	
	0.527012	
	0.508089	
	0.494677	
	0.648563	
	0.670082	
	0.562735	
	0.525803	
	0.488775	
	0.469678	
	0.461989	
	0.485924	
	0.523331	
	0.510814	
	0.489525	
	0.518424	
	0.509380	
	0.520652	
	0.559993	
	0.595540	
	0.554854	
	0.651170	
	0.640021	
	0.552974	
	0.510891	
	0.497361	
	0.547918	
	0.565921	
	0.552313	
	0.574014	
	0.615459	
	0.557352	
	0.548810	
	0.643780	
	0.643863	
	0.624530	
	0.604134	
	0.539903	
	0.537642	
	0.559621	
	0.644284	
	0.617079	
	0.670692	
	0.673718	
	0.454517	
	0.638001	
	0.582979	
	0.490918	
	0.394611	
	0.342987	
	0.280553	
	0.244889	
	0.246185	
	0.226286	
	0.219650	
	0.203394	
	0.194037	
	0.229699	
	0.216917	
	0.198974	
	0.226448	
	0.273966	
	0.436376	
	0.447210	
	0.468842	
	0.459091	
	0.493535	
	0.501407	
	0.507378	
	0.502297	
	0.535472	
	0.604994	
	0.529288	
	0.459539	
	0.457573	
	0.405357	
	0.433522	
	0.470878	
	0.419007	
	0.543428	
	0.510188	
	0.454048	
	0.371765	
	0.365904	
	0.347020	
	0.317678	
	0.289982	
	0.282116	
	0.279369	
	0.290136	
	0.271252	
	0.273314	
	0.280323	
	0.301222	
	0.260226	
	0.300866	
	0.327457	
	0.352192	
	0.350468	
	0.323607	
	0.367090	
	0.320333	
	0.362293	
	0.286541	
	0.309749	
	0.287712	
	0.264648	
	0.225857	
	0.227429	
	0.255252	
	0.211166	
	0.179011	
	0.213459	
	0.521428	
	0.627601	
	0.541142	
	0.416362	
	0.378445	
	0.327043	
	0.280743	
	0.291867	
	0.246696	
	0.255189	
	0.253144	
	0.451459	
	0.520747	
	0.343398	
	0.352192	
	0.304850	
	0.376802	
	0.458662	
	0.567727	
	0.485704	
	0.449790	
	0.409661	
	0.428258	
	0.446158	
	0.513233	
	0.477996	
	0.491601	
	0.393918	
	0.353482	
	0.374679	
	0.393470	
	0.412075	
	0.405603	
	0.414880	
	0.379063	
	0.465853	
	0.410274	
	0.262165	
	0.212592	
	0.208725	
	0.172736	
	0.152329	
	0.182441	
	0.206655	
	0.182727	
	0.248720	
	0.255723	
	0.278347	
	0.322675	
	0.332376	
	0.357162	
	0.406987	
	0.523190	
	0.381796	
	0.369400	
	0.397111	
	0.356855	
	0.396588	
	0.352834	
	0.323963	
	0.398727	
	0.344524	
	0.373907	
	0.348130	
	0.327702	
	0.334386	
	0.273143	
	0.235540	
	0.449005	
	0.607607	
	0.506416	
	0.377376	
	0.372939	
	0.342922	
	0.315315	
	0.201908	
	0.176651	
	0.166794	
	0.222520	
	0.265892	
	0.262019	
	0.316217	
	0.281923	
	0.283968	
	0.296092	
	0.255263	
	0.503898	
	0.375204	
	0.245220	
	0.249396	
	0.259977	
	0.208945	
	0.184545	
	0.211889	
	0.180242	
	0.173742	
	0.178951	
	0.167316	
	0.165580	
	0.165634	
	0.181139	
	0.177143	
	0.171276	
	0.446164	
	0.373158	
	0.269081	
	0.200876	
	0.172002	
	0.155366	
	0.152588	
	0.132353	
	0.123106	
	0.133930	
	0.125421	
	0.123147	
	0.124579	
	0.127767	
	0.133931	
	0.129712	
	0.137403	
	0.299309	
	0.262850	
	0.198338	
	0.198138	
	0.218971	
	0.205414	
	0.198638	
	0.179840	
	0.208428	
	0.305026	
	0.247996	
	0.247804	
	0.247758	
	0.237517	
	0.243982	
	0.216231	
	0.385245	
	0.628411	
	0.602229	
	0.505482	
	0.423832	
	0.311221	
	0.234417	
	0.220257	
	0.223410	
	0.222610	
	0.392420	
	0.681028	
	0.831712	
	0.884833	
	0.927940	
	0.930619	
	0.811183	
	0.539563	
	0.575548	
	0.617715	
	0.599644	
	0.623913	
	0.559457	
	0.516532	
	0.518569	
	0.454014	
	0.466381	
	0.471362	
	0.461451	
	0.378112	
	0.427752	
	0.503257	
	0.743741	
	0.758804	
	0.820679	
	0.840315	
	0.671105	
	0.435734	
	0.320608	
	0.368805	
	0.390047	
	0.361289	
	0.416503	
	0.416081	
	0.434659	
	0.462065	
	0.518396	
	0.538144	
	0.483811	
	0.464690	
	0.457063	
	0.504702	
	0.502895	
	0.536051	
	0.452372	
	0.467223	
	0.423604	
	0.480825	
	0.517210	
	0.497019	
	0.471214	
	0.447567	
	0.349410	
	0.353939	
	0.337375	
	0.437937	
	0.439406	
	0.384110	
	0.373661	
	0.568461	
	0.615471	
	0.540409	
	0.414156	
	0.322769	
	0.323452	
	0.354741	
	0.321568	
	0.256557	
	0.215549	
	0.180138	
	0.207000	
	0.223818	
	0.233625	
	0.222534	
	0.211263	
	0.188459	
	0.314350	
	0.454160	
	0.285143	
	0.181026	
	0.156279	
	0.173300	
	0.140869	
	0.149774	
	0.148392	
	0.148430	
	0.140581	
	0.129941	
	0.148212	
	0.145272	
	0.140449	
	0.141281	
	0.157798	
	0.244589	
	0.518351	
	0.402365	
	0.299654	
	0.233095	
	0.206559	
	0.196192	
	0.186715	
	0.160789	
	0.157740	
	0.146122	
	0.128078	
	0.129454	
	0.131216	
	0.135694	
	0.133836	
	0.123649	
	0.133472	
	0.272580	
	0.201983	
	0.153243	
	0.128089	
	0.142005	
	0.121164	
	0.128605	
	0.137875	
	0.190029	
	0.220738	
	0.176094	
	0.636052	
	0.738116	
	0.712327	
	0.576023	
	0.465475	
	0.470371	
	0.552797	
	0.466383	
	0.402903	
	0.380821	
	0.366520	
	0.393972	
	0.408891	
	0.375900	
	0.374876	
	0.315251	
	0.430800	
	0.423497	
	0.524955	
	0.459231	
	0.379631	
	0.410759	
	0.371893	
	0.486759	
	0.471904	
	0.431582	
	0.408316	
	0.436198	
	0.455478	
	0.514751	
	0.474814	
	0.516276	
	0.465406	
	0.372292	
	0.383896	
	0.392929	
	0.296251	
	0.252904	
	0.313904	
	0.176798	
	0.424538	
	0.523142	
	0.348562	
	0.219867	
	0.178732	
	0.169775	
	0.162476	
	0.180412	
	0.204601	
	0.235526	
	0.213973	
	0.265000	
	0.277543	
	0.277467	
	0.300354	
	0.365375	
	0.415329	
	0.435667	
	0.331447	
	0.297667	
	0.302885	
	0.359089	
	0.297366	
	0.326861	
	0.266822	
	0.313629	
	0.306253	
	0.268961	
	0.319048	
	0.290406	
	0.288977	
	0.312633	
	0.261262	
	0.341992	
	0.587110	
	0.549147	
	0.440520	
	0.329180	
	0.313929	
	0.303141	
	0.257207	
	0.288543	
	0.323851	
	0.307765	
	0.254470	
	0.272142	
	0.336801	
	0.253779	
	0.247801	
	0.265992	
	0.238715	
	0.426783	
	0.468054	
	0.258458	
	0.188787	
	0.157704	
	0.144295	
	0.140273	
	0.142481	
	0.133083	
	0.131897	
	0.124960	
	0.116332	
	0.113522	
	0.110951	
	0.099587	
	0.106815	
	0.118679	
	0.326256	
	0.481462	
	0.269848	
	0.188140	
	0.180863	
	0.146499	
	0.146062	
	0.145347	
	0.140120	
	0.142240	
	0.137289	
	0.133466	
	0.129516	
	0.130875	
	0.132723	
	0.125173	
	0.133610	
	0.161699	
	0.277050	
	0.187698	
	0.170499	
	0.155093	
	0.153272	
	0.149353	
	0.145985	
	0.152342	
	0.295858	
	0.551660	
	0.729604	
	0.840380	
	0.886987	
	0.754762	
	0.455732	
	0.335592	
	0.434909	
	0.510830	
	0.469795	
	0.358442	
	0.284145	
	0.250463	
	0.252044	
	0.257722	
	0.220682	
	0.296467	
	0.415757	
	0.446759	
	0.464772	
	0.464918	
	0.543191	
	0.506533	
	0.521588	
	0.480596	
	0.437131	
	0.435905	
	0.415682	
	0.349784	
	0.319573	
	0.336483	
	0.332686	
	0.277380	
	0.302371	
	0.211953	
	0.184474	
	0.387909	
	0.191997	
	0.222776	
	0.481617	
	0.836638	
	0.796841	
	0.560131	
	0.421362	
	0.390240	
	0.313765	
	0.340808	
	0.262682	
	0.290569	
	0.277762	
	0.281863	
	0.286516	
	0.306169	
	0.345392	
	0.334913	
	0.333401	
	0.323239	
	0.297878	
	0.295068	
	0.384315	
	0.228481	
	0.196112	
	0.189084	
	0.195875	
	0.165649	
	0.148789	
	0.147946	
	0.154534	
	0.148023	
	0.148726	
	0.159777	
	0.167502	
	0.181183	
	0.184154	
	0.131424	
	0.398417	
	0.669064	
	0.606686	
	0.471514	
	0.370037	
	0.278506	
	0.198600	
	0.189346	
	0.185914	
	0.172863	
	0.152641	
	0.162734	
	0.150949	
	0.145762	
	0.500527	
	0.487055	
	0.334021	
	0.403409	
	0.444867	
	0.353439	
	0.303200	
	0.288504	
	0.308654	
	0.324733	
	0.381067	
	0.447512	
	0.167229	
	0.163850	
	0.252718	
	0.637339	
	0.852431	
	0.794304	
	0.419065	
	0.359299	
	0.478912	
	0.506089	
	0.416715	
	0.399206	
	0.439022	
	0.507725	
	0.587518	
	0.554550	
	0.532739	
	0.466641	
	0.423816	
	0.369551	
	0.350655	
	0.387923	
	0.423625	
	0.375919	
	0.266857	
	0.205831	
	0.266660	
	0.312815	
	0.229035	
	0.242383	
	0.171748	
	0.189563	
	0.209454	
	0.162277	
	0.188768	
	0.679614	
	0.845612	
	0.798158	
	0.464496	
	0.286568	
	0.338953	
	0.360577	
	0.393841	
	0.563026	
	0.603615	
	0.510424	
	0.418607	
	0.441750	
	0.463073	
	0.451628	
	0.381686	
	0.421046	
	0.437640	
	0.406289	
	0.298360	
	0.313439	
	0.290426	
	0.245371	
	0.251607	
	0.272486	
	0.351810	
	0.574886	
	0.518302	
	0.497313	
	0.625064	
	0.508807	
	0.663692	
	0.696953	
	0.708713	
	0.565290	
	0.373017	
	0.207932	
	0.149567	
	0.179265	
	0.173436	
	0.192619	
	0.224699	
	0.222086	
	0.429055	
	0.388822	
	0.338670	
	0.243872	
	0.256199	
	0.283343	
	0.253133	
	0.241709	
	0.228021	
	0.234572	
	0.246354	
	0.210991	
	0.236854	
	0.264709	
	0.258110	
	0.245614	
	0.308272	
	0.424296	
	0.351262	
	0.307349	
	0.280659	
	0.281562	
	0.277599	
	0.275649	
	0.270505	
	0.276233	
	0.264555	
	0.252028	
	0.219616	
	0.265335	
	0.316670	
	0.305646	
	0.299128	
	0.518944	
	0.639869	
	0.560441	
	0.432251	
	0.326834	
	0.317341	
	0.249675	
	0.268892	
	0.253155	
	0.244883	
	0.197302	
	0.188971	
	0.219102	
	0.219888	
	0.192930	
	0.230521	
	0.241106	
	0.281609	
	0.548552	
	0.344501	
	0.202640	
	0.150161	
	0.164347	
	0.168534	
	0.206805	
	0.205951	
	0.152022	
	0.124437	
	0.094678	
	0.110382	
	0.103936	
	0.097849	
	0.102987	
	0.101041	
	0.117891	
	0.503688	
	0.617816	
	0.545869	
	0.432746	
	0.362512	
	0.307177	
	0.267601	
	0.245740	
	0.225924	
	0.218433	
	0.201653	
	0.407318	
	0.656516	
	0.451209	
	0.417285	
	0.360092	
	0.297445	
	0.246090	
	0.249516	
	0.229039	
	0.226630	
	0.209463	
	0.245975	
	0.601686	
	0.628314	
	0.432171	
	0.365551	
	0.288132	
	0.264091	
	0.265686	
	0.265598	
	0.196640	
	0.196827	
	0.236640	
	0.638666	
	0.657652	
	0.516782	
	0.459915	
	0.424136	
	0.428339	
	0.367086	
	0.383893	
	0.346807	
	0.261842	
	0.333427	
	0.266342	
	0.550572	
	0.511790	
	0.368818	
	0.385206	
	0.326792	
	0.317707	
	0.342538	
	0.327313	
	0.379061	
	0.335870	
	0.398599	
	0.524337	
	0.683391	
	0.535843	
	0.425072	
	0.414412	
	0.322005	
	0.324259	
	0.329315	
	0.401352	
	0.409892	
	0.506181	
	0.553751	
	0.609893	
	0.610067	
	0.668475	
	0.662724	
	0.721320	
	0.767497	
	0.801948	
	0.760271	
	0.556647	
	0.566598	
	0.761137	
	0.765723	
	0.636409	
	0.701349	
	0.670515	
	0.629878	
	0.630473	
	0.512880	
	0.562758	
	0.471948	
	0.606744	
	0.584752	
	0.740669	
	0.727520	
	0.736068	
	0.627773	
	0.536875	
	0.394859	
	0.444695	
	0.393033	
	0.474587	
	0.491765	
	0.549601	
	0.607331	
	0.537228	
	0.528956	
	0.566707	
	0.596374	
	0.600213	
	0.583940	
	0.508303	
	0.335861	
	0.279152	
	0.300742	
	0.368576	
	0.437388	
	0.433053	
	0.439942	
	0.411339	
	0.345654	
	0.315015	
	0.336184	
	0.332487	
	0.294900	
	0.344124	
	0.380118	
	0.451617	
	0.411033	
	0.410480	
	0.440238	
	0.425600	
	0.440259	
	0.581154	
	0.511053	
	0.539015	
	0.645996	
	0.679161	
	0.649190	
	0.581869	
	0.553182	
	0.503830	
	0.496378	
	0.491255	
	0.478162	
	0.454318	
	0.466619	
	0.474972	
	0.436076	
	0.413360	
	0.392751	
	0.374611	
	0.395947	
	0.405578	
	0.474484	
	0.458400	
	0.529432	
	0.493919	
	0.539806	
	0.541900	
	0.476672	
	0.487955	
	0.549677	
	0.534135	
	0.530158	
	0.561989	
	0.584572	
	0.487913	
	0.504959	
	0.517558	
	0.553012	
	0.437677	
	0.439621	
	0.708860	
	0.715330	
	0.596395	
	0.572066	
	0.542881	
	0.547345	
	0.511756	
	0.573688	
	0.541603	
	0.606184	
	0.501980	
	0.519940	
	0.353124	
	0.262543	
	0.235616	
	0.230853	
	0.245417	
	0.529668	
	0.555162	
	0.541000	
	0.578694	
	0.576082	
	0.628821	
	0.592146	
	0.615017	
	0.648312	
	0.705601	
	0.725858	
	0.746790	
	0.734873	
	0.667887	
	0.650860	
	0.527291	
	0.579619	
	0.664948	
	0.610632	
	0.633944	
	0.596932	
	0.498567	
	0.444179	
	0.573640	
	0.658150	
	0.701078	
	0.629557	
	0.510152	
	0.394471	
	0.448551	
	0.478781	
	0.455294	
	0.443692	
	0.373375	
	0.470713	
	0.479622	
	0.462164	
	0.467859	
	0.446338	
	0.463386	
	0.491371	
	0.492438	
	0.506066	
	0.523071	
	0.505488	
	0.501635	
	0.490027	
	0.472603	
	0.493397	
	0.505783	
	0.499105	
	0.563452	
	0.609984	
	0.597317	
	0.506845	
	0.461625	
	0.469485	
	0.497922	
	0.477800	
	0.457232	
	0.470530	
	0.501617	
	0.521819	
	0.528347	
	0.500084	
	0.512709	
	0.500607	
	0.504064	
	0.485896	
	0.507506	
	0.501210	
	0.482092	
	0.525627	
	0.600438	
	0.491900	
	0.380442	
	0.328687	
	0.311738	
	0.308748	
	0.347809	
	0.338404	
	0.349527	
	0.355783	
	0.409894	
	0.406774	
	0.506813	
	0.489300	
	0.387602	
	0.361126	
	0.282563	
	0.312335	
	0.320948	
	0.333267	
	0.309551	
	0.316776	
	0.319641	
	0.344026	
	0.400374	
	0.384374	
	0.310108	
	0.324961	
	0.351981	
	0.414180	
	0.458422	
	0.431847	
	0.369816	
	0.384333	
	0.377028	
	0.590638	
	0.518605	
	0.413701	
	0.372890	
	0.354886	
	0.316486	
	0.348804	
	0.350950	
	0.359380	
	0.407657	
	0.421548	
	0.614913	
	0.783198	
	0.758125	
	0.724520	
	0.665260	
	0.656168	
	0.593668	
	0.615685	
	0.570798	
	0.607286	
	0.585217	
	0.579849	
	0.534896	
	0.338395	
	0.234457	
	0.257289	
	0.253836	
	0.242784	
	0.228621	
	0.232092	
	0.218296	
	0.212882	
	0.226033	
	0.508213	
	0.687047	
	0.808704	
	0.868110	
	0.888626	
	0.915348	
	0.908101	
	0.867098	
	0.632759	
	0.600874	
	0.570872	
	0.511788	
	0.484417	
	0.415274	
	0.394099	
	0.426178	
	0.403982	
	0.411189	
	0.421746	
	0.439583	
	0.359252	
	0.334566	
	0.383658	
	0.403133	
	0.440837	
	0.494413	
	0.462279	
	0.427205	
	0.336462	
	0.420330	
	0.468760	
	0.595701	
	0.368053	
	0.426163	
	0.430685	
	0.520845	
	0.549536	
	0.521515	
	0.387583	
	0.438421	
	0.434351	
	0.481475	
	0.457904	
	0.407786	
	0.463508	
	0.481723	
	0.504559	
	0.464167	
	0.404018	
	0.359554	
	0.351833	
	0.337834	
	0.347693	
	0.304426	
	0.295532	
	0.355170	
	0.388067	
	0.413879	
	0.413122	
	0.374826	
	0.353244	
	0.351272	
	0.311299	
	0.285403	
	0.355055	
	0.319492	
	0.337698	
	0.364227	
	0.331147	
	0.424241	
	0.691842	
	0.536594	
	0.528677	
	0.531417	
	0.527915	
	0.518238	
	0.501593	
	0.499803	
	0.511441	
	0.553524	
	0.525187	
	0.511958	
	0.534395	
	0.512216	
	0.516264	
	0.518566	
	0.530525	
	0.481615	
	0.496166	
	0.519056	
	0.506445	
	0.411882	
	0.401213	
	0.325901	
	0.304016	
	0.355508	
	0.354025	
	0.474550	
	0.580870	
	0.830209	
	0.906377	
	0.804154	
	0.442921	
	0.506567	
	0.434708	
	0.436778	
	0.492860	
	0.503234	
	0.397881	
	0.401122	
	0.407571	
	0.376887	
	0.389161	
	0.419861	
	0.591770	
	0.688210	
	0.680302	
	0.602518	
	0.573541	
	0.570380	
	0.560572	
	0.579217	
	0.562086	
	0.520279	
	0.547809	
	0.470347	
	0.424653	
	0.318953	
	0.364331	
	0.388484	
	0.387245	
	0.378486	
	0.335534	
	0.407347	
	0.530399	
	0.527505	
	0.517288	
	0.497557	
	0.470174	
	0.442861	
	0.416897	
	0.415133	
	0.470388	
	0.365650	
	0.307134	
	0.391837	
	0.410319	
	0.415045	
	0.337462	
	0.340734	
	0.328246	
	0.405032	
	0.432846	
	0.473605	
	0.504875	
	0.469274	
	0.436032	
	0.478422	
	0.494682	
	0.522530	
	0.443089	
	0.482449	
	0.441361	
	0.477494	
	0.531868	
	0.607772	
	0.564161	
	0.493015	
	0.467376	
	0.474404	
	0.518757	
	0.520807	
	0.556458	
	0.510857	
	0.509535	
	0.522765	
	0.525421	
	0.515526	
	0.494186	
	0.477192	
	0.499030	
	0.483297	
	0.606644	
	0.625117	
	0.552010	
	0.530332	
	0.497954	
	0.510332	
	0.540400	
	0.561187	
	0.489226	
	0.522598	
	0.561546	
	0.483998	
	0.474666	
	0.478761	
	0.470456	
	0.523182	
	0.494921	
	0.464904	
	0.526872	
	0.535773	
	0.517828	
	0.490936	
	0.480199	
	0.465741	
	0.429707	
	0.374293	
	0.362986	
	0.383009	
	0.401644	
	0.391547	
	0.439479	
	0.434485	
	0.350143	
	0.324088	
	0.417358	
	0.547745	
	0.528684	
	0.480407	
	0.480975	
	0.448869	
	0.545213	
	0.620848	
	0.564018	
	0.496990	
	0.468026	
	0.442317	
	0.488615	
	0.472616	
	0.420327	
	0.392678	
	0.349740	
	0.342570	
	0.602732	
	0.452635	
	0.417327	
	0.379855	
	0.368365	
	0.509378	
	0.605465	
	0.564702	
	0.503188	
	0.450640	
	0.402378	
	0.281115	
	0.302952	
	0.305491	
	0.285383	
	0.285014	
	0.337435	
	0.788087	
	0.786230	
	0.733685	
	0.713212	
	0.642195	
	0.649964	
	0.601791	
	0.629678	
	0.616748	
	0.652858	
	0.575629	
	0.597549	
	0.576037	
	0.444875	
	0.406709	
	0.361452	
	0.318095	
	0.308485	
	0.250958	
	0.248243	
	0.217959	
	0.225850	
	0.257956	
	0.522167	
	0.572678	
	0.457526	
	0.316416	
	0.294570	
	0.334395	
	0.340612	
	0.335900	
	0.365600	
	0.394112	
	0.414260	
	0.433765	
	0.499618	
	0.514335	
	0.599391	
	0.648315	
	0.601626	
	0.667348	
	0.689883	
	0.662528	
	0.589140	
	0.530526	
	0.441412	
	0.412816	
	0.330121	
	0.359381	
	0.458653	
	0.513498	
	0.869611	
	0.906361	
	0.887213	
	0.888981	
	0.872060	
	0.680792	
	0.581724	
	0.570807	
	0.591188	
	0.568338	
	0.519491	
	0.713033	
	0.499711	
	0.806809	
	0.901476	
	0.599955	
	0.465421	
	0.407349	
	0.452023	
	0.403119	
	0.357757	
	0.359921	
	0.295376	
	0.303056	
	0.266676	
	0.298177	
	0.311212	
	0.397327	
	0.472553	
	0.521394	
	0.559420	
	0.536995	
	0.430497	
	0.429724	
	0.255269	
	0.336305	
	0.583536	
	0.256855	
	0.257280	
	0.348877	
	0.357823	
	0.319431	
	0.289165	
	0.292292	
	0.240944	
	0.218003	
	0.357377	
	0.718225	
	0.682149	
	0.680865	
	0.681695	
	0.625645	
	0.519468	
	0.528501	
	0.580468	
	0.567818	
	0.557946	
	0.524462	
	0.510604	
	0.511277	
	0.501993	
	0.485544	
	0.454182	
	0.369314	
	0.325663	
	0.395024	
	0.467727	
	0.389506	
	0.230751	
	0.343427	
	0.801203	
	0.902205	
	0.831074	
	0.661825	
	0.431039	
	0.411480	
	0.324985	
	0.309270	
	0.285098	
	0.281877	
	0.282418	
	0.284699	
	0.268748	
	0.287314	
	0.272455	
	0.409382	
	0.627788	
	0.594169	
	0.567983	
	0.516679	
	0.479050	
	0.459172	
	0.423120	
	0.456936	
	0.418855	
	0.407693	
	0.363670	
	0.372376	
	0.292948	
	0.171918	
	0.175676	
	0.196082	
	0.146915	
	0.161670	
	0.214076	
	0.309664	
	0.423100	
	0.419404	
	0.493732	
	0.491191	
	0.532803	
	0.604015	
	0.539583	
	0.577782	
	0.574048	
	0.530931	
	0.560552	
	0.524542	
	0.588800	
	0.613957	
	0.626175	
	0.571321	
	0.560847	
	0.483415	
	0.434163	
	0.439693	
	0.492257	
	0.594927	
	0.720144	
	0.685541	
	0.649659	
	0.521408	
	0.351139	
	0.318086	
	0.345223	
	0.367212	
	0.399559	
	0.387459	
	0.450920	
	0.460756	
	0.457038	
	0.485779	
	0.475613	
	0.527579	
	0.515118	
	0.490766	
	0.449134	
	0.494635	
	0.482329	
	0.473096	
	0.503142	
	0.509216	
	0.497804	
	0.473281	
	0.593115	
	0.621364	
	0.577039	
	0.498915	
	0.512953	
	0.505371	
	0.471041	
	0.427471	
	0.430523	
	0.439795	
	0.420577	
	0.478060	
	0.491522	
	0.513371	
	0.461051	
	0.472745	
	0.468600	
	0.404917	
	0.386891	
	0.402003	
	0.459243	
	0.472823	
	0.517352	
	0.412471	
	0.358382	
	0.301913	
	0.286487	
	0.315253	
	0.314813	
	0.417271	
	0.371924	
	0.299705	
	0.350969	
	0.274311	
	0.453390	
	0.418894	
	0.294410	
	0.253863	
	0.261047	
	0.251132	
	0.219633	
	0.230756	
	0.229384	
	0.229679	
	0.200250	
	0.220989	
	0.341540	
	0.269306	
	0.265580	
	0.255023	
	0.234759	
	0.311280	
	0.318693	
	0.250918	
	0.261994	
	0.288772	
	0.271238	
	0.507131	
	0.405825	
	0.343051	
	0.253202	
	0.263239	
	0.228733	
	0.263558	
	0.293399	
	0.282066	
	0.269758	
	0.285734	
	0.600375	
	0.688763	
	0.601859	
	0.565238	
	0.491327	
	0.489492	
	0.476279	
	0.469791	
	0.427956	
	0.438782	
	0.441580	
	0.428806	
	0.388350	
	0.374340	
	0.333619	
	0.299258	
	0.291471	
	0.274586	
	0.239609	
	0.291192	
	0.332444	
	0.359300	
	0.369132	
	0.518282	
	0.471145	
	0.400816	
	0.382612	
	0.526737	
	0.622100	
	0.610034	
	0.636058	
	0.683943	
	0.680313	
	0.543596	
	0.433776	
	0.413815	
	0.377203	
	0.328947	
	0.293833	
	0.273232	
	0.274885	
	0.284338	
	0.251582	
	0.612944	
	0.697086	
	0.451925	
	0.472278	
	0.451001	
	0.482330	
	0.453311	
	0.481758	
	0.541841	
	0.505693	
	0.420940	
	0.336197	
	0.300071	
	0.375287	
	0.631782	
	0.579478	
	0.587478	
	0.741352	
	0.588008	
	0.500774	
	0.896321	
	0.913687	
	0.596559	
	0.440705	
	0.406053	
	0.392713	
	0.449442	
	0.388955	
	0.321375	
	0.294517	
	0.312801	
	0.454902	
	0.404176	
	0.727232	
	0.864117	
	0.860386	
	0.702822	
	0.470985	
	0.345656	
	0.278138	
	0.294828	
	0.286093	
	0.299565	
	0.345478	
	0.350939	
	0.293892	
	0.253829	
	0.308506	
	0.396533	
	0.432721	
	0.419365	
	0.462228	
	0.415341	
	0.400498	
	0.321955	
	0.458085	
	0.555658	
	0.592642	
	0.590470	
	0.533847	
	0.553357	
	0.470616	
	0.363264	
	0.301960	
	0.294516	
	0.252424	
	0.196802	
	0.202555	
	0.222983	
	0.289419	
	0.355864	
	0.843079	
	0.912001	
	0.926067	
	0.920827	
	0.903961	
	0.878440	
	0.734739	
	0.462548	
	0.537177	
	0.501540	
	0.523585	
	0.529159	
	0.525196	
	0.564217	
	0.581001	
	0.612720	
	0.577738	
	0.602399	
	0.561557	
	0.601691	
	0.657815	
	0.486675	
	0.427660	
	0.401188	
	0.498477	
	0.445757	
	0.504395	
	0.452455	
	0.394809	
	0.416695	
	0.408029	
	0.357518	
	0.404857	
	0.440246	
	0.373555	
	0.370421	
	0.810067	
	0.975976	
	0.986052	
	0.929741	
	0.758651	
	0.727656	
	0.742871	
	0.727505	
	0.678458	
	0.681718	
	0.664962	
	0.671754	
	0.654370	
	0.643867	
	0.662166	
	0.676641	
	0.695759	
	0.543455	
	0.396415	
	0.404195	
	0.369497	
	0.386738	
	0.381910	
	0.386391	
	0.395799	
	0.438078	
	0.470414	
	0.547199	
	0.553667	
	0.560080	
	0.540415	
	0.561158	
	0.577526	
	0.579098	
	0.565842	
	0.586832	
	0.575333	
	0.592457	
	0.599195	
	0.616568	
	0.601887	
	0.541664	
	0.529222	
	0.551818	
	0.575344	
	0.574025	
	0.613324	
	0.580943	
	0.537584	
	0.541543	
	0.534410	
	0.541343	
	0.529521	
	0.549871	
	0.563137	
	0.572559	
	0.513346	
	0.518945	
	0.510547	
	0.558558	
	0.524625	
	0.543257	
	0.548414	
	0.540763	
	0.550082	
	0.582469	
	0.508226	
	0.547662	
	0.508908	
	0.524994	
	0.549527	
	0.504026	
	0.467906	
	0.489540	
	0.506721	
	0.550600	
	0.521884	
	0.492080	
	0.484229	
	0.451391	
	0.423043	
	0.465110	
	0.460682	
	0.506984	
	0.442858	
	0.447734	
	0.436407	
	0.419600	
	0.395454	
	0.391976	
	0.377262	
	0.445151	
	0.393341	
	0.360360	
	0.355409	
	0.295378	
	0.310276	
	0.289685	
	0.332730	
	0.306900	
	0.269468	
	0.244489	
	0.223607	
	0.213763	
	0.172883	
	0.200501	
	0.208961	
	0.183262	
	0.171946	
	0.166732	
	0.156152	
	0.169646	
	0.157752	
	0.162687	
	0.160050	
	0.148148	
	0.145229	
	0.172829	
	0.177396	
	0.170947	
	0.165571	
	0.153895	
	0.155622	
	0.245832	
	0.855349	
	0.774160	
	0.708873	
	0.680110	
	0.639032	
	0.638863	
	0.645479	
	0.675705	
	0.659754	
	0.639179	
	0.612317	
	0.586290	
	0.548634	
	0.561477	
	0.547522	
	0.527361	
	0.489128	
	0.482335	
	0.459150	
	0.398829	
	0.389891	
	0.403812	
	0.430177	
	0.431346	
	0.412623	
	0.420108	
	0.698296	
	0.533945	
	0.451946	
	0.404262	
	0.399356	
	0.355784	
	0.355972	
	0.280168	
	0.302929	
	0.417590	
	0.328290	
	0.275137	
	0.256171	
	0.255728	
	0.231544	
	0.229905	
	0.238261	
	0.213389	
	0.200865	
	0.219092	
	0.209568	
	0.195622	
	0.193931	
	0.184784	
	0.180103	
	0.227865	
	0.258532	
	0.267954	
	0.300602	
	0.226345	
	0.212582	
	0.198636	
	0.200050	
	0.220310	
	0.246580	
	0.209969	
	0.198005	
	0.214934	
	0.201060	
	0.175284	
	0.171011	
	0.164240	
	0.246527	
	0.310367	
	0.278083	
	0.282317	
	0.198227	
	0.153522	
	0.190359	
	0.164615	
	0.143216	
	0.122147	
	0.126698	
	0.140680	
	0.143274	
	0.143498	
	0.131971	
	0.134327	
	0.130251	
	0.225427	
	0.347818	
	0.246613	
	0.306256	
	0.200709	
	0.177586	
	0.190629	
	0.157354	
	0.168888	
	0.150315	
	0.155670	
	0.144368	
	0.141412	
	0.135631	
	0.138686	
	0.159937	
	0.158740	
	0.236341	
	0.295149	
	0.349200	
	0.328159	
	0.356968	
	0.314198	
	0.229141	
	0.236131	
	0.272068	
	0.580018	
	0.474555	
	0.387124	
	0.403473	
	0.431481	
	0.401785	
	0.383301	
	0.361940	
	0.399637	
	0.386829	
	0.391822	
	0.290686	
	0.264474	
	0.260016	
	0.299977	
	0.330990	
	0.330342	
	0.330425	
	0.371298	
	0.363688	
	0.305787	
	0.309757	
	0.337573	
	0.294113	
	0.342182	
	0.319762	
	0.408976	
	0.423356	
	0.323654	
	0.246085	
	0.264825	
	0.258814	
	0.290117	
	0.278288	
	0.255612	
	0.242248	
	0.221621	
	0.236886	
	0.252198	
	0.209305	
	0.241775	
	0.243355	
	0.334527	
	0.399440	
	0.334413	
	0.271019	
	0.213421	
	0.209836	
	0.196917	
	0.190597	
	0.195605	
	0.254810	
	0.293203	
	0.271818	
	0.214961	
	0.205215	
	0.182160	
	0.184950	
	0.178237	
	0.215109	
	0.225721	
	0.290381	
	0.218282	
	0.203700	
	0.189628	
	0.193382	
	0.178154	
	0.162606	
	0.166325	
	0.132659	
	0.135356	
	0.130472	
	0.117783	
	0.098987	
	0.101368	
	0.100379	
	0.095590	
	0.241318	
	0.219817	
	0.198279	
	0.135743	
	0.127646	
	0.145465	
	0.126577	
	0.141915	
	0.140914	
	0.208859	
	0.140247	
	0.129699	
	0.132272	
	0.147358	
	0.118363	
	0.117857	
	0.128590	
	0.302256	
	0.281993	
	0.213195	
	0.219667	
	0.218186	
	0.246134	
	0.231773	
	0.232071	
	0.236059	
	0.245096	
	0.232589	
	0.232444	
	0.225063	
	0.208203	
	0.231369	
	0.211504	
	0.227694	
	0.375191	
	0.362726	
	0.234815	
	0.216182	
	0.195643	
	0.178072	
	0.189137	
	0.186247	
	0.182867	
	0.200945	
	0.181954	
	0.179925	
	0.206082	
	0.188510	
	0.186960	
	0.200387	
	0.195458	
	0.443263	
	0.441271	
	0.411906	
	0.445754	
	0.371790	
	0.381956	
	0.338701	
	0.340540	
	0.345234	
	0.345716	
	0.346274	
	0.365114	
	0.383751	
	0.403710	
	0.401193	
	0.330609	
	0.355305	
	0.362010	
	0.383022	
	0.423853	
	0.433504	
	0.451354	
	0.460997	
	0.471250	
	0.498267	
	0.531124	
	0.542440	
	0.541144	
	0.590642	
	0.627125	
	0.626021	
	0.640962	
	0.649260	
	0.513810	
	0.532198	
	0.558815	
	0.572710	
	0.598091	
	0.558306	
	0.528488	
	0.634154	
	0.727626	
	0.713726	
	0.568170	
	0.517355	
	0.521975	
	0.518329	
	0.463178	
	0.441977	
	0.413286	
	0.481987	
	0.593663	
	0.706634	
	0.574327	
	0.557530	
	0.468127	
	0.535638	
	0.479475	
	0.590747	
	0.718952	
	0.685646	
	0.671884	
	0.583716	
	0.583220	
	0.593531	
	0.576757	
	0.546769	
	0.583728	
	0.527788	
	0.448606	
	0.355861	
	0.329257	
	0.361973	
	0.364588	
	0.372248	
	0.372291	
	0.414335	
	0.410283	
	0.469960	
	0.480419	
	0.499725	
	0.487757	
	0.480544	
	0.456168	
	0.450726	
	0.452973	
	0.509900	
	0.523710	
	0.512479	
	0.469827	
	0.522571	
	0.507694	
	0.543991	
	0.483426	
	0.476116	
	0.486806	
	0.422186	
	0.442456	
	0.424709	
	0.469082	
	0.426298	
	0.468997	
	0.544607	
	0.581722	
	0.519067	
	0.419810	
	0.382313	
	0.417099	
	0.388190	
	0.396920	
	0.415333	
	0.371420	
	0.386101	
	0.367768	
	0.405342	
	0.468293	
	0.460977	
	0.470778	
	0.476848	
	0.431408	
	0.481938	
	0.332186	
	0.278846	
	0.234588	
	0.212491	
	0.213920	
	0.199779	
	0.208410	
	0.191716	
	0.173846	
	0.176416	
	0.146561	
	0.154588	
	0.235916	
	0.308781	
	0.318647	
	0.375252	
	0.551088	
	0.391789	
	0.263759	
	0.208503	
	0.176520	
	0.168750	
	0.150849	
	0.157360	
	0.150655	
	0.150292	
	0.141416	
	0.135653	
	0.148332	
	0.367359	
	0.445691	
	0.500855	
	0.544354	
	0.500435	
	0.469522	
	0.407037	
	0.440578	
	0.451219	
	0.490845	
	0.496359	
	0.494054	
	0.474194	
	0.512265	
	0.501365	
	0.446923	
	0.588439	
	0.664238	
	0.658315	
	0.466297	
	0.517983	
	0.563428	
	0.539697	
	0.471696	
	0.472619	
	0.544325	
	0.547607	
	0.548687	
	0.579901	
	0.567506	
	0.568108	
	0.608929	
	0.616371	
	0.621110	
	0.588610	
	0.587732	
	0.543833	
	0.466572	
	0.504186	
	0.439872	
	0.410420	
	0.359425	
	0.356901	
	0.311770	
	0.473959	
	0.537570	
	0.555388	
	0.646837	
	0.612893	
	0.521875	
	0.489950	
	0.405067	
	0.395961	
	0.377290	
	0.410048	
	0.400128	
	0.401105	
	0.444706	
	0.447296	
	0.464792	
	0.503346	
	0.511265	
	0.551710	
	0.523970	
	0.461006	
	0.511630	
	0.511672	
	0.532675	
	0.489486	
	0.485170	
	0.468509	
	0.515043	
	0.492863	
	0.541857	
	0.554373	
	0.510170	
	0.528666	
	0.523943	
	0.513189	
	0.443991	
	0.440174	
	0.454144	
	0.489280	
	0.558301	
	0.498057	
	0.481588	
	0.432086	
	0.449767	
	0.424557	
	0.573887	
	0.591027	
	0.521815	
	0.481370	
	0.471945	
	0.445157	
	0.345582	
	0.342471	
	0.370480	
	0.394010	
	0.421618	
	0.386915	
	0.445583	
	0.457792	
	0.466055	
	0.335224	
	0.363961	
	0.532575	
	0.441201	
	0.388647	
	0.218581	
	0.169180	
	0.149472	
	0.143066	
	0.142103	
	0.118298	
	0.128408	
	0.109454	
	0.145727	
	0.194964	
	0.216484	
	0.250715	
	0.238835	
	0.267885	
	0.507058	
	0.542626	
	0.422877	
	0.296287	
	0.246830	
	0.224969	
	0.219207	
	0.206743	
	0.194975	
	0.193426	
	0.196042	
	0.187194	
	0.182217	
	0.169959	
	0.166738	
	0.153541	
	0.149717	
	0.174051	
	0.298663	
	0.243542	
	0.214386	
	0.206307	
	0.199286	
	0.197342	
	0.198039	
	0.198876	
	0.254401	
	0.214744	
	0.183429	
	0.177884	
	0.154987	
	0.174695	
	0.153784	
	0.164044	
	0.530591	
	0.598472	
	0.569790	
	0.419915	
	0.343779	
	0.281147	
	0.246785	
	0.217491	
	0.204461	
	0.205306	
	0.207953	
	0.238284	
	0.350148	
	0.433477	
	0.490961	
	0.531705	
	0.615955	
	0.671746	
	0.669051	
	0.641706	
	0.626782	
	0.637828	
	0.581507	
	0.533580	
	0.520109	
	0.534559	
	0.508065	
	0.503397	
	0.594298	
	0.612590	
	0.542202	
	0.507863	
	0.482854	
	0.507864	
	0.476389	
	0.441268	
	0.519203	
	0.526723	
	0.509770	
	0.546376	
	0.535194	
	0.534304	
	0.574832	
	0.596419	
	0.567516	
	0.607749	
	0.604388	
	0.576205	
	0.556594	
	0.521933	
	0.548935	
	0.533632	
	0.561797	
	0.631760	
	0.565288	
	0.562871	
	0.575354	
	0.622615	
	0.668496	
	0.666100	
	0.590616	
	0.573793	
	0.600913	
	0.636894	
	0.720621	
	0.682601	
	0.754264	
	0.683398	
	0.507519	
	0.630249	
	0.550869	
	0.421529	
	0.324004	
	0.269219	
	0.220328	
	0.228725	
	0.206150	
	0.191534	
	0.233007	
	0.222146	
	0.185619	
	0.219442	
	0.197476	
	0.221031	
	0.241842	
	0.311703	
	0.473020	
	0.438532	
	0.508053	
	0.511723	
	0.535559	
	0.549627	
	0.534321	
	0.537857	
	0.579983	
	0.589117	
	0.541555	
	0.452946	
	0.470500	
	0.394638	
	0.457685	
	0.473782	
	0.431614	
	0.450640	
	0.399862	
	0.404294	
	0.367207	
	0.366451	
	0.357898	
	0.300296	
	0.300796	
	0.284101	
	0.275094	
	0.291882	
	0.281239	
	0.278274	
	0.297768	
	0.311691	
	0.261728	
	0.299282	
	0.294089	
	0.301473	
	0.357697	
	0.347711	
	0.358737	
	0.319543	
	0.362835	
	0.283482	
	0.297496	
	0.247201	
	0.245725	
	0.230763	
	0.232862	
	0.238883	
	0.201466	
	0.184558	
	0.261278	
	0.529096	
	0.554947	
	0.429282	
	0.338653	
	0.349711	
	0.298926	
	0.253223	
	0.255088	
	0.191593	
	0.216127	
	0.238321	
	0.467898	
	0.514877	
	0.323924	
	0.340275	
	0.311802	
	0.364452	
	0.451884	
	0.473881	
	0.433292	
	0.400106	
	0.385270	
	0.389710	
	0.419548	
	0.466290	
	0.426982	
	0.410768	
	0.369063	
	0.356346	
	0.385611	
	0.407240	
	0.430526	
	0.423615	
	0.410138	
	0.377316	
	0.435514	
	0.253832	
	0.199121	
	0.187277	
	0.171758	
	0.148622	
	0.153613	
	0.184507	
	0.191288	
	0.188871	
	0.247673	
	0.261882	
	0.281823	
	0.318186	
	0.337351	
	0.372612	
	0.430893	
	0.505038	
	0.399073	
	0.387877	
	0.398836	
	0.397621	
	0.425106	
	0.390447	
	0.335089	
	0.406613	
	0.368133	
	0.411495	
	0.357941	
	0.343391	
	0.352731	
	0.282156	
	0.262163	
	0.482474	
	0.640714	
	0.452261	
	0.364144	
	0.424360	
	0.338551	
	0.308836	
	0.203780	
	0.171227	
	0.176623	
	0.236716	
	0.283417	
	0.301961	
	0.261118	
	0.249928	
	0.275728	
	0.237970	
	0.252906	
	0.369554	
	0.280523	
	0.192288	
	0.187273	
	0.194251	
	0.134290	
	0.137049	
	0.116812	
	0.122682	
	0.134380	
	0.138509	
	0.154607	
	0.148594	
	0.129574	
	0.152760	
	0.155049	
	0.133427	
	0.432810	
	0.316272	
	0.251782	
	0.185528	
	0.196372	
	0.173535	
	0.178749	
	0.154791	
	0.156146	
	0.140011	
	0.142157	
	0.133108	
	0.125453	
	0.129572	
	0.124607	
	0.113751	
	0.108570	
	0.264512	
	0.203754	
	0.159794	
	0.162896	
	0.170340	
	0.190323	
	0.189499	
	0.162178	
	0.199689	
	0.263455	
	0.189586	
	0.175187	
	0.161816	
	0.147483	
	0.157750	
	0.140186	
	0.438201	
	0.632586	
	0.574721	
	0.502233	
	0.386931	
	0.308494	
	0.250959	
	0.231547	
	0.208523	
	0.208844	
	0.466911	
	0.734080	
	0.853581	
	0.884914	
	0.914717	
	0.911759	
	0.773274	
	0.558110	
	0.596508	
	0.637626	
	0.624700	
	0.638759	
	0.543413	
	0.547745	
	0.497380	
	0.475780	
	0.452562	
	0.441592	
	0.416742	
	0.337619	
	0.385627	
	0.522826	
	0.724495	
	0.763314	
	0.814481	
	0.797021	
	0.671504	
	0.384370	
	0.331027	
	0.363193	
	0.391633	
	0.413044	
	0.451046	
	0.442815	
	0.458457	
	0.480736	
	0.542626	
	0.562714	
	0.471509	
	0.488842	
	0.460127	
	0.518880	
	0.529948	
	0.511387	
	0.438268	
	0.433667	
	0.435518	
	0.464452	
	0.526145	
	0.516951	
	0.475491	
	0.402862	
	0.348439	
	0.340847	
	0.343847	
	0.419344	
	0.417742	
	0.409255	
	0.411276	
	0.570909	
	0.557921	
	0.469912	
	0.400047	
	0.335143	
	0.280165	
	0.277113	
	0.296443	
	0.230807	
	0.209198	
	0.190665	
	0.221241	
	0.241357	
	0.243029	
	0.227941	
	0.179169	
	0.183270	
	0.388328	
	0.509103	
	0.301744	
	0.230689	
	0.218057	
	0.199244	
	0.196092	
	0.175455	
	0.182402	
	0.161061	
	0.154470	
	0.159736	
	0.173201	
	0.137351	
	0.129410	
	0.130232	
	0.154907	
	0.313482	
	0.457395	
	0.404462	
	0.320523	
	0.281463	
	0.249407	
	0.255718	
	0.235676	
	0.223298	
	0.201289	
	0.186033	
	0.171570	
	0.174858	
	0.191082	
	0.165787	
	0.154977	
	0.146295	
	0.160493	
	0.274372	
	0.204845	
	0.192263	
	0.182745	
	0.169779	
	0.159828	
	0.160367	
	0.147255	
	0.194386	
	0.191723	
	0.190378	
	0.595551	
	0.694100	
	0.669079	
	0.504171	
	0.431048	
	0.436747	
	0.568152	
	0.456955	
	0.373592	
	0.372171	
	0.342437	
	0.378793	
	0.400609	
	0.366876	
	0.354523	
	0.317546	
	0.430524	
	0.413818	
	0.489808	
	0.438412	
	0.370351	
	0.386961	
	0.378217	
	0.534574	
	0.448131	
	0.439195	
	0.432160	
	0.428861	
	0.482604	
	0.533275	
	0.488797	
	0.534726	
	0.449368	
	0.376448	
	0.399627	
	0.385000	
	0.304045	
	0.274655	
	0.291168	
	0.175852	
	0.454993	
	0.433214	
	0.355518	
	0.244724	
	0.200889	
	0.191096	
	0.170963	
	0.181774	
	0.207098	
	0.235773	
	0.228619	
	0.259427	
	0.273921	
	0.266573	
	0.295501	
	0.364710	
	0.414264	
	0.408617	
	0.306928	
	0.302775	
	0.295184	
	0.312024	
	0.285069	
	0.321077	
	0.280036	
	0.309657	
	0.307853	
	0.275009	
	0.323608	
	0.279945	
	0.280143	
	0.284124	
	0.250364	
	0.401393	
	0.655229	
	0.653083	
	0.498221	
	0.328352	
	0.307784	
	0.289804	
	0.252456	
	0.265655	
	0.292386	
	0.283712	
	0.241594	
	0.271123	
	0.300997	
	0.230001	
	0.214339	
	0.240233	
	0.194727	
	0.468879	
	0.408938	
	0.253781	
	0.180372	
	0.147120	
	0.155508	
	0.138831	
	0.120508	
	0.131073	
	0.123820	
	0.123406	
	0.122959	
	0.145887	
	0.135860	
	0.134426	
	0.134678	
	0.120396	
	0.457510	
	0.415505	
	0.305837	
	0.181652	
	0.167298	
	0.157743	
	0.142062	
	0.148446	
	0.143492	
	0.170531	
	0.138494	
	0.153852	
	0.142369	
	0.142372	
	0.148339	
	0.131566	
	0.147605	
	0.230007	
	0.329696	
	0.196825	
	0.180030	
	0.169825	
	0.174788	
	0.152346	
	0.173017	
	0.174108	
	0.342852	
	0.584640	
	0.776407	
	0.863290	
	0.891144	
	0.748003	
	0.456756	
	0.351804	
	0.448613	
	0.493150	
	0.450400	
	0.345524	
	0.278221	
	0.222420	
	0.237368	
	0.236944	
	0.209098	
	0.311045	
	0.400546	
	0.426241	
	0.450583	
	0.452970	
	0.524818	
	0.480801	
	0.478089	
	0.480815	
	0.417574	
	0.443987	
	0.381201	
	0.329293	
	0.278390	
	0.301233	
	0.269175	
	0.213230	
	0.263034	
	0.176969	
	0.210993	
	0.336590	
	0.150482	
	0.154625	
	0.446579	
	0.815334	
	0.721635	
	0.449115	
	0.307552	
	0.325150	
	0.301160	
	0.341331	
	0.275177	
	0.306516	
	0.304935	
	0.290900	
	0.287234	
	0.315589	
	0.391087	
	0.311196	
	0.318888	
	0.305784	
	0.296518	
	0.322353	
	0.355109	
	0.232883	
	0.231475	
	0.210876	
	0.236896	
	0.174859	
	0.175318	
	0.169268	
	0.168812	
	0.171986	
	0.146824	
	0.175926	
	0.158867	
	0.182193	
	0.198178	
	0.153327	
	0.478998	
	0.630524	
	0.539654	
	0.404985	
	0.339936	
	0.253795	
	0.194685	
	0.168804	
	0.173065	
	0.161732	
	0.157418	
	0.156080	
	0.157390	
	0.166101	
	0.554540	
	0.457079	
	0.334492	
	0.406590	
	0.428967	
	0.377539	
	0.293782	
	0.293753	
	0.291545	
	0.312214	
	0.362723	
	0.379792	
	0.152039	
	0.139703	
	0.238881	
	0.623593	
	0.824578	
	0.745941	
	0.365331	
	0.393282	
	0.463333	
	0.469718	
	0.451019	
	0.444836	
	0.464296	
	0.497979	
	0.513109	
	0.551448	
	0.496839	
	0.431072	
	0.383737	
	0.371840	
	0.369103	
	0.362097	
	0.373838	
	0.353005	
	0.225995	
	0.177935	
	0.274791	
	0.302995	
	0.199357	
	0.200826	
	0.157024	
	0.181215	
	0.190394	
	0.166473	
	0.180573	
	0.622329	
	0.801383	
	0.727924	
	0.363583	
	0.273893	
	0.333886	
	0.355621	
	0.368343	
	0.615304	
	0.611179	
	0.499102	
	0.421160	
	0.418858	
	0.476122	
	0.463016	
	0.420288	
	0.444726	
	0.469914	
	0.390748	
	0.298300	
	0.311643	
	0.305853	
	0.231975	
	0.229626	
	0.253654	
	0.389786	
	0.529681	
	0.463440	
	0.490861	
	0.606636	
	0.463238	
	0.681666	
	0.701754	
	0.662932	
	0.558329	
	0.325948	
	0.194567	
	0.149152	
	0.199450	
	0.169491	
	0.185780	
	0.226642	
	0.247526	
	0.444700	
	0.376796	
	0.356343	
	0.256437	
	0.283846	
	0.294831	
	0.288958	
	0.251047	
	0.244209	
	0.222067	
	0.259866	
	0.228539	
	0.263414	
	0.300019	
	0.261859	
	0.233448	
	0.293284	
	0.381384	
	0.279698	
	0.239904	
	0.251580	
	0.234162	
	0.234245	
	0.269811	
	0.276980	
	0.237672	
	0.252460	
	0.225398	
	0.219493	
	0.254753	
	0.296441	
	0.279828	
	0.291513	
	0.548784	
	0.629710	
	0.515736	
	0.392782	
	0.319069	
	0.304759	
	0.259659	
	0.270428	
	0.267523	
	0.258252	
	0.224532	
	0.215321	
	0.270428	
	0.263659	
	0.233683	
	0.262606	
	0.249550	
	0.348119	
	0.372830	
	0.248573	
	0.188401	
	0.159354	
	0.176966	
	0.202315	
	0.234402	
	0.238426	
	0.182536	
	0.124838	
	0.102437	
	0.102502	
	0.105978	
	0.089741	
	0.102344	
	0.099166	
	0.154571	
	0.521340	
	0.625076	
	0.583709	
	0.478468	
	0.391342	
	0.371429	
	0.328315	
	0.281580	
	0.284739	
	0.272662	
	0.263559	
	0.461489	
	0.573594	
	0.385599	
	0.331443	
	0.299204	
	0.219794	
	0.245182	
	0.242298	
	0.208326	
	0.230426	
	0.199230	
	0.228861	
	0.520732	
	0.507358	
	0.398223	
	0.346517	
	0.288576	
	0.270953	
	0.283811	
	0.267464	
	0.232603	
	0.208299	
	0.269619	
	0.551926	
	0.678326	
	0.535047	
	0.483709	
	0.415525	
	0.424267	
	0.419528	
	0.413012	
	0.443045	
	0.310375	
	0.349223	
	0.365589	
	0.683384	
	0.560267	
	0.473836	
	0.493456	
	0.424683	
	0.372279	
	0.418416	
	0.405175	
	0.377016	
	0.404906	
	0.477189	
	0.571163	
	0.496302	
	0.410569	
	0.356081	
	0.406915	
	0.410719	
	0.479295	
	0.423444	
	0.476378	
	0.440409	
	0.486358	
	0.528974	
	0.607580	
	0.508259	
	0.527289	
	0.605962	
	0.742461	
	0.704523	
	0.656723	
	0.709142	
	0.712014	
	0.791271	
	0.787472	
	0.734010	
	0.493787	
	0.649132	
	0.755483	
	0.712815	
	0.669146	
	0.718476	
	0.675513	
	0.652430	
	0.604433	
	0.495774	
	0.650589	
	0.609733	
	0.618177	
	0.619027	
	0.749478	
	0.750538	
	0.712818	
	0.625426	
	0.468008	
	0.459291	
	0.471789	
	0.608710	
	0.643842	
	0.485715	
	0.570218	
	0.575341	
	0.502519	
	0.566367	
	0.591696	
	0.624198	
	0.591337	
	0.582085	
	0.450603	
	0.394776	
	0.301565	
	0.351870	
	0.402586	
	0.447394	
	0.416924	
	0.424709	
	0.380882	
	0.334193	
	0.331034	
	0.363336	
	0.424273	
	0.374947	
	0.333666	
	0.417956	
	0.469603	
	0.430214	
	0.432412	
	0.460162	
	0.420060	
	0.540482	
	0.578943	
	0.571690	
	0.590499	
	0.664598	
	0.677195	
	0.621809	
	0.578590	
	0.550884	
	0.490383	
	0.494619	
	0.507001	
	0.453874	
	0.462038	
	0.458298	
	0.466409	
	0.419716	
	0.404772	
	0.368342	
	0.382619	
	0.418275	
	0.455147	
	0.502575	
	0.503857	
	0.515359	
	0.599163	
	0.617805	
	0.545026	
	0.491770	
	0.528844	
	0.585852	
	0.560472	
	0.565938	
	0.563799	
	0.595069	
	0.535543	
	0.600851	
	0.785336	
	0.762763	
	0.709799	
	0.706717	
	0.666550	
	0.659284	
	0.642605	
	0.634541	
	0.559752	
	0.590496	
	0.555540	
	0.564193	
	0.447046	
	0.359589	
	0.305396	
	0.349332	
	0.262494	
	0.268420	
	0.256809	
	0.289415	
	0.319676	
	0.622203	
	0.515640	
	0.627027	
	0.597474	
	0.598272	
	0.628315	
	0.647243	
	0.625016	
	0.663333	
	0.741433	
	0.752834	
	0.749590	
	0.715266	
	0.677324	
	0.599089	
	0.575541	
	0.632787	
	0.685501	
	0.638610	
	0.626124	
	0.592335	
	0.468316	
	0.496458	
	0.634532	
	0.688417	
	0.672887	
	0.622246	
	0.402460	
	0.452364	
	0.447659	
	0.500697	
	0.482363	
	0.427347	
	0.395421	
	0.450426	
	0.509876	
	0.570293	
	0.488323	
	0.450661	
	0.439198	
	0.472232	
	0.476586	
	0.499812	
	0.509296	
	0.506099	
	0.489524	
	0.510709	
	0.586031	
	0.591117	
	0.536141	
	0.557490	
	0.470197	
	0.483353	
	0.474892	
	0.453259	
	0.480838	
	0.477089	
	0.499073	
	0.437031	
	0.455140	
	0.428096	
	0.457388	
	0.493012	
	0.466605	
	0.478715	
	0.506234	
	0.489841	
	0.490562	
	0.482322	
	0.464743	
	0.422022	
	0.359712	
	0.464596	
	0.474952	
	0.431286	
	0.368442	
	0.376878	
	0.361227	
	0.382255	
	0.352007	
	0.373239	
	0.587909	
	0.513723	
	0.400273	
	0.369058	
	0.318879	
	0.344775	
	0.332935	
	0.347710	
	0.394140	
	0.371078	
	0.382599	
	0.412620	
	0.475291	
	0.424675	
	0.373686	
	0.412142	
	0.368490	
	0.392921	
	0.382155	
	0.392716	
	0.390735	
	0.352910	
	0.362413	
	0.635741	
	0.519728	
	0.420186	
	0.392271	
	0.367475	
	0.361423	
	0.387089	
	0.416786	
	0.412543	
	0.379368	
	0.435960	
	0.672215	
	0.799627	
	0.728710	
	0.673614	
	0.635028	
	0.658400	
	0.598155	
	0.597674	
	0.569252	
	0.608406	
	0.633041	
	0.646989	
	0.470619	
	0.336443	
	0.315840	
	0.335621	
	0.332139	
	0.311611	
	0.328402	
	0.331635	
	0.307040	
	0.340667	
	0.360701	
	0.567078	
	0.712322	
	0.829199	
	0.881506	
	0.887335	
	0.913825	
	0.901965	
	0.845200	
	0.598143	
	0.573375	
	0.550228	
	0.508094	
	0.474020	
	0.406856	
	0.396542	
	0.406534	
	0.411063	
	0.428318	
	0.399634	
	0.358913	
	0.374764	
	0.352565	
	0.370099	
	0.391680	
	0.438637	
	0.488918	
	0.450781	
	0.420693	
	0.389601	
	0.468664	
	0.562315	
	0.549145	
	0.366433	
	0.415475	
	0.458670	
	0.514256	
	0.533069	
	0.483782	
	0.387496	
	0.436715	
	0.450398	
	0.488671	
	0.460392	
	0.412908	
	0.463493	
	0.483145	
	0.487496	
	0.414145	
	0.376004	
	0.331629	
	0.323395	
	0.290578	
	0.294088	
	0.275205	
	0.286708	
	0.344039	
	0.353484	
	0.388615	
	0.399029	
	0.377037	
	0.343571	
	0.359497	
	0.362681	
	0.323792	
	0.346118	
	0.345886	
	0.357030	
	0.409881	
	0.394641	
	0.390820	
	0.680354	
	0.512432	
	0.539364	
	0.522552	
	0.514848	
	0.523843	
	0.538907	
	0.487058	
	0.564668	
	0.540215	
	0.496320	
	0.491865	
	0.535524	
	0.484358	
	0.490725	
	0.502423	
	0.547704	
	0.486823	
	0.508690	
	0.526721	
	0.512078	
	0.485090	
	0.400639	
	0.452214	
	0.440314	
	0.387093	
	0.415384	
	0.447063	
	0.577720	
	0.822650	
	0.886157	
	0.770712	
	0.466828	
	0.449757	
	0.408038	
	0.411791	
	0.491284	
	0.491645	
	0.450695	
	0.459730	
	0.466284	
	0.410910	
	0.468040	
	0.475743	
	0.644259	
	0.694093	
	0.598106	
	0.593842	
	0.574303	
	0.543657	
	0.509361	
	0.562408	
	0.523069	
	0.562734	
	0.601781	
	0.573964	
	0.431429	
	0.369817	
	0.404156	
	0.413269	
	0.375501	
	0.412703	
	0.383166	
	0.443789	
	0.538710	
	0.512825	
	0.515453	
	0.487351	
	0.444781	
	0.446499	
	0.438359	
	0.415910	
	0.465061	
	0.375164	
	0.374654	
	0.393529	
	0.351770	
	0.344335	
	0.346497	
	0.311912	
	0.365177	
	0.463590	
	0.430450	
	0.467317	
	0.446334	
	0.448814	
	0.457604	
	0.490242	
	0.498514	
	0.501754	
	0.453284	
	0.458048	
	0.438367	
	0.482014	
	0.555996	
	0.589195	
	0.600597	
	0.507655	
	0.498266	
	0.533635	
	0.553053	
	0.547611	
	0.541097	
	0.523301	
	0.524804	
	0.566856	
	0.575013	
	0.571881	
	0.542176	
	0.544294	
	0.535402	
	0.527507	
	0.625518	
	0.603798	
	0.531427	
	0.536848	
	0.541892	
	0.547058	
	0.539717	
	0.517454	
	0.476262	
	0.511098	
	0.560431	
	0.469497	
	0.505169	
	0.465658	
	0.497626	
	0.550975	
	0.471914	
	0.505279	
	0.507796	
	0.507177	
	0.489035	
	0.511995	
	0.550632	
	0.513045	
	0.400123	
	0.365473	
	0.407787	
	0.390915	
	0.374522	
	0.377587	
	0.432522	
	0.401731	
	0.340427	
	0.337711	
	0.532497	
	0.556390	
	0.462406	
	0.453733	
	0.439378	
	0.520961	
	0.618022	
	0.624701	
	0.547321	
	0.485075	
	0.430164	
	0.427064	
	0.430616	
	0.412679	
	0.395229	
	0.378272	
	0.379704	
	0.523501	
	0.532831	
	0.405352	
	0.385581	
	0.398893	
	0.365194	
	0.628874	
	0.476289	
	0.426213	
	0.393959	
	0.432393	
	0.350862	
	0.341681	
	0.311336	
	0.367969	
	0.317207	
	0.349712	
	0.559421	
	0.649305	
	0.640211	
	0.603696	
	0.525801	
	0.528279	
	0.464314	
	0.433593	
	0.444991	
	0.436173	
	0.427955	
	0.405909	
	0.527280	
	0.592209	
	0.427242	
	0.381114	
	0.356602	
	0.279731	
	0.283992	
	0.239511	
	0.243542	
	0.217596	
	0.194944	
	0.372865	
	0.563505	
	0.456118	
	0.364545	
	0.305226	
	0.273151	
	0.298683	
	0.312470	
	0.307409	
	0.345076	
	0.382229	
	0.394395	
	0.402734	
	0.473854	
	0.487862	
	0.573033	
	0.623660	
	0.578136	
	0.690716	
	0.660312	
	0.677303	
	0.586627	
	0.511342	
	0.433890	
	0.416199	
	0.346407	
	0.382601	
	0.457543	
	0.527437	
	0.871210	
	0.894776	
	0.870827	
	0.884442	
	0.847517	
	0.621759	
	0.477209	
	0.549993	
	0.564761	
	0.524832	
	0.506307	
	0.695126	
	0.444149	
	0.813398	
	0.886185	
	0.551369	
	0.476280	
	0.430252	
	0.394901	
	0.346173	
	0.364570	
	0.317982	
	0.291143	
	0.268899	
	0.252958	
	0.267421	
	0.302977	
	0.368164	
	0.469271	
	0.505538	
	0.551078	
	0.486612	
	0.447643	
	0.374454	
	0.229885	
	0.338393	
	0.561946	
	0.247192	
	0.262045	
	0.343075	
	0.393638	
	0.291904	
	0.274162	
	0.267621	
	0.228656	
	0.164038	
	0.345295	
	0.661847	
	0.664106	
	0.636627	
	0.636206	
	0.587699	
	0.517109	
	0.567753	
	0.596189	
	0.565602	
	0.542526	
	0.492686	
	0.497767	
	0.499333	
	0.484846	
	0.473363	
	0.445088	
	0.369474	
	0.337444	
	0.406250	
	0.450028	
	0.367849	
	0.208378	
	0.332449	
	0.791688	
	0.884484	
	0.801321	
	0.608032	
	0.402051	
	0.368213	
	0.312703	
	0.320532	
	0.289663	
	0.274454	
	0.280562	
	0.264311	
	0.267285	
	0.307630	
	0.282514	
	0.529074	
	0.569561	
	0.474022	
	0.450575	
	0.440196	
	0.464055	
	0.399290	
	0.410950	
	0.375963	
	0.395053	
	0.372159	
	0.391336	
	0.295079	
	0.193227	
	0.133688	
	0.147266	
	0.146883	
	0.145974	
	0.137803	
	0.228313	
	0.364919	
	0.452429	
	0.462770	
	0.555319	
	0.468141	
	0.568142	
	0.545361	
	0.577573	
	0.581082	
	0.570335	
	0.538862	
	0.545950	
	0.533797	
	0.594816	
	0.624941	
	0.626845	
	0.551923	
	0.566276	
	0.487118	
	0.444748	
	0.467957	
	0.515281	
	0.621684	
	0.728741	
	0.699011	
	0.661613	
	0.530210	
	0.367602	
	0.331103	
	0.348318	
	0.373624	
	0.418586	
	0.380417	
	0.448087	
	0.465194	
	0.436961	
	0.528915	
	0.523351	
	0.499862	
	0.499094	
	0.483023	
	0.529321	
	0.518653	
	0.522084	
	0.537452	
	0.524288	
	0.514038	
	0.526290	
	0.539699	
	0.626920	
	0.616705	
	0.564769	
	0.498447	
	0.521278	
	0.513441	
	0.488118	
	0.457321	
	0.433129	
	0.427879	
	0.435687	
	0.531313	
	0.532052	
	0.459095	
	0.503429	
	0.504635	
	0.412252	
	0.383495	
	0.398752	
	0.399469	
	0.434202	
	0.515841	
	0.488831	
	0.370652	
	0.275322	
	0.273617	
	0.266989	
	0.239985	
	0.317307	
	0.363525	
	0.329151	
	0.286027	
	0.305426	
	0.313728	
	0.451072	
	0.385386	
	0.280748	
	0.228539	
	0.213115	
	0.212120	
	0.228975	
	0.213790	
	0.228165	
	0.231958	
	0.247913	
	0.364713	
	0.322143	
	0.270670	
	0.253303	
	0.255225	
	0.250732	
	0.295763	
	0.270905	
	0.283756	
	0.270196	
	0.270226	
	0.442982	
	0.482339	
	0.356237	
	0.271270	
	0.256543	
	0.295715	
	0.295043	
	0.262957	
	0.282525	
	0.277349	
	0.307226	
	0.492609	
	0.731245	
	0.723209	
	0.606144	
	0.545987	
	0.475963	
	0.509493	
	0.470635	
	0.505254	
	0.438098	
	0.440840	
	0.417455	
	0.463867	
	0.366863	
	0.327038	
	0.310897	
	0.365324	
	0.364518	
	0.325583	
	0.290541	
	0.298980	
	0.297899	
	0.339892	
	0.459798	
	0.558486	
	0.440661	
	0.378057	
	0.425570	
	0.523352	
	0.638264	
	0.609244	
	0.655414	
	0.714070	
	0.650776	
	0.548657	
	0.432017	
	0.411202	
	0.353183	
	0.279374	
	0.305958	
	0.302372	
	0.290660	
	0.255194	
	0.211780	
	0.626860	
	0.684815	
	0.434128	
	0.416867	
	0.460480	
	0.466517	
	0.466413	
	0.489351	
	0.512960	
	0.477836	
	0.353620	
	0.251779	
	0.254516	
	0.373365	
	0.584912	
	0.564502	
	0.555534	
	0.699798	
	0.499799	
	0.529101	
	0.901617	
	0.904671	
	0.537357	
	0.428277	
	0.398037	
	0.503455	
	0.496753	
	0.385206	
	0.313442	
	0.300822	
	0.352008	
	0.483203	
	0.427576	
	0.732270	
	0.856102	
	0.844288	
	0.658142	
	0.473173	
	0.336670	
	0.320413	
	0.313362	
	0.299084	
	0.307121	
	0.361696	
	0.358840	
	0.293530	
	0.273441	
	0.319732	
	0.451330	
	0.426272	
	0.440642	
	0.481249	
	0.423966	
	0.392870	
	0.329579	
	0.502324	
	0.562774	
	0.617709	
	0.602259	
	0.538701	
	0.582357	
	0.415740	
	0.324219	
	0.263853	
	0.289476	
	0.215851	
	0.164761	
	0.181552	
	0.196027	
	0.255843	
	0.386813	
	0.843992	
	0.916589	
	0.920652	
	0.910683	
	0.901171	
	0.854521	
	0.691934	
	0.452235	
	0.518825	
	0.483710	
	0.503400	
	0.502687	
	0.512073	
	0.552948	
	0.562391	
	0.589790	
	0.584651	
	0.588544	
	0.557503	
	0.605226	
	0.645718	
	0.452862	
	0.410785	
	0.452209	
	0.493614	
	0.461405	
	0.466210	
	0.421205	
	0.400808	
	0.401150	
	0.376819	
	0.359887	
	0.391444	
	0.438505	
	0.354146	
	0.384469	
	0.843941	
	0.979185	
	0.984574	
	0.916692	
	0.741919	
	0.727250	
	0.744053	
	0.723091	
	0.677478	
	0.679246	
	0.664759	
	0.671537	
	0.653629	
	0.648635	
	0.662420	
	0.677075	
	0.689691	
	0.517034	
	0.396129	
	0.396070	
	0.365476	
	0.362397	
	0.363505	
	0.360774	
	0.357842	
	0.425424	
	0.500597	
	0.561511	
	0.573102	
	0.554593	
	0.546978	
	0.575178	
	0.579322	
	0.592601	
	0.566562	
	0.596930	
	0.583712	
	0.595182	
	0.602332	
	0.616600	
	0.608647	
	0.530077	
	0.522583	
	0.547708	
	0.582123	
	0.561240	
	0.595649	
	0.552758	
	0.526572	
	0.521572	
	0.522178	
	0.554574	
	0.543174	
	0.556882	
	0.560893	
	0.545175	
	0.504676	
	0.512581	
	0.505192	
	0.548663	
	0.517907	
	0.535861	
	0.561946	
	0.536711	
	0.548046	
	0.578172	
	0.510959	
	0.547020	
	0.504398	
	0.519427	
	0.527291	
	0.485193	
	0.460676	
	0.489863	
	0.487953	
	0.538917	
	0.514295	
	0.479272	
	0.472185	
	0.433915	
	0.405302	
	0.468181	
	0.457397	
	0.491115	
	0.443840	
	0.440079	
	0.427567	
	0.404147	
	0.388557	
	0.401776	
	0.381827	
	0.402316	
	0.412895	
	0.371320	
	0.361794	
	0.286775	
	0.304843	
	0.292527	
	0.317739	
	0.268571	
	0.271768	
	0.245662	
	0.237409	
	0.186983	
	0.167093	
	0.175357	
	0.187582	
	0.183200	
	0.188589	
	0.162221	
	0.145633	
	0.141454	
	0.128584	
	0.130997	
	0.127210	
	0.121088	
	0.124339	
	0.135348	
	0.146244	
	0.150454	
	0.142204	
	0.126499	
	0.123607	
	0.124128	
	0.157954	
	0.145586	
	0.173395	
	0.163084	
	0.154505	
	0.168699	
	0.182199	
	0.178195	
	0.192137	
	0.210782	
	0.214302	
	0.232544	
	0.210153	
	0.215597	
	0.233073	
	0.236325	
	0.219487	
	0.144475	
	0.174013	
	0.168624	
	0.184650	
	0.184473	
	0.179860	
	0.186351	
	0.204012	
	0.227430	
	0.215528	
	0.174243	
	0.176092	
	0.176988	
	0.201795	
	0.186065	
	0.223079	
	0.250326	
	0.218537	
	0.263530	
	0.188135	
	0.196795	
	0.167997	
	0.161894	
	0.128731	
	0.128390	
	0.116914	
	0.109482	
	0.119571	
	0.097021	
	0.113550	
	0.113287	
	0.120811	
	0.088270	
	0.086362	
	0.221420	
	0.215828	
	0.279118	
	0.189476	
	0.168573	
	0.151144	
	0.151929	
	0.169488	
	0.148707	
	0.150457	
	0.160134	
	0.157063	
	0.142920	
	0.144754	
	0.133425	
	0.133639	
	0.152667	
	0.245907	
	0.281770	
	0.229230	
	0.154579	
	0.145412	
	0.168985	
	0.149937	
	0.141739	
	0.116003	
	0.142230	
	0.143704	
	0.118411	
	0.134498	
	0.126003	
	0.144460	
	0.122717	
	0.134207	
	0.267277	
	0.253994	
	0.252478	
	0.181452	
	0.179802	
	0.149656	
	0.153722	
	0.159332	
	0.183356	
	0.145754	
	0.150092	
	0.133207	
	0.152019	
	0.153494	
	0.151398	
	0.163475	
	0.147562	
	0.314852	
	0.355847	
	0.377446	
	0.307165	
	0.259934	
	0.242757	
	0.254262	
	0.295904	
	0.255973	
	0.263391	
	0.265831	
	0.255399	
	0.243152	
	0.247171	
	0.223301	
	0.249111	
	0.228312	
	0.366751	
	0.296500	
	0.247787	
	0.260343	
	0.253976	
	0.254619	
	0.235028	
	0.208620	
	0.257947	
	0.261827	
	0.222954	
	0.221685	
	0.227789	
	0.215102	
	0.225925	
	0.226921	
	0.227871	
	0.401142	
	0.290584	
	0.218495	
	0.195113	
	0.199310	
	0.221967	
	0.217629	
	0.229044	
	0.246618	
	0.249183	
	0.233462	
	0.216009	
	0.201249	
	0.183539	
	0.199250	
	0.190590	
	0.234637	
	0.360506	
	0.257398	
	0.202828	
	0.162145	
	0.200403	
	0.204888	
	0.204361	
	0.186882	
	0.167554	
	0.172730	
	0.163220	
	0.131609	
	0.127553	
	0.125633	
	0.129524	
	0.143418	
	0.158591	
	0.136496	
	0.219528	
	0.183540	
	0.152361	
	0.132626	
	0.128132	
	0.124330	
	0.114625	
	0.098148	
	0.108871	
	0.093697	
	0.105902	
	0.097748	
	0.105371	
	0.112151	
	0.089339	
	0.087503	
	0.192213	
	0.195742	
	0.148284	
	0.122221	
	0.115029	
	0.115516	
	0.108116	
	0.104529	
	0.117458	
	0.097305	
	0.114016	
	0.094306	
	0.104825	
	0.088956	
	0.091538	
	0.082478	
	0.126400	
	0.284931	
	0.245870	
	0.179330	
	0.170986	
	0.178386	
	0.186317	
	0.173824	
	0.205369	
	0.174178	
	0.232455	
	0.195906	
	0.205544	
	0.207899	
	0.196436	
	0.211285	
	0.167511	
	0.174333	
	0.337649	
	0.349591	
	0.259792	
	0.209741	
	0.222206	
	0.207508	
	0.181633	
	0.182181	
	0.196843	
	0.195325	
	0.198313	
	0.212171	
	0.220597	
	0.207421	
	0.215978	
	0.200189	
	0.188930	
	0.361258	
	0.456165	
	0.486108	
	0.439760	
	0.380033	
	0.384888	
	0.367195	
	0.352194	
	0.349501	
	0.335798	
	0.355570	
	0.304747	
	0.319064	
	0.312944	
	0.334348	
	0.288633	
	0.290656	
	0.316196	
	0.272539	
	0.264735	
	0.249955	
	0.215893	
	0.235890	
	0.218246	
	0.215816	
	0.242499	
	0.209294	
	0.194240	
	0.185199	
	0.205196	
	0.197425	
	0.208795	
	0.224428	
	0.302531	
	0.401352	
	0.506049	
	0.557687	
	0.567453	
	0.576075	
	0.494709	
	0.574383	
	0.703464	
	0.733440	
	0.601357	
	0.522531	
	0.511386	
	0.512470	
	0.446096	
	0.445144	
	0.440651	
	0.394386	
	0.449829	
	0.367596	
	0.342500	
	0.286463	
	0.296891	
	0.302447	
	0.376706	
	0.406783	
	0.670292	
	0.697865	
	0.704023	
	0.555201	
	0.493946	
	0.437640	
	0.350101	
	0.356103	
	0.361340	
	0.475120	
	0.333281	
	0.328419	
	0.299926	
	0.324831	
	0.334780	
	0.367157	
	0.397200	
	0.393378	
	0.394393	
	0.400521	
	0.439314	
	0.457276	
	0.498875	
	0.443632	
	0.456730	
	0.414078	
	0.448266	
	0.459321	
	0.480013	
	0.521794	
	0.499115	
	0.462345	
	0.464363	
	0.474727	
	0.445745	
	0.434953	
	0.421612	
	0.388438	
	0.377925	
	0.377236	
	0.402208	
	0.370147	
	0.375880	
	0.471034	
	0.701548	
	0.639958	
	0.502412	
	0.411317	
	0.340551	
	0.308506	
	0.293136	
	0.299291	
	0.305965	
	0.271695	
	0.248115	
	0.237277	
	0.280458	
	0.362570	
	0.409450	
	0.376026	
	0.304316	
	0.449004	
	0.405352	
	0.310965	
	0.222207	
	0.176856	
	0.150255	
	0.126309	
	0.106087	
	0.119300	
	0.104649	
	0.102812	
	0.106641	
	0.093963	
	0.091709	
	0.158574	
	0.187973	
	0.194665	
	0.622003	
	0.493371	
	0.418171	
	0.251512	
	0.171098	
	0.169092	
	0.142127	
	0.128114	
	0.131210	
	0.129281	
	0.123717	
	0.124231	
	0.147955	
	0.242568	
	0.483031	
	0.547516	
	0.558719	
	0.577790	
	0.513408	
	0.477840	
	0.448235	
	0.464777	
	0.505601	
	0.508187	
	0.523166	
	0.484853	
	0.527003	
	0.522690	
	0.488651	
	0.486147	
	0.673648	
	0.701326	
	0.567309	
	0.462296	
	0.605610	
	0.596142	
	0.492373	
	0.442782	
	0.527707	
	0.550595	
	0.496102	
	0.511713	
	0.531940	
	0.567746	
	0.577405	
	0.574168	
	0.599054	
	0.602795	
	0.583853	
	0.557134	
	0.499816	
	0.491547	
	0.488160	
	0.465987	
	0.389125	
	0.376094	
	0.344211	
	0.411005	
	0.520193	
	0.575751	
	0.617050	
	0.636149	
	0.583823	
	0.487529	
	0.444943	
	0.363280	
	0.370946	
	0.404882	
	0.381216	
	0.449729	
	0.460957	
	0.439360	
	0.476910	
	0.483458	
	0.499311	
	0.497534	
	0.483540	
	0.488414	
	0.470200	
	0.486786	
	0.462610	
	0.491944	
	0.466921	
	0.484767	
	0.450719	
	0.506454	
	0.549688	
	0.503832	
	0.502917	
	0.532305	
	0.496562	
	0.503402	
	0.500147	
	0.455540	
	0.448046	
	0.496733	
	0.541350	
	0.507360	
	0.499201	
	0.481128	
	0.419065	
	0.435831	
	0.534661	
	0.665802	
	0.557884	
	0.505247	
	0.462104	
	0.418102	
	0.413154	
	0.394589	
	0.378454	
	0.371495	
	0.466812	
	0.428128	
	0.447726	
	0.468591	
	0.425074	
	0.413309	
	0.315504	
	0.410030	
	0.502372	
	0.342644	
	0.243884	
	0.195717	
	0.173014	
	0.145246	
	0.134477	
	0.137175	
	0.144149	
	0.148292	
	0.181752	
	0.241511	
	0.230848	
	0.254822	
	0.245780	
	0.231237	
	0.401432	
	0.591145	
	0.522174	
	0.370493	
	0.279351	
	0.250502	
	0.247664	
	0.225922	
	0.207238	
	0.204639	
	0.217631	
	0.204477	
	0.204307	
	0.188717	
	0.186583	
	0.158334	
	0.166844	
	0.171337	
	0.400313	
	0.283274	
	0.217636	
	0.202266	
	0.184293	
	0.190274	
	0.185920	
	0.174553	
	0.284031	
	0.319380	
	0.209759	
	0.208075	
	0.190122	
	0.173898	
	0.192567	
	0.180947	
	0.410323	
	0.652599	
	0.572016	
	0.474100	
	0.384749	
	0.337353	
	0.290833	
	0.246999	
	0.250752	
	0.242041	
	0.248034	
	0.277518	
	0.367092	
	0.404309	
	0.508457	
	0.522298	
	0.602917	
	0.643176	
	0.687002	
	0.661547	
	0.655087	
	0.629075	
	0.609852	
	0.572303	
	0.531103	
	0.497718	
	0.545146	
	0.491098	
	0.531443	
	0.641411	
	0.617219	
	0.525667	
	0.480103	
	0.457825	
	0.503563	
	0.448150	
	0.489874	
	0.524557	
	0.496235	
	0.519629	
	0.543108	
	0.526483	
	0.566717	
	0.608274	
	0.600073	
	0.597626	
	0.610497	
	0.597096	
	0.565551	
	0.540344	
	0.529475	
	0.574353	
	0.571462	
	0.595799	
	0.638604	
	0.596297	
	0.575775	
	0.611543	
	0.692273	
	0.650432	
	0.653085	
	0.569710	
	0.568400	
	0.621726	
	0.690976	
	0.659310	
	0.706242	
	0.746067	
	0.621546	
	0.626556	
	0.671112	
	0.519209	
	0.387788	
	0.336580	
	0.267699	
	0.251300	
	0.254554	
	0.218804	
	0.235188	
	0.247278	
	0.225395	
	0.231607	
	0.224496	
	0.224034	
	0.240768	
	0.262446	
	0.412558	
	0.425823	
	0.459598	
	0.442773	
	0.477350	
	0.472725	
	0.505361	
	0.480247	
	0.520159	
	0.576472	
	0.529806	
	0.480220	
	0.438353	
	0.459179	
	0.393661	
	0.482524	
	0.454808	
	0.525303	
	0.489096	
	0.498144	
	0.415042	
	0.402500	
	0.372805	
	0.315753	
	0.301662	
	0.308377	
	0.281774	
	0.289270	
	0.264816	
	0.270490	
	0.280550	
	0.302554	
	0.287614	
	0.263325	
	0.341553	
	0.374636	
	0.332615	
	0.343094	
	0.343678	
	0.355457	
	0.372815	
	0.320115	
	0.230990	
	0.282005	
	0.232650	
	0.208836	
	0.218325	
	0.240037	
	0.234726	
	0.191621	
	0.160784	
	0.512613	
	0.612054	
	0.504322	
	0.401099	
	0.338682	
	0.318113	
	0.307117	
	0.339915	
	0.271572	
	0.264527	
	0.216625	
	0.424205	
	0.549575	
	0.450004	
	0.333385	
	0.339617	
	0.350758	
	0.409559	
	0.526186	
	0.484092	
	0.431017	
	0.397058	
	0.400709	
	0.392391	
	0.469198	
	0.476754	
	0.466151	
	0.379162	
	0.341566	
	0.356700	
	0.384535	
	0.410786	
	0.380894	
	0.414899	
	0.362795	
	0.443838	
	0.432342	
	0.260986	
	0.249731	
	0.196127	
	0.162285	
	0.168092	
	0.189435	
	0.211237	
	0.195011	
	0.235346	
	0.295135	
	0.266883	
	0.322202	
	0.342978	
	0.368276	
	0.415938	
	0.519058	
	0.424140	
	0.412297	
	0.403699	
	0.375696	
	0.430388	
	0.370238	
	0.364564	
	0.414660	
	0.376271	
	0.342466	
	0.351251	
	0.343765	
	0.334128	
	0.319115	
	0.241150	
	0.428683	
	0.647044	
	0.503360	
	0.409320	
	0.405164	
	0.336697	
	0.331742	
	0.259337	
	0.163062	
	0.160509	
	0.215038	
	0.236351	
	0.256701	
	0.297725	
	0.255746	
	0.267268	
	0.285193	
	0.266361	
	0.358930	
	0.288869	
	0.255376	
	0.251294	
	0.219589	
	0.194617	
	0.190755	
	0.165232	
	0.168754	
	0.187010	
	0.170788	
	0.162590	
	0.148298	
	0.145475	
	0.143139	
	0.148909	
	0.166501	
	0.401472	
	0.362706	
	0.245538	
	0.189820	
	0.193450	
	0.170889	
	0.176054	
	0.143587	
	0.146853	
	0.132477	
	0.144012	
	0.137129	
	0.133824	
	0.135785	
	0.130730	
	0.134299	
	0.137792	
	0.359460	
	0.381026	
	0.262222	
	0.226017	
	0.227388	
	0.208950	
	0.193842	
	0.193123	
	0.179451	
	0.276417	
	0.193716	
	0.177604	
	0.170486	
	0.177384	
	0.161291	
	0.169905	
	0.277157	
	0.618003	
	0.601270	
	0.510859	
	0.353585	
	0.285541	
	0.215430	
	0.166253	
	0.173972	
	0.178225	
	0.261768	
	0.614956	
	0.783636	
	0.849638	
	0.909876	
	0.927560	
	0.885212	
	0.526403	
	0.563631	
	0.560262	
	0.592037	
	0.593500	
	0.601921	
	0.492972	
	0.505520	
	0.480381	
	0.418732	
	0.427210	
	0.387853	
	0.376069	
	0.405246	
	0.465294	
	0.715055	
	0.783252	
	0.835223	
	0.820790	
	0.714518	
	0.589512	
	0.305121	
	0.338109	
	0.376884	
	0.370878	
	0.384617	
	0.424052	
	0.418751	
	0.475065	
	0.523764	
	0.573902	
	0.507173	
	0.493780	
	0.477311	
	0.468641	
	0.510203	
	0.506844	
	0.512380	
	0.430008	
	0.469135	
	0.423221	
	0.467874	
	0.472349	
	0.479635	
	0.442766	
	0.355115	
	0.355129	
	0.363184	
	0.394099	
	0.393755	
	0.352330	
	0.415179	
	0.513900	
	0.550005	
	0.461194	
	0.367376	
	0.309380	
	0.250132	
	0.287559	
	0.253054	
	0.237168	
	0.178838	
	0.176880	
	0.179860	
	0.183713	
	0.195872	
	0.201155	
	0.209924	
	0.198622	
	0.338000	
	0.409588	
	0.301758	
	0.219501	
	0.207975	
	0.172004	
	0.175795	
	0.156549	
	0.153353	
	0.156756	
	0.155306	
	0.140844	
	0.131201	
	0.126629	
	0.142985	
	0.133888	
	0.130920	
	0.267333	
	0.463029	
	0.410862	
	0.285083	
	0.249864	
	0.219023	
	0.220616	
	0.216455	
	0.213865	
	0.200540	
	0.202561	
	0.196443	
	0.203864	
	0.186865	
	0.171535	
	0.159777	
	0.162660	
	0.219706	
	0.433177	
	0.280578	
	0.219377	
	0.170471	
	0.150735	
	0.148310	
	0.120505	
	0.129059	
	0.221668	
	0.218731	
	0.149325	
	0.503991	
	0.701546	
	0.708601	
	0.638308	
	0.445352	
	0.476037	
	0.588408	
	0.518296	
	0.420142	
	0.362659	
	0.355088	
	0.346661	
	0.383759	
	0.377995	
	0.366166	
	0.323187	
	0.344829	
	0.424319	
	0.448335	
	0.518094	
	0.432051	
	0.349081	
	0.352124	
	0.611354	
	0.605741	
	0.491035	
	0.445436	
	0.471578	
	0.521064	
	0.571652	
	0.503569	
	0.527978	
	0.481648	
	0.414954	
	0.353492	
	0.403518	
	0.324800	
	0.258844	
	0.294291	
	0.210499	
	0.447397	
	0.416668	
	0.347651	
	0.269508	
	0.192960	
	0.176739	
	0.161548	
	0.155732	
	0.180014	
	0.215891	
	0.204853	
	0.247864	
	0.270000	
	0.252378	
	0.267753	
	0.375434	
	0.439308	
	0.466944	
	0.443031	
	0.335746	
	0.304456	
	0.328295	
	0.324490	
	0.343586	
	0.298597	
	0.298335	
	0.351952	
	0.354942	
	0.341502	
	0.321007	
	0.283723	
	0.319541	
	0.251921	
	0.382674	
	0.555566	
	0.485409	
	0.450730	
	0.379884	
	0.343772	
	0.302287	
	0.257623	
	0.264466	
	0.280004	
	0.293403	
	0.283745	
	0.319974	
	0.322758	
	0.262991	
	0.269722	
	0.303737	
	0.233259	
	0.440306	
	0.370263	
	0.234132	
	0.170814	
	0.139089	
	0.135689	
	0.120748	
	0.106327	
	0.109008	
	0.098482	
	0.097543	
	0.092815	
	0.106274	
	0.103596	
	0.096107	
	0.091310	
	0.096014	
	0.446930	
	0.455266	
	0.347108	
	0.230813	
	0.181548	
	0.168499	
	0.141010	
	0.135453	
	0.134810	
	0.126208	
	0.119794	
	0.107064	
	0.113992	
	0.105278	
	0.109682	
	0.103599	
	0.101723	
	0.253566	
	0.348045	
	0.214000	
	0.155653	
	0.146454	
	0.119780	
	0.133488	
	0.111613	
	0.116013	
	0.283070	
	0.308849	
	0.553337	
	0.725095	
	0.848925	
	0.777851	
	0.489708	
	0.343605	
	0.489147	
	0.564117	
	0.488419	
	0.367357	
	0.300170	
	0.225353	
	0.219866	
	0.230975	
	0.230425	
	0.261947	
	0.402740	
	0.428103	
	0.472307	
	0.486085	
	0.502234	
	0.501039	
	0.479394	
	0.476074	
	0.563006	
	0.477366	
	0.456383	
	0.392802	
	0.363495	
	0.363546	
	0.452771	
	0.332650	
	0.368277	
	0.241411	
	0.185825	
	0.301858	
	0.264847	
	0.167148	
	0.225841	
	0.715649	
	0.777792	
	0.552187	
	0.392386	
	0.341211	
	0.304579	
	0.319897	
	0.297758	
	0.270961	
	0.307736	
	0.295616	
	0.266987	
	0.335062	
	0.394371	
	0.317287	
	0.296715	
	0.298767	
	0.267197	
	0.264757	
	0.447407	
	0.327034	
	0.270901	
	0.210823	
	0.197418	
	0.201799	
	0.188603	
	0.183280	
	0.162529	
	0.157294	
	0.130407	
	0.147134	
	0.121896	
	0.133910	
	0.177637	
	0.140654	
	0.499266	
	0.647577	
	0.570245	
	0.437853	
	0.361802	
	0.269687	
	0.200586	
	0.183212	
	0.160845	
	0.164673	
	0.159376	
	0.159373	
	0.167342	
	0.166071	
	0.290408	
	0.596653	
	0.293738	
	0.379059	
	0.470555	
	0.353717	
	0.303206	
	0.328184	
	0.275483	
	0.327077	
	0.333790	
	0.489391	
	0.182902	
	0.178707	
	0.214777	
	0.498040	
	0.843295	
	0.858264	
	0.592802	
	0.347113	
	0.500189	
	0.491808	
	0.453008	
	0.395142	
	0.417303	
	0.482533	
	0.553455	
	0.589867	
	0.568253	
	0.495797	
	0.429189	
	0.361400	
	0.376211	
	0.378129	
	0.354788	
	0.382300	
	0.324340	
	0.195328	
	0.266294	
	0.278993	
	0.223487	
	0.205693	
	0.199690	
	0.165621	
	0.182451	
	0.181672	
	0.184163	
	0.419786	
	0.738672	
	0.768638	
	0.548409	
	0.274408	
	0.305858	
	0.341349	
	0.414083	
	0.562338	
	0.521064	
	0.428731	
	0.380114	
	0.392466	
	0.431891	
	0.440204	
	0.438194	
	0.407630	
	0.458733	
	0.461283	
	0.335673	
	0.305374	
	0.289854	
	0.297071	
	0.237582	
	0.254598	
	0.361072	
	0.432545	
	0.344043	
	0.336705	
	0.582838	
	0.472467	
	0.550479	
	0.659873	
	0.677236	
	0.585945	
	0.402493	
	0.290579	
	0.147313	
	0.164741	
	0.183285	
	0.192018	
	0.182327	
	0.247938	
	0.373958	
	0.295026	
	0.336863	
	0.275612	
	0.287710	
	0.320925	
	0.323238	
	0.271644	
	0.264922	
	0.256620	
	0.265476	
	0.239686	
	0.249006	
	0.282436	
	0.292680	
	0.251247	
	0.289404	
	0.344640	
	0.276838	
	0.238278	
	0.250944	
	0.247067	
	0.261451	
	0.262627	
	0.302741	
	0.252995	
	0.249324	
	0.201336	
	0.186178	
	0.212556	
	0.262556	
	0.288393	
	0.282897	
	0.506088	
	0.486568	
	0.429508	
	0.374786	
	0.326690	
	0.266760	
	0.273122	
	0.259428	
	0.245492	
	0.258388	
	0.243316	
	0.222285	
	0.236154	
	0.246467	
	0.220964	
	0.272430	
	0.252834	
	0.346437	
	0.380628	
	0.250385	
	0.178748	
	0.165987	
	0.175876	
	0.174200	
	0.195013	
	0.214983	
	0.187267	
	0.141986	
	0.118442	
	0.113681	
	0.119582	
	0.112121	
	0.105521	
	0.115190	
	0.206512	
	0.505771	
	0.641577	
	0.564927	
	0.447550	
	0.376041	
	0.327961	
	0.287686	
	0.252535	
	0.260547	
	0.278785	
	0.261006	
	0.557370	
	0.538459	
	0.402277	
	0.367458	
	0.330844	
	0.301962	
	0.252883	
	0.255109	
	0.229429	
	0.248247	
	0.243967	
	0.319418	
	0.604508	
	0.422768	
	0.374942	
	0.336203	
	0.251695	
	0.252594	
	0.223292	
	0.188040	
	0.181948	
	0.212096	
	0.251427	
	0.529570	
	0.550296	
	0.422380	
	0.407012	
	0.366743	
	0.342041	
	0.287515	
	0.296946	
	0.284747	
	0.220919	
	0.242806	
	0.268155	
	0.502402	
	0.373595	
	0.322066	
	0.303666	
	0.297923	
	0.245671	
	0.295971	
	0.269620	
	0.261400	
	0.291947	
	0.328499	
	0.638442	
	0.631664	
	0.488459	
	0.353817	
	0.376823	
	0.341341	
	0.364281	
	0.313905	
	0.376296	
	0.387318	
	0.492373	
	0.533681	
	0.501879	
	0.622579	
	0.613257	
	0.708053	
	0.689769	
	0.739646	
	0.778651	
	0.764500	
	0.619869	
	0.492904	
	0.644933	
	0.724627	
	0.615785	
	0.682580	
	0.693098	
	0.631809	
	0.617828	
	0.543036	
	0.449220	
	0.453331	
	0.485835	
	0.600721	
	0.659011	
	0.721314	
	0.741780	
	0.668185	
	0.568694	
	0.405172	
	0.397184	
	0.386621	
	0.361895	
	0.458738	
	0.498886	
	0.609582	
	0.554842	
	0.500269	
	0.548989	
	0.579614	
	0.599265	
	0.572934	
	0.542731	
	0.381130	
	0.275747	
	0.272167	
	0.342294	
	0.422771	
	0.444565	
	0.419411	
	0.398146	
	0.353526	
	0.301726	
	0.314728	
	0.315535	
	0.283502	
	0.300656	
	0.336882	
	0.428569	
	0.408699	
	0.407699	
	0.431329	
	0.436387	
	0.403949	
	0.564338	
	0.497357	
	0.525512	
	0.620768	
	0.681650	
	0.655737	
	0.616156	
	0.549262	
	0.507463	
	0.462653	
	0.470891	
	0.477293	
	0.420499	
	0.448332	
	0.425480	
	0.448102	
	0.388910	
	0.390938	
	0.358648	
	0.384718	
	0.407854	
	0.472732	
	0.502363	
	0.519923	
	0.519325	
	0.556694	
	0.566819	
	0.533447	
	0.469647	
	0.499779	
	0.557776	
	0.549489	
	0.561387	
	0.569717	
	0.563140	
	0.527387	
	0.510099	
	0.535325	
	0.513643	
	0.513292	
	0.624003	
	0.612833	
	0.510364	
	0.493013	
	0.453460	
	0.388971	
	0.419964	
	0.427413	
	0.429872	
	0.438983	
	0.438382	
	0.334981	
	0.297182	
	0.271096	
	0.240796	
	0.252928	
	0.215379	
	0.342287	
	0.605263	
	0.466357	
	0.519231	
	0.518309	
	0.522907	
	0.611402	
	0.630301	
	0.639110	
	0.680623	
	0.716572	
	0.774675	
	0.747792	
	0.717166	
	0.667846	
	0.575325	
	0.590709	
	0.590433	
	0.647936	
	0.625980	
	0.606022	
	0.546857	
	0.425321	
	0.527677	
	0.633122	
	0.670847	
	0.665693	
	0.604853	
	0.374723	
	0.442507	
	0.460590	
	0.451348	
	0.459698	
	0.404128	
	0.421009	
	0.438039	
	0.443681	
	0.464716	
	0.442732	
	0.464742	
	0.457849	
	0.487355	
	0.507349	
	0.516605	
	0.506783	
	0.501300	
	0.487403	
	0.508135	
	0.477804	
	0.504491	
	0.502131	
	0.589440	
	0.586597	
	0.583687	
	0.498324	
	0.471512	
	0.457451	
	0.498686	
	0.489948	
	0.431517	
	0.454891	
	0.482697	
	0.474816	
	0.455490	
	0.468122	
	0.488292	
	0.493239	
	0.523945	
	0.494200	
	0.506493	
	0.494474	
	0.514833	
	0.556528	
	0.548097	
	0.458104	
	0.417726	
	0.341840	
	0.306178	
	0.312200	
	0.317255	
	0.267056	
	0.288975	
	0.296087	
	0.292151	
	0.357717	
	0.490775	
	0.406666	
	0.284365	
	0.255897	
	0.258313	
	0.297222	
	0.328182	
	0.339475	
	0.326155	
	0.333091	
	0.289700	
	0.338965	
	0.350913	
	0.351309	
	0.320579	
	0.334001	
	0.323490	
	0.456380	
	0.364968	
	0.366555	
	0.372488	
	0.366454	
	0.421807	
	0.549754	
	0.472366	
	0.364277	
	0.297224	
	0.354210	
	0.284719	
	0.336886	
	0.312488	
	0.310124	
	0.327482	
	0.340577	
	0.654066	
	0.729280	
	0.665007	
	0.613986	
	0.520162	
	0.567958	
	0.518940	
	0.552902	
	0.538375	
	0.591381	
	0.525628	
	0.573964	
	0.361902	
	0.270071	
	0.218853	
	0.252217	
	0.250662	
	0.233409	
	0.252715	
	0.236019	
	0.211944	
	0.238326	
	0.242539	
	0.431818	
	0.559914	
	0.765013	
	0.854321	
	0.879756	
	0.912299	
	0.912108	
	0.885502	
	0.742047	
	0.574083	
	0.555191	
	0.509033	
	0.449063	
	0.403956	
	0.392525	
	0.419200	
	0.422680	
	0.395048	
	0.403444	
	0.335277	
	0.357672	
	0.353070	
	0.344675	
	0.364468	
	0.406878	
	0.470100	
	0.485205	
	0.451512	
	0.383030	
	0.319170	
	0.346380	
	0.631298	
	0.335049	
	0.422375	
	0.397923	
	0.457583	
	0.499658	
	0.534708	
	0.423768	
	0.432320	
	0.437061	
	0.479667	
	0.459761	
	0.397297	
	0.443324	
	0.475887	
	0.456855	
	0.359895	
	0.353267	
	0.338138	
	0.313849	
	0.253827	
	0.280061	
	0.260181	
	0.244962	
	0.298582	
	0.348221	
	0.417346	
	0.389093	
	0.375373	
	0.325540	
	0.340126	
	0.299631	
	0.307090	
	0.301567	
	0.311950	
	0.341466	
	0.351247	
	0.380429	
	0.317413	
	0.529277	
	0.632460	
	0.545160	
	0.496020	
	0.507703	
	0.529018	
	0.549596	
	0.460242	
	0.507913	
	0.542087	
	0.519356	
	0.489721	
	0.498890	
	0.488718	
	0.503401	
	0.528032	
	0.522497	
	0.507737	
	0.487987	
	0.497586	
	0.483929	
	0.480962	
	0.428233	
	0.373658	
	0.416747	
	0.427305	
	0.397803	
	0.398182	
	0.462018	
	0.709918	
	0.889789	
	0.875546	
	0.566659	
	0.447389	
	0.394712	
	0.398881	
	0.464546	
	0.471627	
	0.455107	
	0.379773	
	0.415543	
	0.403793	
	0.397691	
	0.427508	
	0.545505	
	0.578737	
	0.550962	
	0.465964	
	0.465630	
	0.487928	
	0.413496	
	0.445963	
	0.477888	
	0.453398	
	0.499957	
	0.472176	
	0.359966	
	0.346909	
	0.372783	
	0.384443	
	0.326958	
	0.387430	
	0.382631	
	0.410723	
	0.542602	
	0.562873	
	0.524538	
	0.497109	
	0.474938	
	0.442326	
	0.442263	
	0.473818	
	0.476015	
	0.385263	
	0.343261	
	0.318708	
	0.345677	
	0.423008	
	0.388958	
	0.328769	
	0.296662	
	0.395710	
	0.442137	
	0.413134	
	0.446019	
	0.444294	
	0.431733	
	0.465478	
	0.506617	
	0.482787	
	0.450436	
	0.441197	
	0.411963	
	0.462469	
	0.513580	
	0.603529	
	0.580105	
	0.517045	
	0.487269	
	0.457933	
	0.501190	
	0.571937	
	0.551578	
	0.500321	
	0.496512	
	0.473477	
	0.499703	
	0.483702	
	0.498239	
	0.481419	
	0.537128	
	0.515571	
	0.659435	
	0.671248	
	0.564702	
	0.501599	
	0.504257	
	0.522621	
	0.494628	
	0.514939	
	0.530172	
	0.464118	
	0.534301	
	0.465226	
	0.471281	
	0.476764	
	0.507056	
	0.503211	
	0.467043	
	0.474643	
	0.490739	
	0.510667	
	0.478998	
	0.443965	
	0.474830	
	0.499694	
	0.374052	
	0.360112	
	0.353620	
	0.341580	
	0.367811	
	0.374690	
	0.427330	
	0.419790	
	0.327878	
	0.276323	
	0.514437	
	0.598948	
	0.497746	
	0.459460	
	0.441065	
	0.446687	
	0.611417	
	0.623081	
	0.547798	
	0.448567	
	0.393551	
	0.364161	
	0.426848	
	0.390086	
	0.351598	
	0.323365	
	0.322202	
	0.586477	
	0.593431	
	0.433414	
	0.404202	
	0.346617	
	0.291416	
	0.676941	
	0.548259	
	0.497983	
	0.439887	
	0.442448	
	0.365239	
	0.356554	
	0.310077	
	0.345706	
	0.339997	
	0.292341	
	0.673999	
	0.746091	
	0.723557	
	0.708180	
	0.616389	
	0.622759	
	0.574201	
	0.543866	
	0.551450	
	0.507022	
	0.501001	
	0.458881	
	0.473605	
	0.517167	
	0.355182	
	0.342637	
	0.306509	
	0.270054	
	0.270928	
	0.230114	
	0.247765	
	0.211663	
	0.194684	
	0.517527	
	0.679840	
	0.561312	
	0.475857	
	0.370769	
	0.338874	
	0.346785	
	0.329061	
	0.343789	
	0.337587	
	0.387393	
	0.382880	
	0.439214	
	0.453017	
	0.476196	
	0.575197	
	0.636233	
	0.614946	
	0.646158	
	0.696720	
	0.665319	
	0.604357	
	0.537842	
	0.460926	
	0.418487	
	0.361433	
	0.356947	
	0.437356	
	0.445283	
	0.785176	
	0.892215	
	0.889410	
	0.881930	
	0.886433	
	0.771636	
	0.558001	
	0.523932	
	0.583752	
	0.522263	
	0.499892	
	0.649207	
	0.605795	
	0.646739	
	0.887607	
	0.755296	
	0.468423	
	0.454906	
	0.396172	
	0.396376	
	0.379239	
	0.371995	
	0.317799	
	0.306125	
	0.296600	
	0.314020	
	0.320279	
	0.394610	
	0.475590	
	0.552157	
	0.587799	
	0.619303	
	0.476280	
	0.565735	
	0.349610	
	0.351297	
	0.651258	
	0.424877	
	0.263216	
	0.374585	
	0.386351	
	0.305547	
	0.317595	
	0.307098	
	0.293301	
	0.262830	
	0.184064	
	0.696608	
	0.680332	
	0.689287	
	0.642229	
	0.603435	
	0.512452	
	0.510352	
	0.564434	
	0.586899	
	0.541223	
	0.524678	
	0.485308	
	0.503311	
	0.499818	
	0.485156	
	0.480937	
	0.401745	
	0.364313	
	0.352759	
	0.479307	
	0.489052	
	0.228824	
	0.216474	
	0.703048	
	0.884930	
	0.882582	
	0.756264	
	0.436036	
	0.337423	
	0.288656	
	0.306728	
	0.294412	
	0.269557	
	0.271918	
	0.272224	
	0.277035	
	0.292003	
	0.279192	
	0.538351	
	0.559985	
	0.472441	
	0.441493	
	0.436520	
	0.444413	
	0.379511	
	0.346040	
	0.322972	
	0.348087	
	0.398388	
	0.387858	
	0.276300	
	0.217108	
	0.137961	
	0.161567	
	0.170225	
	0.157802	
	0.160074	
	0.168861	
	0.301276	
	0.372892	
	0.411598	
	0.584530	
	0.505658	
	0.491819	
	0.539902	
	0.595096	
	0.537591	
	0.588126	
	0.523870	
	0.538953	
	0.521347	
	0.573480	
	0.592917	
	0.647170	
	0.581572	
	0.590716	
	0.536242	
	0.465282	
	0.484556	
	0.473884	
	0.568762	
	0.693523	
	0.695081	
	0.706216	
	0.564975	
	0.370812	
	0.331442	
	0.324654	
	0.363830	
	0.390834	
	0.385452	
	0.417962	
	0.473226	
	0.435090	
	0.477316	
	0.482889	
	0.492298	
	0.492172	
	0.478144	
	0.454277	
	0.459394	
	0.482702	
	0.485229	
	0.476075	
	0.514299	
	0.507614	
	0.487513	
	0.595518	
	0.570002	
	0.546625	
	0.500635	
	0.489947	
	0.484084	
	0.498705	
	0.447826	
	0.428724	
	0.384708	
	0.371736	
	0.412457	
	0.518402	
	0.482501	
	0.455289	
	0.457644	
	0.444055	
	0.360830	
	0.382412	
	0.385894	
	0.406056	
	0.435451	
	0.472682	
	0.395240	
	0.349778	
	0.298441	
	0.285248	
	0.306855	
	0.335978	
	0.333629	
	0.358008	
	0.316395	
	0.253329	
	0.331884	
	0.424872	
	0.403633	
	0.281213	
	0.214140	
	0.189324	
	0.217627	
	0.219259	
	0.215839	
	0.236040	
	0.241479	
	0.251943	
	0.383993	
	0.330579	
	0.319979	
	0.286100	
	0.289170	
	0.250335	
	0.375901	
	0.316935	
	0.304469	
	0.240939	
	0.261117	
	0.447470	
	0.523545	
	0.385107	
	0.305346	
	0.222196	
	0.236144	
	0.238869	
	0.238431	
	0.196388	
	0.248531	
	0.247856	
	0.431167	
	0.680172	
	0.707382	
	0.622628	
	0.546661	
	0.508232	
	0.556186	
	0.488735	
	0.538171	
	0.479555	
	0.458020	
	0.436147	
	0.444265	
	0.358652	
	0.324065	
	0.276209	
	0.277713	
	0.291427	
	0.278540	
	0.282466	
	0.301168	
	0.282358	
	0.308080	
	0.425550	
	0.531574	
	0.474262	
	0.360422	
	0.390361	
	0.471044	
	0.632246	
	0.641268	
	0.646650	
	0.684557	
	0.707664	
	0.631173	
	0.459931	
	0.464090	
	0.371971	
	0.306382	
	0.292227	
	0.355739	
	0.329339	
	0.272941	
	0.246117	
	0.350776	
	0.699901	
	0.465976	
	0.448124	
	0.436073	
	0.459361	
	0.469200	
	0.503426	
	0.501612	
	0.478997	
	0.454403	
	0.329356	
	0.281088	
	0.290569	
	0.590706	
	0.647583	
	0.617059	
	0.699715	
	0.728710	
	0.429214	
	0.847714	
	0.939301	
	0.796705	
	0.474406	
	0.422709	
	0.485420	
	0.517579	
	0.407561	
	0.324300	
	0.278036	
	0.302744	
	0.396195	
	0.406119	
	0.572030	
	0.818601	
	0.866682	
	0.746043	
	0.499854	
	0.295094	
	0.265030	
	0.291714	
	0.282391	
	0.283458	
	0.350044	
	0.357047	
	0.310311	
	0.280194	
	0.293146	
	0.394306	
	0.409574	
	0.430059	
	0.472759	
	0.437141	
	0.409716	
	0.343824	
	0.363778	
	0.562965	
	0.567673	
	0.598102	
	0.528268	
	0.599140	
	0.466146	
	0.369652	
	0.304811	
	0.306798	
	0.263515	
	0.206291	
	0.198127	
	0.208602	
	0.251145	
	0.337595	
	0.688178	
	0.917598	
	0.919158	
	0.921354	
	0.902531	
	0.875974	
	0.815731	
	0.519124	
	0.529987	
	0.548207	
	0.515323	
	0.526105	
	0.514650	
	0.573683	
	0.563661	
	0.579189	
	0.592783	
	0.630742	
	0.568535	
	0.601701	
	0.683013	
	0.552031	
	0.455141	
	0.420792	
	0.485802	
	0.475707	
	0.483900	
	0.480866	
	0.410806	
	0.427836	
	0.428446	
	0.333006	
	0.411460	
	0.420600	
	0.406771	
	0.341905	
	0.528460	
	0.957386	
	0.982966	
	0.966787	
	0.808228	
	0.723672	
	0.744457	
	0.742959	
	0.686224	
	0.682599	
	0.662472	
	0.673175	
	0.665826	
	0.631996	
	0.673957	
	0.670290	
	0.701023	
	0.624817	
	0.404495	
	0.392869	
	0.371613	
	0.342465	
	0.343708	
	0.379745	
	0.382970	
	0.424712	
	0.462500	
	0.518112	
	0.545398	
	0.584702	
	0.529679	
	0.543106	
	0.554546	
	0.577196	
	0.581424	
	0.568149	
	0.583495	
	0.581406	
	0.598632	
	0.614360	
	0.611653	
	0.574474	
	0.530341	
	0.542444	
	0.553493	
	0.573590	
	0.602453	
	0.599517	
	0.552737	
	0.559469	
	0.526931	
	0.550069	
	0.556074	
	0.556749	
	0.572798	
	0.602215	
	0.541962	
	0.535555	
	0.506963	
	0.553850	
	0.568999	
	0.540952	
	0.565571	
	0.574715	
	0.535126	
	0.595669	
	0.515647	
	0.537375	
	0.533650	
	0.513680	
	0.535098	
	0.487229	
	0.486823	
	0.469628	
	0.474252	
	0.521964	
	0.516713	
	0.513621	
	0.477696	
	0.444483	
	0.410685	
	0.440133	
	0.450126	
	0.475033	
	0.454029	
	0.440550	
	0.453255	
	0.411556	
	0.388062	
	0.387762	
	0.376748	
	0.415986	
	0.416215	
	0.391531	
	0.378302	
	0.333177	
	0.306332	
	0.293578	
	0.317777	
	0.349868	
	0.302991	
	0.294650	
	0.274049	
	0.249129	
	0.198311	
	0.181947	
	0.196826	
	0.175971	
	0.155893	
	0.150129	
	0.137514	
	0.122823	
	0.129188	
	0.133675	
	0.120483	
	0.120909	
	0.124096	
	0.124349	
	0.121261	
	0.113195	
	0.123552	
	0.134792	
	0.130389	
	0.146954	
	0.135132	
	0.163919	
	0.179138	
	0.187781	
	0.161019	
	0.159734	
	0.188206	
	0.213715	
	0.239332	
	0.233748	
	0.211695	
	0.231122	
	0.262005	
	0.250152	
	0.241913	
	0.235685	
	0.226694	
	0.228139	
	0.236395	
	0.249872	
	0.238194	
	0.239561	
	0.217890	
	0.215309	
	0.238152	
	0.277279	
	0.263913	
	0.303693	
	0.307667	
	0.335491	
	0.339133	
	0.347460	
	0.488021	
	0.350336	
	0.285961	
	0.282647	
	0.211782	
	0.200038	
	0.208354	
	0.186993	
	0.167787	
	0.166953	
	0.160028	
	0.151407	
	0.162503	
	0.159516	
	0.172106	
	0.148173	
	0.129499	
	0.128922	
	0.153908	
	0.312473	
	0.349839	
	0.273423	
	0.237855	
	0.200885	
	0.191259	
	0.204214	
	0.214053	
	0.191397	
	0.215701	
	0.215295	
	0.193135	
	0.181871	
	0.194364	
	0.176421	
	0.153686	
	0.214577	
	0.316970	
	0.237387	
	0.208584	
	0.201150	
	0.189585	
	0.182221	
	0.187264	
	0.176484	
	0.178575	
	0.184398	
	0.170447	
	0.165105	
	0.157495	
	0.150915	
	0.145785	
	0.149881	
	0.205047	
	0.306364	
	0.225291	
	0.187731	
	0.172907	
	0.164742	
	0.176677	
	0.170997	
	0.160003	
	0.153315	
	0.151462	
	0.143048	
	0.148548	
	0.123053	
	0.119218	
	0.129891	
	0.129031	
	0.190009	
	0.421038	
	0.382259	
	0.303647	
	0.299759	
	0.223670	
	0.233730	
	0.225967	
	0.260204	
	0.248615	
	0.262518	
	0.276455	
	0.247673	
	0.255327	
	0.258595	
	0.239658	
	0.266132	
	0.343459	
	0.369298	
	0.252063	
	0.229392	
	0.219132	
	0.225193	
	0.225103	
	0.235117	
	0.236374	
	0.214565	
	0.243838	
	0.221882	
	0.231856	
	0.227283	
	0.198683	
	0.192415	
	0.198542	
	0.265600	
	0.409085	
	0.321853	
	0.270300	
	0.261451	
	0.254460	
	0.243986	
	0.231920	
	0.251928	
	0.228803	
	0.236776	
	0.258190	
	0.223730	
	0.218207	
	0.213363	
	0.219696	
	0.233202	
	0.245800	
	0.413507	
	0.359766	
	0.247298	
	0.222257	
	0.213662	
	0.210098	
	0.217628	
	0.221326	
	0.228460	
	0.120860	
	0.112760	
	0.104872	
	0.093265	
	0.092075	
	0.082953	
	0.075275	
	0.115422	
	0.338736	
	0.216490	
	0.198626	
	0.169991	
	0.210759	
	0.205046	
	0.213394	
	0.181542	
	0.204617	
	0.161256	
	0.162977	
	0.140709	
	0.169166	
	0.166882	
	0.162200	
	0.142809	
	0.152291	
	0.238136	
	0.277910	
	0.219876	
	0.244072	
	0.216626	
	0.228188	
	0.232407	
	0.203034	
	0.224620	
	0.216616	
	0.212568	
	0.195830	
	0.180011	
	0.170322	
	0.169378	
	0.169179	
	0.150789	
	0.311823	
	0.268182	
	0.217425	
	0.205909	
	0.183676	
	0.180378	
	0.192661	
	0.207344	
	0.187554	
	0.171542	
	0.160879	
	0.162569	
	0.172268	
	0.154907	
	0.138399	
	0.154884	
	0.135125	
	0.296439	
	0.279126	
	0.222361	
	0.204215	
	0.205390	
	0.193844	
	0.191223	
	0.179855	
	0.161746	
	0.176222	
	0.171485	
	0.156711	
	0.156366	
	0.164778	
	0.155010	
	0.181863	
	0.177000	
	0.293387	
	0.311414	
	0.253365	
	0.283592	
	0.285113	
	0.284298	
	0.270611	
	0.274485	
	0.276748	
	0.268014	
	0.254143	
	0.246986	
	0.243318	
	0.239502	
	0.236748	
	0.230569	
	0.226141	
	0.331017	
	0.279985	
	0.239609	
	0.261212	
	0.254524	
	0.249007	
	0.232907	
	0.240204	
	0.246358	
	0.350844	
	0.299383	
	0.308966	
	0.314425	
	0.323330	
	0.315006	
	0.309329	
	0.293259	
	0.308239	
	0.320600	
	0.330876	
	0.291463	
	0.270878	
	0.273913	
	0.294754	
	0.265465	
	0.261298	
	0.336450	
	0.250587	
	0.224549	
	0.231435	
	0.248423	
	0.247045	
	0.243938	
	0.225038	
	0.272349	
	0.233731	
	0.147932	
	0.128788	
	0.132844	
	0.153274	
	0.126250	
	0.152287	
	0.145160	
	0.146013	
	0.112625	
	0.101116	
	0.080273	
	0.098748	
	0.093354	
	0.095999	
	0.110221	
	0.097021	
	0.302021	
	0.215977	
	0.170114	
	0.173940	
	0.175297	
	0.174845	
	0.173419	
	0.151856	
	0.139904	
	0.132611	
	0.132984	
	0.129932	
	0.130306	
	0.124184	
	0.115582	
	0.101385	
	0.091646	
	0.190162	
	0.287075	
	0.224756	
	0.179121	
	0.153033	
	0.139023	
	0.129368	
	0.139821	
	0.137844	
	0.133795	
	0.123363	
	0.118724	
	0.120456	
	0.112768	
	0.113930	
	0.115062	
	0.113424	
	0.236631	
	0.295753	
	0.215671	
	0.188004	
	0.155595	
	0.158255	
	0.142476	
	0.161539	
	0.138047	
	0.151470	
	0.154856	
	0.150918	
	0.138316	
	0.139841	
	0.151804	
	0.133685	
	0.124613	
	0.233789	
	0.261803	
	0.203786	
	0.164731	
	0.162420	
	0.143198	
	0.152010	
	0.143211	
	0.143719	
	0.139436	
	0.137588	
	0.162764	
	0.175684	
	0.138673	
	0.162771	
	0.163287	
	0.149253	
	0.344179	
	0.318188	
	0.334464	
	0.272065	
	0.258833	
	0.249613	
	0.239031	
	0.247130	
	0.253425	
	0.248181	
	0.251325	
	0.271115	
	0.238258	
	0.240928	
	0.228841	
	0.226441	
	0.224499	
	0.369523	
	0.299656	
	0.239387	
	0.250097	
	0.280150	
	0.261148	
	0.244930	
	0.238857	
	0.242579	
	0.244921	
	0.259002	
	0.248882	
	0.204444	
	0.183454	
	0.169057	
	0.163972	
	0.163181	
	0.299353	
	0.263582	
	0.217115	
	0.193524	
	0.193860	
	0.187270	
	0.173051	
	0.187862	
	0.208781	
	0.230775	
	0.218728	
	0.196621	
	0.227940	
	0.203218	
	0.184123	
	0.196120	
	0.237050	
	0.143236	
	0.163925	
	0.126597	
	0.106150	
	0.089718	
	0.088875	
	0.092003	
	0.087451	
	0.092857	
	0.088734	
	0.085417	
	0.084072	
	0.072179	
	0.072141	
	0.068623	
	0.070481	
	0.064538	
	0.119703	
	0.149816	
	0.163406	
	0.170446	
	0.159291	
	0.160539	
	0.165296	
	0.145558	
	0.145006	
	0.145228	
	0.127337	
	0.127902	
	0.112267	
	0.104645	
	0.107841	
	0.100580	
	0.099169	
	0.112779	
	0.201981	
	0.139365	
	0.179924	
	0.191299	
	0.187154	
	0.185081	
	0.175707	
	0.195269	
	0.184899	
	0.173813	
	0.162518	
	0.150272	
	0.147791	
	0.158386	
	0.161755	
	0.162027	
	0.231742	
	0.257005	
	0.194067	
	0.178408	
	0.174299	
	0.185418	
	0.173930	
	0.177856	
	0.183884	
	0.190405	
	0.170828	
	0.166091	
	0.164353	
	0.147858	
	0.142161	
	0.149466	
	0.150527	
	0.207634	
	0.293287	
	0.247925	
	0.237298	
	0.240670	
	0.243175	
	0.229233	
	0.237940	
	0.217987	
	0.224316	
	0.223130	
	NaN	
	NaN	
	NaN	
	NaN	
	NaN	
	NaN	
	NaN	
	0.354251	
	NaN	
	NaN	
	NaN	
	NaN	
	NaN	
	NaN	
	NaN	
	NaN	
	NaN	
	NaN	
	NaN	
	NaN	
	NaN	
	NaN	
	NaN	
	NaN	
	NaN	
	NaN	
	NaN	
	NaN	
	NaN	
	NaN	
	NaN	
	NaN	
	NaN	
	NaN	
	NaN	
	NaN	
	NaN	
	NaN	
	NaN	
	NaN	
	NaN	
	NaN	
	NaN	
	NaN	
	NaN	
	NaN	
	NaN	
	NaN	
	NaN	
	NaN	
	NaN	
	NaN	
	NaN	
	NaN	
	NaN	
	NaN	
	NaN	
	NaN	
	NaN	
	NaN	
	NaN	
	NaN	
	NaN	
	NaN	
	NaN	
	NaN	
	NaN	
	NaN	
	NaN	
	NaN	
	NaN	
	NaN	
	NaN	
	NaN	
	NaN	
	NaN	
	NaN	
	NaN	
	NaN	
	NaN	
	NaN	
	NaN	
	NaN	
	NaN	
	NaN	
	NaN	
	NaN	
	NaN	
	NaN	
	NaN	
	NaN	
	NaN	
	NaN	
	NaN	
	NaN	
	NaN	
	NaN	
	NaN	
	NaN	
	NaN	
	NaN	
	NaN	
	NaN	
	NaN	
	NaN	
	NaN	
	NaN	
	NaN	
	NaN	
	NaN	
	NaN	
	NaN	
	NaN	
	NaN	
	NaN	
	NaN	
	NaN	
	NaN	
	NaN	
	NaN	
	NaN	
	NaN	
	NaN	
	NaN	
	NaN	
	NaN	
	NaN	
	NaN	
	NaN	
	NaN	
	NaN	
	NaN	
	NaN	
	NaN	
	NaN	
	NaN	
	NaN	
	NaN	
	NaN	
	NaN	
	NaN	
	NaN	
	NaN	
	NaN	
	NaN	
	NaN	
	NaN	
	NaN	
	NaN	
	NaN	
	NaN	
	NaN	
	NaN	
	NaN	
	NaN	
	NaN	
	NaN	
	NaN	
	NaN	
	NaN	
	NaN	
	NaN	
	NaN	
	NaN	
	NaN	
	NaN	
	NaN	
	NaN	
	NaN	
	NaN	
	NaN	
	NaN	
	NaN	
	NaN	
	NaN	
	NaN	
	NaN	
	NaN	
	NaN	
	NaN	
	NaN	
	NaN	
	NaN	
	NaN	
	NaN	
	NaN	
	NaN	
	NaN	
	NaN	
	NaN	
	NaN	
	NaN	
	NaN	
	NaN	
	NaN	
	NaN	
	NaN	
	NaN	
	NaN	
	NaN	
	NaN	
	NaN	
	NaN	
	NaN	
	NaN	
	NaN	
	NaN	
	NaN	
	NaN	
	NaN	
	NaN	
	NaN	
