_Brightness		
	NaN	
	NaN	
	NaN	
	NaN	
	NaN	
	NaN	
	NaN	
	NaN	
	NaN	
	NaN	
	NaN	
	NaN	
	NaN	
	NaN	
	NaN	
	NaN	
	NaN	
	NaN	
	NaN	
	NaN	
	NaN	
	NaN	
	NaN	
	NaN	
	NaN	
	NaN	
	NaN	
	NaN	
	NaN	
	NaN	
	NaN	
	NaN	
	NaN	
	NaN	
	NaN	
	NaN	
	NaN	
	NaN	
	NaN	
	NaN	
	NaN	
	NaN	
	NaN	
	NaN	
	NaN	
	NaN	
	NaN	
	NaN	
	NaN	
	NaN	
	NaN	
	NaN	
	NaN	
	NaN	
	NaN	
	NaN	
	NaN	
	NaN	
	NaN	
	NaN	
	NaN	
	NaN	
	NaN	
	0.804330	
	0.574458	
	0.221844	
	0.187286	
	0.227531	
	0.182988	
	0.362507	
	0.268164	
	0.232613	
	0.263871	
	0.237167	
	0.237989	
	0.245954	
	0.335600	
	0.354586	
	0.315900	
	0.271513	
	0.381042	
	0.431021	
	0.498645	
	0.446901	
	0.352691	
	0.310058	
	0.300487	
	0.275034	
	0.435552	
	0.352554	
	0.298124	
	0.339088	
	0.199951	
	0.167139	
	0.154486	
	0.146301	
	0.134443	
	0.146490	
	0.149403	
	0.340943	
	0.370849	
	0.332698	
	0.278908	
	0.338040	
	0.257901	
	0.372906	
	0.421301	
	0.313485	
	0.282793	
	0.285719	
	0.232278	
	0.453371	
	0.392307	
	0.328034	
	0.288552	
	0.261616	
	0.252864	
	0.238572	
	0.233817	
	0.215627	
	0.207037	
	0.220566	
	0.309619	
	0.578116	
	0.544024	
	0.523423	
	0.481155	
	0.429689	
	0.410131	
	0.408834	
	0.369146	
	0.348076	
	0.321171	
	0.296045	
	0.453848	
	0.580196	
	0.559349	
	0.424047	
	0.379725	
	0.343654	
	0.316212	
	0.284148	
	0.274651	
	0.268624	
	0.269455	
	0.266594	
	0.260515	
	0.250008	
	0.239704	
	0.237598	
	0.252597	
	0.248272	
	0.256931	
	0.250841	
	0.203894	
	0.211721	
	0.265699	
	0.700424	
	0.389207	
	0.258798	
	0.273540	
	0.197835	
	0.283794	
	0.210763	
	0.189606	
	0.254360	
	0.237192	
	0.203523	
	0.173071	
	0.190394	
	0.196391	
	0.181628	
	0.249561	
	0.245227	
	0.174731	
	0.185049	
	0.234691	
	0.202905	
	0.257737	
	0.191424	
	0.160539	
	0.153414	
	0.200469	
	0.167308	
	0.324531	
	0.199550	
	0.184739	
	0.212418	
	0.160066	
	0.126001	
	0.139364	
	0.118537	
	0.126412	
	0.131608	
	0.149243	
	0.156811	
	0.333405	
	0.213034	
	0.182257	
	0.160460	
	0.226591	
	0.233757	
	0.262997	
	0.171096	
	0.153120	
	0.139819	
	0.201669	
	0.188275	
	0.305869	
	0.193002	
	0.167850	
	0.157142	
	0.144654	
	0.136369	
	0.133718	
	0.128948	
	0.117734	
	0.130512	
	0.127502	
	0.380079	
	0.498712	
	0.381360	
	0.339209	
	0.335612	
	0.270403	
	0.223917	
	0.197256	
	0.177000	
	0.169495	
	0.169717	
	0.194118	
	0.278796	
	0.405438	
	0.249833	
	0.203389	
	0.182534	
	0.165104	
	0.164825	
	0.175997	
	0.177806	
	0.170500	
	0.166935	
	0.178073	
	0.173116	
	0.166498	
	0.159932	
	0.177776	
	0.192200	
	0.194130	
	0.189556	
	0.184838	
	0.187049	
	0.162393	
	0.148712	
	0.135921	
	0.517199	
	0.371558	
	0.409586	
	0.363394	
	0.301910	
	0.328297	
	0.278129	
	0.322202	
	0.261662	
	0.233470	
	0.202586	
	0.193918	
	0.189830	
	0.197832	
	0.216943	
	0.232083	
	0.186656	
	0.161060	
	0.172070	
	0.166091	
	0.185316	
	0.218950	
	0.158625	
	0.156425	
	0.142474	
	0.271580	
	0.385706	
	0.271055	
	0.196544	
	0.210162	
	0.210454	
	0.153817	
	0.127642	
	0.120753	
	0.131193	
	0.169788	
	0.197494	
	0.204071	
	0.278354	
	0.194485	
	0.189901	
	0.183664	
	0.173983	
	0.233228	
	0.225296	
	0.183431	
	0.172147	
	0.237292	
	0.172976	
	0.397221	
	0.287773	
	0.230989	
	0.198578	
	0.237552	
	0.197419	
	0.170990	
	0.163479	
	0.148765	
	0.138587	
	0.153763	
	0.135349	
	0.126052	
	0.119472	
	0.111604	
	0.113666	
	0.112039	
	0.106891	
	0.105877	
	0.108394	
	0.110066	
	0.106517	
	0.108847	
	0.110336	
	0.112815	
	0.396491	
	0.549174	
	0.448392	
	0.353246	
	0.270179	
	0.279468	
	0.223522	
	0.257110	
	0.219417	
	0.217617	
	0.219329	
	0.211875	
	0.253187	
	0.520830	
	0.454390	
	0.386023	
	0.326623	
	0.293533	
	0.260971	
	0.254441	
	0.230367	
	0.226630	
	0.267096	
	0.480700	
	0.332882	
	0.358183	
	0.304933	
	0.277970	
	0.273847	
	0.270974	
	0.242083	
	0.208952	
	0.232656	
	0.411475	
	0.247627	
	0.213269	
	0.197318	
	0.181094	
	0.182498	
	0.177673	
	0.181409	
	0.167258	
	0.157280	
	0.145862	
	0.142788	
	0.134686	
	0.135128	
	0.132911	
	0.124746	
	0.128082	
	0.139170	
	0.127989	
	0.126728	
	0.132535	
	0.125264	
	0.128402	
	0.121637	
	0.125385	
	0.120097	
	0.122630	
	0.122525	
	0.137544	
	0.122505	
	0.123871	
	0.124243	
	0.143452	
	0.127680	
	0.135472	
	0.143085	
	0.151923	
	0.160697	
	0.124620	
	0.281645	
	0.295812	
	0.225572	
	0.187018	
	0.230464	
	0.157320	
	0.320683	
	0.230330	
	0.169115	
	0.187723	
	0.155157	
	0.174256	
	0.182271	
	0.168940	
	0.171660	
	0.158082	
	0.156245	
	0.149607	
	0.151982	
	0.144723	
	0.139584	
	0.128038	
	0.132077	
	0.132260	
	0.122830	
	0.123596	
	0.134738	
	0.137623	
	0.150579	
	0.149226	
	0.155041	
	0.175546	
	0.179589	
	0.169881	
	0.167855	
	0.176669	
	0.184494	
	0.170486	
	0.166663	
	0.153991	
	0.153721	
	0.157805	
	0.156878	
	0.175640	
	0.182543	
	0.183924	
	0.247170	
	0.262673	
	0.303444	
	0.578345	
	0.457269	
	0.343058	
	0.302619	
	0.278712	
	0.269224	
	0.279934	
	0.272222	
	0.262863	
	0.273117	
	0.265446	
	0.267904	
	0.299071	
	0.354208	
	0.306239	
	0.304830	
	0.279042	
	0.270949	
	0.262197	
	0.261610	
	0.261176	
	0.272349	
	0.294730	
	0.400513	
	0.394848	
	0.597010	
	0.523625	
	0.425150	
	0.401377	
	0.421322	
	0.409063	
	0.401025	
	0.360777	
	0.319678	
	0.294491	
	0.305580	
	0.347521	
	0.647477	
	0.539477	
	0.448479	
	0.387766	
	0.359527	
	0.366007	
	0.358953	
	0.327482	
	0.324351	
	0.355075	
	0.401952	
	0.363612	
	0.512622	
	0.474907	
	0.330213	
	0.317696	
	0.338617	
	0.316450	
	0.327630	
	0.317759	
	0.335357	
	0.312219	
	0.300996	
	0.324848	
	0.496758	
	0.462682	
	0.323257	
	0.273653	
	0.267119	
	0.240291	
	0.251780	
	0.277954	
	0.289064	
	0.306622	
	0.311984	
	0.293505	
	0.555873	
	0.602084	
	0.479924	
	0.443104	
	0.396013	
	0.406014	
	0.411134	
	0.374601	
	0.383516	
	0.351420	
	0.323922	
	0.388142	
	0.366463	
	0.406657	
	0.352151	
	0.340622	
	0.289735	
	0.275167	
	0.327306	
	0.332050	
	0.324607	
	0.348782	
	0.291022	
	0.310073	
	0.355332	
	0.416080	
	0.564582	
	0.457157	
	0.307288	
	0.313459	
	0.277162	
	0.289582	
	0.334522	
	0.311301	
	0.283028	
	0.282939	
	0.266456	
	0.441093	
	0.376091	
	0.357079	
	0.329991	
	0.288475	
	0.283616	
	0.278310	
	0.267696	
	0.282346	
	0.280999	
	0.267067	
	0.363212	
	0.548712	
	0.497762	
	0.370084	
	0.352811	
	0.312342	
	0.325372	
	0.336125	
	0.350275	
	0.317188	
	0.312553	
	0.309681	
	0.229062	
	0.374853	
	0.460388	
	0.367071	
	0.343797	
	0.331300	
	0.324051	
	0.320111	
	0.338339	
	0.322047	
	0.363242	
	0.371189	
	0.359610	
	0.586224	
	0.562085	
	0.450567	
	0.357639	
	0.345555	
	0.302522	
	0.302725	
	0.288550	
	0.277216	
	0.312138	
	0.303060	
	0.308542	
	0.341592	
	0.531810	
	0.424346	
	0.347073	
	0.337413	
	0.325239	
	0.330314	
	0.319356	
	0.330099	
	0.334194	
	0.319312	
	0.294200	
	0.300170	
	0.529211	
	0.526489	
	0.415406	
	0.356656	
	0.296305	
	0.308598	
	0.302152	
	0.308835	
	0.316284	
	0.520448	
	0.419413	
	0.351706	
	0.414518	
	0.362863	
	0.358916	
	0.341018	
	0.281304	
	0.269155	
	0.258972	
	0.243657	
	0.231859	
	0.247307	
	0.239569	
	0.428237	
	0.431691	
	0.350729	
	0.289899	
	0.271302	
	0.286522	
	0.255994	
	0.258693	
	0.227032	
	0.213405	
	0.216250	
	0.208132	
	0.352820	
	0.374193	
	0.301858	
	0.267520	
	0.252392	
	0.250951	
	0.271656	
	0.270316	
	0.240415	
	0.241051	
	0.245104	
	0.273748	
	0.515042	
	0.502242	
	0.557796	
	0.424686	
	0.318955	
	0.266630	
	0.245944	
	0.231798	
	0.218189	
	0.229649	
	0.239247	
	0.253268	
	0.364388	
	0.401014	
	0.336557	
	0.297740	
	0.245543	
	0.210724	
	0.206376	
	0.214073	
	0.197759	
	0.218223	
	0.203188	
	0.217653	
	0.335712	
	0.542340	
	0.561692	
	0.379095	
	0.291710	
	0.225277	
	0.228653	
	0.208531	
	0.209560	
	0.202179	
	0.199625	
	0.203175	
	0.252167	
	0.441633	
	0.428784	
	0.368697	
	0.273807	
	0.226885	
	0.221341	
	0.201875	
	0.200316	
	0.192672	
	0.176483	
	0.193916	
	0.225034	
	0.429830	
	0.529869	
	0.422282	
	0.330024	
	0.289782	
	0.259870	
	0.235589	
	0.240583	
	0.234852	
	0.264236	
	0.254460	
	0.253166	
	0.420478	
	0.381364	
	0.288990	
	0.245090	
	0.219830	
	0.216622	
	0.228726	
	0.222194	
	0.198414	
	0.196396	
	0.195765	
	0.192093	
	0.352490	
	0.448327	
	0.350374	
	0.294380	
	0.304570	
	0.308737	
	0.247540	
	0.269090	
	0.265174	
	0.254442	
	0.251486	
	0.263727	
	0.269398	
	0.371733	
	0.370638	
	0.303580	
	0.247043	
	0.222885	
	0.220449	
	0.240506	
	0.235554	
	0.231902	
	0.265024	
	0.416015	
	0.387155	
	0.406607	
	0.579003	
	0.342547	
	0.286181	
	0.280159	
	0.276050	
	0.288035	
	0.299503	
	0.327719	
	0.328708	
	0.382152	
	0.508214	
	0.613802	
	0.457285	
	0.406757	
	0.380606	
	0.355373	
	0.308102	
	0.288231	
	0.277217	
	0.303783	
	0.293373	
	0.284660	
	0.319809	
	0.397139	
	0.537335	
	0.432133	
	0.343473	
	0.312659	
	0.314940	
	0.298251	
	0.305923	
	0.297759	
	0.304372	
	0.295841	
	0.287295	
	0.356801	
	0.371401	
	0.285942	
	0.297271	
	0.247218	
	0.222360	
	0.217191	
	0.227156	
	0.223397	
	0.232390	
	0.222282	
	0.398027	
	0.377249	
	0.536560	
	0.313570	
	0.224398	
	0.207028	
	0.193387	
	0.195849	
	0.197617	
	0.211217	
	0.204533	
	0.204292	
	0.183128	
	0.216632	
	0.425072	
	0.330508	
	0.238082	
	0.209559	
	0.205842	
	0.197749	
	0.200648	
	0.199475	
	0.217614	
	0.268895	
	0.249551	
	0.286105	
	0.731071	
	0.444745	
	0.349552	
	0.296795	
	0.343273	
	0.395181	
	0.435393	
	0.466387	
	0.423124	
	0.373590	
	0.306003	
	0.634152	
	0.779584	
	0.724658	
	0.593389	
	0.452325	
	0.317528	
	0.282552	
	0.256533	
	0.253098	
	0.226893	
	0.239696	
	0.233549	
	0.328272	
	0.754356	
	0.814557	
	0.793099	
	0.618136	
	0.478664	
	0.433901	
	0.444900	
	0.479593	
	0.487810	
	0.346674	
	0.315630	
	0.327390	
	0.494849	
	0.691192	
	0.661356	
	0.420806	
	0.405158	
	0.347622	
	0.354226	
	0.330408	
	0.304351	
	0.299606	
	0.258987	
	0.246623	
	0.410060	
	0.407884	
	0.341788	
	0.322631	
	0.303458	
	0.375321	
	0.380632	
	0.372193	
	0.356337	
	0.334538	
	0.362304	
	0.373434	
	0.364496	
	0.424950	
	0.349058	
	0.359340	
	0.358886	
	0.350933	
	0.358775	
	0.371423	
	0.334687	
	0.393507	
	0.377498	
	0.355348	
	0.466480	
	0.610305	
	0.466294	
	0.349166	
	0.360858	
	0.366854	
	0.364104	
	0.357798	
	0.395722	
	0.399298	
	0.404027	
	0.368584	
	0.344083	
	0.529151	
	0.456168	
	0.346443	
	0.329447	
	0.365165	
	0.367261	
	0.415486	
	0.471394	
	0.585521	
	0.468384	
	0.498194	
	0.327513	
	0.433151	
	0.508668	
	0.492838	
	0.441789	
	0.467505	
	0.433055	
	0.398554	
	0.450425	
	0.438043	
	0.430811	
	0.472453	
	0.484773	
	0.461069	
	0.456382	
	0.443083	
	0.431257	
	0.301326	
	0.483328	
	0.725319	
	0.379157	
	0.480110	
	0.390424	
	0.321420	
	0.314214	
	0.528050	
	0.540732	
	0.446668	
	0.445256	
	0.428892	
	0.343458	
	0.307090	
	0.282525	
	0.233727	
	0.214452	
	0.277429	
	0.260900	
	0.517701	
	0.351640	
	0.252461	
	0.260597	
	0.247444	
	0.248608	
	0.306687	
	0.375730	
	0.361620	
	0.354914	
	0.647993	
	0.856069	
	0.731034	
	0.663711	
	0.459968	
	0.398448	
	0.386456	
	0.376320	
	0.378667	
	0.372423	
	0.403533	
	0.405309	
	0.363657	
	0.324632	
	0.358038	
	0.339140	
	0.313026	
	0.252942	
	0.236601	
	0.218702	
	0.178752	
	0.189085	
	0.171308	
	0.207692	
	0.372372	
	0.185732	
	0.643754	
	0.609215	
	0.452958	
	0.373227	
	0.408462	
	0.361056	
	0.379275	
	0.408778	
	0.356335	
	0.363696	
	0.407772	
	0.502313	
	0.408314	
	0.447270	
	0.430937	
	0.395063	
	0.381297	
	0.358205	
	0.337553	
	0.353716	
	0.349664	
	0.356600	
	0.532358	
	0.840977	
	0.471347	
	0.435888	
	0.374054	
	0.340778	
	0.308968	
	0.303387	
	0.282816	
	0.283788	
	0.291591	
	0.325200	
	0.457875	
	0.783060	
	0.810064	
	0.490411	
	0.495590	
	0.479414	
	0.466734	
	0.494256	
	0.468026	
	0.511792	
	0.447013	
	0.772470	
	0.788339	
	0.861568	
	0.852614	
	0.840282	
	0.569047	
	0.564170	
	0.537671	
	0.560931	
	0.475296	
	0.429191	
	0.449072	
	0.539248	
	0.511787	
	0.477027	
	0.519169	
	0.461321	
	0.507555	
	0.563952	
	0.582786	
	0.569725	
	0.504796	
	0.376860	
	0.357291	
	0.372510	
	0.682283	
	0.665937	
	0.502008	
	0.451447	
	0.411932	
	0.394231	
	0.421834	
	0.388641	
	0.380359	
	0.406867	
	0.399723	
	0.384872	
	0.375235	
	0.388899	
	0.429178	
	0.395460	
	0.328889	
	0.361282	
	0.348254	
	0.419524	
	0.448445	
	0.380190	
	0.407673	
	0.351651	
	0.430290	
	0.541087	
	0.624546	
	0.485158	
	0.488878	
	0.425302	
	0.378394	
	0.336312	
	0.404218	
	0.413788	
	0.415427	
	0.395709	
	0.373271	
	0.417276	
	0.464800	
	0.329069	
	0.279844	
	0.285378	
	0.250498	
	0.281690	
	0.711484	
	0.796620	
	0.824829	
	0.863213	
	0.877447	
	0.783655	
	0.555765	
	0.417372	
	0.365713	
	0.362045	
	0.388630	
	0.355186	
	0.356806	
	0.352343	
	0.277218	
	0.272716	
	0.274437	
	0.332818	
	0.444805	
	0.374746	
	0.335311	
	0.333654	
	0.266820	
	0.246186	
	0.219639	
	0.210415	
	0.248852	
	0.425252	
	0.318643	
	0.612813	
	0.656384	
	0.485781	
	0.232911	
	0.229819	
	0.244972	
	0.288297	
	0.307967	
	0.344997	
	0.384888	
	0.347225	
	0.305161	
	0.486462	
	0.697413	
	0.578054	
	0.580349	
	0.450944	
	0.418516	
	0.421812	
	0.393691	
	0.407359	
	0.448436	
	0.437014	
	0.511911	
	0.563391	
	0.467661	
	0.394940	
	0.582957	
	0.811753	
	0.769096	
	0.633176	
	0.459830	
	0.406563	
	0.303611	
	0.323951	
	0.305983	
	0.283760	
	0.353673	
	0.340053	
	0.299954	
	0.269605	
	0.245666	
	0.256815	
	0.215859	
	0.205708	
	0.184576	
	0.198399	
	0.213736	
	0.263172	
	0.456073	
	0.322526	
	0.266733	
	0.258173	
	0.250879	
	0.249850	
	0.322581	
	0.301389	
	0.299769	
	0.298478	
	0.282026	
	0.340354	
	0.389226	
	0.290306	
	0.274258	
	0.285390	
	0.297302	
	0.275108	
	0.292243	
	0.261684	
	0.268638	
	0.285049	
	0.294464	
	0.514341	
	0.395132	
	0.338511	
	0.360985	
	0.330718	
	0.391323	
	0.403080	
	0.429037	
	0.455312	
	0.494784	
	0.560927	
	0.495551	
	0.521146	
	0.514494	
	0.440186	
	0.432288	
	0.454965	
	0.456561	
	0.376191	
	0.333277	
	0.395427	
	0.417525	
	0.361103	
	0.394608	
	0.597125	
	0.541139	
	0.412764	
	0.359082	
	0.352083	
	0.353374	
	0.365146	
	0.384840	
	0.388555	
	0.351247	
	0.404702	
	0.601176	
	0.683720	
	0.706080	
	0.544163	
	0.375018	
	0.317860	
	0.311500	
	0.351885	
	0.372451	
	0.396601	
	0.365549	
	0.309224	
	0.348370	
	0.409917	
	0.340477	
	0.324295	
	0.296610	
	0.262933	
	0.229371	
	0.205008	
	0.228320	
	0.255965	
	0.301204	
	0.331581	
	0.373267	
	0.454128	
	0.398096	
	0.341149	
	0.350623	
	0.379144	
	0.395143	
	0.392185	
	0.395621	
	0.420553	
	0.409017	
	0.368069	
	0.350016	
	0.529324	
	0.428980	
	0.351794	
	0.335429	
	0.354403	
	0.352417	
	0.343177	
	0.327063	
	0.323310	
	0.326075	
	0.410449	
	0.384066	
	0.354124	
	0.351369	
	0.363110	
	0.348485	
	0.428594	
	0.492223	
	0.540773	
	0.523897	
	0.449046	
	0.418319	
	0.472352	
	0.606226	
	0.559668	
	0.442092	
	0.358307	
	0.378594	
	0.349099	
	0.380603	
	0.398765	
	0.389988	
	0.370405	
	0.389179	
	0.429689	
	0.516629	
	0.475496	
	0.371945	
	0.351474	
	0.299300	
	0.336051	
	0.431979	
	0.283433	
	0.330546	
	0.325970	
	0.331388	
	0.284657	
	0.264189	
	0.547870	
	0.427994	
	0.366156	
	0.322598	
	0.329410	
	0.362266	
	0.391258	
	0.537749	
	0.702104	
	0.712279	
	0.701472	
	0.643414	
	0.580415	
	0.475766	
	0.355540	
	0.369305	
	0.416150	
	0.346704	
	0.322542	
	0.336926	
	0.326233	
	0.357278	
	0.348857	
	0.385974	
	0.324949	
	0.394821	
	0.261042	
	0.230430	
	0.233849	
	0.218661	
	0.222779	
	0.219941	
	0.249403	
	0.264586	
	0.228876	
	0.257840	
	0.261979	
	0.224111	
	0.254842	
	0.241639	
	0.207834	
	0.197023	
	0.194375	
	0.186396	
	0.183763	
	0.198756	
	0.198017	
	0.615953	
	0.565295	
	0.358682	
	0.276237	
	0.231041	
	0.209322	
	0.217303	
	0.207430	
	0.220363	
	0.254916	
	0.269944	
	0.581754	
	0.502738	
	0.523230	
	0.469498	
	0.461906	
	0.453484	
	0.463675	
	0.442918	
	0.402593	
	0.386697	
	0.326904	
	0.364954	
	0.314715	
	0.579585	
	0.422134	
	0.301298	
	0.259492	
	0.259014	
	0.263373	
	0.259469	
	0.263516	
	0.240634	
	0.235457	
	0.223663	
	0.247508	
	0.456017	
	0.424245	
	0.358292	
	0.244880	
	0.246320	
	0.286898	
	0.316106	
	0.311204	
	0.382027	
	0.464516	
	0.433101	
	0.402522	
	0.579641	
	0.743991	
	0.761808	
	0.712634	
	0.655522	
	0.522684	
	0.487418	
	0.411219	
	0.400327	
	0.405190	
	0.407322	
	0.434226	
	0.578139	
	0.456135	
	0.418491	
	0.456496	
	0.358589	
	0.365088	
	0.366809	
	0.395079	
	0.345479	
	0.433770	
	0.447559	
	0.465455	
	0.396546	
	0.500822	
	0.433922	
	0.460329	
	0.443406	
	0.380383	
	0.364434	
	0.344036	
	0.397712	
	0.414128	
	0.381471	
	0.375045	
	0.408902	
	0.412459	
	0.332304	
	0.329421	
	0.364780	
	0.372137	
	0.368583	
	0.397276	
	0.339399	
	0.353182	
	0.417472	
	0.413741	
	0.543676	
	0.499011	
	0.396076	
	0.422131	
	0.384832	
	0.433508	
	0.453540	
	0.435545	
	0.422153	
	0.422173	
	0.431959	
	0.464103	
	0.452971	
	0.422591	
	0.392874	
	0.313177	
	0.322206	
	0.290841	
	0.261857	
	0.238177	
	0.270583	
	0.235213	
	0.239376	
	0.513589	
	0.376491	
	0.336060	
	0.254810	
	0.291995	
	0.305395	
	0.252760	
	0.270779	
	0.306588	
	0.269669	
	0.269965	
	0.265650	
	0.308960	
	0.352461	
	0.257960	
	0.271924	
	0.328433	
	0.364960	
	0.373953	
	0.357149	
	0.434890	
	0.406589	
	0.411452	
	0.343867	
	0.399652	
	0.458397	
	0.317348	
	0.275832	
	0.236033	
	0.235012	
	0.224579	
	0.240372	
	0.273255	
	0.285216	
	0.367353	
	0.349944	
	0.404048	
	0.397527	
	0.306947	
	0.291696	
	0.334589	
	0.391679	
	0.343794	
	0.392333	
	0.352094	
	0.370708	
	0.382814	
	0.456981	
	0.581343	
	0.373121	
	0.325786	
	0.295349	
	0.274672	
	0.298021	
	0.305667	
	0.289765	
	0.297743	
	0.290407	
	0.288577	
	0.346624	
	0.408989	
	0.393318	
	0.312182	
	0.264714	
	0.271972	
	0.296831	
	0.328115	
	0.314491	
	0.253351	
	0.248475	
	0.272253	
	0.275287	
	0.542984	
	0.550800	
	0.429977	
	0.363602	
	0.385564	
	0.338253	
	0.269378	
	0.277680	
	0.277838	
	0.292427	
	0.247462	
	0.459158	
	0.349496	
	0.416971	
	0.363686	
	0.315846	
	0.344329	
	0.321229	
	0.275003	
	0.280433	
	0.296234	
	0.287427	
	0.302287	
	0.463501	
	0.477407	
	0.361794	
	0.320929	
	0.294938	
	0.287620	
	0.294558	
	0.294422	
	0.249301	
	0.266751	
	0.262436	
	0.256187	
	0.404097	
	0.517496	
	0.355590	
	0.234797	
	0.268063	
	0.285332	
	0.292691	
	0.311478	
	0.346895	
	0.366448	
	0.356914	
	0.383458	
	0.727379	
	0.692770	
	0.582978	
	0.532314	
	0.524900	
	0.494993	
	0.470837	
	0.405238	
	0.446868	
	0.461118	
	0.353021	
	0.311319	
	0.508174	
	0.432926	
	0.400088	
	0.366556	
	0.389095	
	0.397251	
	0.400950	
	0.407896	
	0.493895	
	0.480550	
	0.447486	
	0.503656	
	0.504099	
	0.472279	
	0.471787	
	0.518709	
	0.497672	
	0.480750	
	0.523208	
	0.523115	
	0.490588	
	0.470276	
	0.485174	
	0.499737	
	0.482504	
	0.447859	
	0.441920	
	0.431003	
	0.464463	
	0.470936	
	0.465611	
	0.442603	
	0.423592	
	0.393534	
	0.599757	
	0.643866	
	0.528292	
	0.471864	
	0.461416	
	0.425178	
	0.430884	
	0.472194	
	0.387332	
	0.358438	
	0.386741	
	0.452875	
	0.530614	
	0.599589	
	0.555779	
	0.419247	
	0.413092	
	0.366665	
	0.375156	
	0.387880	
	0.410262	
	0.428026	
	0.424796	
	0.410397	
	0.405086	
	0.504124	
	0.501315	
	0.501116	
	0.457173	
	0.425460	
	0.422513	
	0.406631	
	0.422283	
	0.368102	
	0.381527	
	0.401710	
	0.500838	
	0.531685	
	0.428711	
	0.410541	
	0.415312	
	0.377246	
	0.357920	
	0.359273	
	0.353682	
	0.366138	
	0.384966	
	0.414857	
	0.604028	
	0.566865	
	0.492310	
	0.437280	
	0.466355	
	0.459443	
	0.456837	
	0.470439	
	0.509517	
	0.519037	
	0.521933	
	0.488508	
	0.473241	
	0.495955	
	0.439920	
	0.371251	
	0.452068	
	0.546780	
	0.481912	
	0.474568	
	0.517541	
	0.574951	
	0.553889	
	0.433153	
	0.346349	
	0.466333	
	0.363603	
	0.359984	
	0.391168	
	0.345556	
	0.343283	
	0.387580	
	0.372884	
	0.356332	
	0.327853	
	0.350600	
	0.476222	
	0.566261	
	0.399782	
	0.370460	
	0.323822	
	0.296886	
	0.304884	
	0.315238	
	0.309249	
	0.332243	
	0.350891	
	0.395750	
	0.615128	
	0.563655	
	0.464858	
	0.390144	
	0.374210	
	0.365312	
	0.343680	
	0.378821	
	0.433943	
	0.419550	
	0.407321	
	0.429718	
	0.581396	
	0.478544	
	0.395016	
	0.448608	
	0.450703	
	0.463493	
	0.487819	
	0.487079	
	0.479132	
	0.667123	
	0.879962	
	0.823909	
	0.561496	
	0.459371	
	0.356076	
	0.425792	
	0.446233	
	0.476191	
	0.460738	
	0.481065	
	0.447401	
	0.384569	
	0.439899	
	0.480513	
	0.496640	
	0.463237	
	0.475977	
	0.451881	
	0.366240	
	0.326454	
	0.260032	
	0.308643	
	0.385976	
	0.669794	
	0.806149	
	0.832920	
	0.779362	
	0.670982	
	0.528535	
	0.465821	
	0.401565	
	0.358700	
	0.399569	
	0.382293	
	0.400496	
	0.453003	
	0.558956	
	0.653674	
	0.579561	
	0.492885	
	0.477083	
	0.458460	
	0.427838	
	0.478100	
	0.522168	
	0.352845	
	0.296862	
	0.296528	
	0.296758	
	0.360406	
	0.433469	
	0.374338	
	0.310170	
	0.307947	
	0.355606	
	0.361246	
	0.358744	
	0.337757	
	0.330293	
	0.327994	
	0.312625	
	0.339359	
	0.297810	
	0.331801	
	0.376924	
	0.375143	
	0.360032	
	0.326493	
	0.338451	
	0.310932	
	0.330617	
	0.320279	
	0.328907	
	0.502100	
	0.465517	
	0.364328	
	0.337131	
	0.338401	
	0.338985	
	0.320766	
	0.326485	
	0.309587	
	0.262856	
	0.273835	
	0.289224	
	0.381169	
	0.286389	
	0.259850	
	0.255731	
	0.293551	
	0.285418	
	0.310496	
	0.256977	
	0.305370	
	0.329187	
	0.353780	
	0.433373	
	0.621627	
	0.453501	
	0.401674	
	0.441659	
	0.444014	
	0.464762	
	0.455366	
	0.500509	
	0.532283	
	0.443687	
	0.400688	
	0.419520	
	0.416932	
	0.394157	
	0.409881	
	0.430276	
	0.419484	
	0.445804	
	0.385456	
	0.334225	
	0.320041	
	0.308286	
	0.342678	
	0.664100	
	0.697444	
	0.500378	
	0.365065	
	0.389108	
	0.363016	
	0.348199	
	0.308375	
	0.288235	
	0.268379	
	0.283354	
	0.369983	
	0.404361	
	0.367779	
	0.281735	
	0.305744	
	0.284816	
	0.286723	
	0.331814	
	0.410017	
	0.384657	
	0.425759	
	0.450716	
	0.456954	
	0.497612	
	0.470358	
	0.388162	
	0.346719	
	0.387215	
	0.350547	
	0.327454	
	0.286375	
	0.305519	
	0.286587	
	0.289038	
	0.323454	
	0.330882	
	0.324347	
	0.278080	
	0.320798	
	0.359466	
	0.323670	
	0.328136	
	0.306212	
	0.301795	
	0.291589	
	0.277483	
	0.257381	
	0.619101	
	0.524323	
	0.388877	
	0.357893	
	0.360067	
	0.409986	
	0.409284	
	0.428250	
	0.499477	
	0.551638	
	0.507022	
	0.541210	
	0.672664	
	0.696532	
	0.596268	
	0.517393	
	0.446346	
	0.404338	
	0.413618	
	0.388364	
	0.366747	
	0.455765	
	0.715524	
	0.728288	
	0.686797	
	0.374566	
	0.401100	
	0.330337	
	0.362239	
	0.319934	
	0.392026	
	0.428170	
	0.440916	
	0.429734	
	0.549600	
	0.672598	
	0.689893	
	0.447650	
	0.456127	
	0.390607	
	0.381428	
	0.394440	
	0.376825	
	0.402340	
	0.399481	
	0.403271	
	0.418671	
	0.494731	
	0.657668	
	0.669846	
	0.543660	
	0.428821	
	0.438851	
	0.503009	
	0.415982	
	0.420291	
	0.379309	
	0.357919	
	0.397229	
	0.452939	
	0.292554	
	0.340481	
	0.314643	
	0.300643	
	0.291472	
	0.300613	
	0.372553	
	0.407720	
	0.645962	
	0.809238	
	0.822286	
	0.850314	
	0.850275	
	0.794738	
	0.689361	
	0.583699	
	0.502187	
	0.489390	
	0.524514	
	0.512316	
	0.482726	
	0.515035	
	0.530780	
	0.508805	
	0.507373	
	0.521200	
	0.531444	
	0.464125	
	0.467802	
	0.501954	
	0.490770	
	0.453760	
	0.406227	
	0.405713	
	0.429430	
	0.464290	
	0.597562	
	0.562768	
	0.432224	
	0.418560	
	0.468685	
	0.496284	
	0.462087	
	0.520226	
	0.412602	
	0.381922	
	0.379165	
	0.404532	
	0.427426	
	0.388406	
	0.413572	
	0.415701	
	0.407207	
	0.407564	
	0.372770	
	0.324771	
	0.338559	
	0.357414	
	0.396352	
	0.438806	
	0.495726	
	0.433641	
	0.425533	
	0.443405	
	0.443599	
	0.499211	
	0.458446	
	0.448690	
	0.419594	
	0.381162	
	0.402011	
	0.498624	
	0.564022	
	0.524540	
	0.468982	
	0.430957	
	0.484339	
	0.462792	
	0.426506	
	0.429695	
	0.471975	
	0.402967	
	0.391258	
	0.437464	
	0.687037	
	0.591934	
	0.329532	
	0.312775	
	0.410838	
	0.513827	
	0.703438	
	0.819401	
	0.832062	
	0.853108	
	0.855768	
	0.731101	
	0.694429	
	0.581004	
	0.441613	
	0.439910	
	0.445241	
	0.483938	
	0.489487	
	0.448738	
	0.379014	
	0.409365	
	0.311376	
	0.353698	
	0.349595	
	0.318367	
	0.247637	
	0.272445	
	0.279466	
	0.255347	
	0.255176	
	0.268462	
	0.272183	
	0.292869	
	0.297971	
	0.304119	
	0.375738	
	0.466494	
	0.329601	
	0.339447	
	0.309404	
	0.307967	
	0.304821	
	0.299432	
	0.272773	
	0.262310	
	0.290897	
	0.413236	
	0.555291	
	0.406656	
	0.342959	
	0.383720	
	0.427193	
	0.424566	
	0.421838	
	0.485145	
	0.484207	
	0.502963	
	0.532612	
	0.544992	
	0.563017	
	0.553802	
	0.548949	
	0.523080	
	0.507812	
	0.467306	
	0.519412	
	0.581225	
	0.660001	
	0.820036	
	0.892621	
	0.859885	
	0.830393	
	0.749352	
	0.672959	
	0.551820	
	0.539887	
	0.504638	
	0.510752	
	0.577390	
	0.608890	
	0.614317	
	0.469049	
	0.454471	
	0.537173	
	0.517599	
	0.465017	
	0.503143	
	0.479568	
	0.466010	
	0.426175	
	0.495341	
	0.486560	
	0.597178	
	0.556358	
	0.697794	
	0.777052	
	0.759446	
	0.626586	
	0.438908	
	0.378174	
	0.364071	
	0.370466	
	0.333572	
	0.354413	
	0.420962	
	0.423231	
	0.447993	
	0.434485	
	0.336194	
	0.253819	
	0.318780	
	0.315600	
	0.334198	
	0.332014	
	0.362942	
	0.410018	
	0.432194	
	0.425736	
	0.410617	
	0.544951	
	0.484988	
	0.430921	
	0.342570	
	0.312729	
	0.362061	
	0.373818	
	0.392136	
	0.388708	
	0.427869	
	0.416201	
	0.395144	
	0.413547	
	0.411140	
	0.402826	
	0.438345	
	0.399736	
	0.395076	
	0.372175	
	0.417462	
	0.412521	
	0.415367	
	0.415963	
	0.486097	
	0.502846	
	0.427762	
	0.411862	
	0.393733	
	0.370513	
	0.391827	
	0.406683	
	0.393521	
	0.399819	
	0.404414	
	0.372624	
	0.416293	
	0.425881	
	0.448588	
	0.446962	
	0.466027	
	0.505516	
	0.497322	
	0.478872	
	0.435722	
	0.482341	
	0.458309	
	0.383284	
	0.504622	
	0.434670	
	0.389038	
	0.463501	
	0.479218	
	0.459259	
	0.450495	
	0.481509	
	0.485689	
	0.481686	
	0.496098	
	0.514049	
	0.490172	
	0.446990	
	0.513058	
	0.538626	
	0.499256	
	0.405261	
	0.684765	
	0.499023	
	0.589524	
	0.604567	
	0.796434	
	0.761487	
	0.723222	
	0.704295	
	0.474605	
	0.383224	
	0.376780	
	0.342891	
	0.336510	
	0.352759	
	0.389432	
	0.453522	
	0.485064	
	0.465594	
	0.495957	
	0.408312	
	0.460335	
	0.535345	
	0.545158	
	0.478132	
	0.398009	
	0.418649	
	0.686137	
	0.798767	
	0.747072	
	0.651583	
	0.499033	
	0.390962	
	0.389411	
	0.427799	
	0.361674	
	0.380205	
	0.358820	
	0.376486	
	0.339220	
	0.335238	
	0.353703	
	0.398312	
	0.373546	
	0.363969	
	0.317849	
	0.359465	
	0.357286	
	0.314203	
	0.299632	
	0.309801	
	0.298087	
	0.357750	
	0.431556	
	0.519348	
	0.535182	
	0.405642	
	0.358141	
	0.324162	
	0.329415	
	0.353254	
	0.359036	
	0.384285	
	0.397900	
	0.415863	
	0.479708	
	0.543303	
	0.576183	
	0.463072	
	0.500586	
	0.461902	
	0.474268	
	0.467292	
	0.410275	
	0.446593	
	0.433538	
	0.452543	
	0.477769	
	0.596742	
	0.442978	
	0.339800	
	0.362442	
	0.437951	
	0.377507	
	0.362963	
	0.322018	
	0.333128	
	0.328972	
	0.517484	
	0.598799	
	0.596812	
	0.616867	
	0.601893	
	0.544610	
	0.463195	
	0.420447	
	0.359088	
	0.364652	
	0.337516	
	0.325751	
	0.294692	
	0.337804	
	0.471982	
	0.526677	
	0.353922	
	0.296610	
	0.239419	
	0.273780	
	0.269778	
	0.364012	
	0.388821	
	0.532102	
	0.621962	
	0.642032	
	0.630086	
	0.690273	
	0.614263	
	0.511966	
	0.466858	
	0.310749	
	0.317512	
	0.282757	
	0.332587	
	0.542860	
	0.740127	
	0.821418	
	0.745686	
	0.671768	
	0.445479	
	0.399243	
	0.408367	
	0.389458	
	0.355147	
	0.292819	
	0.274591	
	0.281455	
	0.244243	
	0.240070	
	0.300870	
	0.487342	
	0.330348	
	0.239111	
	0.212002	
	0.175813	
	0.164940	
	0.190895	
	0.189996	
	0.240977	
	0.183394	
	0.157142	
	0.428181	
	0.471779	
	0.342528	
	0.258775	
	0.257645	
	0.221149	
	0.220802	
	0.223947	
	0.209820	
	0.197123	
	0.199329	
	0.253442	
	0.355012	
	0.430709	
	0.250316	
	0.180239	
	0.184704	
	0.178732	
	0.217078	
	0.246441	
	0.208347	
	0.466355	
	0.634505	
	0.724682	
	0.582143	
	0.554020	
	0.476230	
	0.453310	
	0.443361	
	0.499942	
	0.499649	
	0.513963	
	0.514121	
	0.493913	
	0.426835	
	0.410743	
	0.452051	
	0.437733	
	0.336732	
	0.304659	
	0.307479	
	0.366783	
	0.468243	
	0.433482	
	0.488731	
	0.591922	
	0.739603	
	0.778642	
	0.766858	
	0.708708	
	0.636042	
	0.537860	
	0.484304	
	0.484595	
	0.449473	
	0.476494	
	0.474473	
	0.429681	
	0.439460	
	0.368388	
	0.378792	
	0.306526	
	0.302054	
	0.294054	
	0.313449	
	0.378841	
	0.407470	
	0.446485	
	0.712271	
	0.724344	
	0.824510	
	0.848608	
	0.685705	
	0.626350	
	0.564022	
	0.505075	
	0.560868	
	0.502567	
	0.495353	
	0.460566	
	0.461627	
	0.410902	
	0.395790	
	0.433430	
	0.445104	
	0.398903	
	0.402535	
	0.376988	
	0.396253	
	0.380204	
	0.382941	
	0.380782	
	0.342749	
	0.333920	
	0.396513	
	0.410498	
	0.538165	
	0.472372	
	0.314562	
	0.281545	
	0.282177	
	0.306976	
	0.317764	
	0.345983	
	0.372782	
	0.386133	
	0.404743	
	0.382018	
	0.611728	
	0.553300	
	0.493015	
	0.492784	
	0.466393	
	0.453650	
	0.514146	
	0.528545	
	0.505220	
	0.513486	
	0.557631	
	0.459906	
	0.400886	
	0.506877	
	0.418223	
	0.395815	
	0.438343	
	0.451647	
	0.460688	
	0.493891	
	0.467053	
	0.503436	
	0.537488	
	0.651723	
	0.613976	
	0.513727	
	0.437987	
	0.431141	
	0.402326	
	0.427102	
	0.426146	
	0.372693	
	0.499543	
	0.471553	
	0.463072	
	0.628274	
	0.664026	
	0.612369	
	0.460170	
	0.418406	
	0.403747	
	0.429066	
	0.445747	
	0.423146	
	0.422428	
	0.479536	
	0.485062	
	0.607489	
	0.592113	
	0.514989	
	0.453093	
	0.437237	
	0.383930	
	0.424549	
	0.405685	
	0.439912	
	0.427887	
	0.483200	
	0.492116	
	0.595193	
	0.589285	
	0.445358	
	0.434687	
	0.438267	
	0.410681	
	0.419055	
	0.448013	
	0.431962	
	0.416952	
	0.379391	
	0.400567	
	0.337729	
	0.418470	
	0.467773	
	0.367694	
	0.355621	
	0.330395	
	0.332355	
	0.320987	
	0.321353	
	0.322209	
	0.358233	
	0.450900	
	0.678164	
	0.596859	
	0.481857	
	0.393687	
	0.418946	
	0.429536	
	0.396822	
	0.455566	
	0.475680	
	0.461687	
	0.420426	
	0.545008	
	0.564870	
	0.485878	
	0.479119	
	0.465842	
	0.477492	
	0.497250	
	0.477223	
	0.487459	
	0.527202	
	0.566703	
	0.579617	
	0.613086	
	0.517247	
	0.449382	
	0.390077	
	0.387253	
	0.363437	
	0.375481	
	0.370129	
	0.366617	
	0.379745	
	0.339027	
	0.337202	
	0.573602	
	0.478238	
	0.377147	
	0.384728	
	0.394156	
	0.406493	
	0.422750	
	0.418161	
	0.388880	
	0.487546	
	0.505757	
	0.529981	
	0.635741	
	0.639980	
	0.496573	
	0.482192	
	0.469269	
	0.455430	
	0.457320	
	0.520402	
	0.512546	
	0.483735	
	0.456199	
	0.499382	
	0.493761	
	0.406400	
	0.420134	
	0.387054	
	0.426789	
	0.423482	
	0.408313	
	0.437673	
	0.460057	
	0.503913	
	0.581463	
	0.599227	
	0.621037	
	0.516930	
	0.484626	
	0.480791	
	0.500048	
	0.502455	
	0.508369	
	0.576392	
	0.593690	
	0.612738	
	0.571147	
	0.643747	
	0.702495	
	0.598237	
	0.551880	
	0.563824	
	0.534872	
	0.513901	
	0.529081	
	0.468926	
	0.515194	
	0.503349	
	0.513240	
	0.600092	
	0.626806	
	0.600763	
	0.505199	
	0.474246	
	0.510830	
	0.448953	
	0.490437	
	0.490320	
	0.502024	
	0.484632	
	0.494636	
	0.397962	
	0.509104	
	0.481549	
	0.433635	
	0.469027	
	0.499651	
	0.448728	
	0.423450	
	0.435127	
	0.439188	
	0.404747	
	0.443835	
	0.581261	
	0.511054	
	0.403893	
	0.373517	
	0.357163	
	0.424726	
	0.414633	
	0.386419	
	0.407812	
	0.423734	
	0.430702	
	0.409522	
	0.498107	
	0.579385	
	0.527108	
	0.366621	
	0.369300	
	0.365274	
	0.376514	
	0.343404	
	0.407525	
	0.494089	
	0.494021	
	0.398286	
	0.501653	
	0.628847	
	0.600740	
	0.461455	
	0.419562	
	0.394033	
	0.360732	
	0.335559	
	0.342824	
	0.357975	
	0.317334	
	0.306414	
	0.367321	
	0.479757	
	0.430506	
	0.389772	
	0.362491	
	0.349276	
	0.355147	
	0.321140	
	0.357915	
	0.460143	
	0.454561	
	0.438792	
	0.534020	
	0.490394	
	0.480293	
	0.471526	
	0.452688	
	0.413680	
	0.378112	
	0.383808	
	0.403723	
	0.402966	
	0.424604	
	0.374047	
	0.475622	
	0.595751	
	0.524681	
	0.460253	
	0.490717	
	0.461311	
	0.434143	
	0.446320	
	0.460325	
	0.479369	
	0.558292	
	0.418291	
	0.508834	
	0.688566	
	0.601167	
	0.448895	
	0.449736	
	0.435005	
	0.426818	
	0.421548	
	0.443837	
	0.471803	
	0.478871	
	0.503120	
	0.457679	
	0.509658	
	0.432200	
	0.430812	
	0.443548	
	0.458289	
	0.465778	
	0.471515	
	0.466491	
	0.479464	
	0.497756	
	0.517098	
	0.540463	
	0.404664	
	0.407579	
	0.399431	
	0.361586	
	0.410872	
	0.448838	
	0.486538	
	0.439137	
	0.457454	
	0.480363	
	0.451399	
	0.545335	
	0.509249	
	0.445275	
	0.454251	
	0.403938	
	0.369905	
	0.374155	
	0.379813	
	0.395263	
	0.392713	
	0.433639	
	0.424369	
	0.558687	
	0.664809	
	0.537162	
	0.445752	
	0.422063	
	0.407926	
	0.443361	
	0.427899	
	0.440012	
	0.452361	
	0.436985	
	0.387906	
	0.365594	
	0.297256	
	0.356036	
	0.358251	
	0.367144	
	0.370686	
	0.364217	
	0.411807	
	0.419525	
	0.428377	
	0.453054	
	0.408319	
	0.465410	
	0.340733	
	0.305524	
	0.341883	
	0.392965	
	0.382780	
	0.420892	
	0.412414	
	0.406496	
	0.415572	
	0.430591	
	0.415674	
	0.421451	
	0.385671	
	0.343358	
	0.346857	
	0.329841	
	0.357113	
	0.348846	
	0.377831	
	0.379330	
	0.374825	
	0.380948	
	0.514025	
	0.610268	
	0.649992	
	0.524777	
	0.436347	
	0.394206	
	0.362942	
	0.363424	
	0.380102	
	0.416289	
	0.467946	
	0.454932	
	0.571099	
	0.464161	
	0.427993	
	0.466656	
	0.487626	
	0.524376	
	0.546540	
	0.506649	
	0.501949	
	0.512854	
	0.551665	
	0.554715	
	0.416736	
	0.521778	
	0.413403	
	0.385411	
	0.358917	
	0.369508	
	0.401909	
	0.394955	
	0.370797	
	0.392941	
	0.378745	
	0.417325	
	0.445315	
	0.602280	
	0.622370	
	0.508648	
	0.462420	
	0.439112	
	0.482060	
	0.466489	
	0.528707	
	0.455259	
	0.518427	
	0.475011	
	0.498087	
	0.602735	
	0.649505	
	0.591714	
	0.533198	
	0.536230	
	0.482221	
	0.469606	
	0.477458	
	0.500420	
	0.432094	
	0.476567	
	0.557024	
	0.577148	
	0.536133	
	0.539966	
	0.499640	
	0.482793	
	0.482968	
	0.473762	
	0.468173	
	0.499750	
	0.415032	
	0.416405	
	0.422506	
	0.550965	
	0.523590	
	0.446426	
	0.442218	
	0.423576	
	0.390848	
	0.439434	
	0.477388	
	0.463924	
	0.480258	
	0.637096	
	0.560774	
	0.602128	
	0.407609	
	0.382954	
	0.406595	
	0.446304	
	0.473846	
	0.518087	
	0.464737	
	0.443413	
	0.444459	
	0.632846	
	0.650007	
	0.603052	
	0.477902	
	0.384687	
	0.358273	
	0.429534	
	0.435079	
	0.414391	
	0.402319	
	0.329465	
	0.367063	
	0.483339	
	0.607399	
	0.471446	
	0.363948	
	0.300443	
	0.376333	
	0.386663	
	0.438868	
	0.481296	
	0.424531	
	0.385074	
	0.408937	
	0.620591	
	0.516709	
	0.479566	
	0.435496	
	0.355278	
	0.384853	
	0.371025	
	0.360867	
	0.352256	
	0.342906	
	0.353943	
	0.352789	
	0.436249	
	0.541022	
	0.424813	
	0.352571	
	0.360581	
	0.357370	
	0.350739	
	0.324318	
	0.306675	
	0.313363	
	0.301589	
	0.376744	
	0.491228	
	0.620796	
	0.552334	
	0.452227	
	0.403346	
	0.377514	
	0.411735	
	0.418167	
	0.428926	
	0.438042	
	0.471696	
	0.436522	
	0.515555	
	0.525761	
	0.401110	
	0.375277	
	0.393355	
	0.395194	
	0.385923	
	0.353595	
	0.333300	
	0.368746	
	0.352994	
	0.392938	
	0.455517	
	0.516023	
	0.419974	
	0.365492	
	0.355555	
	0.352707	
	0.358628	
	0.359589	
	0.371744	
	0.375182	
	0.363078	
	0.428724	
	0.515838	
	0.469658	
	0.382007	
	0.359595	
	0.395336	
	0.440586	
	0.451814	
	0.444954	
	0.424583	
	0.422597	
	0.460375	
	0.538127	
	0.620546	
	0.583553	
	0.452004	
	0.473656	
	0.444665	
	0.438240	
	0.416778	
	0.395305	
	0.394101	
	0.444310	
	0.412851	
	0.471347	
	0.430880	
	0.336855	
	0.321049	
	0.282629	
	0.289046	
	0.281959	
	0.257194	
	0.229307	
	0.306894	
	0.272141	
	0.353558	
	0.556067	
	0.500789	
	0.347463	
	0.329416	
	0.281736	
	0.292283	
	0.288743	
	0.296987	
	0.297419	
	0.312410	
	0.301448	
	0.374616	
	0.566376	
	0.430602	
	0.370473	
	0.343037	
	0.362066	
	0.322541	
	0.370683	
	0.381052	
	0.388163	
	0.382817	
	0.442194	
	0.470635	
	0.702740	
	0.672500	
	0.584893	
	0.534927	
	0.500036	
	0.552562	
	0.546149	
	0.577602	
	0.578694	
	0.589115	
	0.633434	
	0.699303	
	0.568465	
	0.527805	
	0.515065	
	0.483438	
	0.508776	
	0.485416	
	0.576327	
	0.536589	
	0.573991	
	0.537749	
	0.590346	
	0.610801	
	0.610597	
	0.460648	
	0.388276	
	0.384873	
	0.372301	
	0.387176	
	0.401910	
	0.413106	
	0.410475	
	0.429502	
	0.477168	
	0.459199	
	0.480514	
	0.521556	
	0.457469	
	0.429374	
	0.390467	
	0.336426	
	0.371861	
	0.386606	
	0.366425	
	0.378780	
	0.325549	
	0.589667	
	0.668970	
	0.632914	
	0.467831	
	0.389602	
	0.396288	
	0.394244	
	0.453704	
	0.469656	
	0.426578	
	0.453343	
	0.579890	
	0.668968	
	0.484888	
	0.413125	
	0.452857	
	0.402704	
	0.436904	
	0.437622	
	0.467180	
	0.450064	
	0.446197	
	0.476947	
	0.505669	
	0.625557	
	0.530690	
	0.445062	
	0.409935	
	0.377085	
	0.356020	
	0.351272	
	0.335868	
	0.337060	
	0.311098	
	0.312633	
	0.332259	
	0.610402	
	0.560025	
	0.410734	
	0.409416	
	0.357032	
	0.329128	
	0.303707	
	0.335472	
	0.315267	
	0.312679	
	0.435889	
	0.516020	
	0.695979	
	0.603399	
	0.383115	
	0.321035	
	0.305393	
	0.385655	
	0.421483	
	0.339531	
	0.345085	
	0.307552	
	0.453019	
	0.721322	
	0.663623	
	0.460810	
	0.390451	
	0.361275	
	0.328319	
	0.316088	
	0.302698	
	0.295796	
	0.317626	
	0.326679	
	0.381529	
	0.482162	
	0.668270	
	0.520926	
	0.430286	
	0.377026	
	0.346091	
	0.435809	
	0.428469	
	0.384008	
	0.369480	
	0.380460	
	0.395510	
	0.477705	
	0.504128	
	0.422377	
	0.372553	
	0.340024	
	0.341787	
	0.351325	
	0.371916	
	0.367373	
	0.353407	
	0.302752	
	0.346876	
	0.553955	
	0.526127	
	0.497495	
	0.486124	
	0.453089	
	0.405482	
	0.432846	
	0.432884	
	0.368081	
	0.386908	
	0.396899	
	0.490360	
	0.415392	
	0.324367	
	0.318019	
	0.350720	
	0.352829	
	0.328202	
	0.355475	
	0.320977	
	0.295632	
	0.254419	
	0.300099	
	0.388515	
	0.505101	
	0.516110	
	0.442217	
	0.299970	
	0.313321	
	0.349701	
	0.410936	
	0.457693	
	0.446262	
	0.419156	
	0.520694	
	0.712538	
	0.802110	
	0.727194	
	0.604023	
	0.496024	
	0.354339	
	0.342364	
	0.304331	
	0.304022	
	0.234384	
	0.258027	
	0.320926	
	0.657092	
	0.823535	
	0.876216	
	0.834079	
	0.678206	
	0.525941	
	0.485498	
	0.493635	
	0.485135	
	0.511129	
	0.371909	
	0.352501	
	0.357470	
	0.484912	
	0.810394	
	0.579199	
	0.433690	
	0.339086	
	0.303269	
	0.295241	
	0.286314	
	0.310808	
	0.315815	
	0.289142	
	0.296828	
	0.290712	
	0.313518	
	0.459154	
	0.333124	
	0.292767	
	0.300254	
	0.308023	
	0.337679	
	0.345264	
	0.354769	
	0.353904	
	0.360657	
	0.400164	
	0.356886	
	0.467602	
	0.372904	
	0.348262	
	0.341327	
	0.357978	
	0.353490	
	0.343217	
	0.355935	
	0.381988	
	0.368261	
	0.384850	
	0.494812	
	0.527015	
	0.443829	
	0.436479	
	0.403354	
	0.347876	
	0.310431	
	0.327843	
	0.322712	
	0.371985	
	0.362845	
	0.342946	
	0.576382	
	0.519236	
	0.403414	
	0.408622	
	0.453984	
	0.518883	
	0.496609	
	0.505408	
	0.431494	
	0.411365	
	0.368848	
	0.327708	
	0.596473	
	0.517624	
	0.439805	
	0.394080	
	0.400987	
	0.394085	
	0.417608	
	0.430732	
	0.428037	
	0.424356	
	0.480061	
	0.522976	
	0.574083	
	0.561909	
	0.501716	
	0.506872	
	0.419341	
	0.486338	
	0.816180	
	0.694002	
	0.616664	
	0.584405	
	0.474357	
	0.448559	
	0.582150	
	0.634619	
	0.406656	
	0.384417	
	0.382317	
	0.396390	
	0.450145	
	0.370179	
	0.359804	
	0.281409	
	0.275809	
	0.374650	
	0.511502	
	0.414128	
	0.313471	
	0.259461	
	0.248563	
	0.250241	
	0.254604	
	0.284431	
	0.311578	
	0.379701	
	0.380010	
	0.686941	
	0.887634	
	0.660145	
	0.601386	
	0.461110	
	0.372535	
	0.316279	
	0.291316	
	0.307919	
	0.277215	
	0.285644	
	0.305152	
	0.253154	
	0.331940	
	0.464993	
	0.305289	
	0.235357	
	0.227390	
	0.226144	
	0.229142	
	0.232599	
	0.192653	
	0.340173	
	0.232316	
	0.336907	
	0.471673	
	0.675752	
	0.478841	
	0.318810	
	0.330914	
	0.293877	
	0.319874	
	0.359514	
	0.417679	
	0.397856	
	0.408137	
	0.408880	
	0.528133	
	0.495348	
	0.461147	
	0.399190	
	0.376077	
	0.341684	
	0.292061	
	0.262446	
	0.258904	
	0.234011	
	0.720310	
	0.797770	
	0.423922	
	0.483950	
	0.321678	
	0.274639	
	0.297448	
	0.287971	
	0.284876	
	0.284494	
	0.235648	
	0.236741	
	0.331287	
	0.776982	
	0.774572	
	0.586266	
	0.540889	
	0.425353	
	0.463597	
	0.424543	
	0.547366	
	0.512196	
	0.787180	
	0.804937	
	0.822277	
	0.848634	
	0.846277	
	0.761730	
	0.603911	
	0.508640	
	0.475961	
	0.410568	
	0.395269	
	0.444999	
	0.437159	
	0.534451	
	0.465899	
	0.482975	
	0.595716	
	0.572737	
	0.501713	
	0.476062	
	0.495388	
	0.472942	
	0.423484	
	0.312375	
	0.288733	
	0.326304	
	0.688005	
	0.822031	
	0.520934	
	0.571085	
	0.450417	
	0.384849	
	0.418376	
	0.360361	
	0.352518	
	0.370714	
	0.356775	
	0.369860	
	0.400538	
	0.300714	
	0.322447	
	0.393449	
	0.444730	
	0.423692	
	0.349386	
	0.366124	
	0.380201	
	0.337032	
	0.380022	
	0.410045	
	0.387446	
	0.359885	
	0.404761	
	0.502725	
	0.396903	
	0.353371	
	0.395120	
	0.341151	
	0.336918	
	0.334043	
	0.331861	
	0.347132	
	0.305412	
	0.419946	
	0.397137	
	0.330997	
	0.278433	
	0.242169	
	0.232443	
	0.227375	
	0.229464	
	0.679142	
	0.803043	
	0.813243	
	0.830805	
	0.834893	
	0.734970	
	0.675986	
	0.476099	
	0.410353	
	0.436968	
	0.465375	
	0.435039	
	0.392242	
	0.369820	
	0.324405	
	0.304661	
	0.387922	
	0.493008	
	0.432478	
	0.342546	
	0.340648	
	0.282529	
	0.265467	
	0.224802	
	0.197239	
	0.252536	
	0.300498	
	0.379704	
	0.489061	
	0.634469	
	0.430049	
	0.315429	
	0.225698	
	0.280342	
	0.306960	
	0.364916	
	0.366323	
	0.371729	
	0.287714	
	0.314723	
	0.624819	
	0.654932	
	0.600399	
	0.442430	
	0.457510	
	0.475078	
	0.481438	
	0.505710	
	0.580659	
	0.618745	
	0.655556	
	0.538333	
	0.591596	
	0.746432	
	0.769752	
	0.603487	
	0.586397	
	0.484045	
	0.425250	
	0.378087	
	0.370405	
	0.331889	
	0.325611	
	0.347618	
	0.327755	
	0.421937	
	0.334616	
	0.265037	
	0.237495	
	0.247964	
	0.224334	
	0.222355	
	0.199174	
	0.203785	
	0.164111	
	0.190294	
	0.245507	
	0.470953	
	0.626427	
	0.389030	
	0.290180	
	0.284097	
	0.278546	
	0.262630	
	0.284900	
	0.319101	
	0.342650	
	0.346975	
	0.338575	
	0.527328	
	0.471158	
	0.486515	
	0.419574	
	0.425848	
	0.432003	
	0.441043	
	0.418767	
	0.381284	
	0.325884	
	0.207190	
	0.227739	
	0.323975	
	0.544439	
	0.427447	
	0.415656	
	0.444265	
	0.444186	
	0.454032	
	0.480998	
	0.495676	
	0.440143	
	0.402243	
	0.406543	
	0.412760	
	0.490620	
	0.577315	
	0.573803	
	0.453296	
	0.415934	
	0.423434	
	0.408358	
	0.385629	
	0.425846	
	0.496795	
	0.715578	
	0.706082	
	0.788068	
	0.561196	
	0.464827	
	0.413247	
	0.481426	
	0.498464	
	0.489819	
	0.563805	
	0.779047	
	0.801886	
	0.823057	
	0.747315	
	0.536726	
	0.412523	
	0.424972	
	0.396928	
	0.424691	
	0.407436	
	0.330799	
	0.328996	
	0.316199	
	0.318392	
	0.445978	
	0.459669	
	0.585859	
	0.485480	
	0.435738	
	0.338138	
	0.280426	
	0.281062	
	0.365837	
	0.408051	
	0.446270	
	0.475106	
	0.450095	
	0.557481	
	0.563687	
	0.480304	
	0.529683	
	0.500066	
	0.496113	
	0.436403	
	0.429581	
	0.462325	
	0.412092	
	0.409979	
	0.402514	
	0.528367	
	0.648288	
	0.527241	
	0.415610	
	0.423789	
	0.404030	
	0.423017	
	0.438395	
	0.451837	
	0.416303	
	0.367471	
	0.319614	
	0.484734	
	0.542112	
	0.425734	
	0.343279	
	0.357825	
	0.389622	
	0.455611	
	0.439928	
	0.354147	
	0.401677	
	0.696204	
	0.667538	
	0.547289	
	0.528738	
	0.413376	
	0.348778	
	0.328203	
	0.335834	
	0.349776	
	0.381898	
	0.389318	
	0.398531	
	0.436770	
	0.501293	
	0.461045	
	0.386750	
	0.342654	
	0.297690	
	0.297954	
	0.429948	
	0.398053	
	0.318767	
	0.298073	
	0.282049	
	0.327853	
	0.257154	
	0.450574	
	0.449888	
	0.286042	
	0.290075	
	0.273902	
	0.311676	
	0.305043	
	0.346158	
	0.491670	
	0.665151	
	0.724351	
	0.740584	
	0.682160	
	0.570860	
	0.496417	
	0.427485	
	0.401110	
	0.398330	
	0.361288	
	0.381712	
	0.367726	
	0.297672	
	0.321958	
	0.365627	
	0.605972	
	0.571274	
	0.437900	
	0.368468	
	0.324807	
	0.282639	
	0.309830	
	0.283260	
	0.237556	
	0.287408	
	0.306691	
	0.239675	
	0.304737	
	0.440154	
	0.350213	
	0.290236	
	0.224062	
	0.213507	
	0.253810	
	0.233366	
	0.217317	
	0.240582	
	0.396360	
	0.213305	
	0.385426	
	0.661480	
	0.630470	
	0.368847	
	0.315548	
	0.278909	
	0.276639	
	0.265044	
	0.286578	
	0.255290	
	0.272955	
	0.270112	
	0.550061	
	0.584611	
	0.535978	
	0.437553	
	0.435664	
	0.422477	
	0.463244	
	0.492097	
	0.402944	
	0.275313	
	0.245170	
	0.188693	
	0.340259	
	0.593821	
	0.348453	
	0.320532	
	0.253426	
	0.283958	
	0.310779	
	0.314953	
	0.319540	
	0.240735	
	0.213212	
	0.184900	
	0.427413	
	0.410664	
	0.475487	
	0.333088	
	0.201063	
	0.207297	
	0.228134	
	0.281286	
	0.305559	
	0.363208	
	0.410447	
	0.321999	
	0.555002	
	0.853166	
	0.883408	
	0.823755	
	0.793382	
	0.760247	
	0.706382	
	0.607082	
	0.454384	
	0.480598	
	0.481726	
	0.472676	
	0.548638	
	0.635909	
	0.582740	
	0.469242	
	0.503819	
	0.422575	
	0.465904	
	0.448483	
	0.426403	
	0.504239	
	0.471385	
	0.513051	
	0.535550	
	0.701182	
	0.444721	
	0.397882	
	0.395387	
	0.383833	
	0.368856	
	0.361700	
	0.362531	
	0.387715	
	0.457114	
	0.443215	
	0.482400	
	0.546093	
	0.492335	
	0.429864	
	0.422751	
	0.441466	
	0.482786	
	0.476417	
	0.509003	
	0.483807	
	0.474508	
	0.498940	
	0.524918	
	0.614848	
	0.570841	
	0.522491	
	0.492694	
	0.457397	
	0.476396	
	0.531377	
	0.481372	
	0.422357	
	0.417627	
	0.490560	
	0.480307	
	0.540683	
	0.464270	
	0.421472	
	0.418659	
	0.388431	
	0.383610	
	0.364399	
	0.292222	
	0.290902	
	0.271093	
	0.231115	
	0.468995	
	0.523226	
	0.416553	
	0.331408	
	0.240681	
	0.287190	
	0.344815	
	0.357119	
	0.341970	
	0.357605	
	0.366963	
	0.376676	
	0.439177	
	0.412828	
	0.421312	
	0.367976	
	0.351504	
	0.439291	
	0.531459	
	0.491679	
	0.498129	
	0.594662	
	0.524387	
	0.487956	
	0.394609	
	0.678473	
	0.674508	
	0.486646	
	0.355904	
	0.258813	
	0.271467	
	0.246053	
	0.252189	
	0.251124	
	0.309111	
	0.328156	
	0.327774	
	0.541950	
	0.464648	
	0.375262	
	0.346873	
	0.368237	
	0.410481	
	0.364860	
	0.289878	
	0.308180	
	0.334422	
	0.528885	
	0.349467	
	0.418884	
	0.522214	
	0.402553	
	0.336039	
	0.373330	
	0.378795	
	0.440634	
	0.427330	
	0.399347	
	0.391508	
	0.396371	
	0.436610	
	0.618980	
	0.529306	
	0.456719	
	0.412018	
	0.384939	
	0.402497	
	0.415869	
	0.359100	
	0.403181	
	0.445402	
	0.484602	
	0.358771	
	0.624109	
	0.633681	
	0.450871	
	0.378216	
	0.333320	
	0.342292	
	0.377439	
	0.366672	
	0.245595	
	0.270751	
	0.309659	
	0.376050	
	0.766432	
	0.727714	
	0.609496	
	0.529631	
	0.457850	
	0.403131	
	0.389915	
	0.364173	
	0.331211	
	0.312084	
	0.492097	
	0.356179	
	0.467116	
	0.584315	
	0.400349	
	0.365777	
	0.346996	
	0.301745	
	0.269965	
	0.274518	
	0.263549	
	0.258306	
	0.243481	
	0.575545	
	0.556812	
	0.577741	
	0.494399	
	0.343724	
	0.334855	
	0.340151	
	0.404673	
	0.391900	
	0.374598	
	0.379416	
	0.406159	
	0.349756	
	0.568607	
	0.752100	
	0.654321	
	0.474982	
	0.385402	
	0.363404	
	0.378567	
	0.376261	
	0.353053	
	0.398648	
	0.382881	
	0.412201	
	0.647454	
	0.527205	
	0.504459	
	0.412512	
	0.406018	
	0.400407	
	0.379597	
	0.431659	
	0.354847	
	0.371945	
	0.460303	
	0.436461	
	0.429452	
	0.639789	
	0.486365	
	0.422461	
	0.414199	
	0.411127	
	0.404202	
	0.376721	
	0.390654	
	0.402603	
	0.397584	
	0.436361	
	0.624249	
	0.500512	
	0.437118	
	0.365697	
	0.359181	
	0.366135	
	0.397280	
	0.419256	
	0.384936	
	0.433266	
	0.448590	
	0.551143	
	0.662388	
	0.632815	
	0.468090	
	0.391367	
	0.366507	
	0.369099	
	0.361428	
	0.340559	
	0.343375	
	0.306243	
	0.331168	
	0.372970	
	0.520593	
	0.524636	
	0.419424	
	0.412964	
	0.392101	
	0.403749	
	0.411317	
	0.447954	
	0.389353	
	0.363221	
	0.379050	
	0.516778	
	0.655622	
	0.584827	
	0.432235	
	0.392064	
	0.378946	
	0.367080	
	0.395572	
	0.343565	
	0.357650	
	0.356625	
	0.362110	
	0.511498	
	0.484613	
	0.410199	
	0.369195	
	0.355163	
	0.340817	
	0.314035	
	0.306103	
	0.326260	
	0.352050	
	0.349160	
	0.392598	
	0.635571	
	0.706175	
	0.502721	
	0.416326	
	0.441104	
	0.427940	
	0.417532	
	0.387723	
	0.390853	
	0.447140	
	0.433193	
	0.403682	
	0.596054	
	0.519593	
	0.471705	
	0.402433	
	0.413578	
	0.415239	
	0.411526	
	0.408595	
	0.423553	
	0.446384	
	0.424867	
	0.529190	
	0.665908	
	0.533551	
	0.418536	
	0.385930	
	0.374442	
	0.355797	
	0.445475	
	0.421126	
	0.376657	
	0.363682	
	0.374527	
	0.473978	
	0.510659	
	0.464941	
	0.469267	
	0.453193	
	0.421849	
	0.415680	
	0.472427	
	0.516244	
	0.482094	
	0.436814	
	0.461510	
	0.570925	
	0.699793	
	0.495388	
	0.461098	
	0.444709	
	0.442118	
	0.462211	
	0.412334	
	0.451353	
	0.471848	
	0.487782	
	0.457744	
	0.623847	
	0.642175	
	0.565459	
	0.446595	
	0.424088	
	0.423696	
	0.419388	
	0.430313	
	0.408586	
	0.393260	
	0.403204	
	0.804170	
	0.852243	
	0.563775	
	0.520598	
	0.408547	
	0.439762	
	0.474068	
	0.518358	
	0.540605	
	0.526277	
	0.464584	
	0.426159	
	0.495691	
	0.567485	
	0.584555	
	0.518215	
	0.478695	
	0.544753	
	0.454094	
	0.330752	
	0.286833	
	0.243075	
	0.305395	
	0.668959	
	0.840701	
	0.852296	
	0.797127	
	0.670045	
	0.486885	
	0.439968	
	0.426071	
	0.466424	
	0.398498	
	0.415830	
	0.381075	
	0.375177	
	0.591253	
	0.668210	
	0.716437	
	0.433299	
	0.447474	
	0.462557	
	0.479430	
	0.534232	
	0.382906	
	0.286287	
	0.249271	
	0.319331	
	0.248603	
	0.258124	
	0.547833	
	0.538794	
	0.457057	
	0.368009	
	0.377548	
	0.377320	
	0.359162	
	0.355077	
	0.356844	
	0.340092	
	0.338647	
	0.401456	
	0.353617	
	0.382300	
	0.309618	
	0.318466	
	0.319990	
	0.340345	
	0.291073	
	0.271610	
	0.283310	
	0.284996	
	0.297350	
	0.443668	
	0.541061	
	0.451882	
	0.345494	
	0.289846	
	0.263881	
	0.261668	
	0.288164	
	0.292150	
	0.316327	
	0.318987	
	0.275891	
	0.409093	
	0.381924	
	0.368447	
	0.283823	
	0.255379	
	0.306033	
	0.271975	
	0.296244	
	0.431948	
	0.349942	
	0.448156	
	0.546259	
	0.517994	
	0.552870	
	0.405221	
	0.364882	
	0.389832	
	0.400322	
	0.429603	
	0.465177	
	0.464636	
	0.402002	
	0.397662	
	0.392376	
	0.446648	
	0.499558	
	0.497190	
	0.446958	
	0.497307	
	0.495180	
	0.474429	
	0.414071	
	0.346201	
	0.319576	
	0.348084	
	0.365926	
	0.654096	
	0.658974	
	0.459940	
	0.316908	
	0.295893	
	0.277813	
	0.251702	
	0.276175	
	0.361762	
	0.292394	
	0.296278	
	0.285611	
	0.432366	
	0.380178	
	0.425815	
	0.432331	
	0.406387	
	0.451195	
	0.412953	
	0.405679	
	0.352087	
	0.315764	
	0.333426	
	0.450747	
	0.550196	
	0.637401	
	0.518481	
	0.376591	
	0.295040	
	0.319467	
	0.326544	
	0.365159	
	0.372340	
	0.378149	
	0.453700	
	0.466742	
	0.419253	
	0.504655	
	0.411699	
	0.363818	
	0.416297	
	0.424029	
	0.367446	
	0.306364	
	0.317904	
	0.313525	
	0.402706	
	0.341340	
	0.617150	
	0.687674	
	0.538504	
	0.413359	
	0.395340	
	0.406540	
	0.417477	
	0.422305	
	0.447909	
	0.454806	
	0.490091	
	0.434288	
	0.650068	
	0.610837	
	0.452574	
	0.409530	
	0.419236	
	0.401096	
	0.344265	
	0.358912	
	0.335363	
	0.319508	
	0.345805	
	0.748292	
	0.668386	
	0.566702	
	0.447405	
	0.415026	
	0.414986	
	0.346485	
	0.369981	
	0.476923	
	0.495295	
	0.463176	
	0.441278	
	0.713554	
	0.729143	
	0.563377	
	0.518495	
	0.431561	
	0.450841	
	0.447146	
	0.419042	
	0.371540	
	0.417755	
	0.441948	
	0.474417	
	0.634130	
	0.825207	
	0.662637	
	0.474630	
	0.453102	
	0.531337	
	0.509015	
	0.456328	
	0.436303	
	0.364960	
	0.348864	
	0.405358	
	0.402581	
	0.416249	
	0.354848	
	0.336083	
	0.292185	
	0.350342	
	0.456007	
	0.484176	
	0.599415	
	0.792723	
	0.769081	
	0.813054	
	0.820643	
	0.819313	
	0.809384	
	0.761381	
	0.590555	
	0.483211	
	0.403620	
	0.404374	
	0.427799	
	0.493093	
	0.555598	
	0.528951	
	0.574863	
	0.470362	
	0.430536	
	0.422430	
	0.449936	
	0.449724	
	0.416358	
	0.441793	
	0.503711	
	0.393358	
	0.488834	
	0.436243	
	0.550371	
	0.516069	
	0.491007	
	0.450618	
	0.450273	
	0.497443	
	0.383579	
	0.378757	
	0.335188	
	0.294107	
	0.368280	
	0.345152	
	0.573310	
	0.506804	
	0.326294	
	0.323574	
	0.340464	
	0.304670	
	0.307614	
	0.248733	
	0.244854	
	0.339020	
	0.282193	
	0.368079	
	0.650926	
	0.567342	
	0.507878	
	0.489017	
	0.462455	
	0.471462	
	0.512524	
	0.480279	
	0.456668	
	0.425856	
	0.541324	
	0.556169	
	0.578364	
	0.555349	
	0.474576	
	0.483777	
	0.462649	
	0.417938	
	0.367569	
	0.346154	
	0.331643	
	0.341401	
	0.341448	
	0.425121	
	0.609812	
	0.574777	
	0.527260	
	0.434456	
	0.377976	
	0.383537	
	0.458116	
	0.831887	
	0.827902	
	0.854694	
	0.857217	
	0.850789	
	0.702517	
	0.571776	
	0.429843	
	0.428827	
	0.460763	
	0.480396	
	0.475462	
	0.402146	
	0.348928	
	0.321858	
	0.281151	
	0.278972	
	0.202597	
	0.425960	
	0.308766	
	0.295035	
	0.288842	
	0.294358	
	0.303684	
	0.336618	
	0.345287	
	0.321857	
	0.296550	
	0.313380	
	0.336602	
	0.503776	
	0.388506	
	0.341578	
	0.312653	
	0.261597	
	0.240902	
	0.259820	
	0.224048	
	0.205017	
	0.235305	
	0.244397	
	0.334822	
	0.541877	
	0.348353	
	0.294075	
	0.309893	
	0.367199	
	0.347818	
	0.337821	
	0.351131	
	0.405170	
	0.410798	
	0.377914	
	0.378607	
	0.454887	
	0.416943	
	0.404956	
	0.356111	
	0.366391	
	0.368724	
	0.359504	
	0.373546	
	0.413946	
	0.754691	
	0.780098	
	0.735529	
	0.691222	
	0.550382	
	0.471276	
	0.430549	
	0.466777	
	0.533659	
	0.522372	
	0.550860	
	0.537551	
	0.458215	
	0.454231	
	0.502417	
	0.574100	
	0.531585	
	0.538370	
	0.501483	
	0.475180	
	0.431100	
	0.424886	
	0.401124	
	0.418778	
	0.409702	
	0.623737	
	0.677776	
	0.670105	
	0.536195	
	0.391348	
	0.408343	
	0.405203	
	0.338576	
	0.336526	
	0.313497	
	0.264042	
	0.308329	
	0.385427	
	0.416387	
	0.361234	
	0.312397	
	0.278963	
	0.309681	
	0.301517	
	0.307906	
	0.363877	
	0.433042	
	0.390622	
	0.370960	
	0.348453	
	0.422564	
	0.525223	
	0.410235	
	0.398969	
	0.352567	
	0.326025	
	0.362651	
	0.353857	
	0.369721	
	0.369297	
	0.351181	
	0.431861	
	0.447655	
	0.409043	
	0.384926	
	0.376653	
	0.355325	
	0.345958	
	0.401050	
	0.396440	
	0.350195	
	0.365667	
	0.301663	
	0.386278	
	0.530809	
	0.418641	
	0.397301	
	0.391874	
	0.356259	
	0.338883	
	0.346196	
	0.394253	
	0.384054	
	0.404547	
	0.407181	
	0.354826	
	0.432682	
	0.378420	
	0.389963	
	0.431296	
	0.387189	
	0.349267	
	0.375000	
	0.387570	
	0.326741	
	0.275469	
	0.259665	
	0.460358	
	0.494032	
	0.392125	
	0.361409	
	0.370593	
	0.426309	
	0.399816	
	0.405884	
	0.377911	
	0.364755	
	0.352402	
	0.357415	
	0.341927	
	0.356715	
	0.294918	
	0.276450	
	0.492812	
	0.600354	
	0.440462	
	0.436895	
	0.484347	
	0.706680	
	0.741373	
	0.735838	
	0.737271	
	0.642492	
	0.423311	
	0.352878	
	0.322511	
	0.283858	
	0.297677	
	0.269294	
	0.327098	
	0.440209	
	0.382845	
	0.392538	
	0.433451	
	0.428171	
	0.397419	
	0.409771	
	0.402854	
	0.398633	
	0.284771	
	0.292790	
	0.313724	
	0.623395	
	0.568206	
	0.518040	
	0.627248	
	0.499943	
	0.455456	
	0.394299	
	0.416099	
	0.373540	
	0.372232	
	0.363457	
	0.373449	
	0.334858	
	0.356668	
	0.407628	
	0.403424	
	0.438349	
	0.364908	
	0.356581	
	0.347522	
	0.370852	
	0.328456	
	0.310672	
	0.289205	
	0.305909	
	0.309076	
	0.402476	
	0.411793	
	0.484293	
	0.353544	
	0.320833	
	0.313292	
	0.348238	
	0.329945	
	0.312985	
	0.384092	
	0.396419	
	0.383260	
	0.528354	
	0.523139	
	0.565125	
	0.481134	
	0.426639	
	0.407262	
	0.403141	
	0.400675	
	0.438703	
	0.425857	
	0.382892	
	0.392160	
	0.519378	
	0.627540	
	0.445435	
	0.280542	
	0.267365	
	0.321073	
	0.306120	
	0.269228	
	0.257215	
	0.216951	
	0.214824	
	0.209286	
	0.215530	
	0.464754	
	0.480815	
	0.392572	
	0.325270	
	0.341971	
	0.347273	
	0.269540	
	0.276776	
	0.292095	
	0.291701	
	0.352085	
	0.518009	
	0.608032	
	0.447569	
	0.312855	
	0.274590	
	0.284481	
	0.314286	
	0.339483	
	0.348664	
	0.375143	
	0.331136	
	0.339029	
	0.655955	
	0.766337	
	0.676767	
	0.521390	
	0.434594	
	0.261496	
	0.282248	
	0.323987	
	0.282609	
	0.304162	
	0.301789	
	0.485063	
	0.696060	
	0.625305	
	0.493306	
	0.393287	
	0.334559	
	0.295298	
	0.278993	
	0.272596	
	0.276802	
	0.278891	
	0.234065	
	0.245237	
	0.320321	
	0.328892	
	0.266861	
	0.220771	
	0.228277	
	0.229873	
	0.211444	
	0.237557	
	0.224512	
	0.203120	
	0.224784	
	0.205710	
	0.329311	
	0.446698	
	0.326653	
	0.288046	
	0.245934	
	0.228517	
	0.227714	
	0.210960	
	0.222053	
	0.201358	
	0.233852	
	0.366317	
	0.241939	
	0.264637	
	0.232600	
	0.207985	
	0.209445	
	0.178845	
	0.217235	
	0.240676	
	0.218781	
	0.217762	
	0.269627	
	0.494521	
	0.530907	
	0.402952	
	0.311427	
	0.279736	
	0.359893	
	0.343059	
	0.417879	
	0.419398	
	0.388936	
	0.382516	
	0.397764	
	0.374015	
	0.482422	
	0.461610	
	0.351777	
	0.266306	
	0.255073	
	0.282123	
	0.379803	
	0.435804	
	0.433836	
	0.394785	
	0.622502	
	0.657900	
	0.676524	
	0.649493	
	0.634791	
	0.527993	
	0.458074	
	0.420040	
	0.360920	
	0.360166	
	0.400783	
	0.396244	
	0.341093	
	0.459259	
	0.366741	
	0.370657	
	0.264962	
	0.221460	
	0.216311	
	0.267223	
	0.297677	
	0.338410	
	0.343278	
	0.591055	
	0.633149	
	0.677910	
	0.633607	
	0.534198	
	0.327551	
	0.322111	
	0.307481	
	0.345531	
	0.374210	
	0.375678	
	0.353190	
	0.356160	
	0.336562	
	0.429194	
	0.508061	
	0.488874	
	0.456626	
	0.408873	
	0.376949	
	0.391905	
	0.432390	
	0.404092	
	0.404183	
	0.436919	
	0.454827	
	0.350079	
	0.605204	
	0.527259	
	0.352491	
	0.292356	
	0.282191	
	0.316733	
	0.374042	
	0.358570	
	0.287073	
	0.304941	
	0.341116	
	0.301972	
	0.456568	
	0.323470	
	0.322906	
	0.300068	
	0.260482	
	0.247282	
	0.239064	
	0.283288	
	0.288310	
	0.317567	
	0.310736	
	0.403508	
	0.399790	
	0.452772	
	0.509878	
	0.359017	
	0.365934	
	0.361459	
	0.344805	
	0.350164	
	0.357441	
	0.340638	
	0.310269	
	0.332103	
	0.333127	
	0.548201	
	0.440869	
	0.368343	
	0.328835	
	0.268821	
	0.302905	
	0.298377	
	0.322968	
	0.388997	
	0.383065	
	0.367769	
	0.381230	
	0.538667	
	0.716036	
	0.521106	
	0.427766	
	0.366423	
	0.350444	
	0.346017	
	0.344510	
	0.341055	
	0.348474	
	0.375433	
	0.358296	
	0.547754	
	0.542810	
	0.462068	
	0.418812	
	0.388082	
	0.394778	
	0.386698	
	0.372635	
	0.356997	
	0.397352	
	0.418336	
	0.411229	
	0.435637	
	0.631304	
	0.471784	
	0.400094	
	0.380378	
	0.327194	
	0.343979	
	0.338168	
	0.321728	
	0.332158	
	0.338835	
	0.361170	
	0.334999	
	0.566051	
	0.479585	
	0.343479	
	0.277035	
	0.258178	
	0.248170	
	0.256234	
	0.319805	
	0.327983	
	0.302858	
	0.539818	
	0.713961	
	0.564376	
	0.487631	
	0.438582	
	0.378414	
	0.336224	
	0.321222	
	0.323448	
	0.333587	
	0.274911	
	0.242494	
	0.504464	
	0.479621	
	0.275114	
	0.228081	
	0.195743	
	0.183428	
	0.186611	
	0.189548	
	0.183763	
	0.179444	
	0.195934	
	0.227072	
	0.615593	
	0.506739	
	0.366904	
	0.283828	
	0.277105	
	0.241262	
	0.219064	
	0.215232	
	0.210331	
	0.215219	
	0.216926	
	0.210300	
	0.321184	
	0.539936	
	0.385097	
	0.272854	
	0.224335	
	0.228517	
	0.217879	
	0.200978	
	0.201457	
	0.194351	
	0.182978	
	0.208001	
	0.675625	
	0.678939	
	0.438568	
	0.285692	
	0.229286	
	0.208433	
	0.184021	
	0.180726	
	0.177568	
	0.215202	
	0.233313	
	0.201517	
	0.377286	
	0.398456	
	0.276776	
	0.223577	
	0.217206	
	0.184099	
	0.166560	
	0.244295	
	0.197819	
	0.169201	
	0.168361	
	0.176208	
	0.301687	
	0.352171	
	0.482901	
	0.291751	
	0.324503	
	0.314077	
	0.310578	
	0.299129	
	0.270560	
	0.264668	
	0.266039	
	0.251099	
	0.270859	
	0.696906	
	0.504379	
	0.399903	
	0.338004	
	0.307765	
	0.290697	
	0.270709	
	0.240457	
	0.277805	
	0.284426	
	0.336003	
	0.564877	
	0.733283	
	0.479042	
	0.389333	
	0.304786	
	0.258154	
	0.235338	
	0.263611	
	0.289421	
	0.304812	
	0.301312	
	0.305541	
	0.452287	
	0.587703	
	0.464855	
	0.463907	
	0.444551	
	0.425209	
	0.428574	
	0.341003	
	0.366658	
	0.360409	
	0.332532	
	0.310636	
	0.416823	
	0.528651	
	0.404835	
	0.299989	
	0.352584	
	0.328411	
	0.325329	
	0.341396	
	0.403520	
	0.457832	
	0.456282	
	0.519092	
	0.520731	
	0.557125	
	0.510911	
	0.376648	
	0.417774	
	0.439545	
	0.423118	
	0.490913	
	0.480428	
	0.450967	
	0.458041	
	0.505303	
	0.385541	
	0.680418	
	0.753279	
	0.653831	
	0.550940	
	0.492748	
	0.484475	
	0.481907	
	0.411377	
	0.359977	
	0.325933	
	0.293557	
	0.290779	
	0.592896	
	0.560393	
	0.486415	
	0.438859	
	0.423212	
	0.381510	
	0.342915	
	0.450060	
	0.434700	
	0.461760	
	0.366343	
	0.438445	
	0.614423	
	0.584313	
	0.489738	
	0.424928	
	0.403115	
	0.371109	
	0.345963	
	0.312058	
	0.358430	
	0.404525	
	0.324887	
	0.463113	
	0.506632	
	0.424588	
	0.306825	
	0.317612	
	0.291627	
	0.280214	
	0.281620	
	0.315135	
	0.315631	
	0.326346	
	0.411068	
	0.506837	
	0.639947	
	0.448694	
	0.318111	
	0.296692	
	0.256215	
	0.260625	
	0.237278	
	0.238838	
	0.330673	
	0.244763	
	0.289109	
	0.484817	
	0.414800	
	0.320581	
	0.273286	
	0.279383	
	0.288238	
	0.283876	
	0.287616	
	0.273599	
	0.316447	
	0.358167	
	0.489180	
	0.532140	
	0.523955	
	0.375213	
	0.297410	
	0.278448	
	0.275751	
	0.271056	
	0.269715	
	0.289591	
	0.282431	
	0.296260	
	0.274325	
	0.530320	
	0.563204	
	0.378481	
	0.285126	
	0.245149	
	0.235587	
	0.246766	
	0.283953	
	0.305676	
	0.364585	
	0.391720	
	0.371772	
	0.644235	
	0.710047	
	0.530015	
	0.398391	
	0.338648	
	0.343061	
	0.338321	
	0.335577	
	0.355767	
	0.354608	
	0.310449	
	0.486261	
	0.448307	
	0.454362	
	0.381628	
	0.311558	
	0.286538	
	0.278651	
	0.266433	
	0.343559	
	0.395389	
	0.312061	
	0.299556	
	0.568957	
	0.478549	
	0.501822	
	0.409495	
	0.355242	
	0.372305	
	0.365634	
	0.335751	
	0.309878	
	0.290120	
	0.276471	
	0.279835	
	0.260224	
	0.476588	
	0.372698	
	0.210657	
	0.186409	
	0.159529	
	0.160900	
	0.169819	
	0.177085	
	0.167250	
	0.169994	
	0.162641	
	0.444154	
	0.605860	
	0.350409	
	0.283092	
	0.245382	
	0.216606	
	0.220425	
	0.217690	
	0.222117	
	0.218519	
	0.260927	
	0.297262	
	0.323413	
	0.427794	
	0.280840	
	0.249990	
	0.249841	
	0.237983	
	0.225703	
	0.208735	
	0.207255	
	0.185219	
	0.195725	
	0.248495	
	0.444915	
	0.409384	
	0.243436	
	0.214819	
	0.212512	
	0.232518	
	0.207952	
	0.235626	
	0.248747	
	0.241068	
	0.264873	
	0.254135	
	0.286435	
	0.409728	
	0.381672	
	0.435626	
	0.403867	
	0.361417	
	0.386190	
	0.407623	
	0.398167	
	0.413438	
	0.372284	
	0.348371	
	0.372035	
	0.481289	
	0.562769	
	0.385267	
	0.337397	
	0.354075	
	0.333881	
	0.329997	
	0.348361	
	0.322600	
	0.314698	
	0.296557	
	0.336010	
	0.475654	
	0.455891	
	0.425957	
	0.341197	
	0.334692	
	0.364430	
	0.352889	
	0.406983	
	0.406068	
	0.343895	
	0.356038	
	0.383577	
	0.393780	
	0.483742	
	0.358871	
	0.334706	
	0.293284	
	0.295747	
	0.252296	
	0.222889	
	0.219072	
	0.226197	
	0.223755	
	0.311853	
	0.270528	
	0.375238	
	0.240569	
	0.220705	
	0.235784	
	0.228715	
	0.210601	
	0.211634	
	0.205708	
	0.198566	
	0.208419	
	0.276418	
	0.594881	
	0.530449	
	0.404149	
	0.342577	
	0.325681	
	0.313203	
	0.319598	
	0.291523	
	0.288084	
	0.325739	
	0.263613	
	0.304360	
	0.293256	
	0.333776	
	0.264824	
	0.283355	
	0.244659	
	0.227148	
	0.255690	
	0.268205	
	0.235367	
	0.242993	
	0.224569	
	0.297256	
	0.412441	
	0.350661	
	0.247012	
	0.222576	
	0.204775	
	0.206400	
	0.193653	
	0.200627	
	0.186858	
	0.176130	
	0.192848	
	0.231685	
	0.417925	
	0.321387	
	0.259174	
	0.241243	
	0.238851	
	0.240283	
	0.217553	
	0.209412	
	0.205143	
	0.199356	
	0.200111	
	0.519858	
	0.477071	
	0.271108	
	0.227072	
	0.205906	
	0.180830	
	0.181547	
	0.180967	
	0.185153	
	0.171092	
	0.173366	
	0.171489	
	0.344498	
	0.378874	
	0.263511	
	0.210699	
	0.203909	
	0.194013	
	0.177648	
	0.259428	
	0.210395	
	0.190824	
	0.174295	
	0.193049	
	0.230160	
	0.390871	
	0.379330	
	0.310718	
	0.259532	
	0.230677	
	0.221762	
	0.241679	
	0.218933	
	0.224821	
	0.236376	
	0.246753	
	0.289505	
	0.535408	
	0.393668	
	0.317073	
	0.256299	
	0.266437	
	0.271210	
	0.296800	
	0.318107	
	0.307520	
	0.329782	
	0.290062	
	0.692735	
	0.719864	
	0.468780	
	0.418050	
	0.419445	
	0.430106	
	0.440962	
	0.424623	
	0.451893	
	0.422838	
	0.423830	
	0.308607	
	0.547026	
	0.566429	
	0.428209	
	0.408480	
	0.346219	
	0.325792	
	0.304936	
	0.349567	
	0.309445	
	0.235963	
	0.228621	
	0.286093	
	0.327878	
	0.531262	
	0.363250	
	0.259734	
	0.244996	
	0.229245	
	0.220793	
	0.207549	
	0.179870	
	0.188017	
	0.227956	
	0.187353	
	0.224568	
	0.468086	
	0.293332	
	0.209531	
	0.181099	
	0.178579	
	0.184847	
	0.181589	
	0.171928	
	0.205309	
	0.198875	
	0.175616	
	0.324090	
	0.387793	
	0.429240	
	0.233915	
	0.190574	
	0.164439	
	0.160471	
	0.168480	
	0.167993	
	0.180278	
	0.192488	
	0.199644	
	0.331163	
	0.402753	
	0.341471	
	0.256626	
	0.241195	
	0.214445	
	0.181805	
	0.175253	
	0.179110	
	0.251361	
	0.215680	
	0.200781	
	0.237844	
	0.328947	
	0.417527	
	0.271561	
	0.227108	
	0.196948	
	0.210114	
	0.223488	
	0.202939	
	0.207964	
	0.210315	
	0.282679	
	0.448940	
	0.384744	
	0.395569	
	0.270664	
	0.254685	
	0.237901	
	0.242396	
	0.241000	
	0.274173	
	0.253820	
	0.247696	
	0.208034	
	0.504223	
	0.671499	
	0.603491	
	0.412456	
	0.332457	
	0.305208	
	0.278755	
	0.301380	
	0.305051	
	0.318878	
	0.240283	
	0.230751	
	0.253307	
	0.434519	
	0.282256	
	0.221307	
	0.232106	
	0.239498	
	0.238747	
	0.309640	
	0.298976	
	0.287618	
	0.291657	
	0.281348	
	0.344540	
	0.524094	
	0.355338	
	0.253377	
	0.217612	
	0.202156	
	0.200361	
	0.191783	
	0.180302	
	0.186240	
	0.187975	
	0.191615	
	0.220257	
	0.439442	
	0.246214	
	0.194920	
	0.170128	
	0.161139	
	0.166315	
	0.156819	
	0.166310	
	0.177237	
	0.176626	
	0.183843	
	0.264222	
	0.394366	
	0.541182	
	0.316140	
	0.238880	
	0.192680	
	0.213998	
	0.210774	
	0.186531	
	0.187385	
	0.176672	
	0.190804	
	0.251460	
	0.341995	
	0.326422	
	0.234668	
	0.221432	
	0.210119	
	0.203504	
	0.253475	
	0.282344	
	0.216378	
	0.197570	
	0.186792	
	0.183248	
	0.410039	
	0.343713	
	0.217850	
	0.209775	
	0.201481	
	0.187150	
	0.163149	
	0.187842	
	0.204671	
	0.200317	
	0.214981	
	0.277072	
	0.629715	
	0.455648	
	0.349223	
	0.283772	
	0.269176	
	0.241473	
	0.241802	
	0.220792	
	0.215255	
	0.214441	
	0.212441	
	0.517350	
	0.709660	
	0.562851	
	0.409199	
	0.359438	
	0.316710	
	0.310023	
	0.393160	
	0.301083	
	0.268440	
	0.258781	
	0.230987	
	0.249296	
	0.659629	
	0.540342	
	0.462276	
	0.407853	
	0.370610	
	0.320409	
	0.338509	
	0.321294	
	0.281653	
	0.318382	
	0.373421	
	0.301095	
	0.471254	
	0.588302	
	0.448554	
	0.394740	
	0.352792	
	0.309074	
	0.309645	
	0.274476	
	0.257365	
	0.228224	
	0.223878	
	0.232021	
	0.393745	
	0.441620	
	0.377697	
	0.341165	
	0.319805	
	0.326152	
	0.349910	
	0.393123	
	0.363566	
	0.333744	
	0.353475	
	0.329486	
	0.641141	
	0.634166	
	0.536387	
	0.435475	
	0.438670	
	0.433798	
	0.406834	
	0.405610	
	0.385183	
	0.378170	
	0.366542	
	0.450678	
	0.622508	
	0.574787	
	0.561148	
	0.516694	
	0.518579	
	0.471739	
	0.501869	
	0.435099	
	0.453068	
	0.430143	
	0.441943	
	0.512536	
	0.540262	
	0.584276	
	0.484134	
	0.462304	
	0.425191	
	0.483673	
	0.471476	
	0.472534	
	0.450958	
	0.405043	
	0.428630	
	0.457793	
	0.619848	
	0.442926	
	0.410542	
	0.401291	
	0.398516	
	0.399713	
	0.400210	
	0.382047	
	0.412756	
	0.401864	
	0.403965	
	0.492816	
	0.652515	
	0.493418	
	0.460760	
	0.406350	
	0.405561	
	0.398750	
	0.362715	
	0.358355	
	0.386933	
	0.361219	
	0.419552	
	0.496717	
	0.391106	
	0.279211	
	0.281939	
	0.282279	
	0.293957	
	0.362508	
	0.364332	
	0.352598	
	0.381177	
	0.473112	
	0.441242	
	0.613375	
	0.604059	
	0.506773	
	0.416717	
	0.438410	
	0.442231	
	0.451396	
	0.430337	
	0.459648	
	0.512751	
	0.508649	
	0.514239	
	0.659019	
	0.665640	
	0.562483	
	0.366550	
	0.344508	
	0.305544	
	0.307897	
	0.331670	
	0.349464	
	0.340750	
	0.360970	
	0.398646	
	0.462150	
	0.680384	
	0.593932	
	0.505112	
	0.441589	
	0.375196	
	0.372227	
	0.366161	
	0.363268	
	0.366009	
	0.361858	
	0.522047	
	0.521746	
	0.486376	
	0.448852	
	0.348380	
	0.345859	
	0.392742	
	0.406140	
	0.518938	
	0.479924	
	0.482997	
	0.420157	
	0.497115	
	0.703722	
	0.543353	
	0.439900	
	0.333561	
	0.361067	
	0.352485	
	0.382617	
	0.382595	
	0.358945	
	0.403488	
	0.385958	
	0.413608	
	0.613347	
	0.585312	
	0.499408	
	0.491207	
	0.477859	
	0.452536	
	0.424709	
	0.403653	
	0.427594	
	0.427926	
	0.528890	
	0.495172	
	0.601576	
	0.657528	
	0.551966	
	0.491269	
	0.447330	
	0.437499	
	0.489080	
	0.443772	
	0.434855	
	0.421659	
	0.497536	
	0.495125	
	0.561838	
	0.541553	
	0.471472	
	0.402516	
	0.389602	
	0.414345	
	0.402887	
	0.380056	
	0.446715	
	0.754794	
	0.905520	
	0.876650	
	0.699181	
	0.480331	
	0.370284	
	0.420442	
	0.517931	
	0.568600	
	0.525460	
	0.527465	
	0.540136	
	0.471741	
	0.485678	
	0.502448	
	0.573025	
	0.580616	
	0.559207	
	0.546838	
	0.481336	
	0.493191	
	0.401332	
	0.368928	
	0.553315	
	0.658388	
	0.747387	
	0.829033	
	0.787122	
	0.682105	
	0.551867	
	0.498581	
	0.473105	
	0.434278	
	0.399351	
	0.399808	
	0.382544	
	0.452656	
	0.499822	
	0.591784	
	0.637366	
	0.594289	
	0.575573	
	0.542286	
	0.512108	
	0.530156	
	0.506316	
	0.389876	
	0.345317	
	0.344449	
	0.447909	
	0.503332	
	0.616324	
	0.523742	
	0.411055	
	0.340969	
	0.364118	
	0.377629	
	0.409074	
	0.441997	
	0.434144	
	0.376633	
	0.371818	
	0.365478	
	0.383710	
	0.433091	
	0.351155	
	0.333962	
	0.295216	
	0.291279	
	0.342162	
	0.326649	
	0.352783	
	0.333494	
	0.378373	
	0.359816	
	0.516755	
	0.476822	
	0.370604	
	0.310645	
	0.320904	
	0.298508	
	0.319949	
	0.372411	
	0.324474	
	0.304961	
	0.272210	
	0.414909	
	0.423691	
	0.280219	
	0.268364	
	0.266590	
	0.291411	
	0.256276	
	0.237335	
	0.294184	
	0.273958	
	0.338644	
	0.484667	
	0.586179	
	0.462206	
	0.493759	
	0.426135	
	0.409183	
	0.447114	
	0.456326	
	0.487822	
	0.496899	
	0.481966	
	0.471876	
	0.467345	
	0.547850	
	0.469374	
	0.445869	
	0.487459	
	0.506948	
	0.502488	
	0.495668	
	0.507473	
	0.443813	
	0.392797	
	0.339326	
	0.370104	
	0.638573	
	0.525955	
	0.400096	
	0.323591	
	0.281094	
	0.292466	
	0.321496	
	0.294458	
	0.293389	
	0.312290	
	0.249489	
	0.276785	
	0.429247	
	0.354683	
	0.331142	
	0.350766	
	0.415062	
	0.386975	
	0.386880	
	0.382369	
	0.356037	
	0.401625	
	0.387042	
	0.428154	
	0.549506	
	0.487675	
	0.345804	
	0.359928	
	0.307018	
	0.325555	
	0.330292	
	0.324874	
	0.310102	
	0.331120	
	0.340805	
	0.327703	
	0.482404	
	0.385072	
	0.369206	
	0.348793	
	0.405561	
	0.375370	
	0.324298	
	0.362444	
	0.301435	
	0.308223	
	0.314784	
	0.571050	
	0.592176	
	0.396452	
	0.363777	
	0.373775	
	0.380501	
	0.445569	
	0.547793	
	0.506181	
	0.524845	
	0.556346	
	0.575713	
	0.619729	
	0.601188	
	0.509397	
	0.522524	
	0.519815	
	0.465196	
	0.418015	
	0.362573	
	0.354937	
	0.386499	
	0.578771	
	0.798780	
	0.741056	
	0.556590	
	0.490054	
	0.371022	
	0.399299	
	0.419323	
	0.394448	
	0.358234	
	0.448910	
	0.518749	
	0.645978	
	0.671278	
	0.427745	
	0.705273	
	0.495221	
	0.528238	
	0.475777	
	0.469985	
	0.415768	
	0.461845	
	0.415281	
	0.445346	
	0.464438	
	0.545697	
	0.701066	
	0.664068	
	0.608894	
	0.501378	
	0.516635	
	0.501298	
	0.520244	
	0.434621	
	0.410835	
	0.374626	
	0.361586	
	0.461294	
	0.531079	
	0.382481	
	0.327471	
	0.290855	
	0.291947	
	0.315325	
	0.345852	
	0.416347	
	0.544532	
	0.769514	
	0.832112	
	0.816779	
	0.804748	
	0.809921	
	0.813324	
	0.662136	
	0.520319	
	0.556296	
	0.562265	
	0.538523	
	0.538312	
	0.549519	
	0.529601	
	0.537157	
	0.568598	
	0.544667	
	0.553133	
	0.564780	
	0.506600	
	0.481441	
	0.493605	
	0.476197	
	0.483770	
	0.509739	
	0.525865	
	0.634574	
	0.666365	
	0.581789	
	0.511305	
	0.483624	
	0.419955	
	0.410966	
	0.420267	
	0.448405	
	0.461847	
	0.464333	
	0.514151	
	0.506293	
	0.634411	
	0.432820	
	0.367524	
	0.384045	
	0.359012	
	0.366529	
	0.419666	
	0.379913	
	0.347119	
	0.369630	
	0.415399	
	0.431605	
	0.525114	
	0.361186	
	0.343537	
	0.370582	
	0.425679	
	0.446731	
	0.447304	
	0.457705	
	0.490332	
	0.542442	
	0.510686	
	0.546565	
	0.558772	
	0.467773	
	0.495269	
	0.511058	
	0.484513	
	0.451316	
	0.426346	
	0.497488	
	0.437745	
	0.464326	
	0.406369	
	0.656804	
	0.638570	
	0.515218	
	0.399467	
	0.417605	
	0.331673	
	0.282387	
	0.459419	
	0.560461	
	0.632973	
	0.822751	
	0.839875	
	0.805913	
	0.786014	
	0.727022	
	0.673768	
	0.637210	
	0.554162	
	0.466276	
	0.445797	
	0.508532	
	0.481439	
	0.475442	
	0.378976	
	0.421054	
	0.460316	
	0.434195	
	0.392033	
	0.310954	
	0.343084	
	0.302608	
	0.311062	
	0.287323	
	0.308103	
	0.291159	
	0.335822	
	0.440414	
	0.448942	
	0.447448	
	0.376182	
	0.380820	
	0.357529	
	0.371186	
	0.368315	
	0.354495	
	0.345137	
	0.332166	
	0.374382	
	0.507185	
	0.672617	
	0.574139	
	0.435105	
	0.414509	
	0.445726	
	0.454456	
	0.531774	
	0.529405	
	0.555188	
	0.581221	
	0.605200	
	0.545771	
	0.650798	
	0.532258	
	0.529745	
	0.528144	
	0.510117	
	0.502436	
	0.472950	
	0.562602	
	0.646939	
	0.784647	
	0.877584	
	0.820395	
	0.764793	
	0.767101	
	0.625458	
	0.531546	
	0.526832	
	0.570384	
	0.554658	
	0.596499	
	0.649889	
	0.549198	
	0.460049	
	0.483736	
	0.493672	
	0.578348	
	0.515435	
	0.503396	
	0.493712	
	0.459947	
	0.476805	
	0.579463	
	0.632749	
	0.674485	
	0.694745	
	0.757759	
	0.705363	
	0.617157	
	0.547082	
	0.476586	
	0.396468	
	0.416104	
	0.446835	
	0.436120	
	0.362695	
	0.328291	
	0.389641	
	0.363553	
	0.344134	
	0.341574	
	0.331105	
	0.281480	
	0.292947	
	0.274224	
	0.283690	
	0.316468	
	0.374071	
	0.427616	
	0.465287	
	0.559811	
	0.413952	
	0.565776	
	0.489866	
	0.436220	
	0.442433	
	0.420691	
	0.385525	
	0.399294	
	0.401739	
	0.446697	
	0.458222	
	0.550694	
	0.476864	
	0.433514	
	0.419895	
	0.450979	
	0.394176	
	0.429497	
	0.442486	
	0.403562	
	0.380787	
	0.420292	
	0.462577	
	0.556661	
	0.550614	
	0.447532	
	0.429651	
	0.433743	
	0.401119	
	0.430864	
	0.423240	
	0.460999	
	0.439975	
	0.474898	
	0.453974	
	0.581520	
	0.474437	
	0.448286	
	0.492652	
	0.493153	
	0.572209	
	0.545979	
	0.428223	
	0.412830	
	0.353147	
	0.309054	
	0.433324	
	0.532916	
	0.513145	
	0.461508	
	0.487645	
	0.504287	
	0.498890	
	0.496958	
	0.495076	
	0.445268	
	0.450314	
	0.388593	
	0.406096	
	0.493820	
	0.396634	
	0.406292	
	0.535300	
	0.673258	
	0.509571	
	0.560711	
	0.639302	
	0.808986	
	0.839973	
	0.829637	
	0.756581	
	0.674229	
	0.513821	
	0.482024	
	0.457479	
	0.451051	
	0.423881	
	0.361830	
	0.413382	
	0.468820	
	0.515204	
	0.529829	
	0.529943	
	0.480969	
	0.474378	
	0.459212	
	0.475904	
	0.419456	
	0.354894	
	0.457446	
	0.721874	
	0.726249	
	0.710031	
	0.688853	
	0.462642	
	0.408710	
	0.419371	
	0.446814	
	0.415304	
	0.375546	
	0.376524	
	0.339858	
	0.343770	
	0.379931	
	0.372896	
	0.553576	
	0.479416	
	0.487785	
	0.436493	
	0.429923	
	0.431798	
	0.380524	
	0.365406	
	0.349520	
	0.360282	
	0.390672	
	0.431379	
	0.575174	
	0.530996	
	0.411367	
	0.358270	
	0.307825	
	0.312889	
	0.336549	
	0.332071	
	0.369799	
	0.432732	
	0.455796	
	0.474018	
	0.588401	
	0.501993	
	0.471071	
	0.460260	
	0.406893	
	0.389679	
	0.341921	
	0.348009	
	0.359678	
	0.434619	
	0.397386	
	0.510802	
	0.529297	
	0.333813	
	0.344980	
	0.345023	
	0.321588	
	0.328033	
	0.273120	
	0.245723	
	0.292595	
	0.357697	
	0.415278	
	0.600004	
	0.586152	
	0.510006	
	0.437641	
	0.352712	
	0.357492	
	0.309881	
	0.304693	
	0.290698	
	0.334736	
	0.346619	
	0.490403	
	0.409977	
	0.654127	
	0.723270	
	0.430394	
	0.291893	
	0.304815	
	0.317469	
	0.337671	
	0.401262	
	0.433662	
	0.541545	
	0.633624	
	0.709595	
	0.779993	
	0.722429	
	0.595510	
	0.517005	
	0.341719	
	0.302406	
	0.343774	
	0.268262	
	0.408245	
	0.603324	
	0.757447	
	0.776164	
	0.744193	
	0.659750	
	0.609114	
	0.553434	
	0.448362	
	0.360162	
	0.339870	
	0.300036	
	0.257806	
	0.250907	
	0.308977	
	0.530313	
	0.457407	
	0.431168	
	0.386411	
	0.329519	
	0.305705	
	0.318497	
	0.325923	
	0.327480	
	0.314008	
	0.240045	
	0.269297	
	0.519237	
	0.580240	
	0.399521	
	0.315035	
	0.292808	
	0.294500	
	0.290564	
	0.245360	
	0.277208	
	0.255240	
	0.241300	
	0.251083	
	0.470961	
	0.372496	
	0.247848	
	0.196468	
	0.188099	
	0.195832	
	0.187505	
	0.217130	
	0.207364	
	0.232155	
	0.430570	
	0.660055	
	0.622049	
	0.526881	
	0.465558	
	0.407197	
	0.472760	
	0.434298	
	0.492270	
	0.504368	
	0.494578	
	0.500976	
	0.545622	
	0.524346	
	0.548944	
	0.495500	
	0.470537	
	0.485512	
	0.446398	
	0.334051	
	0.340817	
	0.347772	
	0.391801	
	0.447177	
	0.464798	
	0.462015	
	0.645132	
	0.657945	
	0.570887	
	0.537706	
	0.536796	
	0.718441	
	0.775554	
	0.772868	
	0.798091	
	0.794054	
	0.751655	
	0.718582	
	0.669078	
	0.548175	
	0.409598	
	0.364341	
	0.406243	
	0.405332	
	0.359395	
	0.397675	
	0.382735	
	0.357308	
	0.242800	
	0.245140	
	0.518395	
	0.385333	
	0.344012	
	0.410432	
	0.591762	
	0.746345	
	0.759645	
	0.807618	
	0.764571	
	0.769518	
	0.764020	
	0.687953	
	0.708159	
	0.600632	
	0.559956	
	0.524608	
	0.500857	
	0.485879	
	0.456987	
	0.421596	
	0.428727	
	0.449452	
	0.440286	
	0.423957	
	0.474585	
	0.557188	
	0.502413	
	0.450411	
	0.412903	
	0.410496	
	0.418759	
	0.357250	
	0.386662	
	0.391284	
	0.400107	
	0.391077	
	0.354035	
	0.330651	
	0.347506	
	0.320426	
	0.316658	
	0.357526	
	0.375321	
	0.386940	
	0.414542	
	0.398406	
	0.409893	
	0.379617	
	0.509723	
	0.412491	
	0.327314	
	0.289460	
	0.333744	
	0.381641	
	0.324753	
	0.281070	
	0.357788	
	0.312278	
	0.320844	
	0.317990	
	0.332183	
	0.337038	
	0.282323	
	0.293404	
	0.313646	
	0.271404	
	0.282622	
	0.290756	
	0.300677	
	0.290748	
	0.302886	
	0.332899	
	0.311425	
	0.282073	
	0.314452	
	0.295657	
	0.287109	
	0.283007	
	0.300676	
	0.352769	
	0.320271	
	0.315663	
	0.311371	
	0.304014	
	0.328225	
	0.328154	
	0.282459	
	0.279339	
	0.265031	
	0.263609	
	0.270798	
	0.286469	
	0.291743	
	0.301819	
	0.284264	
	0.292035	
	0.291638	
	0.302058	
	0.269637	
	0.297001	
	0.285803	
	0.298376	
	0.302234	
	0.296368	
	0.274235	
	0.288604	
	0.294580	
	0.275192	
	0.323061	
	0.340118	
	0.384002	
	0.341407	
	0.342380	
	0.343015	
	0.387399	
	0.417510	
	0.361696	
	0.383108	
	0.413639	
	0.410824	
	0.358480	
	0.321819	
	0.370084	
	0.397432	
	0.382009	
	0.331337	
	0.314394	
	0.303099	
	0.334108	
	0.346329	
	0.342960	
	0.340212	
	0.292914	
	0.307593	
	0.335961	
	0.341166	
	0.345180	
	0.371293	
	0.302449	
	0.331129	
	0.339151	
	0.329584	
	0.336480	
	0.321656	
	0.303818	
	0.314536	
	0.367073	
	0.399314	
	0.501190	
	0.328546	
	0.416889	
	0.407337	
	0.313307	
	0.395041	
	0.400687	
	0.376059	
	0.510265	
	0.392989	
	0.336496	
	0.322493	
	0.311424	
	0.306763	
	0.330814	
	0.310007	
	0.301758	
	0.315294	
	0.279020	
	0.283032	
	0.264490	
	0.280147	
	0.287791	
	0.277097	
	0.276148	
	0.274260	
	0.287509	
	0.294335	
	0.313782	
	0.298312	
	0.329947	
	0.343342	
	0.331336	
	0.332526	
	0.315207	
	0.315676	
	0.367891	
	0.371023	
	0.395123	
	0.372692	
	0.367588	
	0.373880	
	0.358821	
	0.353093	
	0.399101	
	0.396523	
	0.410836	
	0.382450	
	0.368977	
	0.358042	
	0.351384	
	0.344938	
	0.350467	
	0.356271	
	0.354396	
	0.347240	
	0.330085	
	0.365009	
	0.367765	
	0.456913	
	0.354985	
	0.336638	
	0.289321	
	0.266659	
	0.272060	
	0.297612	
	0.330008	
	0.284804	
	0.264532	
	0.249138	
	0.250613	
	0.267202	
	0.275104	
	0.301773	
	0.311986	
	0.303768	
	0.315594	
	0.339995	
	0.273027	
	0.279816	
	0.276472	
	0.316258	
	0.298742	
	0.285320	
	0.286659	
	0.271238	
	0.263210	
	0.254167	
	0.272308	
	0.279881	
	0.274730	
	0.276254	
	0.288103	
	0.265786	
	0.284612	
	0.274187	
	0.293772	
	0.322940	
	0.327613	
	0.330850	
	0.308609	
	0.352548	
	0.374185	
	0.403935	
	0.388837	
	0.386932	
	0.400729	
	0.412415	
	0.422339	
	0.411781	
	0.388112	
	0.365742	
	0.394353	
	0.409020	
	0.457898	
	0.476222	
	0.436576	
	0.441687	
	0.458402	
	0.453181	
	0.495175	
	0.456445	
	0.441883	
	0.480384	
	0.471159	
	0.508326	
	0.421846	
	0.387845	
	0.623787	
	0.554627	
	0.563970	
	0.364580	
	0.388468	
	0.399939	
	0.310070	
	0.335726	
	0.338086	
	0.291093	
	0.311640	
	0.288052	
	0.317465	
	0.299140	
	0.363453	
	0.358156	
	0.321773	
	0.305028	
	0.290590	
	0.284194	
	0.351595	
	0.329326	
	0.359896	
	0.311051	
	0.304149	
	0.392789	
	0.388760	
	0.326495	
	0.357157	
	0.342587	
	0.361199	
	0.423391	
	0.362877	
	0.392660	
	0.419388	
	0.388315	
	0.397720	
	0.378729	
	0.384578	
	0.375007	
	0.365460	
	0.319845	
	0.370341	
	0.359647	
	0.352130	
	0.357793	
	0.362550	
	0.367299	
	0.411376	
	0.385086	
	0.379400	
	0.376129	
	0.384642	
	0.470858	
	0.446239	
	0.465369	
	0.404408	
	0.375363	
	0.396597	
	0.389393	
	0.451140	
	0.435967	
	0.457863	
	0.461782	
	0.419028	
	0.425298	
	0.399120	
	0.372519	
	0.432807	
	0.415196	
	0.366535	
	0.443953	
	0.412518	
	0.402094	
	0.484418	
	0.444149	
	0.466807	
	0.503666	
	0.505024	
	0.422798	
	0.388948	
	0.472806	
	0.416367	
	0.435816	
	0.447872	
	0.421702	
	0.414710	
	0.473639	
	0.410699	
	0.405552	
	0.470891	
	0.470556	
	0.428004	
	0.478117	
	0.414676	
	0.476699	
	0.479432	
	0.424546	
	0.371514	
	0.418091	
	0.394847	
	0.399149	
	0.433671	
	0.404105	
	0.456913	
	0.440304	
	0.401888	
	0.430410	
	0.421289	
	0.429611	
	0.423734	
	0.453689	
	0.420000	
	0.472221	
	0.490562	
	0.446367	
	0.435936	
	0.463983	
	0.554280	
	0.516041	
	0.513782	
	0.573051	
	0.473645	
	0.441034	
	0.457202	
	0.481490	
	0.504518	
	0.546395	
	0.539437	
	0.482474	
	0.434394	
	0.486299	
	0.515917	
	0.520141	
	0.477827	
	0.453569	
	0.449241	
	0.410823	
	0.438983	
	0.506246	
	0.500817	
	0.472424	
	0.470326	
	0.464264	
	0.432385	
	0.443409	
	0.461163	
	0.477152	
	0.419441	
	0.440689	
	0.434193	
	0.442522	
	0.441708	
	0.431691	
	0.409939	
	0.434292	
	0.466938	
	0.451729	
	0.419949	
	0.396287	
	0.400324	
	0.404051	
	0.420523	
	0.447877	
	0.446597	
	0.429802	
	0.457845	
	0.459000	
	0.474032	
	0.467642	
	0.471198	
	0.478363	
	0.484820	
	0.492732	
	0.508786	
	0.521704	
	0.507215	
	0.513802	
	0.523982	
	0.535848	
	0.541777	
	0.580096	
	0.591297	
	0.693761	
	0.715627	
	0.718147	
	0.718229	
	0.713010	
	0.704863	
	0.755969	
	0.728653	
	0.713908	
	0.717620	
	0.724911	
	0.718731	
	0.757566	
	0.776850	
	NaN	
	0.761242	
	0.752752	
	0.758781	
	0.753683	
	0.765334	
	NaN	
	NaN	
	NaN	
	NaN	
	NaN	
	NaN	
	NaN	
	NaN	
	NaN	
	NaN	
	NaN	
	NaN	
	NaN	
	NaN	
	NaN	
	NaN	
	NaN	
	NaN	
	NaN	
	NaN	
	NaN	
	NaN	
	NaN	
	NaN	
	NaN	
	NaN	
	NaN	
	NaN	
	NaN	
	NaN	
	NaN	
	NaN	
	NaN	
	NaN	
	NaN	
	NaN	
	NaN	
	NaN	
	NaN	
	NaN	
	NaN	
	NaN	
	NaN	
	NaN	
	NaN	
	NaN	
	NaN	
	NaN	
	NaN	
	NaN	
	NaN	
	NaN	
	NaN	
	NaN	
	NaN	
	NaN	
	NaN	
	NaN	
	NaN	
	NaN	
	NaN	
	NaN	
	NaN	
	NaN	
	NaN	
	NaN	
	NaN	
	NaN	
	NaN	
	NaN	
	NaN	
	NaN	
	NaN	
	NaN	
	NaN	
	NaN	
	NaN	
	NaN	
	NaN	
	NaN	
	NaN	
	NaN	
	NaN	
	NaN	
	NaN	
	NaN	
	NaN	
	NaN	
	NaN	
	NaN	
	NaN	
	NaN	
	NaN	
	NaN	
	NaN	
	NaN	
	NaN	
	NaN	
	NaN	
	NaN	
	NaN	
	NaN	
	NaN	
	NaN	
	NaN	
	NaN	
	NaN	
	NaN	
	NaN	
	NaN	
	NaN	
	NaN	
	NaN	
	NaN	
	NaN	
	NaN	
	NaN	
	NaN	
	NaN	
	NaN	
	NaN	
	NaN	
	NaN	
	NaN	
	NaN	
	NaN	
	NaN	
	NaN	
	NaN	
	NaN	
	NaN	
	NaN	
	NaN	
	NaN	
	NaN	
	NaN	
	NaN	
	NaN	
	NaN	
	NaN	
	NaN	
	NaN	
	NaN	
	NaN	
	NaN	
	NaN	
	NaN	
	NaN	
	NaN	
	NaN	
	NaN	
	NaN	
	NaN	
	NaN	
	NaN	
	NaN	
	NaN	
	NaN	
	NaN	
	NaN	
	NaN	
	NaN	
	NaN	
	NaN	
	NaN	
	NaN	
	NaN	
	NaN	
	NaN	
	NaN	
	NaN	
	NaN	
	NaN	
	NaN	
	NaN	
	NaN	
	NaN	
	NaN	
	NaN	
	NaN	
	NaN	
	NaN	
	NaN	
	NaN	
	NaN	
	NaN	
	NaN	
	NaN	
	NaN	
	NaN	
	NaN	
	NaN	
	NaN	
	NaN	
	NaN	
	NaN	
	NaN	
	NaN	
	NaN	
	NaN	
	NaN	
	NaN	
	NaN	
	NaN	
	NaN	
	NaN	
	NaN	
	NaN	
	NaN	
