_Brightness		
	NaN	
	NaN	
	NaN	
	NaN	
	NaN	
	NaN	
	NaN	
	NaN	
	NaN	
	NaN	
	NaN	
	NaN	
	NaN	
	NaN	
	NaN	
	NaN	
	NaN	
	NaN	
	NaN	
	NaN	
	NaN	
	NaN	
	NaN	
	NaN	
	NaN	
	NaN	
	NaN	
	NaN	
	NaN	
	NaN	
	NaN	
	NaN	
	NaN	
	NaN	
	NaN	
	NaN	
	NaN	
	NaN	
	NaN	
	NaN	
	NaN	
	NaN	
	NaN	
	NaN	
	0.589606	
	0.625118	
	0.563299	
	0.487100	
	0.364869	
	0.531413	
	0.554187	
	0.576526	
	0.558360	
	0.445212	
	0.451190	
	0.385803	
	0.460952	
	0.463707	
	0.623704	
	0.655519	
	0.649169	
	0.570463	
	0.532828	
	0.540142	
	0.491308	
	0.512358	
	0.556834	
	0.531778	
	0.492390	
	0.472730	
	0.444489	
	0.408441	
	0.437738	
	0.400614	
	0.585035	
	0.675700	
	0.705902	
	0.681459	
	0.649322	
	0.617071	
	0.630040	
	0.579283	
	0.589770	
	0.608183	
	0.573078	
	0.597070	
	0.609674	
	0.583728	
	0.641805	
	0.527268	
	0.517964	
	0.491865	
	0.437156	
	0.459396	
	0.475089	
	0.502637	
	0.589451	
	0.511291	
	0.585505	
	0.540678	
	0.519489	
	0.441336	
	0.404342	
	0.454972	
	0.542809	
	0.539366	
	0.424316	
	0.583811	
	0.619059	
	0.603390	
	0.480970	
	0.446446	
	0.456970	
	0.459607	
	0.519275	
	0.604227	
	0.700164	
	0.688350	
	0.668871	
	0.566699	
	0.537181	
	0.570872	
	0.507228	
	0.529709	
	0.615243	
	0.654543	
	0.610521	
	0.494384	
	0.521806	
	0.569311	
	0.601372	
	0.536686	
	0.592628	
	0.567604	
	0.569818	
	0.485083	
	0.476781	
	0.440550	
	0.579965	
	0.618169	
	0.697771	
	0.675892	
	0.705520	
	0.697557	
	0.654725	
	0.705645	
	0.685675	
	0.626293	
	0.592556	
	0.608112	
	0.612237	
	0.557709	
	0.571742	
	0.620051	
	0.596370	
	0.473441	
	0.542720	
	0.525014	
	0.456481	
	0.388098	
	0.383293	
	0.412274	
	0.415170	
	0.383700	
	0.508488	
	0.594945	
	0.509748	
	0.444595	
	0.357041	
	0.382926	
	0.442598	
	0.449029	
	0.323976	
	0.367403	
	0.454940	
	0.523680	
	0.523807	
	0.440780	
	0.366723	
	0.335872	
	0.305555	
	0.473516	
	0.640912	
	0.629268	
	0.664868	
	0.664477	
	0.691024	
	0.663472	
	0.628889	
	0.590026	
	0.565306	
	0.531838	
	0.665784	
	0.690557	
	0.672640	
	0.670418	
	0.680766	
	0.628516	
	0.494644	
	0.479735	
	0.473133	
	0.449924	
	0.460223	
	0.426914	
	0.459705	
	0.504602	
	0.567736	
	0.418307	
	0.552039	
	0.595288	
	0.595557	
	0.582813	
	0.613362	
	0.615324	
	0.585543	
	0.467361	
	0.680804	
	0.672797	
	0.689895	
	0.690840	
	0.709635	
	0.710236	
	0.711151	
	0.644800	
	0.650884	
	0.615977	
	0.592784	
	0.558903	
	0.597940	
	0.656264	
	0.689535	
	0.602834	
	0.613354	
	0.599000	
	0.611067	
	0.603275	
	0.636114	
	0.652569	
	0.702551	
	0.742926	
	0.721113	
	0.671358	
	0.617290	
	0.624174	
	0.633060	
	0.656107	
	0.669230	
	0.703925	
	0.653044	
	0.582271	
	0.593187	
	0.600696	
	0.610580	
	0.519998	
	0.461725	
	0.523027	
	0.533455	
	0.642983	
	0.627142	
	0.648503	
	0.735257	
	0.718216	
	0.716110	
	0.676268	
	0.708411	
	0.707061	
	0.697630	
	0.730163	
	0.702387	
	0.673155	
	0.654633	
	0.659988	
	0.702261	
	0.712854	
	0.777497	
	0.552153	
	0.635016	
	0.632540	
	0.639119	
	0.650708	
	0.669611	
	0.671515	
	0.621549	
	0.614324	
	0.661965	
	0.682693	
	0.745354	
	0.718376	
	0.735246	
	0.701881	
	0.704440	
	0.656687	
	0.746555	
	0.681049	
	0.688950	
	0.667600	
	0.682544	
	0.673038	
	0.672215	
	0.665780	
	0.631049	
	0.623107	
	0.731873	
	0.680008	
	0.651912	
	0.634017	
	0.641540	
	0.566083	
	0.529867	
	0.486938	
	0.524661	
	0.584818	
	0.685819	
	0.614375	
	0.695482	
	0.700766	
	0.726035	
	0.675857	
	0.726162	
	0.508909	
	0.489646	
	0.364262	
	0.297602	
	0.269666	
	0.260715	
	0.250576	
	0.238505	
	0.250835	
	0.274676	
	0.273117	
	0.295196	
	0.258751	
	0.265725	
	0.323030	
	0.272651	
	0.349741	
	0.412271	
	0.457574	
	0.399284	
	0.430579	
	0.325169	
	0.291552	
	0.254541	
	0.269674	
	0.326722	
	0.377866	
	0.387414	
	0.266254	
	0.288352	
	0.285034	
	0.272598	
	0.297448	
	0.325907	
	0.316867	
	0.330266	
	0.297239	
	0.282476	
	0.294585	
	0.262872	
	0.308851	
	0.355212	
	0.455007	
	0.472650	
	0.365832	
	0.347708	
	0.295961	
	0.337668	
	0.391951	
	0.430529	
	0.446044	
	0.459218	
	0.396408	
	0.343494	
	0.287492	
	0.350642	
	0.525925	
	0.367216	
	0.362047	
	0.437883	
	0.408107	
	0.424782	
	0.362572	
	0.369982	
	0.345433	
	0.416360	
	0.524925	
	0.460399	
	0.332798	
	0.387289	
	0.392832	
	0.412459	
	0.491833	
	0.453287	
	0.446666	
	0.457277	
	0.435030	
	0.427014	
	0.422569	
	0.392904	
	0.485973	
	0.458909	
	0.436984	
	0.355285	
	0.317072	
	0.313189	
	0.286464	
	0.269548	
	0.292016	
	0.355541	
	0.449640	
	0.493484	
	0.500647	
	0.457749	
	0.345321	
	0.391032	
	0.377922	
	0.384977	
	0.368001	
	0.357044	
	0.367327	
	0.316609	
	0.300177	
	0.277432	
	0.279612	
	0.351874	
	0.338495	
	0.308838	
	0.269754	
	0.283813	
	0.264669	
	0.293741	
	0.291328	
	0.393147	
	0.398711	
	0.386171	
	0.384448	
	0.348281	
	0.333212	
	0.382821	
	0.335387	
	0.270037	
	0.342981	
	0.302069	
	0.328460	
	0.295115	
	0.314048	
	0.332319	
	0.402362	
	0.365494	
	0.312250	
	0.318090	
	0.326995	
	0.320942	
	0.252188	
	0.258899	
	0.267874	
	0.263916	
	0.242625	
	0.315569	
	0.316483	
	0.288596	
	0.307787	
	0.305051	
	0.276955	
	0.366324	
	0.312233	
	0.276978	
	0.268320	
	0.266044	
	0.302293	
	0.285130	
	0.256946	
	0.338344	
	0.263393	
	0.296798	
	0.282612	
	0.322800	
	0.337981	
	0.388938	
	0.243234	
	0.302677	
	0.306060	
	0.309075	
	0.275478	
	0.231290	
	0.218558	
	0.240410	
	0.321737	
	0.304407	
	0.247188	
	0.229956	
	0.263133	
	0.441638	
	0.659729	
	0.579637	
	0.377316	
	0.372322	
	0.341453	
	0.346811	
	0.396772	
	0.535672	
	0.426899	
	0.359427	
	0.338965	
	0.353150	
	0.307102	
	0.383712	
	0.360955	
	0.342439	
	0.327043	
	0.369104	
	0.340958	
	0.343821	
	0.350391	
	0.320911	
	0.344412	
	0.335172	
	0.363480	
	0.412033	
	0.461050	
	0.369076	
	0.374243	
	0.343965	
	0.318269	
	0.321265	
	0.324266	
	0.404176	
	0.423626	
	0.356674	
	0.365686	
	0.322726	
	0.340519	
	0.329346	
	0.421006	
	0.327222	
	0.325228	
	0.346286	
	0.310007	
	0.310337	
	0.319317	
	0.325869	
	0.286570	
	0.268712	
	0.281511	
	0.267542	
	0.270060	
	0.278428	
	0.264726	
	0.235776	
	0.244268	
	0.236563	
	0.320949	
	0.343964	
	0.326938	
	0.304129	
	0.338551	
	0.358787	
	0.418194	
	0.384188	
	0.356737	
	0.356216	
	0.339362	
	0.298756	
	0.309487	
	0.407605	
	0.419451	
	0.451627	
	0.443136	
	0.407586	
	0.346200	
	0.260696	
	0.423640	
	0.626513	
	0.752301	
	0.544713	
	0.435194	
	0.414882	
	0.394522	
	0.412719	
	0.388186	
	0.374204	
	0.304551	
	0.313914	
	0.309214	
	0.274373	
	0.283777	
	0.288477	
	0.289145	
	0.368327	
	0.379841	
	0.281355	
	0.305173	
	0.256205	
	0.234770	
	0.235169	
	0.216632	
	0.202104	
	0.273942	
	0.272007	
	0.259802	
	0.240084	
	0.215838	
	0.268371	
	0.247788	
	0.248728	
	0.272872	
	0.227833	
	0.229870	
	0.235604	
	0.248590	
	0.207850	
	0.318565	
	0.226954	
	0.278277	
	0.322529	
	0.265109	
	0.235564	
	0.236688	
	0.187295	
	0.210663	
	0.232829	
	0.333940	
	0.402711	
	0.316290	
	0.316965	
	0.386682	
	0.313947	
	0.308847	
	0.365241	
	0.455452	
	0.580982	
	0.500412	
	0.503462	
	0.469702	
	0.430931	
	0.365131	
	0.341689	
	0.394662	
	0.336308	
	0.351575	
	0.300748	
	0.299649	
	0.369762	
	0.349698	
	0.296339	
	0.249108	
	0.295644	
	0.314231	
	0.285994	
	0.311446	
	0.319674	
	0.288165	
	0.298744	
	0.373014	
	0.328809	
	0.317790	
	0.224037	
	0.225900	
	0.213848	
	0.174422	
	0.205793	
	0.235050	
	0.241114	
	0.238917	
	0.237804	
	0.277715	
	0.348667	
	0.592974	
	0.558051	
	0.415623	
	0.396908	
	0.384338	
	0.428571	
	0.490838	
	0.457244	
	0.385693	
	0.385108	
	0.435440	
	0.420259	
	0.400954	
	0.340750	
	0.307310	
	0.363543	
	0.454327	
	0.325024	
	0.427472	
	0.358525	
	0.359714	
	0.390623	
	0.313528	
	0.333215	
	0.356906	
	0.313412	
	0.286780	
	0.266440	
	0.253042	
	0.327845	
	0.365213	
	0.322397	
	0.481081	
	0.303146	
	0.440247	
	0.378429	
	0.351421	
	0.359915	
	0.315737	
	0.353535	
	0.390232	
	0.289194	
	0.299241	
	0.342016	
	0.390913	
	0.431473	
	0.493499	
	0.467377	
	0.492904	
	0.450053	
	0.476911	
	0.416097	
	0.419930	
	0.330292	
	0.316837	
	0.331185	
	0.259526	
	0.292782	
	0.290409	
	0.294484	
	0.295361	
	0.323960	
	0.355885	
	0.385080	
	0.372170	
	0.544310	
	0.709127	
	0.463397	
	0.496694	
	0.463942	
	0.442759	
	0.488421	
	0.506323	
	0.431905	
	0.457188	
	0.415440	
	0.360217	
	0.402999	
	0.450832	
	0.557062	
	0.696048	
	0.766650	
	0.789203	
	0.587491	
	0.584846	
	0.526327	
	0.529267	
	0.511907	
	0.481118	
	0.456926	
	0.418340	
	0.418612	
	0.402040	
	0.408721	
	0.410690	
	0.431959	
	0.379294	
	0.414305	
	0.498791	
	0.707161	
	0.523734	
	0.385469	
	0.424381	
	0.393438	
	0.362697	
	0.356586	
	0.347673	
	0.352293	
	0.337740	
	0.335871	
	0.390866	
	0.354892	
	0.369390	
	0.351748	
	0.374156	
	0.375789	
	0.369223	
	0.374604	
	0.461062	
	0.477418	
	0.428525	
	0.448099	
	0.452632	
	0.417901	
	0.364358	
	0.394377	
	0.374456	
	0.346064	
	0.383195	
	0.409870	
	0.357872	
	0.346007	
	0.379696	
	0.387706	
	0.389923	
	0.436340	
	0.413820	
	0.291138	
	0.323418	
	0.390712	
	0.348572	
	0.364486	
	0.419106	
	0.417829	
	0.353421	
	0.371742	
	0.399950	
	0.382497	
	0.382703	
	0.350020	
	0.300886	
	0.308460	
	0.289343	
	0.289814	
	0.278135	
	0.316778	
	0.318518	
	0.429314	
	0.394130	
	0.364425	
	0.352084	
	0.322363	
	0.307851	
	0.276966	
	0.378889	
	0.426626	
	0.350841	
	0.319692	
	0.254690	
	0.258593	
	0.248074	
	0.227017	
	0.225862	
	0.262938	
	0.286599	
	0.261932	
	0.257511	
	0.266503	
	0.264513	
	0.274855	
	0.307632	
	0.471447	
	0.440776	
	0.442525	
	0.390332	
	0.349767	
	0.269981	
	0.289607	
	0.371451	
	0.410638	
	0.467754	
	0.327826	
	0.364938	
	0.367041	
	0.350418	
	0.339741	
	0.370700	
	0.367043	
	0.330993	
	0.285809	
	0.294845	
	0.283300	
	0.283458	
	0.307991	
	0.269813	
	0.341099	
	0.437215	
	0.396926	
	0.409768	
	0.376140	
	0.354415	
	0.375811	
	0.405413	
	0.406067	
	0.432965	
	0.429162	
	0.354278	
	0.318617	
	0.320249	
	0.364200	
	0.459520	
	0.327247	
	0.380144	
	0.392043	
	0.396979	
	0.354418	
	0.328495	
	0.337562	
	0.321267	
	0.385060	
	0.355397	
	0.336227	
	0.365944	
	0.370124	
	0.411199	
	0.437911	
	0.443537	
	0.444303	
	0.435065	
	0.442269	
	0.416785	
	0.373551	
	0.401321	
	0.365907	
	0.399165	
	0.442099	
	0.408826	
	0.366175	
	0.286151	
	0.287829	
	0.281940	
	0.293504	
	0.404253	
	0.491628	
	0.519046	
	0.553340	
	0.450197	
	0.402530	
	0.403054	
	0.390722	
	0.357650	
	0.358840	
	0.360796	
	0.359515	
	0.327581	
	0.299214	
	0.316825	
	0.293130	
	0.292375	
	0.339912	
	0.313532	
	0.309382	
	0.286362	
	0.256176	
	0.262036	
	0.280959	
	0.402061	
	0.358709	
	0.315963	
	0.291834	
	0.267623	
	0.264379	
	0.270455	
	0.340178	
	0.319976	
	0.330699	
	0.357624	
	0.352504	
	0.360967	
	0.349030	
	0.320104	
	0.361154	
	0.424625	
	0.389425	
	0.252515	
	0.267729	
	0.268893	
	0.241338	
	0.240181	
	0.256454	
	0.248540	
	0.342721	
	0.301329	
	0.333446	
	0.316710	
	0.311985	
	0.377419	
	0.310996	
	0.354349	
	0.290491	
	0.315416	
	0.348746	
	0.351779	
	0.336177	
	0.329474	
	0.335939	
	0.321618	
	0.309417	
	0.264043	
	0.276035	
	0.261473	
	0.303737	
	0.368069	
	0.410217	
	0.258814	
	0.271770	
	0.283701	
	0.274300	
	0.275720	
	0.256953	
	0.315569	
	0.336844	
	0.340597	
	0.302629	
	0.325415	
	0.340208	
	0.366066	
	0.413837	
	0.644933	
	0.607827	
	0.376548	
	0.388749	
	0.420755	
	0.436892	
	0.400862	
	0.375596	
	0.335784	
	0.310295	
	0.346633	
	0.301904	
	0.289648	
	0.358832	
	0.351097	
	0.375380	
	0.422728	
	0.360856	
	0.343073	
	0.344818	
	0.368761	
	0.316653	
	0.336185	
	0.368701	
	0.391938	
	0.467450	
	0.425506	
	0.398683	
	0.371348	
	0.337410	
	0.361902	
	0.420449	
	0.498307	
	0.406005	
	0.391919	
	0.394792	
	0.368212	
	0.386910	
	0.371227	
	0.438961	
	0.342577	
	0.319159	
	0.330038	
	0.308866	
	0.317076	
	0.292388	
	0.299114	
	0.281079	
	0.293002	
	0.328322	
	0.289395	
	0.286979	
	0.281759	
	0.270284	
	0.241825	
	0.225309	
	0.265846	
	0.294218	
	0.310089	
	0.318306	
	0.277733	
	0.270030	
	0.281827	
	0.387367	
	0.365973	
	0.354493	
	0.310093	
	0.267420	
	0.258287	
	0.289020	
	0.285010	
	0.419081	
	0.395747	
	0.417958	
	0.389272	
	0.371047	
	0.366168	
	0.289442	
	0.313965	
	0.388367	
	0.563040	
	0.684469	
	0.688434	
	0.356576	
	0.436092	
	0.422904	
	0.469032	
	0.443986	
	0.409098	
	0.351582	
	0.333979	
	0.307175	
	0.298901	
	0.277659	
	0.331495	
	0.304522	
	0.320947	
	0.303567	
	0.244327	
	0.209959	
	0.208565	
	0.203305	
	0.176479	
	0.218181	
	0.283151	
	0.282198	
	0.297159	
	0.246237	
	0.270951	
	0.249918	
	0.255272	
	0.299217	
	0.279637	
	0.227755	
	0.225468	
	0.228914	
	0.231789	
	0.289410	
	0.268012	
	0.270509	
	0.357275	
	0.348131	
	0.360638	
	0.338817	
	0.304030	
	0.297700	
	0.321979	
	0.343808	
	0.355248	
	0.325900	
	0.355662	
	0.363848	
	0.408738	
	0.378412	
	0.357934	
	0.376831	
	0.476568	
	0.518941	
	0.566265	
	0.503801	
	0.470876	
	0.449460	
	0.357410	
	0.324246	
	0.363949	
	0.380441	
	0.366014	
	0.360600	
	0.426635	
	0.438105	
	0.377903	
	0.406753	
	0.269813	
	0.281012	
	0.301057	
	0.331164	
	0.333001	
	0.283111	
	0.290468	
	0.324142	
	0.376012	
	0.342510	
	0.245265	
	0.242236	
	0.225363	
	0.214381	
	0.206183	
	0.201221	
	0.286005	
	0.298871	
	0.302375	
	0.364854	
	0.286932	
	0.323937	
	0.587977	
	0.608142	
	0.469836	
	0.460907	
	0.486132	
	0.450907	
	0.472877	
	0.436084	
	0.388751	
	0.395313	
	0.397333	
	0.402313	
	0.342085	
	0.301174	
	0.301585	
	0.321705	
	0.362284	
	0.392646	
	0.384335	
	0.398934	
	0.364563	
	0.344508	
	0.343561	
	0.339105	
	0.308955	
	0.247029	
	0.292489	
	0.322648	
	0.342809	
	0.314188	
	0.406924	
	0.468272	
	0.448740	
	0.416107	
	0.401250	
	0.366110	
	0.386551	
	0.360222	
	0.320776	
	0.309375	
	0.365751	
	0.308986	
	0.269494	
	0.297713	
	0.345473	
	0.391077	
	0.404034	
	0.407891	
	0.447329	
	0.427860	
	0.362125	
	0.363305	
	0.361345	
	0.310826	
	0.327334	
	0.298205	
	0.267087	
	0.312145	
	0.350826	
	0.400312	
	0.346423	
	0.333347	
	0.255409	
	0.228938	
	0.271095	
	0.254328	
	0.371522	
	0.635035	
	0.345151	
	0.302815	
	0.307758	
	0.300983	
	0.328133	
	0.355041	
	0.383563	
	0.416150	
	0.385619	
	0.383271	
	0.414343	
	0.401460	
	0.482065	
	0.637348	
	0.719900	
	0.676937	
	0.508096	
	0.411486	
	0.483101	
	0.426877	
	0.405693	
	0.444851	
	0.466823	
	0.509345	
	0.524115	
	0.493392	
	0.478289	
	0.427997	
	0.469805	
	0.553133	
	0.635149	
	0.792231	
	0.698707	
	0.393877	
	0.444820	
	0.476217	
	0.434275	
	0.376476	
	0.414110	
	0.365557	
	0.381349	
	0.370396	
	0.351855	
	0.344374	
	0.316141	
	0.353528	
	0.300620	
	0.317405	
	0.361003	
	0.390481	
	0.416885	
	0.323151	
	0.327802	
	0.309515	
	0.319319	
	0.305103	
	0.307533	
	0.303499	
	0.306909	
	0.314236	
	0.291884	
	0.358399	
	0.325577	
	0.314340	
	0.298460	
	0.290177	
	0.292323	
	0.301866	
	0.259174	
	0.287244	
	0.273510	
	0.283133	
	0.310193	
	0.239361	
	0.249053	
	0.254806	
	0.254573	
	0.204328	
	0.231852	
	0.320228	
	0.299698	
	0.276518	
	0.281335	
	0.241682	
	0.200899	
	0.192018	
	0.477822	
	0.358067	
	0.313524	
	0.243437	
	0.277804	
	0.236247	
	0.204588	
	0.234543	
	0.333271	
	0.665932	
	0.744256	
	0.590262	
	0.491982	
	0.455879	
	0.492103	
	0.486468	
	0.458787	
	0.488167	
	0.366065	
	0.355365	
	0.334071	
	0.326751	
	0.338013	
	0.394307	
	0.691534	
	0.786627	
	0.568103	
	0.513317	
	0.478446	
	0.470951	
	0.477246	
	0.474631	
	0.509552	
	0.514894	
	0.487133	
	0.399007	
	0.381217	
	0.359459	
	0.356879	
	0.377609	
	0.449409	
	0.492321	
	0.561750	
	0.452489	
	0.473906	
	0.471862	
	0.478589	
	0.525660	
	0.545572	
	0.527774	
	0.519077	
	0.439731	
	0.512893	
	0.533359	
	0.593600	
	0.559054	
	0.508791	
	0.473867	
	0.510428	
	0.515800	
	0.571342	
	0.534007	
	0.483355	
	0.410422	
	0.426251	
	0.433136	
	0.506418	
	0.402559	
	0.288839	
	0.334841	
	0.322860	
	0.301948	
	0.353108	
	0.350951	
	0.342422	
	0.344338	
	0.428794	
	0.419394	
	0.456182	
	0.452313	
	0.402440	
	0.456729	
	0.481243	
	0.452036	
	0.403009	
	0.395128	
	0.380558	
	0.326491	
	0.354348	
	0.322046	
	0.376896	
	0.352437	
	0.359108	
	0.363281	
	0.311527	
	0.314942	
	0.316763	
	0.298496	
	0.302634	
	0.349552	
	0.305737	
	0.319831	
	0.421924	
	0.421280	
	0.479479	
	0.450609	
	0.391413	
	0.314705	
	0.386020	
	0.348728	
	0.350341	
	0.307317	
	0.297263	
	0.263591	
	0.238614	
	0.267365	
	0.299786	
	0.330890	
	0.492133	
	0.514644	
	0.571175	
	0.641894	
	0.606583	
	0.583398	
	0.568147	
	0.499538	
	0.619365	
	0.664962	
	0.649489	
	0.621699	
	0.607560	
	0.528516	
	0.515875	
	0.555971	
	0.535406	
	0.412013	
	0.404923	
	0.412706	
	0.377493	
	0.361316	
	0.377686	
	0.454270	
	0.462887	
	0.551293	
	0.521532	
	0.500241	
	0.484606	
	0.487265	
	0.528393	
	0.512510	
	0.488391	
	0.574533	
	0.507341	
	0.493233	
	0.464150	
	0.502354	
	0.440944	
	0.486722	
	0.457704	
	0.494603	
	0.510314	
	0.506473	
	0.442345	
	0.473931	
	0.466793	
	0.527340	
	0.516746	
	0.494435	
	0.405713	
	0.371568	
	0.357973	
	0.385113	
	0.383326	
	0.332799	
	0.316122	
	0.414885	
	0.460343	
	0.396227	
	0.401660	
	0.400867	
	0.454078	
	0.456203	
	0.460248	
	0.430069	
	0.406985	
	0.518358	
	0.599243	
	0.648069	
	0.661445	
	0.624278	
	0.535204	
	0.454169	
	0.502929	
	0.573831	
	0.523256	
	0.469270	
	0.528736	
	0.496559	
	0.547118	
	0.474991	
	0.455981	
	0.510473	
	0.493421	
	0.461868	
	0.533468	
	0.433166	
	0.360617	
	0.361447	
	0.399132	
	0.399553	
	0.361946	
	0.393729	
	0.398029	
	0.423163	
	0.413517	
	0.430193	
	0.395300	
	0.391338	
	0.412391	
	0.393954	
	0.345696	
	0.363170	
	0.382061	
	0.351080	
	0.332521	
	0.337227	
	0.386215	
	0.415209	
	0.365395	
	0.274690	
	0.298616	
	0.285714	
	0.226018	
	0.263601	
	0.260021	
	0.256799	
	0.239727	
	0.224849	
	0.222264	
	0.195508	
	0.215452	
	0.203252	
	0.275434	
	0.350747	
	0.322419	
	0.406929	
	0.325036	
	0.291391	
	0.236201	
	0.219657	
	0.240403	
	0.317573	
	0.343825	
	0.327655	
	0.482678	
	0.517414	
	0.545168	
	0.559286	
	0.589941	
	0.596431	
	0.604310	
	0.636943	
	0.623776	
	0.646713	
	0.584941	
	0.507347	
	0.515654	
	0.502075	
	0.597659	
	0.627663	
	0.574653	
	0.488576	
	0.486694	
	0.465309	
	0.519704	
	0.544516	
	0.570947	
	0.600966	
	0.757483	
	0.442047	
	0.499584	
	0.551250	
	0.562337	
	0.569057	
	0.487440	
	0.512756	
	0.490393	
	0.459181	
	0.496265	
	0.478587	
	0.457736	
	0.418281	
	0.402712	
	0.417947	
	0.442812	
	0.426253	
	0.434609	
	0.386748	
	0.423045	
	0.405456	
	0.343142	
	0.379576	
	0.399831	
	0.379321	
	0.373943	
	0.398007	
	0.412289	
	0.459275	
	0.467668	
	0.438257	
	0.405309	
	0.397735	
	0.426138	
	0.402182	
	0.399424	
	0.354636	
	0.352634	
	0.421028	
	0.404464	
	0.423324	
	0.431164	
	0.397526	
	0.431385	
	0.485316	
	0.485802	
	0.441561	
	0.492391	
	0.538809	
	0.494315	
	0.475732	
	0.456636	
	0.457997	
	0.441931	
	0.404322	
	0.438177	
	0.469221	
	0.465525	
	0.379587	
	0.419977	
	0.432865	
	0.430703	
	0.433036	
	0.509792	
	0.564126	
	0.569639	
	0.528513	
	0.461527	
	0.429835	
	0.396187	
	0.390455	
	0.377924	
	0.422857	
	0.408196	
	0.413826	
	0.363678	
	0.384516	
	0.410101	
	0.383690	
	0.337883	
	0.344479	
	0.359036	
	0.348671	
	0.412879	
	0.439087	
	0.392656	
	0.375587	
	0.387257	
	0.384293	
	0.361050	
	0.447677	
	0.418942	
	0.382436	
	0.352096	
	0.363494	
	0.378757	
	0.379831	
	0.367639	
	0.376162	
	0.438086	
	0.443140	
	0.409974	
	0.382982	
	0.355805	
	0.356607	
	0.389071	
	0.361107	
	0.343096	
	0.372990	
	0.370195	
	0.368054	
	0.348372	
	0.324865	
	0.322735	
	0.357963	
	0.363576	
	0.359506	
	0.360205	
	0.316581	
	0.311334	
	0.308457	
	0.298517	
	0.319837	
	0.319571	
	0.330726	
	0.332794	
	0.337081	
	0.320170	
	0.335751	
	0.321639	
	0.361897	
	0.360369	
	0.396774	
	0.505191	
	0.467779	
	0.451481	
	0.393251	
	0.298591	
	0.320866	
	0.275194	
	0.307225	
	0.348457	
	0.381864	
	0.402417	
	0.470214	
	0.435033	
	0.394160	
	0.372728	
	0.413617	
	0.392513	
	0.357434	
	0.389437	
	0.420146	
	0.389274	
	0.355591	
	0.358561	
	0.343706	
	0.236169	
	0.287351	
	0.297560	
	0.321794	
	0.328167	
	0.342465	
	0.319558	
	0.371736	
	0.527286	
	0.380297	
	0.396988	
	0.394621	
	0.394741	
	0.387224	
	0.429811	
	0.448473	
	0.440707	
	0.408154	
	0.397390	
	0.381310	
	0.439988	
	0.420025	
	0.367541	
	0.382302	
	0.688490	
	0.484512	
	0.381216	
	0.434113	
	0.442869	
	0.432918	
	0.449193	
	0.392182	
	0.370828	
	0.357087	
	0.412075	
	0.387274	
	0.365194	
	0.400343	
	0.413220	
	0.514434	
	0.688338	
	0.730817	
	0.721029	
	0.544579	
	0.514550	
	0.491113	
	0.534984	
	0.453118	
	0.448347	
	0.431976	
	0.422919	
	0.447038	
	0.387986	
	0.344713	
	0.384306	
	0.403966	
	0.465700	
	0.384087	
	0.379260	
	0.498335	
	0.408991	
	0.369620	
	0.424713	
	0.411857	
	0.367027	
	0.384450	
	0.414229	
	0.417419	
	0.362589	
	0.496635	
	0.436720	
	0.481243	
	0.479629	
	0.497780	
	0.458790	
	0.413825	
	0.405240	
	0.396114	
	0.350785	
	0.368111	
	0.449357	
	0.382650	
	0.396832	
	0.393588	
	0.347692	
	0.353996	
	0.448222	
	0.452880	
	0.501428	
	0.491333	
	0.464800	
	0.433510	
	0.479940	
	0.411705	
	0.395657	
	0.469989	
	0.515149	
	0.478094	
	0.484224	
	0.458279	
	0.342341	
	0.494923	
	0.408431	
	0.399647	
	0.406709	
	0.398060	
	0.378079	
	0.330003	
	0.472451	
	0.446326	
	0.482775	
	0.456692	
	0.360785	
	0.369423	
	0.364018	
	0.305850	
	0.306685	
	0.315842	
	0.267754	
	0.324580	
	0.250506	
	0.363071	
	0.413561	
	0.381833	
	0.316212	
	0.371933	
	0.506411	
	0.471888	
	0.465404	
	0.353818	
	0.300625	
	0.269043	
	0.294093	
	0.297817	
	0.370952	
	0.432381	
	0.325193	
	0.280240	
	0.342019	
	0.306703	
	0.294836	
	0.413156	
	0.389884	
	0.341454	
	0.298398	
	0.304315	
	0.306920	
	0.269547	
	0.304630	
	0.427152	
	0.453642	
	0.488853	
	0.352629	
	0.370092	
	0.318986	
	0.335663	
	0.369029	
	0.368387	
	0.393465	
	0.450273	
	0.455921	
	0.425744	
	0.346171	
	0.337336	
	0.409501	
	0.564026	
	0.289021	
	0.353297	
	0.373167	
	0.400349	
	0.334255	
	0.336740	
	0.350803	
	0.369426	
	0.415819	
	0.376568	
	0.364833	
	0.377062	
	0.392828	
	0.417859	
	0.408383	
	0.443365	
	0.457211	
	0.413400	
	0.397017	
	0.406945	
	0.375877	
	0.339345	
	0.417446	
	0.434800	
	0.420616	
	0.380465	
	0.354512	
	0.317542	
	0.285740	
	0.257826	
	0.248699	
	0.422973	
	0.549814	
	0.509597	
	0.552855	
	0.539904	
	0.406041	
	0.418489	
	0.409568	
	0.436594	
	0.367397	
	0.355611	
	0.351525	
	0.351544	
	0.318754	
	0.312426	
	0.330235	
	0.298301	
	0.392441	
	0.356450	
	0.301472	
	0.287276	
	0.328071	
	0.327276	
	0.323146	
	0.331278	
	0.382954	
	0.321746	
	0.303796	
	0.283697	
	0.307741	
	0.398134	
	0.361507	
	0.409600	
	0.372157	
	0.382526	
	0.346767	
	0.370861	
	0.332921	
	0.289237	
	0.435025	
	0.463878	
	0.444921	
	0.267328	
	0.239501	
	0.275875	
	0.221407	
	0.321291	
	0.261903	
	0.245774	
	0.229930	
	0.198177	
	0.187467	
	0.225981	
	0.246638	
	0.439250	
	0.445155	
	0.334312	
	0.267618	
	0.300760	
	0.285852	
	0.301536	
	0.287490	
	0.316903	
	0.416841	
	0.385681	
	0.309299	
	0.306459	
	0.283273	
	0.272745	
	0.363470	
	0.367796	
	0.367065	
	0.235232	
	0.294629	
	0.315848	
	0.335370	
	0.283602	
	0.254774	
	0.293323	
	0.360831	
	0.330162	
	0.341901	
	0.292040	
	0.292234	
	0.307900	
	0.471931	
	0.653582	
	0.520226	
	0.375901	
	0.430907	
	0.436215	
	0.449897	
	0.425135	
	0.501850	
	0.414011	
	0.373415	
	0.380089	
	0.397619	
	0.355354	
	0.431788	
	0.405981	
	0.347947	
	0.441438	
	0.465228	
	0.355014	
	0.370520	
	0.333596	
	0.328433	
	0.361054	
	0.420782	
	0.383301	
	0.394226	
	0.337643	
	0.328140	
	0.336312	
	0.349027	
	0.313750	
	0.417705	
	0.498103	
	0.367385	
	0.372087	
	0.364461	
	0.369045	
	0.416393	
	0.374814	
	0.443937	
	0.440862	
	0.359376	
	0.373410	
	0.323716	
	0.333311	
	0.315484	
	0.382091	
	0.376673	
	0.348778	
	0.322801	
	0.314042	
	0.306766	
	0.267662	
	0.294192	
	0.264621	
	0.297565	
	0.298077	
	0.322433	
	0.315211	
	0.314142	
	0.275524	
	0.255095	
	0.386568	
	0.411934	
	0.294531	
	0.269247	
	0.254074	
	0.225256	
	0.219476	
	0.275216	
	0.403818	
	0.379038	
	0.326819	
	0.281550	
	0.335316	
	0.274444	
	0.225796	
	0.257987	
	0.492670	
	0.613873	
	0.761299	
	0.472669	
	0.423167	
	0.409546	
	0.380046	
	0.357946	
	0.320356	
	0.401041	
	0.286856	
	0.301780	
	0.276083	
	0.256129	
	0.252528	
	0.262645	
	0.351138	
	0.411779	
	0.305633	
	0.273004	
	0.218015	
	0.197115	
	0.191974	
	0.172641	
	0.205671	
	0.335089	
	0.247656	
	0.245356	
	0.279934	
	0.269253	
	0.261425	
	0.219049	
	0.320120	
	0.420396	
	0.246500	
	0.263391	
	0.213266	
	0.206699	
	0.227199	
	0.199886	
	0.278107	
	0.290281	
	0.294419	
	0.293074	
	0.273210	
	0.236281	
	0.231184	
	0.331294	
	0.508160	
	0.310941	
	0.318563	
	0.326042	
	0.337096	
	0.365053	
	0.412372	
	0.381408	
	0.347869	
	0.429538	
	0.488876	
	0.610254	
	0.591860	
	0.539059	
	0.476043	
	0.475272	
	0.411364	
	0.433372	
	0.459118	
	0.437982	
	0.376695	
	0.398611	
	0.446483	
	0.458255	
	0.464395	
	0.315612	
	0.348190	
	0.341460	
	0.372297	
	0.373640	
	0.359631	
	0.347925	
	0.361536	
	0.288567	
	0.330230	
	0.303994	
	0.290100	
	0.244101	
	0.250571	
	0.276693	
	0.210134	
	0.244097	
	0.285702	
	0.261309	
	0.248698	
	0.309468	
	0.288804	
	0.428208	
	0.600183	
	0.678515	
	0.502008	
	0.483853	
	0.494831	
	0.509881	
	0.489029	
	0.465664	
	0.459756	
	0.458079	
	0.387893	
	0.432488	
	0.432511	
	0.368948	
	0.370528	
	0.446670	
	0.380504	
	0.473841	
	0.431237	
	0.377464	
	0.358740	
	0.313964	
	0.301996	
	0.348929	
	0.337319	
	0.288104	
	0.301241	
	0.277290	
	0.352558	
	0.327833	
	0.344910	
	0.398622	
	0.380460	
	0.364434	
	0.411663	
	0.395928	
	0.399752	
	0.373162	
	0.402643	
	0.327061	
	0.377421	
	0.283560	
	0.257520	
	0.263881	
	0.350497	
	0.363627	
	0.387710	
	0.365726	
	0.357520	
	0.344682	
	0.423740	
	0.412989	
	0.396266	
	0.378718	
	0.308880	
	0.347743	
	0.331572	
	0.280968	
	0.325380	
	0.293061	
	0.321886	
	0.302014	
	0.335105	
	0.342918	
	0.304006	
	0.329130	
	0.517235	
	0.603960	
	0.308093	
	0.363321	
	0.335262	
	0.355607	
	0.369586	
	0.424412	
	0.407075	
	0.395534	
	0.430292	
	0.369078	
	0.338000	
	0.519013	
	0.643415	
	0.723762	
	0.712287	
	0.683932	
	0.422841	
	0.478987	
	0.505739	
	0.528279	
	0.491034	
	0.442370	
	0.416242	
	0.447961	
	0.470815	
	0.485616	
	0.505667	
	0.493372	
	0.550735	
	0.588535	
	0.691066	
	0.736847	
	0.409410	
	0.419611	
	0.418986	
	0.392834	
	0.381662	
	0.420407	
	0.362683	
	0.351036	
	0.381151	
	0.368607	
	0.373279	
	0.328185	
	0.324590	
	0.313915	
	0.348142	
	0.397251	
	0.427803	
	0.367170	
	0.317656	
	0.326339	
	0.321107	
	0.307359	
	0.283819	
	0.328202	
	0.266891	
	0.336484	
	0.362135	
	0.313726	
	0.332329	
	0.311676	
	0.290122	
	0.330893	
	0.298201	
	0.309292	
	0.325356	
	0.335800	
	0.312471	
	0.308478	
	0.339798	
	0.302573	
	0.285383	
	0.304945	
	0.314254	
	0.300494	
	0.318511	
	0.310840	
	0.314129	
	0.408777	
	0.355988	
	0.278433	
	0.330057	
	0.314278	
	0.304394	
	0.281947	
	0.271434	
	0.360702	
	0.377476	
	0.367352	
	0.340885	
	0.298828	
	0.280867	
	0.346901	
	0.404801	
	0.452855	
	0.492639	
	0.599034	
	0.592279	
	0.611863	
	0.565607	
	0.545687	
	0.516405	
	0.508930	
	0.569733	
	0.594219	
	0.629122	
	0.627662	
	0.536447	
	0.485892	
	0.508726	
	0.490281	
	0.705785	
	0.693571	
	0.676781	
	0.674962	
	0.623680	
	0.570280	
	0.573872	
	0.623933	
	0.550574	
	0.683692	
	0.649978	
	0.644141	
	0.691542	
	0.692059	
	0.721794	
	0.724402	
	0.671807	
	0.683454	
	0.677934	
	0.707768	
	0.673951	
	0.722259	
	0.674609	
	0.696469	
	0.604306	
	0.592009	
	0.555946	
	0.521990	
	0.455483	
	0.469978	
	0.434169	
	0.462243	
	0.502941	
	0.588241	
	0.540473	
	0.527131	
	0.478474	
	0.454850	
	0.398068	
	0.397472	
	0.421225	
	0.456471	
	0.434073	
	0.516988	
	0.620398	
	0.478743	
	0.410796	
	0.365029	
	0.390658	
	0.446473	
	0.656121	
	0.690852	
	0.668281	
	0.628199	
	0.633837	
	0.613274	
	0.574091	
	0.599034	
	0.601362	
	0.626116	
	0.602611	
	0.595880	
	0.502057	
	0.475879	
	0.513246	
	0.623866	
	0.601824	
	0.548894	
	0.624732	
	0.585526	
	0.525470	
	0.481583	
	0.479602	
	0.592926	
	0.762346	
	0.722704	
	0.683413	
	0.691348	
	0.734176	
	0.732948	
	0.698799	
	0.694566	
	0.689890	
	0.652475	
	0.643238	
	0.700961	
	0.692313	
	0.640643	
	0.555075	
	0.628438	
	0.636416	
	0.528034	
	0.542616	
	0.503140	
	0.474584	
	0.458315	
	0.449744	
	0.479631	
	0.610835	
	0.464341	
	0.553247	
	0.483081	
	0.440449	
	0.407254	
	0.382802	
	0.355260	
	0.435368	
	0.605284	
	0.560573	
	0.564054	
	0.610151	
	0.662729	
	0.637597	
	0.560775	
	0.511763	
	0.512436	
	0.519031	
	0.675584	
	0.654544	
	0.699796	
	0.722862	
	0.733428	
	0.728739	
	0.676909	
	0.713092	
	0.610923	
	0.651643	
	0.732369	
	0.765374	
	0.753253	
	0.743618	
	0.739961	
	0.693035	
	0.587893	
	0.584504	
	0.631966	
	0.590765	
	0.552243	
	0.561356	
	0.592870	
	0.615058	
	0.577332	
	0.567591	
	0.625166	
	0.602150	
	0.631125	
	0.644521	
	0.670499	
	0.581416	
	0.502452	
	0.593898	
	0.744292	
	0.717849	
	0.723332	
	0.733743	
	0.764385	
	0.750164	
	0.695353	
	0.699545	
	0.695304	
	0.670391	
	0.684378	
	0.712201	
	0.733869	
	0.729358	
	0.760695	
	0.703755	
	0.703835	
	0.662319	
	0.661576	
	0.665480	
	0.669099	
	0.649212	
	0.669353	
	0.694621	
	0.675778	
	0.659997	
	0.651499	
	0.633932	
	0.705685	
	0.659458	
	0.686927	
	0.661253	
	0.555189	
	0.607710	
	0.624068	
	0.588692	
	0.570029	
	0.544624	
	0.515952	
	0.535810	
	0.566498	
	0.562392	
	0.599335	
	0.702086	
	0.654876	
	0.684640	
	0.666220	
	0.720378	
	0.745055	
	0.702406	
	0.703935	
	0.705377	
	0.716909	
	0.652225	
	0.683613	
	0.716295	
	0.713937	
	0.733481	
	0.649501	
	0.593878	
	0.638908	
	0.654420	
	0.621712	
	0.665548	
	0.683540	
	0.664273	
	0.667865	
	0.638661	
	0.638097	
	0.706277	
	0.785518	
	0.751900	
	0.785134	
	0.803808	
	0.777870	
	0.774681	
	0.543235	
	0.715484	
	0.700333	
	0.688314	
	0.693731	
	0.694824	
	0.706443	
	0.654052	
	0.551678	
	0.644851	
	0.692706	
	0.613122	
	0.593426	
	0.526226	
	0.569106	
	0.508193	
	0.537731	
	0.586549	
	0.638567	
	0.681763	
	0.732116	
	0.701932	
	0.689536	
	0.550817	
	0.521666	
	0.625559	
	0.564806	
	0.346869	
	0.409491	
	0.374537	
	0.318323	
	0.280377	
	0.273959	
	0.236466	
	0.319545	
	0.359985	
	0.380468	
	0.344299	
	0.338189	
	0.347616	
	0.384631	
	0.326903	
	0.407458	
	0.433459	
	0.476615	
	0.488545	
	0.403967	
	0.298434	
	0.273953	
	0.333948	
	0.332327	
	0.391846	
	0.287248	
	0.356906	
	0.406978	
	0.379395	
	0.346702	
	0.316966	
	0.326576	
	0.350516	
	0.359798	
	0.342378	
	0.315509	
	0.359648	
	0.312048	
	0.300889	
	0.343159	
	0.426632	
	0.415073	
	0.356466	
	0.302381	
	0.307278	
	0.357015	
	0.393578	
	0.383748	
	0.477638	
	0.484344	
	0.427691	
	0.401309	
	0.322784	
	0.366911	
	0.339366	
	0.473380	
	0.504299	
	0.391471	
	0.398957	
	0.412356	
	0.376279	
	0.392330	
	0.389630	
	0.412000	
	0.429624	
	0.425298	
	0.385273	
	0.373442	
	0.392193	
	0.394594	
	0.436617	
	0.468941	
	0.485747	
	0.464470	
	0.471727	
	0.450470	
	0.446979	
	0.388361	
	0.383421	
	0.443827	
	0.446903	
	0.439263	
	0.405627	
	0.349423	
	0.293321	
	0.306108	
	0.317596	
	0.461356	
	0.538280	
	0.546456	
	0.552964	
	0.402531	
	0.439259	
	0.417187	
	0.394706	
	0.397654	
	0.416458	
	0.405352	
	0.348326	
	0.328090	
	0.323405	
	0.266244	
	0.261032	
	0.313554	
	0.270286	
	0.325918	
	0.308814	
	0.275982	
	0.243213	
	0.249792	
	0.276963	
	0.356257	
	0.366398	
	0.340893	
	0.329328	
	0.228276	
	0.239248	
	0.256108	
	0.310488	
	0.371010	
	0.329494	
	0.347924	
	0.363524	
	0.330305	
	0.288301	
	0.303966	
	0.310908	
	0.419992	
	0.529429	
	0.393806	
	0.319518	
	0.335775	
	0.303671	
	0.330215	
	0.303649	
	0.280359	
	0.317956	
	0.297532	
	0.343246	
	0.358311	
	0.342344	
	0.285097	
	0.323362	
	0.346377	
	0.326134	
	0.336517	
	0.318952	
	0.294655	
	0.276882	
	0.267022	
	0.270710	
	0.302586	
	0.385287	
	0.382967	
	0.290846	
	0.349449	
	0.321661	
	0.339463	
	0.390613	
	0.291936	
	0.302910	
	0.312738	
	0.304296	
	0.286614	
	0.254559	
	0.237181	
	0.238085	
	0.297348	
	0.378590	
	0.363902	
	0.403119	
	0.306386	
	0.345677	
	0.650620	
	0.634751	
	0.444735	
	0.392342	
	0.411486	
	0.417159	
	0.415265	
	0.441508	
	0.443473	
	0.469119	
	0.434354	
	0.388218	
	0.348630	
	0.409886	
	0.458701	
	0.433251	
	0.440874	
	0.469012	
	0.431424	
	0.376936	
	0.411287	
	0.374326	
	0.384177	
	0.397782	
	0.425577	
	0.440608	
	0.459688	
	0.510239	
	0.464270	
	0.437545	
	0.445567	
	0.394977	
	0.367856	
	0.446229	
	0.495670	
	0.400617	
	0.393826	
	0.386640	
	0.435882	
	0.418497	
	0.462540	
	0.446806	
	0.459896	
	0.346122	
	0.351412	
	0.285569	
	0.357477	
	0.352452	
	0.377353	
	0.339317	
	0.344205	
	0.305114	
	0.316175	
	0.274239	
	0.278035	
	0.280522	
	0.264533	
	0.263295	
	0.304284	
	0.327288	
	0.309203	
	0.300532	
	0.283120	
	0.307491	
	0.331661	
	0.414721	
	0.422982	
	0.377780	
	0.324724	
	0.277497	
	0.259002	
	0.293660	
	0.337955	
	0.381452	
	0.386244	
	0.343655	
	0.309497	
	0.280689	
	0.345590	
	0.425726	
	0.717996	
	0.680155	
	0.713759	
	0.519708	
	0.446229	
	0.418124	
	0.384655	
	0.389996	
	0.410262	
	0.336425	
	0.332786	
	0.314172	
	0.303047	
	0.304521	
	0.279466	
	0.304135	
	0.280546	
	0.312296	
	0.364856	
	0.342802	
	0.285672	
	0.269173	
	0.236731	
	0.211707	
	0.192857	
	0.231904	
	0.287511	
	0.343584	
	0.305239	
	0.287861	
	0.316066	
	0.348519	
	0.302781	
	0.296031	
	0.370267	
	0.398244	
	0.323195	
	0.280931	
	0.263719	
	0.277430	
	0.265314	
	0.266174	
	0.352193	
	0.286012	
	0.310647	
	0.333366	
	0.266571	
	0.293244	
	0.319749	
	0.294013	
	0.312496	
	0.355691	
	0.332955	
	0.327233	
	0.346884	
	0.367752	
	0.339173	
	0.398007	
	0.351889	
	0.461047	
	0.633035	
	0.546127	
	0.506031	
	0.464113	
	0.414384	
	0.379969	
	0.377060	
	0.370726	
	0.370369	
	0.410221	
	0.355846	
	0.357372	
	0.383008	
	0.338220	
	0.445991	
	0.347388	
	0.357783	
	0.352649	
	0.315345	
	0.379066	
	0.321435	
	0.307257	
	0.349005	
	0.373714	
	0.329874	
	0.242160	
	0.264071	
	0.231954	
	0.257174	
	0.227494	
	0.250460	
	0.297232	
	0.273329	
	0.229261	
	0.261204	
	0.292234	
	0.280857	
	0.400840	
	0.564702	
	0.503308	
	0.427011	
	0.375408	
	0.394976	
	0.397469	
	0.395371	
	0.381593	
	0.436712	
	0.460849	
	0.414090	
	0.410876	
	0.409002	
	0.420214	
	0.422680	
	0.419478	
	0.414262	
	0.418314	
	0.383207	
	0.343490	
	0.333573	
	0.313125	
	0.363024	
	0.343156	
	0.324662	
	0.289825	
	0.332164	
	0.357036	
	0.264569	
	0.278747	
	0.353759	
	0.467566	
	0.325494	
	0.365087	
	0.383338	
	0.353919	
	0.340187	
	0.384806	
	0.360162	
	0.372964	
	0.373518	
	0.397337	
	0.363076	
	0.338489	
	0.399971	
	0.392191	
	0.403491	
	0.399372	
	0.460516	
	0.424910	
	0.416829	
	0.424515	
	0.424677	
	0.438086	
	0.369214	
	0.387710	
	0.320693	
	0.329426	
	0.312892	
	0.344359	
	0.311921	
	0.330159	
	0.338343	
	0.331459	
	0.330624	
	0.695889	
	0.523182	
	0.466869	
	0.480131	
	0.444869	
	0.463893	
	0.489057	
	0.398879	
	0.443181	
	0.346608	
	0.352837	
	0.426612	
	0.462862	
	0.595622	
	0.743038	
	0.772830	
	0.819674	
	0.673941	
	0.605674	
	0.563014	
	0.545088	
	0.499965	
	0.492126	
	0.508935	
	0.514299	
	0.487095	
	0.560456	
	0.546335	
	0.500129	
	0.493375	
	0.463173	
	0.553596	
	0.712492	
	0.782725	
	0.506005	
	0.486829	
	0.454361	
	0.403954	
	0.394346	
	0.367778	
	0.373356	
	0.344241	
	0.354049	
	0.343542	
	0.302539	
	0.331203	
	0.355858	
	0.360756	
	0.342750	
	0.359371	
	0.343076	
	0.336573	
	0.366965	
	0.383500	
	0.332032	
	0.367958	
	0.421878	
	0.404302	
	0.391169	
	0.389341	
	0.362273	
	0.383190	
	0.362212	
	0.342698	
	0.352890	
	0.332166	
	0.348514	
	0.327575	
	0.342891	
	0.313175	
	0.301851	
	0.296834	
	0.273681	
	0.336389	
	0.316212	
	0.281025	
	0.300930	
	0.335898	
	0.411929	
	0.343222	
	0.352985	
	0.331562	
	0.333109	
	0.327869	
	0.350721	
	0.392395	
	0.387707	
	0.351836	
	0.349386	
	0.381138	
	0.307771	
	0.286146	
	0.307467	
	0.519766	
	0.373475	
	0.287745	
	0.246747	
	0.224254	
	0.250213	
	0.257319	
	0.246190	
	0.249296	
	0.455785	
	0.420351	
	0.297801	
	0.273917	
	0.216331	
	0.192162	
	0.183879	
	0.166055	
	0.214054	
	0.246904	
	0.249046	
	0.229679	
	0.240629	
	0.268619	
	0.237606	
	0.211940	
	0.462498	
	0.482234	
	0.497758	
	0.448382	
	0.429802	
	0.375075	
	0.331225	
	0.263872	
	0.332388	
	0.434986	
	0.383138	
	0.358179	
	0.268147	
	0.304660	
	0.318692	
	0.339447	
	0.370352	
	0.359392	
	0.319838	
	0.279784	
	0.274652	
	0.271984	
	0.257499	
	0.249957	
	0.304795	
	0.415301	
	0.493971	
	0.428316	
	0.332359	
	0.367155	
	0.336390	
	0.355356	
	0.388576	
	0.400784	
	0.405496	
	0.432818	
	0.374364	
	0.362911	
	0.338080	
	0.494864	
	0.405229	
	0.352205	
	0.393931	
	0.421065	
	0.377267	
	0.389348	
	0.366503	
	0.367874	
	0.426778	
	0.417315	
	0.358840	
	0.405943	
	0.398692	
	0.425348	
	0.437923	
	0.511479	
	0.479629	
	0.459059	
	0.505028	
	0.464559	
	0.437774	
	0.429100	
	0.404281	
	0.397641	
	0.399187	
	0.461242	
	0.419264	
	0.344642	
	0.330815	
	0.295477	
	0.297567	
	0.325093	
	0.449224	
	0.556160	
	0.538285	
	0.564976	
	0.474200	
	0.450424	
	0.424921	
	0.393283	
	0.357342	
	0.389425	
	0.366009	
	0.342035	
	0.339619	
	0.328787	
	0.344961	
	0.306499	
	0.299940	
	0.326601	
	0.347147	
	0.370593	
	0.310956	
	0.314081	
	0.317026	
	0.321397	
	0.319913	
	0.384803	
	0.561113	
	0.508742	
	0.417201	
	0.367479	
	0.356814	
	0.356482	
	0.464865	
	0.395415	
	0.402066	
	0.380439	
	0.380582	
	0.336217	
	0.324422	
	0.310950	
	0.419066	
	0.510000	
	0.588447	
	0.338969	
	0.317643	
	0.337434	
	0.306964	
	0.320861	
	0.290588	
	0.252134	
	0.286636	
	0.265973	
	0.242896	
	0.247551	
	0.307157	
	0.213147	
	0.316139	
	0.433096	
	0.347595	
	0.353710	
	0.317970	
	0.281122	
	0.317541	
	0.239410	
	0.266340	
	0.234384	
	0.327542	
	0.270832	
	0.260462	
	0.331499	
	0.325319	
	0.281154	
	0.448290	
	0.278881	
	0.294274	
	0.299019	
	0.289446	
	0.279847	
	0.241250	
	0.224679	
	0.269474	
	0.382682	
	0.399079	
	0.440177	
	0.352870	
	0.381681	
	0.478818	
	0.619576	
	0.625345	
	0.445384	
	0.436600	
	0.457658	
	0.448243	
	0.413045	
	0.432404	
	0.397545	
	0.482302	
	0.367046	
	0.372334	
	0.336247	
	0.316886	
	0.416146	
	0.390828	
	0.405836	
	0.326170	
	0.354933	
	0.343476	
	0.346051	
	0.391416	
	0.366772	
	0.392104	
	0.429227	
	0.451799	
	0.400421	
	0.442205	
	0.393716	
	0.428253	
	0.435457	
	0.424326	
	0.404485	
	0.452029	
	0.454332	
	0.466148	
	0.504735	
	0.472435	
	0.475128	
	0.482650	
	0.474775	
	0.415707	
	0.448674	
	0.350903	
	0.362630	
	0.348267	
	0.325759	
	0.351878	
	0.337620	
	0.314246	
	0.350496	
	0.360003	
	0.299178	
	0.282089	
	0.313522	
	0.250901	
	0.234952	
	0.241241	
	0.307653	
	0.340017	
	0.414459	
	0.357797	
	0.339035	
	0.304647	
	0.380805	
	0.369811	
	0.485424	
	0.420792	
	0.439838	
	0.355615	
	0.354710	
	0.393105	
	0.408156	
	0.416117	
	0.398756	
	0.466970	
	0.421034	
	0.375156	
	0.408384	
	0.290178	
	0.320634	
	0.567635	
	0.714929	
	0.772465	
	0.431473	
	0.446126	
	0.453414	
	0.483349	
	0.486450	
	0.473158	
	0.406227	
	0.364839	
	0.344340	
	0.314508	
	0.335247	
	0.283066	
	0.319052	
	0.358150	
	0.372572	
	0.381396	
	0.328862	
	0.263248	
	0.228718	
	0.218181	
	0.184116	
	0.195904	
	0.283438	
	0.274904	
	0.274246	
	0.278367	
	0.292632	
	0.271583	
	0.273597	
	0.303944	
	0.343311	
	0.280614	
	0.222993	
	0.220724	
	0.209554	
	0.215685	
	0.235432	
	0.282073	
	0.252115	
	0.359302	
	0.361714	
	0.390932	
	0.436954	
	0.404589	
	0.278486	
	0.280574	
	0.333473	
	0.397719	
	0.370971	
	0.365619	
	0.373361	
	0.391713	
	0.316741	
	0.352719	
	0.509676	
	0.701145	
	0.589661	
	0.531725	
	0.516516	
	0.452335	
	0.425014	
	0.398008	
	0.337533	
	0.415861	
	0.379099	
	0.357003	
	0.396492	
	0.464335	
	0.397569	
	0.428797	
	0.280884	
	0.344724	
	0.380869	
	0.346329	
	0.333617	
	0.309432	
	0.287174	
	0.286207	
	0.317093	
	0.335512	
	0.293945	
	0.296467	
	0.280338	
	0.242147	
	0.233790	
	0.197115	
	0.175594	
	0.306501	
	0.325291	
	0.313269	
	0.301907	
	0.338871	
	0.344466	
	0.652249	
	0.668749	
	0.492422	
	0.448187	
	0.447748	
	0.446898	
	0.482246	
	0.522516	
	0.435185	
	0.518018	
	0.459984	
	0.476804	
	0.468355	
	0.472394	
	0.455660	
	0.480368	
	0.391771	
	0.400585	
	0.420746	
	0.367990	
	0.331471	
	0.311781	
	0.333719	
	0.324418	
	0.313615	
	0.267833	
	0.266632	
	0.288576	
	0.277751	
	0.262609	
	0.264924	
	0.335532	
	0.405082	
	0.297047	
	0.322225	
	0.331231	
	0.320301	
	0.295837	
	0.313715	
	0.338205	
	0.331800	
	0.356895	
	0.238865	
	0.224890	
	0.260601	
	0.328215	
	0.322839	
	0.356158	
	0.401128	
	0.371144	
	0.386064	
	0.367694	
	0.369125	
	0.369052	
	0.367266	
	0.337448	
	0.322174	
	0.261028	
	0.314604	
	0.304542	
	0.340471	
	0.353548	
	0.335912	
	0.314374	
	0.312859	
	0.356616	
	0.317709	
	0.303141	
	0.558890	
	0.542640	
	0.309620	
	0.334879	
	0.340180	
	0.336599	
	0.351646	
	0.348598	
	0.399055	
	0.404210	
	0.369994	
	0.406245	
	0.395440	
	0.398092	
	0.412043	
	0.583621	
	0.704968	
	0.721165	
	0.660832	
	0.418386	
	0.472107	
	0.461488	
	0.484616	
	0.468104	
	0.426656	
	0.440313	
	0.451210	
	0.448811	
	0.488274	
	0.471700	
	0.403784	
	0.478942	
	0.506296	
	0.429540	
	0.596194	
	0.537865	
	0.412484	
	0.365094	
	0.346363	
	0.365148	
	0.383175	
	0.393177	
	0.351737	
	0.354782	
	0.353368	
	0.406170	
	0.389051	
	0.410194	
	0.381922	
	0.398932	
	0.403198	
	0.395257	
	0.453200	
	0.395667	
	0.372023	
	0.386737	
	0.381892	
	0.336941	
	0.361083	
	0.340975	
	0.304779	
	0.372630	
	0.336111	
	0.315717	
	0.328113	
	0.391194	
	0.295747	
	0.241180	
	0.282538	
	0.280843	
	0.272118	
	0.295041	
	0.277322	
	0.365953	
	0.259263	
	0.270898	
	0.292443	
	0.272751	
	0.274272	
	0.293299	
	0.308328	
	0.299750	
	0.441736	
	0.436384	
	0.340142	
	0.464635	
	0.447136	
	0.333161	
	0.380587	
	0.386129	
	0.485949	
	0.409240	
	0.371361	
	0.300272	
	0.293026	
	0.268615	
	0.329740	
	0.598855	
	0.820281	
	0.793700	
	0.546089	
	0.601530	
	0.545266	
	0.568998	
	0.528476	
	0.522876	
	0.448152	
	0.398274	
	0.413411	
	0.377726	
	0.383795	
	0.399672	
	0.418299	
	0.553189	
	0.768717	
	0.661307	
	0.500763	
	0.474333	
	0.469033	
	0.422023	
	0.438000	
	0.463218	
	0.468660	
	0.415589	
	0.413321	
	0.452092	
	0.458973	
	0.452345	
	0.469010	
	0.482297	
	0.544940	
	0.550472	
	0.505912	
	0.472584	
	0.495163	
	0.506374	
	0.520599	
	0.532100	
	0.557472	
	0.573482	
	0.526422	
	0.534267	
	0.521112	
	0.522495	
	0.521164	
	0.524441	
	0.539491	
	0.557688	
	0.521307	
	0.567758	
	0.525150	
	0.423032	
	0.384414	
	0.362182	
	0.411045	
	0.471838	
	0.509811	
	0.401363	
	0.320463	
	0.370072	
	0.324384	
	0.327600	
	0.315270	
	0.319524	
	0.374825	
	0.386741	
	0.407993	
	0.474834	
	0.456674	
	0.455641	
	0.497319	
	0.453196	
	0.412655	
	0.446416	
	0.439415	
	0.403446	
	0.396357	
	0.404718	
	0.375534	
	0.404731	
	0.375297	
	0.376245	
	0.419730	
	0.387007	
	0.415280	
	0.351659	
	0.354653	
	0.387520	
	0.313949	
	0.351153	
	0.354927	
	0.390399	
	0.489680	
	0.512186	
	0.531894	
	0.584658	
	0.508098	
	0.503684	
	0.536079	
	0.561572	
	0.555827	
	0.569903	
	0.531410	
	0.531959	
	0.449481	
	0.429770	
	0.425717	
	0.394869	
	0.574926	
	0.576416	
	0.571092	
	0.579077	
	0.602356	
	0.537277	
	0.552675	
	0.493615	
	0.555534	
	0.558471	
	0.590400	
	0.567794	
	0.582963	
	0.606799	
	0.580905	
	0.598353	
	0.672028	
	0.488208	
	0.435954	
	0.375236	
	0.346508	
	0.345084	
	0.303693	
	0.351584	
	0.512005	
	0.484909	
	0.434790	
	0.443990	
	0.485067	
	0.488610	
	0.529601	
	0.507775	
	0.506318	
	0.543077	
	0.580466	
	0.530676	
	0.473195	
	0.463231	
	0.519617	
	0.473707	
	0.470195	
	0.425432	
	0.499013	
	0.515348	
	0.437788	
	0.416630	
	0.439492	
	0.445233	
	0.425912	
	0.435383	
	0.455032	
	0.386492	
	0.337382	
	0.333029	
	0.349121	
	0.375909	
	0.351273	
	0.332775	
	0.395363	
	0.411330	
	0.361009	
	0.384933	
	0.423221	
	0.448015	
	0.467247	
	0.468300	
	0.408391	
	0.398783	
	0.499001	
	0.580851	
	0.664939	
	0.655127	
	0.617426	
	0.623528	
	0.519055	
	0.516070	
	0.495449	
	0.428607	
	0.436191	
	0.453297	
	0.469738	
	0.450976	
	0.516358	
	0.455095	
	0.480095	
	0.467325	
	0.435217	
	0.496144	
	0.455965	
	0.423983	
	0.372889	
	0.372681	
	0.388782	
	0.380532	
	0.413503	
	0.381820	
	0.424121	
	0.402668	
	0.461439	
	0.436044	
	0.443922	
	0.423635	
	0.443427	
	0.384825	
	0.314915	
	0.326916	
	0.328583	
	0.306112	
	0.323493	
	0.317567	
	0.343839	
	0.332896	
	0.308119	
	0.271922	
	0.254905	
	0.260948	
	0.254951	
	0.280736	
	0.230196	
	0.247071	
	0.338359	
	0.406201	
	0.245292	
	0.265186	
	0.253661	
	0.366563	
	0.457880	
	0.454359	
	0.376338	
	0.353442	
	0.412197	
	0.291090	
	0.233118	
	0.228832	
	0.311893	
	0.381053	
	0.453607	
	0.567481	
	0.601179	
	0.516813	
	0.455381	
	0.464504	
	0.535609	
	0.554796	
	0.663766	
	0.559824	
	0.398707	
	0.496595	
	0.499039	
	0.462330	
	0.509810	
	0.509708	
	0.497054	
	0.509484	
	0.629505	
	0.584675	
	0.536944	
	0.451270	
	0.560624	
	0.726301	
	0.569044	
	0.508189	
	0.533990	
	0.536504	
	0.509012	
	0.487935	
	0.504797	
	0.543651	
	0.513326	
	0.497320	
	0.439765	
	0.425423	
	0.506509	
	0.456244	
	0.473012	
	0.469996	
	0.467786	
	0.469394	
	0.434109	
	0.480029	
	0.461832	
	0.412451	
	0.400400	
	0.377900	
	0.403882	
	0.384781	
	0.426403	
	0.418891	
	0.491052	
	0.561621	
	0.450710	
	0.452081	
	0.412923	
	0.451298	
	0.389343	
	0.390280	
	0.405891	
	0.397166	
	0.420823	
	0.425182	
	0.424762	
	0.380476	
	0.397137	
	0.412820	
	0.431595	
	0.511732	
	0.531016	
	0.461309	
	0.505896	
	0.435452	
	0.421732	
	0.489827	
	0.484460	
	0.493303	
	0.378607	
	0.369092	
	0.479125	
	0.460154	
	0.447826	
	0.480738	
	0.458278	
	0.633763	
	0.554278	
	0.454347	
	0.497995	
	0.474010	
	0.436646	
	0.412737	
	0.447711	
	0.440881	
	0.386586	
	0.403364	
	0.435183	
	0.412149	
	0.364996	
	0.409968	
	0.410773	
	0.409289	
	0.436605	
	0.420595	
	0.396643	
	0.382049	
	0.392800	
	0.372909	
	0.458324	
	0.454045	
	0.431861	
	0.439149	
	0.410527	
	0.410455	
	0.401458	
	0.420333	
	0.392587	
	0.370367	
	0.411208	
	0.437119	
	0.454244	
	0.455031	
	0.421331	
	0.433761	
	0.431375	
	0.367964	
	0.398070	
	0.381299	
	0.358689	
	0.377160	
	0.370087	
	0.369537	
	0.391500	
	0.376541	
	0.412667	
	0.354054	
	0.370572	
	0.370674	
	0.382245	
	0.366152	
	0.401991	
	0.386933	
	0.387779	
	0.385377	
	0.380499	
	0.343133	
	0.381077	
	0.382202	
	0.340858	
	0.356545	
	0.453010	
	0.426239	
	0.574065	
	0.482050	
	0.461387	
	0.401794	
	0.341198	
	0.330340	
	0.310196	
	0.350266	
	0.459016	
	0.480064	
	0.443247	
	0.404218	
	0.384218	
	0.440939	
	0.378802	
	0.399923	
	0.394615	
	0.357274	
	0.318197	
	0.384085	
	0.346645	
	0.363560	
	0.339562	
	0.311039	
	0.309807	
	0.263465	
	0.292136	
	0.330752	
	0.355179	
	0.328110	
	0.273994	
	0.273907	
	0.358554	
	0.344724	
	0.392963	
	0.434623	
	0.412604	
	0.391829	
	0.431802	
	0.451643	
	0.413652	
	0.411616	
	0.386267	
	0.377716	
	0.436601	
	0.450762	
	0.374805	
	0.395750	
	0.458900	
	0.605157	
	0.385580	
	0.409010	
	0.413278	
	0.421221	
	0.376292	
	0.425752	
	0.441512	
	0.431315	
	0.420726	
	0.408289	
	0.400228	
	0.386174	
	0.493584	
	0.483691	
	0.647398	
	0.680628	
	0.777498	
	0.707717	
	0.518605	
	0.585444	
	0.553182	
	0.502645	
	0.513064	
	0.475171	
	0.456682	
	0.459906	
	0.475546	
	0.394558	
	0.389101	
	0.423237	
	0.460133	
	0.433368	
	0.411516	
	0.437663	
	0.403347	
	0.370451	
	0.397647	
	0.358897	
	0.357713	
	0.370724	
	0.385527	
	0.375399	
	0.381189	
	0.364948	
	0.439436	
	0.508504	
	0.495357	
	0.506281	
	0.515193	
	0.430004	
	0.383875	
	0.366330	
	0.394679	
	0.351925	
	0.343544	
	0.374147	
	0.372933	
	0.324967	
	0.328499	
	0.379997	
	0.408287	
	0.502746	
	0.490530	
	0.522045	
	0.503921	
	0.427414	
	0.431441	
	0.397972	
	0.385647	
	0.548420	
	0.512684	
	0.498210	
	0.478855	
	0.391751	
	0.368680	
	0.407552	
	0.379229	
	0.377549	
	0.376220	
	0.331192	
	0.358719	
	0.420927	
	0.371994	
	0.454179	
	0.457692	
	0.346116	
	0.320340	
	0.295444	
	0.260956	
	0.277805	
	0.352152	
	0.324236	
	0.304744	
	0.274190	
	0.233851	
	0.223680	
	0.234981	
	0.301363	
	0.430699	
	0.516221	
	0.427788	
	0.449021	
	0.447156	
	0.337130	
	0.400426	
	0.380437	
	0.353842	
	0.407998	
	0.418719	
	0.351931	
	0.345087	
	0.354236	
	0.348446	
	0.341885	
	0.394683	
	0.325719	
	0.300907	
	0.280080	
	0.336085	
	0.262294	
	0.267817	
	0.306092	
	0.335756	
	0.457711	
	0.480960	
	0.386116	
	0.385830	
	0.382159	
	0.379940	
	0.416129	
	0.394925	
	0.530497	
	0.455074	
	0.389964	
	0.383270	
	0.328360	
	0.304380	
	0.343102	
	0.494966	
	0.365858	
	0.391537	
	0.427964	
	0.394685	
	0.361428	
	0.409895	
	0.342607	
	0.428294	
	0.405661	
	0.415645	
	0.377470	
	0.388969	
	0.419549	
	0.439921	
	0.451010	
	0.506166	
	0.516952	
	0.517084	
	0.461935	
	0.426341	
	0.446837	
	0.432656	
	0.440556	
	0.414133	
	0.478075	
	0.464171	
	0.375976	
	0.374553	
	0.334973	
	0.310292	
	0.364453	
	0.491828	
	0.529573	
	0.571162	
	0.625229	
	0.544549	
	0.438323	
	0.482556	
	0.430436	
	0.382943	
	0.408635	
	0.371551	
	0.357760	
	0.379305	
	0.292595	
	0.272910	
	0.300697	
	0.308478	
	0.323847	
	0.382903	
	0.349395	
	0.323224	
	0.285697	
	0.293256	
	0.258477	
	0.303769	
	0.400812	
	0.445410	
	0.529245	
	0.452950	
	0.430529	
	0.391406	
	0.399760	
	0.458279	
	0.455400	
	0.364239	
	0.464518	
	0.425315	
	0.427644	
	0.395846	
	0.380241	
	0.351104	
	0.352187	
	0.506140	
	0.353414	
	0.317422	
	0.318162	
	0.279773	
	0.261706	
	0.212547	
	0.243550	
	0.251901	
	0.308735	
	0.298248	
	0.272841	
	0.245953	
	0.281850	
	0.248738	
	0.370233	
	0.373372	
	0.333872	
	0.325987	
	0.333609	
	0.291215	
	0.293601	
	0.309360	
	0.279076	
	0.259943	
	0.289028	
	0.298654	
	0.295714	
	0.332149	
	0.390526	
	0.370777	
	0.455461	
	0.269155	
	0.348442	
	0.317822	
	0.322213	
	0.288822	
	0.259754	
	0.229017	
	0.245485	
	0.284191	
	0.367331	
	0.405656	
	0.382395	
	0.398742	
	0.530418	
	0.664732	
	0.547567	
	0.410264	
	0.416548	
	0.407230	
	0.407039	
	0.450775	
	0.452545	
	0.494477	
	0.559702	
	0.440672	
	0.436944	
	0.370238	
	0.408796	
	0.466744	
	0.458046	
	0.428832	
	0.399836	
	0.419057	
	0.416528	
	0.369210	
	0.383199	
	0.386188	
	0.404721	
	0.405694	
	0.428109	
	0.451222	
	0.436734	
	0.459579	
	0.390569	
	0.398230	
	0.402416	
	0.391103	
	0.404791	
	0.503962	
	0.496292	
	0.473597	
	0.430648	
	0.418040	
	0.413940	
	0.391043	
	0.393931	
	0.368564	
	0.371368	
	0.375832	
	0.359214	
	0.356049	
	0.375825	
	0.390181	
	0.402911	
	0.368439	
	0.309046	
	0.294366	
	0.294175	
	0.319958	
	0.298104	
	0.303552	
	0.248670	
	0.293956	
	0.320676	
	0.292417	
	0.361600	
	0.342952	
	0.338365	
	0.333924	
	0.382452	
	0.461009	
	0.515247	
	0.458181	
	0.415791	
	0.395474	
	0.378374	
	0.393584	
	0.392889	
	0.395633	
	0.402419	
	0.432899	
	0.411860	
	0.358165	
	0.316387	
	0.314063	
	0.448371	
	0.614959	
	0.719747	
	0.509176	
	0.429312	
	0.440330	
	0.410495	
	0.399515	
	0.399576	
	0.365779	
	0.354747	
	0.379159	
	0.300149	
	0.309005	
	0.305957	
	0.291894	
	0.289426	
	0.400809	
	0.457000	
	0.325159	
	0.338398	
	0.289436	
	0.235702	
	0.203128	
	0.188693	
	0.222512	
	0.300789	
	0.326723	
	0.300875	
	0.292159	
	0.271172	
	0.348400	
	0.304735	
	0.291513	
	0.374554	
	0.279436	
	0.262276	
	0.233132	
	0.225886	
	0.205878	
	0.237820	
	0.273782	
	0.300257	
	0.409637	
	0.354669	
	0.306609	
	0.303487	
	0.274752	
	0.340750	
	0.430351	
	0.351031	
	0.339134	
	0.329300	
	0.329993	
	0.400352	
	0.337912	
	0.364737	
	0.378017	
	0.421475	
	0.608527	
	0.613678	
	0.543337	
	0.531589	
	0.492387	
	0.423139	
	0.469178	
	0.482217	
	0.479067	
	0.431046	
	0.433134	
	0.431086	
	0.402513	
	0.486169	
	0.374338	
	0.323833	
	0.340041	
	0.380581	
	0.423830	
	0.350623	
	0.338824	
	0.312558	
	0.363660	
	0.302541	
	0.286971	
	0.292403	
	0.260161	
	0.241096	
	0.251604	
	0.251705	
	0.295926	
	0.318484	
	0.324152	
	0.339096	
	0.351896	
	0.353286	
	0.358012	
	0.537353	
	0.703307	
	0.613284	
	0.503879	
	0.481007	
	0.490389	
	0.514285	
	0.537448	
	0.500533	
	0.446869	
	0.484734	
	0.508398	
	0.525995	
	0.519228	
	0.451110	
	0.446122	
	0.511825	
	0.403921	
	0.413652	
	0.391493	
	0.397356	
	0.380522	
	0.372203	
	0.389681	
	0.395084	
	0.359174	
	0.309861	
	0.424881	
	0.455644	
	0.398403	
	0.379677	
	0.360480	
	0.533777	
	0.501084	
	0.410888	
	0.477036	
	0.471300	
	0.392418	
	0.304461	
	0.328697	
	0.338294	
	0.363164	
	0.425509	
	0.279170	
	0.311023	
	0.327937	
	0.329287	
	0.337220	
	0.385495	
	0.411494	
	0.425436	
	0.442804	
	0.413826	
	0.367864	
	0.343108	
	0.354376	
	0.326360	
	0.260209	
	0.301776	
	0.316014	
	0.304042	
	0.332093	
	0.316976	
	0.319201	
	0.279654	
	0.307918	
	0.314809	
	0.285599	
	0.490055	
	0.656171	
	0.298481	
	0.358672	
	0.333986	
	0.335300	
	0.352422	
	0.353168	
	0.376160	
	0.403631	
	0.336135	
	0.374460	
	0.382304	
	0.428274	
	0.400377	
	0.460553	
	0.637313	
	0.698010	
	0.725749	
	0.673755	
	0.453314	
	0.478403	
	0.468176	
	0.490407	
	0.499719	
	0.476717	
	0.529458	
	0.523135	
	0.541888	
	0.450633	
	0.502188	
	0.545506	
	0.589568	
	0.653800	
	0.525049	
	0.598430	
	0.459753	
	0.382210	
	0.459413	
	0.385917	
	0.383665	
	0.346646	
	0.374190	
	0.396261	
	0.384998	
	0.263889	
	0.420177	
	0.372764	
	0.364525	
	0.345752	
	0.297921	
	0.337093	
	0.356826	
	0.301657	
	0.294027	
	0.320121	
	0.303472	
	0.357903	
	0.318370	
	0.294730	
	0.268609	
	0.331740	
	0.330188	
	0.309847	
	0.311713	
	0.390664	
	0.301503	
	0.278272	
	0.296584	
	0.327205	
	0.345218	
	0.316816	
	0.310970	
	0.322264	
	0.268030	
	0.281483	
	0.317256	
	0.343480	
	0.325710	
	0.298351	
	0.412937	
	0.374297	
	0.299153	
	0.284182	
	0.308915	
	0.314818	
	0.320442	
	0.304834	
	0.301811	
	0.385362	
	0.296558	
	0.292929	
	0.239647	
	0.243042	
	0.269430	
	0.253670	
	0.279633	
	0.393779	
	0.460699	
	0.555343	
	0.590935	
	0.541664	
	0.477518	
	0.490659	
	0.530344	
	0.474787	
	0.488009	
	0.529411	
	0.559095	
	0.561222	
	0.506456	
	0.493538	
	0.473421	
	0.530788	
	0.558169	
	0.652982	
	0.632624	
	0.563358	
	0.496750	
	0.426154	
	0.389222	
	0.395691	
	0.514805	
	0.709410	
	0.708187	
	0.721978	
	0.705686	
	0.755718	
	0.730141	
	0.689944	
	0.685594	
	0.611271	
	0.664525	
	0.630524	
	0.628862	
	0.629818	
	0.638163	
	0.637357	
	0.629558	
	0.615350	
	0.537230	
	0.510656	
	0.477544	
	0.505140	
	0.447343	
	0.426290	
	0.524885	
	0.523697	
	0.571819	
	0.552950	
	0.455194	
	0.415735	
	0.432474	
	0.391139	
	0.394933	
	0.485797	
	0.438904	
	0.504807	
	0.542777	
	0.508760	
	0.445678	
	0.449480	
	0.415600	
	0.399070	
	0.442892	
	0.638699	
	0.625894	
	0.611335	
	0.571000	
	0.548587	
	0.575349	
	0.600960	
	0.501748	
	0.588490	
	0.609267	
	0.613203	
	0.508361	
	0.484677	
	0.473574	
	0.621023	
	0.618823	
	0.562292	
	0.657103	
	0.588315	
	0.568667	
	0.520206	
	0.503641	
	0.530875	
	0.588659	
	0.679954	
	0.715810	
	0.669253	
	0.660552	
	0.671073	
	0.644532	
	0.630737	
	0.619248	
	0.661900	
	0.546804	
	0.605044	
	0.559993	
	0.523126	
	0.514926	
	0.562194	
	0.577216	
	0.611689	
	0.542649	
	0.468142	
	0.449173	
	0.446406	
	0.428488	
	0.433619	
	0.463749	
	0.573452	
	0.526916	
	0.480825	
	0.472695	
	0.412176	
	0.387663	
	0.313074	
	0.322508	
	0.455069	
	0.542483	
	0.442756	
	0.528774	
	0.507481	
	0.461168	
	0.406987	
	0.322579	
	0.336728	
	0.457045	
	0.569613	
	0.669750	
	0.673983	
	0.677296	
	0.684322	
	0.680192	
	0.657540	
	0.700513	
	0.679201	
	0.517741	
	0.565238	
	0.717136	
	0.745995	
	0.727418	
	0.719213	
	0.689684	
	0.694860	
	0.553744	
	0.532136	
	0.530525	
	0.547775	
	0.508145	
	0.486449	
	0.511026	
	0.540250	
	0.515968	
	0.619700	
	0.654490	
	0.651459	
	0.645759	
	0.642521	
	0.648108	
	0.580993	
	0.457503	
	0.594180	
	0.697046	
	0.677748	
	0.697695	
	0.736288	
	0.752173	
	0.733364	
	0.738312	
	0.679602	
	0.694362	
	0.677572	
	0.606752	
	0.594359	
	0.614596	
	0.657700	
	0.693898	
	0.637678	
	0.663493	
	0.626026	
	0.688466	
	0.691122	
	0.665518	
	0.623697	
	0.646538	
	0.675595	
	0.674823	
	0.704096	
	0.643014	
	0.621068	
	0.614309	
	0.642006	
	0.660670	
	0.631347	
	0.550927	
	0.561679	
	0.690789	
	0.620383	
	0.618389	
	0.510136	
	0.507793	
	0.446131	
	0.462666	
	0.547951	
	0.585093	
	0.566474	
	0.565385	
	0.605619	
	0.583301	
	0.605189	
	0.604573	
	0.633890	
	0.646382	
	0.581573	
	0.610243	
	0.699457	
	0.652165	
	0.645951	
	0.598421	
	0.629932	
	0.554078	
	0.582771	
	0.595630	
	0.579313	
	0.574512	
	0.611476	
	0.796626	
	0.851771	
	0.620645	
	0.613314	
	0.672001	
	0.712100	
	0.685382	
	0.711147	
	0.678645	
	0.651883	
	0.628207	
	0.600964	
	0.600451	
	0.644817	
	0.705574	
	0.674034	
	0.702882	
	0.741333	
	0.701534	
	0.739402	
	0.736244	
	0.744222	
	0.767126	
	0.734361	
	0.774673	
	0.759284	
	0.734197	
	0.743616	
	0.744372	
	0.714044	
	0.706804	
	0.775646	
	0.754679	
	0.713822	
	0.715008	
	0.685479	
	0.704966	
	0.714617	
	0.704446	
	0.752510	
	0.754420	
	0.734082	
	0.698268	
	0.666692	
	0.692171	
	0.685030	
	NaN	
	NaN	
	NaN	
	NaN	
	NaN	
	NaN	
	NaN	
	NaN	
	NaN	
	NaN	
	NaN	
	NaN	
	NaN	
	NaN	
	NaN	
	NaN	
	NaN	
	NaN	
	NaN	
	NaN	
	NaN	
	NaN	
	NaN	
	NaN	
	NaN	
	NaN	
	NaN	
	NaN	
	NaN	
	NaN	
	NaN	
	NaN	
	NaN	
	NaN	
	NaN	
	NaN	
	NaN	
	NaN	
	NaN	
	NaN	
	NaN	
	NaN	
	NaN	
	NaN	
	NaN	
	NaN	
	NaN	
	NaN	
	NaN	
	NaN	
	NaN	
	NaN	
	NaN	
	NaN	
	NaN	
	NaN	
	NaN	
	NaN	
	NaN	
	NaN	
	NaN	
	NaN	
	NaN	
	NaN	
	NaN	
	NaN	
	NaN	
	NaN	
	NaN	
	NaN	
	NaN	
	NaN	
	NaN	
	NaN	
	NaN	
	NaN	
	NaN	
	NaN	
	NaN	
	NaN	
	NaN	
	NaN	
	NaN	
	NaN	
	NaN	
	NaN	
	NaN	
	NaN	
	NaN	
	NaN	
	NaN	
	NaN	
	NaN	
	NaN	
	NaN	
	NaN	
	NaN	
	NaN	
	NaN	
	NaN	
	NaN	
	NaN	
	NaN	
	NaN	
	NaN	
	NaN	
	NaN	
	NaN	
	NaN	
	NaN	
	NaN	
	NaN	
	NaN	
	NaN	
	NaN	
	NaN	
	NaN	
	NaN	
	NaN	
	NaN	
	NaN	
	NaN	
	NaN	
	NaN	
	NaN	
	NaN	
	NaN	
	NaN	
	NaN	
	NaN	
	NaN	
	NaN	
	NaN	
	NaN	
	NaN	
	NaN	
	NaN	
	NaN	
	NaN	
	NaN	
	NaN	
	NaN	
	NaN	
	NaN	
	NaN	
	NaN	
	NaN	
	NaN	
	NaN	
	NaN	
