_Brightness		
	NaN	
	NaN	
	NaN	
	NaN	
	NaN	
	NaN	
	NaN	
	NaN	
	NaN	
	NaN	
	NaN	
	NaN	
	NaN	
	NaN	
	NaN	
	NaN	
	NaN	
	NaN	
	NaN	
	NaN	
	NaN	
	0.109117	
	0.087074	
	0.172789	
	0.090655	
	0.184582	
	0.147380	
	0.110615	
	0.189334	
	0.167361	
	0.149145	
	0.175646	
	0.132269	
	0.239524	
	0.242214	
	0.271469	
	0.358341	
	0.418940	
	0.410289	
	0.353541	
	0.319678	
	0.355415	
	0.369329	
	0.368384	
	0.388292	
	0.405718	
	0.285625	
	0.347173	
	0.371178	
	0.308764	
	0.401910	
	0.429582	
	0.398306	
	0.346864	
	0.385547	
	0.416358	
	0.309750	
	0.360825	
	0.372891	
	0.356126	
	0.341594	
	0.367199	
	0.276380	
	0.282996	
	0.348404	
	0.320862	
	0.298245	
	0.395415	
	0.397022	
	0.388399	
	0.373810	
	0.405136	
	0.484603	
	0.342174	
	0.350682	
	0.324491	
	0.328745	
	0.444916	
	0.410589	
	0.407873	
	0.371468	
	0.349587	
	0.274522	
	0.331289	
	0.365562	
	0.378192	
	0.374742	
	0.361843	
	0.345445	
	0.449148	
	0.381401	
	0.402748	
	0.425633	
	0.409577	
	0.403938	
	0.419384	
	0.388089	
	0.398423	
	0.344304	
	0.352086	
	0.387408	
	0.392501	
	0.367055	
	0.364062	
	0.295406	
	0.333129	
	0.401331	
	0.461179	
	0.341175	
	0.368492	
	0.375001	
	0.323319	
	0.376634	
	0.413062	
	0.514227	
	0.381180	
	0.388609	
	0.446376	
	0.491388	
	0.495105	
	0.418586	
	0.407498	
	0.356320	
	0.319678	
	0.384824	
	0.431514	
	0.442232	
	0.380971	
	0.441577	
	0.382716	
	0.354614	
	0.349749	
	0.321000	
	0.312796	
	0.295135	
	0.248239	
	0.274723	
	0.295063	
	0.285098	
	0.236901	
	0.232795	
	0.268394	
	0.285838	
	0.314115	
	0.290252	
	0.328063	
	0.288126	
	0.286377	
	0.281815	
	0.283111	
	0.295077	
	0.269006	
	0.278669	
	0.293116	
	0.303075	
	0.332615	
	0.278988	
	0.242580	
	0.259644	
	0.295542	
	0.305392	
	0.284988	
	0.264783	
	0.248160	
	0.289303	
	0.278547	
	0.277475	
	0.283232	
	0.300684	
	0.350934	
	0.289979	
	0.256722	
	0.227701	
	0.215530	
	0.201047	
	0.263231	
	0.263498	
	0.282564	
	0.233177	
	0.199754	
	0.227525	
	0.247097	
	0.259886	
	0.269693	
	0.294801	
	0.282308	
	0.267496	
	0.243939	
	0.269765	
	0.311642	
	0.328009	
	0.282002	
	0.247364	
	0.275260	
	0.245203	
	0.271641	
	0.383257	
	0.321379	
	0.297977	
	0.285390	
	0.282683	
	0.307523	
	0.285306	
	0.357995	
	0.337969	
	0.362774	
	0.300204	
	0.332162	
	0.324645	
	0.312904	
	0.292958	
	0.262281	
	0.289290	
	0.274703	
	0.280944	
	0.319828	
	0.312278	
	0.254903	
	0.286663	
	0.274451	
	0.304845	
	0.316444	
	0.306877	
	0.302802	
	0.333636	
	0.255050	
	0.300504	
	0.317217	
	0.304240	
	0.323689	
	0.270968	
	0.290651	
	0.272708	
	0.242709	
	0.226234	
	0.242902	
	0.246615	
	0.269947	
	0.299428	
	0.294421	
	0.228957	
	0.235149	
	0.229222	
	0.224249	
	0.262732	
	0.284499	
	0.228789	
	0.241770	
	0.261719	
	0.257827	
	0.248676	
	0.236578	
	0.248841	
	0.249257	
	0.274718	
	0.308568	
	0.311185	
	0.291967	
	0.311362	
	0.274095	
	0.294142	
	0.350477	
	0.300074	
	0.303716	
	0.368698	
	0.420108	
	0.374185	
	0.359316	
	0.344940	
	0.337122	
	0.399622	
	0.388761	
	0.364097	
	0.306707	
	0.278313	
	0.340767	
	0.399390	
	0.357634	
	0.358697	
	0.361231	
	0.338657	
	0.362803	
	0.326034	
	0.320674	
	0.282415	
	0.290909	
	0.302043	
	0.284334	
	0.265017	
	0.282809	
	0.249532	
	0.230570	
	0.264138	
	0.268137	
	0.335945	
	0.285646	
	0.304872	
	0.308325	
	0.271044	
	0.268886	
	0.254552	
	0.281185	
	0.311831	
	0.274118	
	0.293772	
	0.347114	
	0.296662	
	0.269722	
	0.290413	
	0.277862	
	0.274942	
	0.291024	
	0.316190	
	0.309590	
	0.285478	
	0.266886	
	0.251580	
	0.254557	
	0.295029	
	0.316200	
	0.368115	
	0.390871	
	0.288656	
	0.322312	
	0.324106	
	0.290966	
	0.251207	
	0.297572	
	0.314053	
	0.297711	
	0.332711	
	0.340685	
	0.360921	
	0.367645	
	0.357648	
	0.343546	
	0.317849	
	0.308629	
	0.362276	
	0.324312	
	0.329265	
	0.355591	
	0.343141	
	0.370387	
	0.351186	
	0.351603	
	0.328636	
	0.369096	
	0.301667	
	0.317790	
	0.353866	
	0.306210	
	0.314807	
	0.266795	
	0.302896	
	0.349307	
	0.364219	
	0.360666	
	0.306301	
	0.343680	
	0.295947	
	0.278652	
	0.239400	
	0.258640	
	0.262565	
	0.286526	
	0.277497	
	0.304275	
	0.291106	
	0.278096	
	0.284287	
	0.272927	
	0.284709	
	0.284357	
	0.248350	
	0.237652	
	0.317945	
	0.323321	
	0.320926	
	0.318358	
	0.311642	
	0.331195	
	0.295638	
	0.314235	
	0.331737	
	0.356315	
	0.348823	
	0.329679	
	0.366866	
	0.319355	
	0.287583	
	0.278923	
	0.343969	
	0.375695	
	0.330267	
	0.279888	
	0.251522	
	0.283789	
	0.273155	
	0.255889	
	0.290688	
	0.264624	
	0.296229	
	0.307447	
	0.260379	
	0.296905	
	0.282510	
	0.315865	
	0.310230	
	0.266787	
	0.255397	
	0.264840	
	0.305829	
	0.283093	
	0.282764	
	0.283796	
	0.322831	
	0.296362	
	0.253953	
	0.268562	
	0.293835	
	0.266174	
	0.244443	
	0.301751	
	0.317815	
	0.326430	
	0.287667	
	0.266278	
	0.330308	
	0.278887	
	0.297370	
	0.303530	
	0.291475	
	0.314149	
	0.319501	
	0.297467	
	0.253500	
	0.274983	
	0.252040	
	0.268346	
	0.261990	
	0.285337	
	0.269188	
	0.256441	
	0.306025	
	0.282575	
	0.286147	
	0.276432	
	0.295727	
	0.317966	
	0.355661	
	0.402014	
	0.431778	
	0.388522	
	0.336128	
	0.343960	
	0.329895	
	0.344750	
	0.329239	
	0.326944	
	0.362828	
	0.397098	
	0.358096	
	0.356624	
	0.355633	
	0.314779	
	0.298164	
	0.319647	
	0.267010	
	0.217696	
	0.202185	
	0.196541	
	0.184227	
	0.208522	
	0.214799	
	0.232254	
	0.232978	
	0.248975	
	0.294072	
	0.308094	
	0.313545	
	0.249093	
	0.262716	
	0.253650	
	0.262653	
	0.260744	
	0.237535	
	0.262587	
	0.260959	
	0.239992	
	0.215695	
	0.254664	
	0.252215	
	0.240263	
	0.234647	
	0.221576	
	0.224269	
	0.224475	
	0.221508	
	0.262578	
	0.321324	
	0.267493	
	0.237481	
	0.206574	
	0.225083	
	0.255160	
	0.215409	
	0.207354	
	0.222806	
	0.236065	
	0.263985	
	0.265694	
	0.292556	
	0.285397	
	0.291823	
	0.264319	
	0.294247	
	0.339190	
	0.282093	
	0.238778	
	0.242595	
	0.228178	
	0.240568	
	0.294922	
	0.276848	
	0.269467	
	0.228772	
	0.231765	
	0.269953	
	0.257270	
	0.258201	
	0.246024	
	0.245280	
	0.255660	
	0.258594	
	0.246461	
	0.230419	
	0.245641	
	0.263723	
	0.240703	
	0.218415	
	0.227090	
	0.244182	
	0.251397	
	0.225001	
	0.257699	
	0.277294	
	0.240199	
	0.266183	
	0.260868	
	0.227862	
	0.263558	
	0.271125	
	0.244613	
	0.278836	
	0.296777	
	0.248155	
	0.279674	
	0.258446	
	0.304072	
	0.320385	
	0.283839	
	0.317469	
	0.307336	
	0.275427	
	0.287458	
	0.314329	
	0.335345	
	0.327238	
	0.306815	
	0.331987	
	0.344162	
	0.321317	
	0.309723	
	0.351600	
	0.338291	
	0.322975	
	0.366590	
	0.334033	
	0.341994	
	0.311711	
	0.294294	
	0.286752	
	0.291357	
	0.319645	
	0.288165	
	0.250134	
	0.268105	
	0.339472	
	0.355123	
	0.342492	
	0.380592	
	0.358156	
	0.297683	
	0.297041	
	0.300259	
	0.263742	
	0.275132	
	0.275113	
	0.319968	
	0.336735	
	0.267176	
	0.278510	
	0.252200	
	0.291755	
	0.344693	
	0.330430	
	0.251412	
	0.286124	
	0.330563	
	0.249486	
	0.243398	
	0.230948	
	0.192081	
	0.193392	
	0.223146	
	0.247345	
	0.241065	
	0.238575	
	0.215670	
	0.195163	
	0.228934	
	0.244425	
	0.185060	
	0.237744	
	0.227417	
	0.190389	
	0.182189	
	0.209593	
	0.192155	
	0.206717	
	0.191108	
	0.190784	
	0.189637	
	0.190516	
	0.194371	
	0.239751	
	0.217767	
	0.193505	
	0.173717	
	0.203824	
	0.186002	
	0.204609	
	0.206746	
	0.189549	
	0.241042	
	0.239980	
	0.216303	
	0.256032	
	0.215180	
	0.212876	
	0.267714	
	0.256051	
	0.221711	
	0.209484	
	0.230007	
	0.215310	
	0.202247	
	0.237405	
	0.215068	
	0.189698	
	0.229725	
	0.223020	
	0.248733	
	0.202367	
	0.235619	
	0.231306	
	0.219135	
	0.222276	
	0.189277	
	0.218909	
	0.208617	
	0.205758	
	0.185690	
	0.214293	
	0.224202	
	0.253229	
	0.279614	
	0.280803	
	0.292580	
	0.280744	
	0.291756	
	0.264120	
	0.253904	
	0.210434	
	0.246968	
	0.277809	
	0.285025	
	0.293051	
	0.291623	
	0.273695	
	0.303542	
	0.316522	
	0.249810	
	0.217857	
	0.259140	
	0.269368	
	0.269072	
	0.288670	
	0.251867	
	0.306410	
	0.288990	
	0.366315	
	0.302067	
	0.283909	
	0.274697	
	0.271893	
	0.259098	
	0.292662	
	0.283672	
	0.246777	
	0.236490	
	0.217134	
	0.246444	
	0.233124	
	0.240530	
	0.235413	
	0.202515	
	0.204602	
	0.206428	
	0.208669	
	0.233943	
	0.277474	
	0.278671	
	0.306055	
	0.319607	
	0.262828	
	0.319294	
	0.344696	
	0.291421	
	0.298918	
	0.394336	
	0.297165	
	0.286133	
	0.342313	
	0.311439	
	0.273870	
	0.275404	
	0.254375	
	0.242560	
	0.256121	
	0.278260	
	0.383045	
	0.372254	
	0.358198	
	0.388417	
	0.339564	
	0.331977	
	0.306921	
	0.318503	
	0.358768	
	0.308021	
	0.242892	
	0.269886	
	0.294228	
	0.256793	
	0.234167	
	0.223706	
	0.210123	
	0.197131	
	0.184923	
	0.191271	
	0.215498	
	0.221780	
	0.282059	
	0.284776	
	0.243397	
	0.213505	
	0.219853	
	0.247462	
	0.291423	
	0.298143	
	0.251333	
	0.231194	
	0.231851	
	0.246688	
	0.247376	
	0.236345	
	0.255835	
	0.216225	
	0.188098	
	0.186479	
	0.213998	
	0.242676	
	0.213539	
	0.243407	
	0.305829	
	0.280097	
	0.323126	
	0.308736	
	0.269570	
	0.227969	
	0.250420	
	0.264952	
	0.233511	
	0.251709	
	0.272593	
	0.246335	
	0.222313	
	0.238438	
	0.252185	
	0.282715	
	0.304166	
	0.257426	
	0.239593	
	0.264738	
	0.279156	
	0.253405	
	0.283460	
	0.289884	
	0.266347	
	0.240174	
	0.208602	
	0.183999	
	0.190915	
	0.223995	
	0.231646	
	0.244094	
	0.225149	
	0.226287	
	0.224003	
	0.219135	
	0.211037	
	0.200078	
	0.231017	
	0.216252	
	0.245162	
	0.253257	
	0.243276	
	0.278612	
	0.245363	
	0.221637	
	0.232562	
	0.258153	
	0.278795	
	0.256804	
	0.296489	
	0.298767	
	0.310814	
	0.286475	
	0.272776	
	0.281058	
	0.274272	
	0.311125	
	0.281787	
	0.285135	
	0.292017	
	0.292411	
	0.330551	
	0.314708	
	0.352346	
	0.346452	
	0.357549	
	0.309719	
	0.304906	
	0.280115	
	0.318059	
	0.267088	
	0.283280	
	0.302047	
	0.275596	
	0.276434	
	0.312882	
	0.287397	
	0.287100	
	0.280906	
	0.261818	
	0.277410	
	0.263286	
	0.300711	
	0.315553	
	0.352383	
	0.319905	
	0.297742	
	0.259370	
	0.289893	
	0.258505	
	0.277330	
	0.325596	
	0.324965	
	0.294596	
	0.304097	
	0.310187	
	0.305444	
	0.299795	
	0.285705	
	0.266783	
	0.321379	
	0.313775	
	0.329259	
	0.304567	
	0.276090	
	0.291257	
	0.325336	
	0.323065	
	0.282428	
	0.279509	
	0.346283	
	0.328502	
	0.383915	
	0.292565	
	0.300365	
	0.322775	
	0.309905	
	0.331069	
	0.429841	
	0.406100	
	0.442435	
	0.463480	
	0.395055	
	0.376543	
	0.348071	
	0.328446	
	0.339534	
	0.432650	
	0.402894	
	0.376755	
	0.293260	
	0.308903	
	0.336567	
	0.353604	
	0.385748	
	0.398877	
	0.327746	
	0.319100	
	0.331905	
	0.318144	
	0.376235	
	0.337808	
	0.364730	
	0.353483	
	0.397276	
	0.370271	
	0.380028	
	0.337053	
	0.333064	
	0.355123	
	0.400123	
	0.344423	
	0.356870	
	0.282040	
	0.283202	
	0.313468	
	0.303092	
	0.310400	
	0.296327	
	0.288878	
	0.277659	
	0.272863	
	0.286722	
	0.274409	
	0.253010	
	0.288166	
	0.306251	
	0.291560	
	0.316433	
	0.348676	
	0.316876	
	0.363650	
	0.326776	
	0.308190	
	0.292171	
	0.328991	
	0.360754	
	0.360123	
	0.370425	
	0.376239	
	0.406640	
	0.382491	
	0.357523	
	0.336488	
	0.250696	
	0.287500	
	0.281533	
	0.291447	
	0.288795	
	0.251242	
	0.281332	
	0.355529	
	0.319841	
	0.387607	
	0.307402	
	0.301238	
	0.312334	
	0.338663	
	0.331510	
	0.286331	
	0.319649	
	0.324993	
	0.314838	
	0.325735	
	0.297727	
	0.322267	
	0.394003	
	0.425637	
	0.444185	
	0.376654	
	0.358478	
	0.364391	
	0.373496	
	0.373961	
	0.343292	
	0.390242	
	0.399868	
	0.341800	
	0.346666	
	0.326961	
	0.303153	
	0.330710	
	0.375698	
	0.365115	
	0.300121	
	0.301541	
	0.307916	
	0.301921	
	0.297965	
	0.303255	
	0.301329	
	0.298272	
	0.293937	
	0.279375	
	0.285458	
	0.330206	
	0.323033	
	0.309572	
	0.317498	
	0.364091	
	0.340894	
	0.342586	
	0.324375	
	0.288872	
	0.309096	
	0.325390	
	0.313220	
	0.350584	
	0.388236	
	0.379480	
	0.380142	
	0.405791	
	0.451960	
	0.485900	
	0.455747	
	0.393577	
	0.390512	
	0.360029	
	0.286307	
	0.270173	
	0.291925	
	0.314056	
	0.318256	
	0.352725	
	0.404579	
	0.324581	
	0.310405	
	0.320688	
	0.312641	
	0.383815	
	0.378554	
	0.375535	
	0.369188	
	0.345099	
	0.367993	
	0.274325	
	0.319609	
	0.421775	
	0.368698	
	0.385830	
	0.370521	
	0.345951	
	0.341493	
	0.374640	
	0.382618	
	0.397542	
	0.348827	
	0.357738	
	0.411910	
	0.393221	
	0.364249	
	0.425516	
	0.424856	
	0.433427	
	0.452161	
	0.453209	
	0.386710	
	0.371467	
	0.369105	
	0.418154	
	0.445478	
	0.424396	
	0.444617	
	0.434502	
	0.400288	
	0.404054	
	0.472909	
	0.423785	
	0.438181	
	0.405195	
	0.408638	
	0.357581	
	0.276663	
	0.322201	
	0.327890	
	0.317866	
	0.346598	
	0.335985	
	0.292951	
	0.321925	
	0.356990	
	0.307488	
	0.286251	
	0.272179	
	0.279993	
	0.292830	
	0.304341	
	0.333593	
	0.351672	
	0.319813	
	0.330403	
	0.310148	
	0.292305	
	0.373832	
	0.370718	
	0.333387	
	0.308124	
	0.332906	
	0.391338	
	0.357221	
	0.314988	
	0.357971	
	0.397488	
	0.440606	
	0.467501	
	0.393151	
	0.368764	
	0.362133	
	0.442761	
	0.476633	
	0.397978	
	0.395589	
	0.378484	
	0.380396	
	0.390553	
	0.447542	
	0.448846	
	0.454809	
	0.424952	
	0.426617	
	0.423234	
	0.435085	
	0.409930	
	0.359798	
	0.345115	
	0.330937	
	0.363867	
	0.330674	
	0.310037	
	0.328404	
	0.321673	
	0.306838	
	0.282465	
	0.320455	
	0.284474	
	0.280725	
	0.272507	
	0.272776	
	0.284064	
	0.236238	
	0.253081	
	0.283850	
	0.250212	
	0.241477	
	0.237474	
	0.252314	
	0.303953	
	0.306388	
	0.300171	
	0.284959	
	0.304777	
	0.228956	
	0.283829	
	0.321745	
	0.275500	
	0.290472	
	0.286909	
	0.333165	
	0.284401	
	0.331401	
	0.299097	
	0.346486	
	0.339285	
	0.269213	
	0.303752	
	0.253251	
	0.310194	
	0.325721	
	0.299770	
	0.279241	
	0.255836	
	0.225334	
	0.270485	
	0.292593	
	0.305475	
	0.341652	
	0.289512	
	0.281375	
	0.275546	
	0.299370	
	0.282732	
	0.261292	
	0.273177	
	0.268044	
	0.259688	
	0.252270	
	0.249864	
	0.244877	
	0.226838	
	0.297081	
	0.201530	
	0.179464	
	0.192285	
	0.206670	
	0.266762	
	0.249205	
	0.219891	
	0.236642	
	0.204720	
	0.189618	
	0.211035	
	0.207051	
	0.199323	
	0.226657	
	0.221490	
	0.224228	
	0.246400	
	0.228305	
	0.202133	
	0.205480	
	0.216106	
	0.238132	
	0.223973	
	0.235097	
	0.198117	
	0.210073	
	0.201877	
	0.207157	
	0.220625	
	0.236649	
	0.222807	
	0.240594	
	0.219513	
	0.185670	
	0.181909	
	0.196600	
	0.235340	
	0.205124	
	0.229615	
	0.252425	
	0.217212	
	0.192235	
	0.192795	
	0.184582	
	0.213769	
	0.233052	
	0.210124	
	0.238112	
	0.244896	
	0.229477	
	0.191219	
	0.226733	
	0.231085	
	0.241982	
	0.273695	
	0.262937	
	0.224584	
	0.233104	
	0.215341	
	0.227038	
	0.238491	
	0.214328	
	0.196350	
	0.220993	
	0.204502	
	0.198215	
	0.182078	
	0.219062	
	0.199382	
	0.220219	
	0.209063	
	0.216199	
	0.200318	
	0.171758	
	0.150295	
	0.187805	
	0.218815	
	0.190478	
	0.186697	
	0.228330	
	0.215173	
	0.210204	
	0.201903	
	0.155713	
	0.236285	
	0.172186	
	0.205449	
	0.242629	
	0.175902	
	0.219536	
	0.493975	
	0.720512	
	0.794124	
	0.605451	
	0.383568	
	0.292637	
	0.350519	
	0.459630	
	0.434740	
	0.316864	
	0.306772	
	0.431791	
	0.441090	
	0.412574	
	0.345557	
	0.321394	
	0.318219	
	0.389629	
	0.376064	
	0.406698	
	0.463938	
	0.511631	
	0.464004	
	0.450315	
	0.447038	
	0.474925	
	0.437550	
	0.479752	
	0.491210	
	0.462218	
	0.487741	
	0.500396	
	0.532125	
	0.537077	
	0.520161	
	0.463646	
	0.420190	
	0.371463	
	0.305270	
	0.233273	
	0.192276	
	0.188197	
	0.237688	
	0.267119	
	0.288495	
	0.325133	
	0.366464	
	0.342382	
	0.346843	
	0.317786	
	0.342888	
	0.400923	
	0.432329	
	0.398764	
	0.403569	
	0.428297	
	0.408619	
	0.406351	
	0.418131	
	0.476936	
	0.417567	
	0.403200	
	0.389753	
	0.519653	
	0.497989	
	0.464563	
	0.436399	
	0.526491	
	0.551434	
	0.543444	
	0.569270	
	0.586403	
	0.627992	
	0.554620	
	0.556107	
	0.558823	
	0.502900	
	0.580682	
	0.591634	
	0.585298	
	0.580590	
	0.543654	
	0.564288	
	0.549918	
	0.573440	
	0.626505	
	0.608044	
	0.637086	
	0.683840	
	0.686365	
	0.632253	
	0.643179	
	0.707334	
	0.661847	
	0.672940	
	0.673315	
	0.621548	
	0.686867	
	0.621616	
	0.597825	
	0.579823	
	0.545384	
	0.549858	
	0.513230	
	0.502652	
	0.412708	
	0.429481	
	0.501022	
	0.568091	
	0.470762	
	0.429689	
	0.478533	
	0.443933	
	0.383847	
	0.321936	
	0.359693	
	0.375819	
	0.427555	
	0.431791	
	0.400421	
	0.409681	
	0.416854	
	0.450338	
	0.513393	
	0.444549	
	0.408561	
	0.375923	
	0.357651	
	0.321327	
	0.306963	
	0.385532	
	0.357299	
	0.301173	
	0.280565	
	0.251333	
	0.279157	
	0.305295	
	0.325185	
	0.303324	
	0.286303	
	0.282038	
	0.298759	
	0.320192	
	0.346364	
	0.299308	
	0.282787	
	0.281207	
	0.367451	
	0.397206	
	0.351101	
	0.325418	
	0.370309	
	0.324948	
	0.304829	
	0.328462	
	0.313151	
	0.277421	
	0.260315	
	0.296483	
	0.293314	
	0.331613	
	0.291223	
	0.300025	
	0.246299	
	0.289550	
	0.292177	
	0.292027	
	0.288281	
	0.280280	
	0.286444	
	0.265329	
	0.247432	
	0.258203	
	0.282185	
	0.309662	
	0.316814	
	0.312734	
	0.306839	
	0.320247	
	0.313181	
	0.248224	
	0.226203	
	0.220267	
	0.290742	
	0.360045	
	0.389851	
	0.584220	
	0.898146	
	0.912187	
	0.840014	
	0.788893	
	0.812466	
	0.805676	
	0.649851	
	0.537645	
	0.416153	
	0.398365	
	0.364041	
	0.347720	
	0.340188	
	0.311452	
	0.298603	
	0.272512	
	0.326501	
	0.398545	
	0.442887	
	0.422431	
	0.428276	
	0.367976	
	0.338437	
	0.320688	
	0.306653	
	0.322073	
	0.340808	
	0.368841	
	0.344272	
	0.343963	
	0.386710	
	0.350906	
	0.322089	
	0.240010	
	0.190743	
	0.221052	
	0.205299	
	0.184726	
	0.159229	
	0.202144	
	0.208013	
	0.185048	
	0.160089	
	0.181798	
	0.206774	
	0.216297	
	0.258640	
	0.250919	
	0.253659	
	0.280178	
	0.348715	
	0.427286	
	0.477786	
	0.410810	
	0.488889	
	0.518984	
	0.546281	
	0.575512	
	0.528316	
	0.482247	
	0.484591	
	0.797491	
	0.839272	
	0.601062	
	0.312794	
	0.269597	
	0.269574	
	0.384287	
	0.337753	
	0.286657	
	0.285085	
	0.328744	
	0.340015	
	0.364680	
	0.367291	
	0.330371	
	0.320910	
	0.332087	
	0.839151	
	0.871660	
	0.566150	
	0.381068	
	0.308407	
	0.259833	
	0.375214	
	0.273248	
	0.248170	
	0.249432	
	0.290667	
	0.276811	
	0.282709	
	0.292036	
	0.288451	
	0.299492	
	0.297255	
	0.294668	
	0.302750	
	0.296596	
	0.293789	
	0.315200	
	0.299702	
	0.331074	
	0.264887	
	0.255614	
	0.261606	
	0.240322	
	0.240781	
	0.213814	
	0.212409	
	0.190422	
	0.215275	
	0.203922	
	0.226071	
	0.303389	
	0.262989	
	0.201324	
	0.199248	
	0.218591	
	0.216222	
	0.148667	
	0.180620	
	0.166561	
	0.180244	
	0.175321	
	0.171781	
	0.166414	
	0.165360	
	0.201215	
	0.133803	
	0.162340	
	0.145262	
	0.128175	
	0.118150	
	0.422294	
	0.886794	
	0.824366	
	0.369932	
	0.466872	
	0.437811	
	0.412629	
	0.433322	
	0.397204	
	0.407196	
	0.462856	
	0.431803	
	0.409481	
	0.422129	
	0.401279	
	0.382581	
	0.354963	
	0.259007	
	0.223132	
	0.241425	
	0.360984	
	0.384012	
	0.338619	
	0.368886	
	0.376912	
	0.357256	
	0.315093	
	0.240049	
	0.260914	
	0.268608	
	0.279473	
	0.258826	
	0.222912	
	0.195022	
	0.239981	
	0.234689	
	0.254568	
	0.209409	
	0.207690	
	0.159366	
	0.148661	
	0.218850	
	0.163859	
	0.166920	
	0.174512	
	0.141965	
	0.197185	
	0.163474	
	0.154177	
	0.162690	
	0.105401	
	0.188800	
	0.234891	
	0.201512	
	0.260914	
	0.256823	
	0.222370	
	0.326050	
	0.242816	
	0.225656	
	0.237032	
	0.218877	
	0.277047	
	0.252108	
	0.260197	
	0.255461	
	0.235088	
	0.259999	
	0.225493	
	0.175454	
	0.202795	
	0.195494	
	0.256253	
	0.253282	
	0.236105	
	0.264158	
	0.329412	
	0.361033	
	0.386678	
	0.360608	
	0.275157	
	0.227396	
	0.365880	
	0.398817	
	0.334690	
	0.322492	
	0.279207	
	0.264081	
	0.200841	
	0.173239	
	0.148484	
	0.173630	
	0.336748	
	0.309219	
	0.266373	
	0.259917	
	0.205336	
	0.254198	
	0.245128	
	0.252236	
	0.276731	
	0.263395	
	0.306870	
	0.236776	
	0.241049	
	0.267725	
	0.243480	
	0.237938	
	0.199000	
	0.203148	
	0.222209	
	0.226411	
	0.197291	
	0.207652	
	0.192378	
	0.199025	
	0.195488	
	0.167279	
	0.191008	
	0.188617	
	0.150900	
	0.143141	
	0.167883	
	0.170213	
	0.154811	
	0.161559	
	0.175301	
	0.164869	
	0.139096	
	0.142070	
	0.111996	
	0.133893	
	0.161915	
	0.157898	
	0.130018	
	0.122270	
	0.137005	
	0.150673	
	0.201866	
	0.225509	
	0.229530	
	0.176667	
	0.354726	
	0.330703	
	0.312448	
	0.280844	
	0.243182	
	0.192258	
	0.242937	
	0.241687	
	0.292040	
	0.236608	
	0.240997	
	0.231627	
	0.209907	
	0.216607	
	0.255866	
	0.302467	
	0.297536	
	0.317088	
	0.274446	
	0.218363	
	0.263434	
	0.240299	
	0.226233	
	0.253768	
	0.284503	
	0.231939	
	0.267978	
	0.253640	
	0.231546	
	0.215407	
	0.202260	
	0.235248	
	0.221534	
	0.243748	
	0.217718	
	0.223586	
	0.195758	
	0.216342	
	0.238261	
	0.194229	
	0.183266	
	0.171224	
	0.147317	
	0.165842	
	0.155645	
	0.150958	
	0.186096	
	0.188184	
	0.204903	
	0.173879	
	0.196062	
	0.227326	
	0.213936	
	0.197916	
	0.189668	
	0.153624	
	0.132959	
	0.137296	
	0.116384	
	0.145214	
	0.121724	
	0.133087	
	0.139654	
	0.159130	
	0.135263	
	0.128361	
	0.161543	
	0.168443	
	0.148130	
	0.143678	
	0.180939	
	0.160126	
	0.172765	
	0.174543	
	0.198072	
	0.269956	
	0.303261	
	0.309583	
	0.307704	
	0.284845	
	0.340655	
	0.338716	
	0.369538	
	0.423519	
	0.409287	
	0.357085	
	0.395569	
	0.436954	
	0.434537	
	0.454937	
	0.353440	
	0.222071	
	0.201453	
	0.184266	
	0.222330	
	0.235929	
	0.277690	
	0.295618	
	0.311367	
	0.316333	
	0.289223	
	0.285093	
	0.297115	
	0.337151	
	0.327955	
	0.324914	
	0.310726	
	0.292634	
	0.312558	
	0.316120	
	0.413528	
	0.398843	
	0.416910	
	0.400414	
	0.348059	
	0.371541	
	0.386799	
	0.394378	
	0.409671	
	0.415558	
	0.423791	
	0.421424	
	0.377020	
	0.437936	
	0.480442	
	0.376365	
	0.303102	
	0.241777	
	0.230828	
	0.226852	
	0.218471	
	0.232101	
	0.252210	
	0.303599	
	0.271766	
	0.266889	
	0.255595	
	0.227196	
	0.285515	
	0.330793	
	0.318558	
	0.310073	
	0.292453	
	0.278806	
	0.267383	
	0.293959	
	0.314167	
	0.332664	
	0.314531	
	0.335876	
	0.299571	
	0.324104	
	0.342568	
	0.355050	
	0.343617	
	0.404308	
	0.347838	
	0.353219	
	0.430936	
	0.376284	
	0.364425	
	0.314461	
	0.333506	
	0.378182	
	0.418978	
	0.287689	
	0.210867	
	0.209964	
	0.188540	
	0.221706	
	0.276960	
	0.276720	
	0.257458	
	0.224089	
	0.196463	
	0.229317	
	0.243934	
	0.215752	
	0.283375	
	0.294165	
	0.240505	
	0.276292	
	0.230809	
	0.198928	
	0.237485	
	0.258197	
	0.216428	
	0.277399	
	0.234149	
	0.264890	
	0.247800	
	0.267373	
	0.332608	
	0.308242	
	0.334169	
	0.281213	
	0.304824	
	0.272420	
	0.291134	
	0.297371	
	0.288716	
	0.351914	
	0.336685	
	0.301264	
	0.330777	
	0.324794	
	0.389625	
	0.346828	
	0.322027	
	0.340822	
	0.381587	
	0.349695	
	0.358722	
	0.284663	
	0.297804	
	0.396290	
	0.353214	
	0.359022	
	0.369454	
	0.317199	
	0.276227	
	0.267354	
	0.289464	
	0.311785	
	0.310584	
	0.344921	
	0.330334	
	0.304999	
	0.304418	
	0.299405	
	0.323347	
	0.318782	
	0.386291	
	0.393283	
	0.495373	
	0.474236	
	0.332945	
	0.313684	
	0.439098	
	0.511337	
	0.463671	
	0.432908	
	0.458473	
	0.513410	
	0.465809	
	0.398629	
	0.395511	
	0.336799	
	0.353383	
	0.433453	
	0.348901	
	0.345069	
	0.323916	
	0.325976	
	0.298383	
	0.317340	
	0.330625	
	0.325432	
	0.355551	
	0.342582	
	0.336835	
	0.367718	
	0.405117	
	0.408251	
	0.420406	
	0.415372	
	0.471273	
	0.499446	
	0.518447	
	0.443849	
	0.454387	
	0.339607	
	0.295028	
	0.323525	
	0.434317	
	0.525817	
	0.403465	
	0.339085	
	0.344219	
	0.316971	
	0.279503	
	0.274100	
	0.291861	
	0.282830	
	0.249360	
	0.264572	
	0.259350	
	0.268551	
	0.332359	
	0.315563	
	0.289713	
	0.275983	
	0.292132	
	0.282826	
	0.242009	
	0.251070	
	0.257845	
	0.316499	
	0.309422	
	0.316015	
	0.294198	
	0.316551	
	0.367590	
	0.370288	
	0.408499	
	0.361278	
	0.352119	
	0.340088	
	0.341032	
	0.360126	
	0.312294	
	0.162866	
	0.143016	
	0.232050	
	0.370042	
	0.412131	
	0.439126	
	0.497618	
	0.499474	
	0.516408	
	0.553451	
	0.590069	
	0.625924	
	0.558058	
	0.561646	
	0.544966	
	0.554172	
	0.565117	
	0.595686	
	0.596363	
	0.565473	
	0.500746	
	0.522479	
	0.451541	
	0.483694	
	0.523750	
	0.449296	
	0.450307	
	0.448506	
	0.530509	
	0.494322	
	0.405997	
	0.412618	
	0.412324	
	0.476945	
	0.502003	
	0.473289	
	0.417213	
	0.459785	
	0.563032	
	0.534002	
	0.523710	
	0.556139	
	0.534804	
	0.558707	
	0.507823	
	0.504072	
	0.567193	
	0.658578	
	0.585078	
	0.591959	
	0.512718	
	0.436815	
	0.469860	
	0.564312	
	0.882608	
	0.806622	
	0.384580	
	0.389096	
	0.473015	
	0.496518	
	0.548465	
	0.502866	
	0.502429	
	0.540142	
	0.514283	
	0.512372	
	0.568856	
	0.544467	
	0.475260	
	0.428069	
	0.361601	
	0.311297	
	0.341094	
	0.341025	
	0.246617	
	0.264438	
	0.251927	
	0.294821	
	0.264091	
	0.266315	
	0.258642	
	0.320832	
	0.327267	
	0.303752	
	0.299171	
	0.268126	
	0.278825	
	0.302089	
	0.348026	
	0.351414	
	0.334837	
	0.337767	
	0.307586	
	0.361707	
	0.387595	
	0.391959	
	0.392403	
	0.397351	
	0.421034	
	0.432247	
	0.450892	
	0.479902	
	0.422561	
	0.370352	
	0.370210	
	0.387311	
	0.389712	
	0.439207	
	0.357265	
	0.248591	
	0.224690	
	0.191869	
	0.241920	
	0.335153	
	0.392358	
	0.348760	
	0.327590	
	0.376939	
	0.351412	
	0.361475	
	0.332910	
	0.376924	
	0.380064	
	0.445143	
	0.358998	
	0.394357	
	0.321979	
	0.292030	
	0.374555	
	0.497965	
	0.439409	
	0.553012	
	0.538796	
	0.505404	
	0.540119	
	0.431996	
	0.449542	
	0.504952	
	0.536640	
	0.446631	
	0.500620	
	0.521328	
	0.568277	
	0.599778	
	0.855362	
	0.878276	
	0.860274	
	0.855008	
	0.843292	
	0.634840	
	0.608937	
	0.434667	
	0.397085	
	0.440839	
	0.404006	
	0.398873	
	0.372275	
	0.413877	
	0.539704	
	0.525176	
	0.479042	
	0.446928	
	0.388938	
	0.351225	
	0.351319	
	0.310077	
	0.290298	
	0.254824	
	0.202173	
	0.467968	
	0.791864	
	0.789847	
	0.721381	
	0.543122	
	0.318498	
	0.358131	
	0.408944	
	0.413104	
	0.366370	
	0.346152	
	0.352338	
	0.380244	
	0.388524	
	0.378377	
	0.385515	
	0.368020	
	0.380604	
	0.383016	
	0.429480	
	0.302674	
	0.357674	
	0.526531	
	0.567442	
	0.517000	
	0.517093	
	0.545523	
	0.596023	
	0.617210	
	0.611281	
	0.637921	
	0.720079	
	0.598761	
	0.395040	
	0.434947	
	0.441820	
	0.503108	
	0.342804	
	0.444524	
	0.579621	
	0.461971	
	0.434335	
	0.475050	
	0.495502	
	0.524180	
	0.545458	
	0.537643	
	0.543506	
	0.506933	
	0.544049	
	0.521619	
	0.511029	
	0.477707	
	0.497360	
	0.465766	
	0.453273	
	0.447372	
	0.510873	
	0.438743	
	0.484574	
	0.441826	
	0.475177	
	0.415544	
	0.430487	
	0.426824	
	0.411923	
	0.388542	
	0.389237	
	0.369728	
	0.377263	
	0.416043	
	0.365153	
	0.322285	
	0.315327	
	0.331544	
	0.344427	
	0.348187	
	0.337727	
	0.369899	
	0.350177	
	0.368140	
	0.383383	
	0.353355	
	0.400092	
	0.476475	
	0.501949	
	0.483287	
	0.454121	
	0.394206	
	0.354938	
	0.422916	
	0.488541	
	0.434022	
	0.391319	
	0.330847	
	0.374053	
	0.358824	
	0.431299	
	0.545521	
	0.442839	
	0.434729	
	0.455178	
	0.443801	
	0.430737	
	0.428745	
	0.425134	
	0.413350	
	0.325590	
	0.328382	
	0.386316	
	0.381000	
	0.387403	
	0.449236	
	0.524666	
	0.484439	
	0.527816	
	0.483917	
	0.518359	
	0.555477	
	0.521549	
	0.498589	
	0.502386	
	0.456660	
	0.453289	
	0.473547	
	0.467709	
	0.486703	
	0.441980	
	0.444465	
	0.458805	
	0.478972	
	0.446623	
	0.445796	
	0.466916	
	0.431709	
	0.434794	
	0.475983	
	0.467884	
	0.461562	
	0.476048	
	0.465521	
	0.451730	
	0.438019	
	0.373184	
	0.434036	
	0.419332	
	0.446362	
	0.419611	
	0.416407	
	0.366082	
	0.398043	
	0.406594	
	0.435276	
	0.481157	
	0.406733	
	0.400678	
	0.438491	
	0.456761	
	0.383156	
	0.418365	
	0.421283	
	0.370980	
	0.394594	
	0.356711	
	0.313474	
	0.347438	
	0.368180	
	0.345124	
	0.333076	
	0.389352	
	0.357389	
	0.338639	
	0.384813	
	0.383576	
	0.385545	
	0.371311	
	0.411358	
	0.416547	
	0.400130	
	0.363619	
	0.374897	
	0.325722	
	0.342718	
	0.345489	
	0.334297	
	0.327647	
	0.303300	
	0.300562	
	0.338434	
	0.320333	
	0.393396	
	0.340760	
	0.347157	
	0.388979	
	0.316928	
	0.324662	
	0.373039	
	0.406430	
	0.399779	
	0.401930	
	0.397300	
	0.403007	
	0.354156	
	0.358289	
	0.375746	
	0.374627	
	0.332278	
	0.341805	
	0.337633	
	0.351602	
	0.391414	
	0.378035	
	0.396119	
	0.258861	
	0.242754	
	0.216032	
	0.253149	
	0.245247	
	0.179788	
	0.171392	
	0.158715	
	0.184331	
	0.175072	
	0.179094	
	0.149464	
	0.174868	
	0.161351	
	0.160546	
	0.199159	
	0.219870	
	0.168990	
	0.155003	
	0.173468	
	0.192016	
	0.159793	
	0.178973	
	0.174811	
	0.206260	
	0.214217	
	0.196050	
	0.179479	
	0.171959	
	0.188405	
	0.191604	
	0.196377	
	0.212277	
	0.243631	
	0.279535	
	0.259925	
	0.154975	
	0.147832	
	0.144901	
	0.187130	
	0.248451	
	0.294674	
	0.354488	
	0.374239	
	0.357354	
	0.356536	
	0.337310	
	0.379761	
	0.384891	
	0.367384	
	0.371821	
	0.354761	
	0.363221	
	0.344476	
	0.356083	
	0.333063	
	0.335672	
	0.262365	
	0.229799	
	0.226788	
	0.228700	
	0.264003	
	0.218418	
	0.204272	
	0.182039	
	0.182855	
	0.208522	
	0.236223	
	0.291965	
	0.325664	
	0.281232	
	0.323012	
	0.332712	
	0.360606	
	0.329264	
	0.395288	
	0.370914	
	0.293042	
	0.300421	
	0.304269	
	0.323670	
	0.332287	
	0.345939	
	0.338226	
	0.382730	
	0.310781	
	0.294573	
	0.354380	
	0.411668	
	0.317202	
	0.236798	
	0.306410	
	0.391834	
	0.436522	
	0.490137	
	0.479864	
	0.467834	
	0.490181	
	0.443240	
	0.458251	
	0.421969	
	0.414997	
	0.443535	
	0.475225	
	0.440835	
	0.437420	
	0.372501	
	0.300272	
	0.246621	
	0.212226	
	0.505767	
	0.288197	
	0.302357	
	0.326279	
	0.318481	
	0.328207	
	0.393797	
	0.325839	
	0.342342	
	0.341050	
	0.341514	
	0.341785	
	0.300475	
	0.285565	
	0.319993	
	0.292409	
	0.279814	
	0.260256	
	0.276118	
	0.298112	
	0.327345	
	0.326740	
	0.319769	
	0.290033	
	0.238702	
	0.263166	
	0.285387	
	0.294493	
	0.338662	
	0.617479	
	0.892799	
	0.881723	
	0.871481	
	0.812770	
	0.691205	
	0.437334	
	0.533594	
	0.504108	
	0.417745	
	0.430744	
	0.383017	
	0.405956	
	0.377271	
	0.410570	
	0.371930	
	0.371732	
	0.363454	
	0.382105	
	0.407046	
	0.489027	
	0.455771	
	0.440980	
	0.442318	
	0.461681	
	0.467939	
	0.370548	
	0.348286	
	0.337600	
	0.387104	
	0.381759	
	0.324129	
	0.319041	
	0.385130	
	0.310821	
	0.244815	
	0.276850	
	0.664075	
	0.894332	
	0.940427	
	0.915062	
	0.848430	
	0.511948	
	0.308091	
	0.327986	
	0.381011	
	0.342088	
	0.317006	
	0.294803	
	0.274905	
	0.333403	
	0.363655	
	0.387095	
	0.399176	
	0.412096	
	0.375322	
	0.441543	
	0.458521	
	0.477049	
	0.504280	
	0.548581	
	0.506890	
	0.514786	
	0.490104	
	0.368126	
	0.227561	
	0.264596	
	0.362345	
	0.397743	
	0.382211	
	0.370865	
	0.385421	
	0.381248	
	0.362345	
	0.315146	
	0.271660	
	0.296225	
	0.326137	
	0.291366	
	0.341377	
	0.307815	
	0.305506	
	0.307032	
	0.326943	
	0.313177	
	0.336988	
	0.348735	
	0.351555	
	0.371400	
	0.389152	
	0.374630	
	0.382072	
	0.396646	
	0.382952	
	0.398983	
	0.380877	
	0.453938	
	0.440656	
	0.457680	
	0.445880	
	0.418285	
	0.443089	
	0.393421	
	0.365456	
	0.437124	
	0.380528	
	0.356132	
	0.327941	
	0.332485	
	0.343719	
	0.375218	
	0.364728	
	0.459485	
	0.762835	
	0.561896	
	0.416752	
	0.320462	
	0.244627	
	0.263843	
	0.279679	
	0.306048	
	0.305283	
	0.320944	
	0.306540	
	0.284055	
	0.295666	
	0.290176	
	0.309397	
	0.378028	
	0.323071	
	0.325187	
	0.384588	
	0.443818	
	0.511482	
	0.456876	
	0.411373	
	0.429800	
	0.459121	
	0.502691	
	0.437380	
	0.494233	
	0.480075	
	0.489470	
	0.446174	
	0.437626	
	0.505674	
	0.578047	
	0.502551	
	0.468795	
	0.446783	
	0.481839	
	0.449111	
	0.375025	
	0.321328	
	0.272280	
	0.278044	
	0.281408	
	0.328670	
	0.304240	
	0.311748	
	0.305051	
	0.306598	
	0.333761	
	0.318447	
	0.367335	
	0.337400	
	0.369694	
	0.375643	
	0.392162	
	0.401996	
	0.395735	
	0.409734	
	0.431379	
	0.424850	
	0.383904	
	0.415828	
	0.453808	
	0.436028	
	0.515318	
	0.419058	
	0.459849	
	0.457181	
	0.493679	
	0.557492	
	0.449142	
	0.845237	
	0.919443	
	0.886590	
	0.582494	
	0.349729	
	0.330698	
	0.426245	
	0.492831	
	0.427737	
	0.350011	
	0.336047	
	0.391433	
	0.443124	
	0.412409	
	0.439357	
	0.442124	
	0.451927	
	0.474180	
	0.483644	
	0.440161	
	0.457731	
	0.469383	
	0.493101	
	0.404889	
	0.385613	
	0.323531	
	0.416764	
	0.588631	
	0.718354	
	0.610216	
	0.607481	
	0.666993	
	0.625909	
	0.457753	
	0.426773	
	0.401125	
	0.383861	
	0.407411	
	0.372804	
	0.410513	
	0.360824	
	0.402520	
	0.448936	
	0.421035	
	0.426771	
	0.442595	
	0.446966	
	0.545669	
	0.538111	
	0.520905	
	0.565426	
	0.494801	
	0.537045	
	0.579114	
	0.584636	
	0.622072	
	0.584413	
	0.596040	
	0.545257	
	0.496525	
	0.430996	
	0.502280	
	0.470714	
	0.501729	
	0.472690	
	0.505004	
	0.416951	
	0.409127	
	0.385789	
	0.419339	
	0.437055	
	0.412035	
	0.395621	
	0.302281	
	0.273497	
	0.271163	
	0.227821	
	0.231161	
	0.247594	
	0.246605	
	0.242436	
	0.255142	
	0.280950	
	0.295050	
	0.301026	
	0.310637	
	0.295312	
	0.300535	
	0.336700	
	0.325385	
	0.340846	
	0.364744	
	0.370786	
	0.390534	
	0.374236	
	0.397590	
	0.400163	
	0.382312	
	0.344061	
	0.435537	
	0.409229	
	0.445953	
	0.416185	
	0.388588	
	0.411988	
	0.361086	
	0.389047	
	0.399128	
	0.430974	
	0.405131	
	0.400742	
	0.591601	
	0.804457	
	0.713104	
	0.407378	
	0.395268	
	0.355207	
	0.374186	
	0.440258	
	0.323952	
	0.311918	
	0.296267	
	0.283800	
	0.326706	
	0.323888	
	0.348106	
	0.308461	
	0.340213	
	0.351669	
	0.281326	
	0.325958	
	0.332183	
	0.344398	
	0.372881	
	0.348088	
	0.364304	
	0.346749	
	0.359372	
	0.338245	
	0.364627	
	0.321232	
	0.306554	
	0.280348	
	0.295373	
	0.291538	
	0.271226	
	0.294914	
	0.317202	
	0.300298	
	0.358811	
	0.371826	
	0.389749	
	0.363411	
	0.329079	
	0.352517	
	0.408564	
	0.411785	
	0.361460	
	0.327349	
	0.416426	
	0.396095	
	0.347521	
	0.359083	
	0.437877	
	0.460069	
	0.473896	
	0.432160	
	0.415920	
	0.415908	
	0.378958	
	0.368117	
	0.401548	
	0.454184	
	0.413301	
	0.450512	
	0.428945	
	0.414587	
	0.448715	
	0.416805	
	0.459425	
	0.442966	
	0.517984	
	0.489381	
	0.432595	
	0.422318	
	0.401192	
	0.347848	
	0.306987	
	0.281911	
	0.279637	
	0.257316	
	0.285955	
	0.274860	
	0.335516	
	0.347834	
	0.379434	
	0.405265	
	0.387504	
	0.398039	
	0.357580	
	0.346857	
	0.319086	
	0.364270	
	0.343645	
	0.364042	
	0.354376	
	0.333110	
	0.377419	
	0.332836	
	0.319144	
	0.314839	
	0.324040	
	0.311584	
	0.323176	
	0.327591	
	0.305211	
	0.331167	
	0.383570	
	0.395006	
	0.348903	
	0.318708	
	0.352463	
	0.276449	
	0.285851	
	0.256215	
	0.285182	
	0.302758	
	0.363775	
	0.312551	
	0.303724	
	0.295224	
	0.303125	
	0.333352	
	0.362556	
	0.354408	
	0.335280	
	0.340614	
	0.311615	
	0.346568	
	0.377944	
	0.345404	
	0.333066	
	0.372458	
	0.374158	
	0.355989	
	0.361543	
	0.389955	
	0.352626	
	0.369596	
	0.458435	
	0.456930	
	0.358488	
	0.323877	
	0.373263	
	0.344952	
	0.398227	
	0.326681	
	0.237841	
	0.215259	
	0.234066	
	0.203271	
	0.200967	
	0.240269	
	0.226127	
	0.210936	
	0.219225	
	0.175781	
	0.176696	
	0.167272	
	0.154586	
	0.159968	
	0.145171	
	0.130608	
	0.135570	
	0.150642	
	0.145699	
	0.147081	
	0.134453	
	0.142284	
	0.146296	
	0.167125	
	0.165255	
	0.146076	
	0.141980	
	0.123044	
	0.174598	
	0.195245	
	0.217383	
	0.182172	
	0.257610	
	0.255114	
	0.275171	
	0.233616	
	0.187642	
	0.173201	
	0.198719	
	0.269543	
	0.268001	
	0.352467	
	0.308915	
	0.275197	
	0.262470	
	0.230872	
	0.229856	
	0.219310	
	0.223791	
	0.243686	
	0.256486	
	0.241946	
	0.266112	
	0.279899	
	0.336400	
	0.339007	
	0.266564	
	0.230793	
	0.177187	
	0.153126	
	0.156822	
	0.151909	
	0.173060	
	0.158482	
	0.159092	
	0.172232	
	0.170288	
	0.218106	
	0.221201	
	0.216268	
	0.263873	
	0.237661	
	0.254797	
	0.263928	
	0.212001	
	0.241141	
	0.262775	
	0.278571	
	0.307874	
	0.304782	
	0.249375	
	0.232245	
	0.211910	
	0.198789	
	0.202783	
	0.216812	
	0.218570	
	0.252263	
	0.289143	
	0.410761	
	0.408066	
	0.367576	
	0.281003	
	0.302662	
	0.466072	
	0.495186	
	0.451960	
	0.434433	
	0.444412	
	0.557307	
	0.570601	
	0.504984	
	0.578274	
	0.589754	
	0.597451	
	0.585161	
	0.498020	
	0.423636	
	0.342448	
	0.422538	
	0.760182	
	0.722556	
	0.287805	
	0.268557	
	0.254432	
	0.300786	
	0.380332	
	0.242752	
	0.239195	
	0.200425	
	0.194461	
	0.207183	
	0.242242	
	0.235632	
	0.232746	
	0.251398	
	0.257644	
	0.277092	
	0.265669	
	0.271878	
	0.280584	
	0.241578	
	0.300341	
	0.266128	
	0.200563	
	0.163008	
	0.176157	
	0.173294	
	0.214368	
	0.201359	
	0.219278	
	0.577592	
	0.881947	
	0.918497	
	0.880328	
	0.775766	
	0.460920	
	0.462734	
	0.568028	
	0.534543	
	0.410713	
	0.342674	
	0.382863	
	0.489530	
	0.456302	
	0.354903	
	0.377103	
	0.324635	
	0.319772	
	0.366923	
	0.494976	
	0.442571	
	0.372398	
	0.353955	
	0.338767	
	0.486768	
	0.401583	
	0.306196	
	0.357933	
	0.308893	
	0.348070	
	0.359784	
	0.423157	
	0.406038	
	0.380338	
	0.385119	
	0.384708	
	0.595281	
	0.834990	
	0.875452	
	0.872555	
	0.829938	
	0.795265	
	0.732107	
	0.361262	
	0.360343	
	0.413290	
	0.389273	
	0.341530	
	0.318279	
	0.357756	
	0.376018	
	0.346379	
	0.340075	
	0.366117	
	0.390533	
	0.332436	
	0.243646	
	0.172767	
	0.216488	
	0.375852	
	0.462660	
	0.375377	
	0.346032	
	0.368360	
	0.334272	
	0.305589	
	0.322141	
	0.340074	
	0.320943	
	0.344141	
	0.323263	
	0.370524	
	0.342455	
	0.344343	
	0.331851	
	0.343266	
	0.322451	
	0.319297	
	0.238745	
	0.222294	
	0.279372	
	0.302206	
	0.331959	
	0.295046	
	0.270961	
	0.292397	
	0.348593	
	0.319417	
	0.327898	
	0.296795	
	0.302379	
	0.313633	
	0.265436	
	0.287333	
	0.302395	
	0.280632	
	0.280958	
	0.291160	
	0.269963	
	0.223613	
	0.209250	
	0.188496	
	0.204659	
	0.211136	
	0.239509	
	0.249303	
	0.198501	
	0.391981	
	0.745063	
	0.816088	
	0.725003	
	0.607657	
	0.502003	
	0.253423	
	0.344216	
	0.342377	
	0.335705	
	0.329670	
	0.294754	
	0.266889	
	0.246068	
	0.274768	
	0.241133	
	0.283100	
	0.294383	
	0.316656	
	0.303723	
	0.304309	
	0.361112	
	0.327950	
	0.320253	
	0.300179	
	0.348251	
	0.347385	
	0.297729	
	0.316805	
	0.331164	
	0.309271	
	0.296730	
	0.301737	
	0.338660	
	0.276965	
	0.270008	
	0.326691	
	0.314503	
	0.276651	
	0.226593	
	0.253637	
	0.232600	
	0.194163	
	0.217016	
	0.262394	
	0.261547	
	0.241962	
	0.199291	
	0.214476	
	0.216778	
	0.243455	
	0.235136	
	0.209762	
	0.208415	
	0.251021	
	0.226870	
	0.275555	
	0.248593	
	0.267581	
	0.265831	
	0.263722	
	0.268883	
	0.250102	
	0.265216	
	0.251078	
	0.241880	
	0.233934	
	0.237229	
	0.272301	
	0.308770	
	0.319283	
	0.274887	
	0.273830	
	0.187554	
	0.169792	
	0.161646	
	0.135705	
	0.147098	
	0.160020	
	0.183201	
	0.163036	
	0.163225	
	0.146375	
	0.184676	
	0.164164	
	0.184051	
	0.186295	
	0.176999	
	0.172648	
	0.156215	
	0.147620	
	0.205695	
	0.157781	
	0.146416	
	0.172754	
	0.162788	
	0.144683	
	0.156399	
	0.177327	
	0.220658	
	0.191182	
	0.200626	
	0.192525	
	0.216406	
	0.260214	
	0.270480	
	0.255162	
	0.327979	
	0.286018	
	0.357797	
	0.403815	
	0.317850	
	0.306095	
	0.286560	
	0.268799	
	0.298178	
	0.326213	
	0.343327	
	0.335930	
	0.363654	
	0.373865	
	0.411076	
	0.416287	
	0.472514	
	0.500475	
	0.475384	
	0.269610	
	0.290242	
	0.470647	
	0.587000	
	0.553758	
	0.546797	
	0.559871	
	0.529714	
	0.570248	
	0.521788	
	0.422473	
	0.411815	
	0.353991	
	0.413340	
	0.431940	
	0.386201	
	0.446334	
	0.446915	
	0.426849	
	0.626112	
	0.844471	
	0.873019	
	0.862657	
	0.826481	
	0.798990	
	0.593372	
	0.447462	
	0.468508	
	0.502278	
	0.542122	
	0.458968	
	0.412015	
	0.386458	
	0.384067	
	0.400201	
	0.408132	
	0.484377	
	0.497474	
	0.508646	
	0.483031	
	0.357613	
	0.275143	
	0.425303	
	0.522514	
	0.527908	
	0.571159	
	0.546379	
	0.522750	
	0.578856	
	0.555131	
	0.541164	
	0.564034	
	0.456207	
	0.387924	
	0.431333	
	0.428728	
	0.538515	
	0.648546	
	0.766861	
	0.796449	
	0.778661	
	0.667935	
	0.370385	
	0.335972	
	0.435972	
	0.456342	
	0.428046	
	0.371492	
	0.340374	
	0.381792	
	0.415420	
	0.450822	
	0.468042	
	0.465879	
	0.510042	
	0.521131	
	0.506952	
	0.554903	
	0.568847	
	0.481767	
	0.396358	
	0.376313	
	0.434722	
	0.387368	
	0.344963	
	0.351230	
	0.303568	
	0.292391	
	0.273115	
	0.255182	
	0.262954	
	0.606790	
	0.873152	
	0.851641	
	0.848539	
	0.738765	
	0.522379	
	0.331238	
	0.405164	
	0.452374	
	0.335548	
	0.259617	
	0.215321	
	0.245132	
	0.224557	
	0.263140	
	0.224348	
	0.234608	
	0.222008	
	0.196703	
	0.225993	
	0.289145	
	0.271965	
	0.231052	
	0.222001	
	0.206145	
	0.216861	
	0.285119	
	0.241148	
	0.204319	
	0.233442	
	0.183630	
	0.251483	
	0.239773	
	0.254739	
	0.210430	
	0.200537	
	0.228652	
	0.232325	
	0.256090	
	0.228360	
	0.253629	
	0.266931	
	0.200897	
	0.231720	
	0.217796	
	0.217501	
	0.220486	
	0.240612	
	0.240827	
	0.222322	
	0.225448	
	0.213589	
	0.210496	
	0.225774	
	0.249706	
	0.259022	
	0.252101	
	0.230725	
	0.205225	
	0.214760	
	0.219952	
	0.245706	
	0.237018	
	0.204009	
	0.213566	
	0.232899	
	0.264228	
	0.282186	
	0.280417	
	0.260230	
	0.268801	
	0.252778	
	0.204357	
	0.185133	
	0.165765	
	0.151040	
	0.190207	
	0.177719	
	0.175780	
	0.146549	
	0.176731	
	0.183677	
	0.176142	
	0.203582	
	0.179745	
	0.210199	
	0.185218	
	0.178212	
	0.196504	
	0.194180	
	0.212458	
	0.215491	
	0.194912	
	0.236037	
	0.187342	
	0.181344	
	0.170802	
	0.150078	
	0.176464	
	0.145877	
	0.151694	
	0.184800	
	0.116039	
	0.171093	
	0.138269	
	0.106139	
	0.208921	
	0.149023	
	0.199156	
	0.179916	
	0.224425	
	0.290080	
	0.256605	
	0.304590	
	0.258604	
	0.301111	
	0.318305	
	0.265898	
	0.258878	
	0.274497	
	0.291209	
	0.296791	
	0.302003	
	0.295117	
	0.316310	
	0.335928	
	0.336449	
	0.374329	
	0.405543	
	0.449301	
	0.404780	
	0.390720	
	0.391190	
	0.407113	
	0.464775	
	0.425680	
	0.453870	
	0.449904	
	0.416765	
	0.471756	
	0.436846	
	0.419000	
	0.396265	
	0.418546	
	0.410892	
	0.345686	
	0.337177	
	0.333523	
	0.296898	
	0.317888	
	0.302480	
	0.319168	
	0.347235	
	0.365677	
	0.431046	
	0.474622	
	0.465977	
	0.492113	
	0.519809	
	0.542987	
	0.561580	
	0.552366	
	0.506413	
	0.511336	
	0.602813	
	0.567274	
	0.616604	
	0.572720	
	0.490404	
	0.539697	
	0.569673	
	0.617735	
	0.538294	
	0.433310	
	0.703467	
	0.867822	
	0.563536	
	0.400270	
	0.436542	
	0.425346	
	0.528007	
	0.491682	
	0.445513	
	0.876058	
	0.935320	
	0.915117	
	0.880382	
	0.641458	
	0.340592	
	0.520207	
	0.522084	
	0.497750	
	0.475041	
	0.398668	
	0.378983	
	0.434509	
	0.400797	
	0.408724	
	0.539203	
	0.540816	
	0.369726	
	0.436940	
	0.481942	
	0.527217	
	0.563720	
	0.503255	
	0.411821	
	0.372438	
	0.450562	
	0.496307	
	0.529967	
	0.555700	
	0.473081	
	0.482158	
	0.426983	
	0.455497	
	0.530115	
	0.903966	
	0.880913	
	0.694890	
	0.737274	
	0.687240	
	0.605542	
	0.655951	
	0.489826	
	0.328423	
	0.328466	
	0.318628	
	0.280752	
	0.279849	
	0.261454	
	0.271544	
	0.283390	
	0.312446	
	0.312133	
	0.344248	
	0.278886	
	0.216139	
	0.198033	
	0.164693	
	0.164163	
	0.232148	
	0.278048	
	0.402498	
	0.334728	
	0.376152	
	0.472891	
	0.369911	
	0.399648	
	0.359819	
	0.388783	
	0.392285	
	0.335843	
	0.294264	
	0.219181	
	0.321559	
	0.328056	
	0.327316	
	0.367342	
	0.347239	
	0.334522	
	0.407319	
	0.417472	
	0.439135	
	0.481548	
	0.497552	
	0.422762	
	0.379323	
	0.442595	
	0.474461	
	0.471929	
	0.465678	
	0.372532	
	0.297703	
	0.281262	
	0.275020	
	0.296769	
	0.332741	
	0.377134	
	0.334058	
	0.332218	
	0.342487	
	0.337568	
	0.353950	
	0.389546	
	0.377177	
	0.372283	
	0.391043	
	0.404410	
	0.321336	
	0.329576	
	0.282442	
	0.193262	
	0.251838	
	0.263902	
	0.261329	
	0.273415	
	0.281811	
	0.342496	
	0.296209	
	0.302347	
	0.339864	
	0.352021	
	0.341358	
	0.371879	
	0.347513	
	0.376492	
	0.399919	
	0.401566	
	0.428401	
	0.485000	
	0.450837	
	0.407285	
	0.333904	
	0.265154	
	0.204794	
	0.258260	
	0.393591	
	0.376249	
	0.277503	
	0.249046	
	0.241615	
	0.316156	
	0.290758	
	0.237499	
	0.333495	
	0.300951	
	0.340456	
	0.314080	
	0.288931	
	0.274806	
	0.284682	
	0.310139	
	0.291806	
	0.298046	
	0.287135	
	0.315622	
	0.320451	
	0.328380	
	0.316350	
	0.359386	
	0.363422	
	0.346930	
	0.381132	
	0.418819	
	0.428274	
	0.767677	
	0.778338	
	0.437013	
	0.300589	
	0.283485	
	0.311537	
	0.436487	
	0.376131	
	0.328540	
	0.329950	
	0.303358	
	0.300764	
	0.318241	
	0.340365	
	0.333879	
	0.337497	
	0.362852	
	0.326929	
	0.305061	
	0.286717	
	0.239817	
	0.200688	
	0.251867	
	0.227821	
	0.194678	
	0.213787	
	0.234621	
	0.245580	
	0.246358	
	0.273859	
	0.249569	
	0.267289	
	0.310627	
	0.288326	
	0.297746	
	0.326036	
	0.324013	
	0.342624	
	0.341696	
	0.386314	
	0.357868	
	0.389968	
	0.458101	
	0.485903	
	0.343431	
	0.383801	
	0.411059	
	0.391771	
	0.435858	
	0.436212	
	0.431594	
	0.454628	
	0.377664	
	0.444400	
	0.402538	
	0.444655	
	0.656137	
	0.853713	
	0.915928	
	0.912956	
	0.869716	
	0.775932	
	0.619058	
	0.669842	
	0.618473	
	0.535101	
	0.487075	
	0.467327	
	0.480404	
	0.468606	
	0.475446	
	0.507869	
	0.506395	
	0.476477	
	0.484136	
	0.459264	
	0.409705	
	0.385505	
	0.352831	
	0.335548	
	0.313255	
	0.311263	
	0.279967	
	0.293849	
	0.255994	
	0.270286	
	0.279321	
	0.298040	
	0.291423	
	0.234706	
	0.190707	
	0.296968	
	0.409574	
	0.361127	
	0.301510	
	0.292177	
	0.299259	
	0.274630	
	0.273405	
	0.304048	
	0.320484	
	0.328085	
	0.274382	
	0.307161	
	0.303162	
	0.313767	
	0.323120	
	0.373433	
	0.319675	
	0.349812	
	0.371190	
	0.414270	
	0.419076	
	0.428528	
	0.445445	
	0.422909	
	0.376694	
	0.422445	
	0.433547	
	0.469415	
	0.470903	
	0.531806	
	0.444614	
	0.475833	
	0.399047	
	0.474027	
	0.501153	
	0.520712	
	0.555932	
	0.582073	
	0.525332	
	0.473434	
	0.460200	
	0.483401	
	0.506861	
	0.529486	
	0.486803	
	0.510551	
	0.520579	
	0.484632	
	0.500083	
	0.533902	
	0.588998	
	0.581646	
	0.586673	
	0.496114	
	0.480175	
	0.523966	
	0.511908	
	0.496044	
	0.526976	
	0.467999	
	0.413895	
	0.455944	
	0.430134	
	0.464129	
	0.448360	
	0.555673	
	0.429865	
	0.466172	
	0.517080	
	0.413426	
	0.410732	
	0.473711	
	0.464587	
	0.441800	
	0.375273	
	0.289631	
	0.314388	
	0.311846	
	0.314741	
	0.353230	
	0.346562	
	0.379997	
	0.375890	
	0.398822	
	0.358813	
	0.362425	
	0.366966	
	0.364106	
	0.336782	
	0.360676	
	0.386788	
	0.328888	
	0.335879	
	0.305958	
	0.347648	
	0.334305	
	0.292873	
	0.332144	
	0.320285	
	0.347793	
	0.437664	
	0.357981	
	0.268788	
	0.248629	
	0.197928	
	0.244144	
	0.230390	
	0.224236	
	0.257659	
	0.309713	
	0.286408	
	0.450620	
	0.380735	
	0.358610	
	0.394787	
	0.342792	
	0.366802	
	0.357156	
	0.309895	
	0.328504	
	0.317558	
	0.331927	
	0.323092	
	0.335904	
	0.386957	
	0.390947	
	0.376168	
	0.466470	
	0.482168	
	0.481745	
	0.482238	
	0.389929	
	0.451984	
	0.463918	
	0.430551	
	0.425424	
	0.457436	
	0.450464	
	0.539100	
	0.484115	
	0.426674	
	0.433383	
	0.402905	
	0.454781	
	0.513939	
	0.418104	
	0.325614	
	0.305493	
	0.250667	
	0.490742	
	0.592150	
	0.607525	
	0.629198	
	0.594594	
	0.595461	
	0.658747	
	0.664439	
	0.646118	
	0.681718	
	0.739366	
	0.709982	
	0.625070	
	0.710519	
	0.745124	
	0.766999	
	0.790534	
	0.805940	
	0.780920	
	0.796541	
	0.821900	
	0.825381	
	0.747975	
	0.602280	
	0.612024	
	0.485011	
	0.459964	
	0.445995	
	0.464684	
	0.351028	
	0.386044	
	0.367765	
	0.323708	
	0.273325	
	0.280337	
	0.283430	
	0.387927	
	0.423618	
	0.409174	
	0.487669	
	0.438123	
	0.544653	
	0.500146	
	0.405954	
	0.504419	
	0.552933	
	0.408461	
	0.359403	
	0.366916	
	0.343241	
	0.312109	
	0.292802	
	0.317623	
	0.318800	
	0.321469	
	0.346412	
	0.416072	
	0.359187	
	0.351269	
	0.452879	
	0.527717	
	0.531216	
	0.573318	
	0.639467	
	0.583217	
	0.556973	
	0.542915	
	0.524469	
	0.489311	
	0.409154	
	0.451505	
	0.477289	
	0.474730	
	0.495004	
	0.498921	
	0.446910	
	0.493555	
	0.520160	
	0.524355	
	0.490969	
	0.487614	
	0.499876	
	0.464924	
	0.475876	
	0.442498	
	0.457460	
	0.445819	
	0.372014	
	0.388296	
	0.409527	
	0.402773	
	0.519289	
	0.262843	
	0.213456	
	0.237699	
	0.267982	
	0.262257	
	0.282377	
	0.277767	
	0.281176	
	0.286633	
	0.223761	
	0.173994	
	0.221860	
	0.250969	
	0.266721	
	0.323651	
	0.203782	
	0.206767	
	0.266315	
	0.272042	
	0.328114	
	0.324914	
	0.391295	
	0.339703	
	0.354542	
	0.344067	
	0.354303	
	0.351655	
	0.288163	
	0.444272	
	0.406296	
	0.369661	
	0.384046	
	0.410155	
	0.434195	
	0.387007	
	0.391548	
	0.418851	
	0.343945	
	0.323966	
	0.301112	
	0.185819	
	0.184429	
	0.281660	
	0.317888	
	0.680340	
	0.720484	
	0.344278	
	0.281038	
	0.307670	
	0.365327	
	0.434751	
	0.389098	
	0.311306	
	0.315837	
	0.316535	
	0.268696	
	0.268450	
	0.262620	
	0.281837	
	0.273818	
	0.282751	
	0.298917	
	0.303109	
	0.295978	
	0.333493	
	0.351164	
	0.324453	
	0.439885	
	0.503462	
	0.512138	
	0.499450	
	0.525286	
	0.528880	
	0.521541	
	0.533799	
	0.469778	
	0.496198	
	0.521583	
	0.499491	
	0.465661	
	0.479965	
	0.450777	
	0.479010	
	0.495104	
	0.430051	
	0.388595	
	0.396102	
	0.388690	
	0.376163	
	0.372580	
	0.383627	
	0.336708	
	0.359654	
	0.269911	
	0.301878	
	0.250019	
	0.264647	
	0.254210	
	0.258510	
	0.236695	
	0.202374	
	0.291948	
	0.356818	
	0.419180	
	0.329593	
	0.449720	
	0.425217	
	0.382995	
	0.350448	
	0.287730	
	0.237682	
	0.320756	
	0.270270	
	0.301623	
	0.309121	
	0.267541	
	0.273398	
	0.255459	
	0.217271	
	0.218202	
	0.203063	
	0.212475	
	0.205604	
	0.209008	
	0.221268	
	0.221298	
	0.207591	
	0.192953	
	0.224680	
	0.268275	
	0.258742	
	0.237250	
	0.226893	
	0.236925	
	0.278862	
	0.273432	
	0.307990	
	0.258327	
	0.267692	
	0.273858	
	0.287270	
	0.326600	
	0.319769	
	0.335443	
	0.297988	
	0.322270	
	0.293373	
	0.332511	
	0.340673	
	0.301682	
	0.335089	
	0.298466	
	0.334912	
	0.282940	
	0.337520	
	0.370931	
	0.281436	
	0.251252	
	0.222263	
	0.229985	
	0.235270	
	0.229298	
	0.252731	
	0.284327	
	0.215352	
	0.241248	
	0.283324	
	0.321418	
	0.290100	
	0.294936	
	0.262130	
	0.310719	
	0.363536	
	0.394469	
	0.400644	
	0.388542	
	0.355092	
	0.407722	
	0.414022	
	0.417098	
	0.460568	
	0.526128	
	0.500458	
	0.504390	
	0.462683	
	0.436308	
	0.706594	
	0.889662	
	0.902763	
	0.898388	
	0.899664	
	0.884077	
	0.870234	
	0.740552	
	0.478448	
	0.434251	
	0.477697	
	0.438676	
	0.413713	
	0.414228	
	0.405489	
	0.413930	
	0.442984	
	0.454702	
	0.427665	
	0.398290	
	0.391025	
	0.379579	
	0.395000	
	0.405952	
	0.439894	
	0.412040	
	0.471028	
	0.483851	
	0.490012	
	0.427110	
	0.432546	
	0.452864	
	0.535931	
	0.536126	
	0.469850	
	0.482478	
	0.479545	
	0.453991	
	0.483386	
	0.528851	
	0.517567	
	0.499523	
	0.457437	
	0.490458	
	0.489679	
	0.489371	
	0.524212	
	0.524495	
	0.477969	
	0.476406	
	0.475766	
	0.517132	
	0.478198	
	0.485125	
	0.466344	
	0.431877	
	0.464328	
	0.451491	
	0.473347	
	0.465244	
	0.526226	
	0.477031	
	0.431700	
	0.486328	
	0.463116	
	0.463472	
	0.529101	
	0.436407	
	0.442140	
	0.407811	
	0.483992	
	0.477061	
	0.435304	
	0.458726	
	0.437932	
	0.441210	
	0.530478	
	0.495850	
	0.392785	
	0.376511	
	0.447230	
	0.410761	
	0.353192	
	0.402209	
	0.454446	
	0.367503	
	0.364777	
	0.327762	
	0.321955	
	0.346337	
	0.345948	
	0.365482	
	0.340323	
	0.325584	
	0.283845	
	0.307454	
	0.354132	
	0.353796	
	0.340404	
	0.318901	
	0.330290	
	0.301865	
	0.339646	
	0.265802	
	0.242294	
	0.238015	
	0.299616	
	0.280651	
	0.315423	
	0.289063	
	0.341999	
	0.382530	
	0.325750	
	0.343856	
	0.309838	
	0.262509	
	0.216190	
	0.177164	
	0.222367	
	0.215568	
	0.227566	
	0.250908	
	0.248352	
	0.247838	
	0.256941	
	0.239069	
	0.253061	
	0.248963	
	0.234105	
	0.201886	
	0.249157	
	0.245609	
	0.793202	
	0.734065	
	0.366675	
	0.428787	
	0.458077	
	0.484861	
	0.522415	
	0.460802	
	0.441327	
	0.463109	
	0.469359	
	0.478141	
	0.462710	
	0.464949	
	0.471850	
	0.465333	
	0.478225	
	0.505225	
	0.569877	
	0.635915	
	0.652593	
	0.590026	
	0.559066	
	0.554074	
	0.543637	
	0.491662	
	0.519132	
	0.545926	
	0.568165	
	0.567168	
	0.594363	
	0.574333	
	0.589855	
	0.513591	
	0.558246	
	0.553901	
	0.543254	
	0.492603	
	0.518807	
	0.544352	
	0.569737	
	0.567128	
	0.594219	
	0.575372	
	0.588453	
	0.602718	
	0.596842	
	0.589138	
	0.558378	
	0.488993	
	0.499707	
	0.549036	
	0.469925	
	0.467500	
	0.452371	
	0.425880	
	0.457071	
	0.465756	
	0.427260	
	0.394059	
	0.290658	
	0.203651	
	0.248841	
	0.254106	
	0.345884	
	0.311488	
	0.290133	
	0.280144	
	0.281985	
	0.253692	
	0.256002	
	0.278171	
	0.286183	
	0.294076	
	0.310966	
	0.346676	
	0.365215	
	0.363417	
	0.395535	
	0.404205	
	0.453562	
	0.514761	
	0.483604	
	0.418462	
	0.346103	
	0.357662	
	0.407484	
	0.428346	
	0.411673	
	0.383358	
	0.386594	
	0.406380	
	0.511474	
	0.448199	
	0.458714	
	0.479876	
	0.504476	
	0.548001	
	0.484472	
	0.521248	
	0.473562	
	0.449813	
	0.416321	
	0.482513	
	0.479666	
	0.495427	
	0.537581	
	0.551881	
	0.605633	
	0.569138	
	0.541547	
	0.526208	
	0.536135	
	0.529263	
	0.468657	
	0.474588	
	0.491683	
	0.503419	
	0.446688	
	0.446927	
	0.414665	
	0.406749	
	0.456438	
	0.531314	
	0.465464	
	0.408338	
	0.406851	
	0.495192	
	0.489739	
	0.513216	
	0.483173	
	0.433820	
	0.433774	
	0.467661	
	0.496076	
	0.428293	
	0.443927	
	0.495301	
	0.407043	
	0.415281	
	0.416534	
	0.386368	
	0.394257	
	0.426412	
	0.415543	
	0.363619	
	0.401047	
	0.385381	
	0.411943	
	0.461907	
	0.466785	
	0.474290	
	0.452511	
	0.421757	
	0.428351	
	0.407363	
	0.698803	
	0.824378	
	0.909720	
	0.654386	
	0.382310	
	0.409116	
	0.454784	
	0.456373	
	0.493006	
	0.505034	
	0.535007	
	0.598436	
	0.579882	
	0.554727	
	0.559468	
	0.440688	
	0.395118	
	0.432479	
	0.418541	
	0.279825	
	0.212127	
	0.184635	
	0.365199	
	0.750709	
	0.735376	
	0.309367	
	0.229475	
	0.257076	
	0.298863	
	0.430955	
	0.322264	
	0.332097	
	0.289443	
	0.296602	
	0.327284	
	0.340342	
	0.378218	
	0.419967	
	0.452506	
	0.472736	
	0.514075	
	0.450539	
	0.389694	
	0.378367	
	0.425336	
	0.415860	
	0.399585	
	0.386679	
	0.354762	
	0.333618	
	0.329858	
	0.389023	
	0.303311	
	0.257805	
	0.277736	
	0.270105	
	0.310663	
	0.297338	
	0.267378	
	0.325283	
	0.730114	
	0.889155	
	0.868756	
	0.572327	
	0.410993	
	0.441367	
	0.579022	
	0.598638	
	0.434267	
	0.333225	
	0.392205	
	0.363181	
	0.383828	
	0.364298	
	0.349432	
	0.349618	
	0.364899	
	0.368057	
	0.350947	
	0.341946	
	0.367764	
	0.318542	
	0.314562	
	0.349263	
	0.315278	
	0.183049	
	0.187520	
	0.168315	
	0.186182	
	0.198652	
	0.232697	
	0.269882	
	0.653086	
	0.609713	
	0.332105	
	0.194148	
	0.219684	
	0.221927	
	0.367783	
	0.274361	
	0.203480	
	0.256049	
	0.239712	
	0.257923	
	0.245775	
	0.244675	
	0.362630	
	0.298839	
	0.298050	
	0.280112	
	0.238939	
	0.294392	
	0.310247	
	0.269977	
	0.351932	
	0.370169	
	0.285416	
	0.300933	
	0.325871	
	0.293692	
	0.301986	
	0.378670	
	0.344656	
	0.447707	
	0.369879	
	0.410665	
	0.425673	
	0.456422	
	0.435089	
	0.336833	
	0.336275	
	0.339023	
	0.307051	
	0.345133	
	0.372983	
	0.365443	
	0.427043	
	0.375251	
	0.358759	
	0.416281	
	0.393739	
	0.446224	
	0.479253	
	0.482109	
	0.537647	
	0.518754	
	0.480050	
	0.488980	
	0.507194	
	0.428687	
	0.476390	
	0.526001	
	0.528967	
	0.553912	
	0.596509	
	0.615327	
	0.572712	
	0.695313	
	0.593099	
	0.527061	
	0.483649	
	0.464298	
	0.410672	
	0.310022	
	0.228449	
	0.313564	
	0.222754	
	0.146074	
	0.187299	
	0.182948	
	0.170641	
	0.164834	
	0.177301	
	0.196445	
	0.155856	
	0.201705	
	0.199052	
	0.274267	
	0.225512	
	0.268751	
	0.257870	
	0.255334	
	0.277951	
	0.343324	
	0.329870	
	0.284169	
	0.347898	
	0.365542	
	0.349483	
	0.338311	
	0.380591	
	0.336300	
	0.353133	
	0.327658	
	0.361947	
	0.302670	
	0.296316	
	0.252290	
	0.264630	
	0.310983	
	0.344368	
	0.281635	
	0.212819	
	0.232784	
	0.399769	
	0.430430	
	0.446716	
	0.431468	
	0.394999	
	0.415974	
	0.523451	
	0.462641	
	0.430420	
	0.451717	
	0.423695	
	0.479014	
	0.473741	
	0.449105	
	0.437829	
	0.449734	
	0.438300	
	0.430660	
	0.457270	
	0.439535	
	0.483476	
	0.418267	
	0.439384	
	0.433540	
	0.457993	
	0.388301	
	0.362169	
	0.414028	
	0.404326	
	0.324022	
	0.352497	
	0.267164	
	0.214025	
	0.278175	
	0.276825	
	0.268974	
	0.306078	
	0.285070	
	0.299883	
	0.371234	
	0.405674	
	0.389205	
	0.324890	
	0.290353	
	0.356533	
	0.367622	
	0.359105	
	0.357053	
	0.353347	
	0.348477	
	0.349096	
	0.303140	
	0.288878	
	0.328288	
	0.277169	
	0.244227	
	0.264324	
	0.253889	
	0.242100	
	0.258520	
	0.248728	
	0.270575	
	0.323715	
	0.335133	
	0.361219	
	0.378224	
	0.350865	
	0.317572	
	0.425556	
	0.394909	
	0.460256	
	0.430539	
	0.392695	
	0.362188	
	0.338243	
	0.329774	
	0.364761	
	0.401581	
	0.365196	
	0.386073	
	0.426011	
	0.407972	
	0.426523	
	0.425477	
	0.427353	
	0.433654	
	0.352346	
	0.289951	
	0.245210	
	0.150747	
	0.218649	
	0.332958	
	0.381146	
	0.423415	
	0.452608	
	0.453520	
	0.414102	
	0.484172	
	0.473255	
	0.516842	
	0.563473	
	0.576024	
	0.511045	
	0.445819	
	0.325095	
	0.318171	
	0.262836	
	0.207694	
	0.226810	
	0.299827	
	0.344234	
	0.355665	
	0.385449	
	0.355627	
	0.339590	
	0.437735	
	0.404094	
	0.436918	
	0.457385	
	0.473885	
	0.481522	
	0.444780	
	0.514890	
	0.437335	
	0.401897	
	0.419521	
	0.385133	
	0.399427	
	0.432039	
	0.405164	
	0.391604	
	0.351516	
	0.364570	
	0.349752	
	0.308113	
	0.375634	
	0.379871	
	0.415180	
	0.454398	
	0.866098	
	0.902594	
	0.884899	
	0.801851	
	0.616941	
	0.388636	
	0.539598	
	0.561262	
	0.462369	
	0.453861	
	0.380733	
	0.452982	
	0.475990	
	0.505931	
	0.492266	
	0.490989	
	0.476994	
	0.461522	
	0.388559	
	0.245867	
	0.209556	
	0.231711	
	0.209022	
	0.268908	
	0.239078	
	0.230113	
	0.224412	
	0.252309	
	0.256883	
	0.241778	
	0.239142	
	0.276493	
	0.383165	
	0.410216	
	0.411400	
	0.367347	
	0.506635	
	0.690214	
	0.700644	
	0.562552	
	0.429632	
	0.283080	
	0.283369	
	0.271480	
	0.288868	
	0.318508	
	0.313125	
	0.304814	
	0.320506	
	0.298028	
	0.276709	
	0.281359	
	0.297724	
	0.393604	
	0.406465	
	0.359959	
	0.360469	
	0.364303	
	0.345454	
	0.431689	
	0.451997	
	0.433514	
	0.404356	
	0.420805	
	0.412340	
	0.414516	
	0.430715	
	0.447292	
	0.411663	
	0.358773	
	0.399949	
	0.387469	
	0.407994	
	0.460732	
	0.441656	
	0.358706	
	0.375863	
	0.360576	
	0.302608	
	0.297938	
	0.295280	
	0.261543	
	0.337752	
	0.354835	
	0.360844	
	0.450114	
	0.460509	
	0.417724	
	0.390015	
	0.371913	
	0.327898	
	0.313000	
	0.336094	
	0.741302	
	0.869628	
	0.939227	
	0.933329	
	0.839726	
	0.436577	
	0.465716	
	0.594388	
	0.598700	
	0.523444	
	0.508544	
	0.433177	
	0.494638	
	0.527492	
	0.520994	
	0.548789	
	0.559996	
	0.330253	
	0.231345	
	0.220560	
	0.241720	
	0.261584	
	0.272393	
	0.283482	
	0.256827	
	0.295218	
	0.383249	
	0.385967	
	0.353237	
	0.397698	
	0.378787	
	0.415879	
	0.392054	
	0.431811	
	0.415526	
	0.462438	
	0.458711	
	0.420638	
	0.415943	
	0.425673	
	0.413407	
	0.440936	
	0.411481	
	0.398259	
	0.458259	
	0.461395	
	0.399761	
	0.431644	
	0.383648	
	0.427133	
	0.408705	
	0.427776	
	0.479419	
	0.429263	
	0.451457	
	0.462328	
	0.413611	
	0.400762	
	0.467432	
	0.393075	
	0.432892	
	0.444022	
	0.474186	
	0.515826	
	0.495566	
	0.465722	
	0.444328	
	0.426839	
	0.438329	
	0.441483	
	0.418347	
	0.317588	
	0.275250	
	0.215832	
	0.206114	
	0.238621	
	0.223742	
	0.203793	
	0.175861	
	0.224351	
	0.222049	
	0.259272	
	0.248431	
	0.274281	
	0.335295	
	0.335675	
	0.339648	
	0.293760	
	0.262739	
	0.203914	
	0.163281	
	0.204429	
	0.188750	
	0.176900	
	0.159804	
	0.184648	
	0.181783	
	0.197391	
	0.185774	
	0.204822	
	0.225320	
	0.192130	
	0.205550	
	0.244007	
	0.209229	
	0.232286	
	0.249873	
	0.209935	
	0.196114	
	0.231392	
	0.270467	
	0.212232	
	0.260325	
	0.206317	
	0.224177	
	0.225458	
	0.247370	
	0.243070	
	0.242766	
	0.244764	
	0.203922	
	0.207909	
	0.249867	
	0.236055	
	0.222369	
	0.203443	
	0.191176	
	0.178120	
	0.200843	
	0.235219	
	0.303375	
	0.274777	
	0.219834	
	0.300564	
	0.283065	
	0.264142	
	0.255029	
	0.243581	
	0.251049	
	0.282223	
	0.238184	
	0.259244	
	0.231683	
	0.231331	
	0.252162	
	0.242607	
	0.248006	
	0.262137	
	0.233866	
	0.205167	
	0.253976	
	0.268036	
	0.227334	
	0.220651	
	0.242876	
	0.298166	
	0.295815	
	0.286363	
	0.308921	
	0.301679	
	0.315588	
	0.270223	
	0.205671	
	0.213227	
	0.173135	
	0.210953	
	0.208532	
	0.211430	
	0.203364	
	0.224672	
	0.237522	
	0.217224	
	0.226007	
	0.226718	
	0.254141	
	0.250859	
	0.270744	
	0.260034	
	0.283806	
	0.301619	
	0.325945	
	0.346976	
	0.281035	
	0.320454	
	0.360937	
	0.375553	
	0.402119	
	0.379569	
	0.352169	
	0.362928	
	0.359139	
	0.361755	
	0.392434	
	0.421868	
	0.458223	
	0.399422	
	0.392467	
	0.418220	
	0.345062	
	0.318305	
	0.362018	
	0.290085	
	0.309422	
	0.374224	
	0.327558	
	0.330700	
	0.353377	
	0.339950	
	0.380562	
	0.371793	
	0.422008	
	0.383787	
	0.342248	
	0.374053	
	0.381230	
	0.334587	
	0.394973	
	0.383380	
	0.314837	
	0.352888	
	0.336379	
	0.336147	
	0.298428	
	0.316611	
	0.287513	
	0.321975	
	0.274714	
	0.340073	
	0.334951	
	0.333332	
	0.288758	
	0.328642	
	0.387269	
	0.417271	
	0.341051	
	0.241535	
	0.218967	
	0.191751	
	0.224453	
	0.211044	
	0.251759	
	0.282284	
	0.248713	
	0.257280	
	0.220791	
	0.284988	
	0.248529	
	0.268622	
	0.291623	
	0.309449	
	0.290854	
	0.286609	
	0.259245	
	0.300415	
	0.327577	
	0.332664	
	0.295711	
	0.287880	
	0.291282	
	0.264674	
	0.303302	
	0.289781	
	0.302206	
	0.300834	
	0.299860	
	0.305010	
	0.381297	
	0.378551	
	0.388834	
	0.406137	
	0.394607	
	0.383251	
	0.421551	
	0.405622	
	0.400640	
	0.334166	
	0.330952	
	0.352182	
	0.376619	
	0.351513	
	0.317834	
	0.300373	
	0.277497	
	0.317943	
	0.306676	
	0.343272	
	0.310731	
	0.214102	
	0.284091	
	0.207805	
	0.262786	
	0.259289	
	0.270685	
	0.243575	
	0.198600	
	0.172528	
	0.191868	
	0.202531	
	0.254317	
	0.269070	
	0.280003	
	0.254013	
	0.265456	
	0.276748	
	0.286214	
	0.303007	
	0.372152	
	0.380357	
	0.329037	
	0.274767	
	0.202131	
	0.177562	
	0.190339	
	0.186135	
	0.190949	
	0.219974	
	0.253013	
	0.262613	
	0.251836	
	0.243060	
	0.272989	
	0.292260	
	0.316192	
	0.311473	
	0.273332	
	0.295005	
	0.273899	
	0.260644	
	0.251330	
	0.277164	
	0.248994	
	0.206756	
	0.264780	
	0.261927	
	0.268659	
	0.266643	
	0.273577	
	0.296363	
	0.279882	
	0.288912	
	0.321105	
	0.313361	
	0.255893	
	0.257927	
	0.236955	
	0.304983	
	0.339678	
	0.313419	
	0.259730	
	0.276818	
	0.313831	
	0.308716	
	0.341220	
	0.332072	
	0.321119	
	0.351498	
	0.375344	
	0.369679	
	0.338294	
	0.243447	
	0.288566	
	0.248771	
	0.356489	
	0.384368	
	0.370956	
	0.350444	
	0.317433	
	0.373174	
	0.384724	
	0.503858	
	0.538204	
	0.462103	
	0.390912	
	0.428033	
	0.422948	
	0.509530	
	0.412373	
	0.324036	
	0.378574	
	0.394002	
	0.342342	
	0.336656	
	0.308488	
	0.219997	
	0.183577	
	0.200021	
	0.204535	
	0.220456	
	0.235188	
	0.300382	
	0.318931	
	0.274837	
	0.213091	
	0.264108	
	0.272717	
	0.290792	
	0.249957	
	0.294510	
	0.283848	
	0.308834	
	0.262446	
	0.261867	
	0.288920	
	0.232274	
	0.262124	
	0.244595	
	0.251971	
	0.236774	
	0.290331	
	0.322768	
	0.321868	
	0.322175	
	0.360637	
	0.372255	
	0.329099	
	0.306740	
	0.320031	
	0.309482	
	0.387246	
	0.309337	
	0.340320	
	0.311758	
	0.319636	
	0.322391	
	0.326782	
	0.363115	
	0.369041	
	0.405074	
	0.387609	
	0.401417	
	0.417218	
	0.396268	
	0.440958	
	0.405487	
	0.394799	
	0.379561	
	0.392200	
	0.361474	
	0.316325	
	0.340741	
	0.332307	
	0.360767	
	0.352070	
	0.358736	
	0.335502	
	0.356530	
	0.369328	
	0.336228	
	0.356711	
	0.355526	
	0.338734	
	0.417098	
	0.423372	
	0.341661	
	0.253001	
	0.240198	
	0.209563	
	0.178559	
	0.195785	
	0.215800	
	0.232358	
	0.226748	
	0.206750	
	0.221132	
	0.214774	
	0.242384	
	0.241721	
	0.236933	
	0.235835	
	0.231945	
	0.213560	
	0.218160	
	0.230039	
	0.223122	
	0.221936	
	0.229629	
	0.272222	
	0.237323	
	0.264184	
	0.261507	
	0.251029	
	0.258613	
	0.298033	
	0.302967	
	0.273744	
	0.239089	
	0.259895	
	0.245563	
	0.228037	
	0.280739	
	0.279946	
	0.296708	
	0.301037	
	0.251891	
	0.250469	
	0.221003	
	0.209702	
	0.234218	
	0.235574	
	0.265565	
	0.266828	
	0.255815	
	0.250198	
	0.226430	
	0.251050	
	0.244014	
	0.230186	
	0.247240	
	0.262652	
	0.247275	
	0.244703	
	0.260887	
	0.217179	
	0.228842	
	0.249777	
	0.259925	
	0.293425	
	0.275170	
	0.231866	
	0.226919	
	0.239752	
	0.267022	
	0.354761	
	0.486660	
	0.449984	
	0.431826	
	0.357013	
	0.264406	
	0.243707	
	0.213202	
	0.236674	
	0.240417	
	0.228598	
	0.234711	
	0.256863	
	0.238924	
	0.236580	
	0.241481	
	0.221287	
	0.228073	
	0.239470	
	0.235725	
	0.215647	
	0.216131	
	0.246940	
	0.239069	
	0.255271	
	0.233645	
	0.216121	
	0.240338	
	0.271285	
	0.279042	
	0.277882	
	0.265953	
	0.285637	
	0.315120	
	0.362211	
	0.348446	
	0.300402	
	0.260777	
	0.324444	
	0.308231	
	0.316612	
	0.246844	
	0.202102	
	0.204493	
	0.211751	
	0.206022	
	0.215717	
	0.215462	
	0.225637	
	0.206050	
	0.237058	
	0.255305	
	0.270259	
	0.263399	
	0.254281	
	0.226449	
	0.182281	
	0.219653	
	0.205333	
	0.227026	
	0.213686	
	0.227892	
	0.238031	
	0.266846	
	0.269252	
	0.300676	
	0.285455	
	0.281327	
	0.293250	
	0.274136	
	0.333073	
	0.300134	
	0.381959	
	0.431907	
	0.386631	
	0.350316	
	0.379546	
	0.323896	
	0.291743	
	0.303376	
	0.328006	
	0.352833	
	0.407744	
	0.418977	
	0.375917	
	0.353669	
	0.371385	
	0.410366	
	0.370447	
	0.399554	
	0.369696	
	0.370478	
	0.357739	
	0.324036	
	0.354193	
	0.423866	
	0.410384	
	0.443573	
	0.411431	
	0.396644	
	0.389104	
	0.430252	
	0.429160	
	0.488888	
	0.489248	
	0.476653	
	0.462450	
	0.495499	
	0.476856	
	0.485254	
	0.468095	
	0.348496	
	0.402240	
	0.516265	
	0.418298	
	0.413710	
	0.417770	
	0.390461	
	0.396103	
	0.375478	
	0.424290	
	0.481357	
	0.486473	
	0.507131	
	0.555691	
	0.451167	
	0.494494	
	0.438808	
	0.455709	
	0.431765	
	0.402627	
	0.373403	
	0.350936	
	0.414068	
	0.429990	
	0.399137	
	0.389327	
	0.361548	
	0.378235	
	0.389687	
	0.397209	
	0.434806	
	0.422857	
	0.392132	
	0.416547	
	0.468279	
	0.447394	
	0.433921	
	0.386478	
	0.344710	
	0.325662	
	0.325680	
	0.322166	
	0.339277	
	0.352127	
	0.329304	
	0.348588	
	0.335891	
	0.340607	
	0.425132	
	0.399469	
	0.375802	
	0.409411	
	0.377691	
	0.362209	
	0.381978	
	0.377823	
	0.408889	
	0.412807	
	0.385759	
	0.351107	
	0.346283	
	0.312450	
	0.339263	
	0.362119	
	0.351093	
	0.341096	
	0.370518	
	0.352249	
	0.382104	
	0.319444	
	0.304684	
	0.312503	
	0.356635	
	0.311131	
	0.331457	
	0.275501	
	0.313647	
	0.328507	
	0.353796	
	0.355818	
	0.327525	
	0.316340	
	0.332871	
	0.355399	
	0.350172	
	0.409158	
	0.323786	
	0.359962	
	0.360374	
	0.348235	
	0.369374	
	0.358314	
	0.330522	
	0.292835	
	0.304702	
	0.317823	
	0.345190	
	0.317920	
	0.310578	
	0.303646	
	0.346063	
	0.350704	
	0.350077	
	0.404417	
	0.445355	
	0.374758	
	0.397597	
	0.413829	
	0.375875	
	0.398341	
	0.373055	
	0.379920	
	0.324519	
	0.238108	
	0.231093	
	0.265086	
	0.255734	
	0.243329	
	0.241348	
	0.270595	
	0.247935	
	0.257301	
	0.286823	
	0.293480	
	0.277437	
	0.289008	
	0.358931	
	0.324825	
	0.321634	
	0.319341	
	0.382749	
	0.329173	
	0.290531	
	0.269689	
	0.249914	
	0.282656	
	0.303658	
	0.265740	
	0.291572	
	0.309935	
	0.297577	
	0.319497	
	0.308097	
	0.325269	
	0.269295	
	0.316978	
	0.396120	
	0.390630	
	0.341177	
	0.285826	
	0.249103	
	0.278688	
	0.249920	
	0.263388	
	0.241459	
	0.238291	
	0.210312	
	0.208037	
	0.198531	
	0.250440	
	0.284624	
	0.293358	
	0.246532	
	0.237886	
	0.244688	
	0.270554	
	0.294776	
	0.311979	
	0.283631	
	0.275746	
	0.229154	
	0.234264	
	0.268945	
	0.261846	
	0.282502	
	0.257497	
	0.246408	
	0.260502	
	0.336037	
	0.297686	
	0.359554	
	0.322815	
	0.369261	
	0.361847	
	0.338252	
	0.294107	
	0.213096	
	0.205962	
	0.200507	
	0.200774	
	0.231781	
	0.306928	
	0.230546	
	0.254239	
	0.232696	
	0.255033	
	0.271619	
	0.287367	
	0.285061	
	0.255216	
	0.265253	
	0.297344	
	0.288862	
	0.258548	
	0.324671	
	0.286001	
	0.300139	
	0.290254	
	0.340290	
	0.362781	
	0.337692	
	0.392900	
	0.354102	
	0.333385	
	0.370504	
	0.338462	
	0.332241	
	0.338605	
	0.368524	
	0.358231	
	0.313873	
	0.715544	
	0.852896	
	0.810897	
	0.641329	
	0.332604	
	0.334136	
	0.448621	
	0.484767	
	0.410764	
	0.287159	
	0.286598	
	0.280426	
	0.316427	
	0.317294	
	0.348762	
	0.338227	
	0.392449	
	0.371812	
	0.406249	
	0.425354	
	0.437101	
	0.462877	
	0.466276	
	0.485164	
	0.520855	
	0.527984	
	0.494342	
	0.499960	
	0.553438	
	0.554322	
	0.541920	
	0.572923	
	0.557330	
	0.593728	
	0.526082	
	0.449778	
	0.334106	
	0.328025	
	0.335227	
	0.288972	
	0.259947	
	0.267176	
	0.269592	
	0.280475	
	0.321534	
	0.323473	
	0.300186	
	0.266710	
	0.303096	
	0.333718	
	0.355495	
	0.391132	
	0.447823	
	0.428623	
	0.393663	
	0.400428	
	0.442213	
	0.456426	
	0.466713	
	0.489070	
	0.507344	
	0.475280	
	0.520574	
	0.497890	
	0.473191	
	0.469226	
	0.443685	
	0.503429	
	0.472226	
	0.530795	
	0.537374	
	0.532116	
	0.551219	
	0.512120	
	0.592898	
	0.578622	
	0.623613	
	0.590843	
	0.681477	
	0.597884	
	0.583912	
	0.629881	
	0.663422	
	0.624422	
	0.652901	
	0.698664	
	0.667460	
	0.645388	
	0.709845	
	0.712659	
	0.680128	
	0.669485	
	0.695015	
	0.679302	
	0.755703	
	0.736270	
	0.681997	
	0.628782	
	0.654092	
	0.535099	
	0.545349	
	0.525115	
	0.482495	
	0.463938	
	0.508218	
	0.463451	
	0.460321	
	0.406136	
	0.365646	
	0.298756	
	0.311672	
	0.253656	
	0.290002	
	0.381390	
	0.412326	
	0.409639	
	0.421279	
	0.417085	
	0.424094	
	0.504756	
	0.523894	
	0.456645	
	0.465423	
	0.417811	
	0.368505	
	0.399102	
	0.420963	
	0.410890	
	0.383080	
	0.362084	
	0.367430	
	0.336277	
	0.338588	
	0.396514	
	0.363115	
	0.352888	
	0.384489	
	0.372375	
	0.424133	
	0.420263	
	0.404748	
	0.414730	
	0.450144	
	0.475599	
	0.460110	
	0.508451	
	0.440563	
	0.406893	
	0.382422	
	0.386021	
	0.409960	
	0.371210	
	0.371052	
	0.338065	
	0.336120	
	0.364275	
	0.376620	
	0.313241	
	0.291521	
	0.340250	
	0.286250	
	0.282926	
	0.369829	
	0.412999	
	0.396013	
	0.428535	
	0.375486	
	0.359488	
	0.461715	
	0.447107	
	0.436158	
	0.397538	
	0.354632	
	0.355789	
	0.327474	
	0.291885	
	0.336171	
	0.368861	
	0.375440	
	0.376057	
	0.451178	
	0.898683	
	0.945636	
	0.897950	
	0.845984	
	0.820228	
	0.747668	
	0.544637	
	0.444528	
	0.487178	
	0.464305	
	0.447330	
	0.429051	
	0.387799	
	0.362051	
	0.360287	
	0.397903	
	0.438597	
	0.402765	
	0.403631	
	0.378882	
	0.374301	
	0.314308	
	0.309727	
	0.331094	
	0.324423	
	0.340136	
	0.327961	
	0.319544	
	0.333533	
	0.341571	
	0.335886	
	0.302743	
	0.244287	
	0.185280	
	0.196472	
	0.208551	
	0.233946	
	0.250433	
	0.242645	
	0.237280	
	0.238909	
	0.249716	
	0.224100	
	0.216935	
	0.193274	
	0.197065	
	0.203876	
	0.224359	
	0.352316	
	0.391416	
	0.366258	
	0.380737	
	0.402553	
	0.488009	
	0.516496	
	0.585502	
	0.606679	
	0.603044	
	0.610299	
	0.464870	
	0.594213	
	0.806815	
	0.785362	
	0.482523	
	0.298176	
	0.269548	
	0.305869	
	0.356841	
	0.347641	
	0.337412	
	0.371011	
	0.362805	
	0.364687	
	0.358443	
	0.359373	
	0.355388	
	0.360523	
	0.195462	
	0.352691	
	0.799777	
	0.700282	
	0.357711	
	0.293088	
	0.246029	
	0.277746	
	0.347131	
	0.267350	
	0.292011	
	0.278613	
	0.261904	
	0.275696	
	0.269637	
	0.292638	
	0.287541	
	0.318651	
	0.325934	
	0.318520	
	0.314402	
	0.307010	
	0.317106	
	0.327971	
	0.287975	
	0.255989	
	0.285777	
	0.307690	
	0.279670	
	0.284912	
	0.259086	
	0.366329	
	0.294979	
	0.294059	
	0.239039	
	0.217886	
	0.181606	
	0.154169	
	0.236553	
	0.191098	
	0.171542	
	0.188812	
	0.178289	
	0.166899	
	0.163761	
	0.168124	
	0.184817	
	0.253717	
	0.147172	
	0.173709	
	0.140868	
	0.133005	
	0.170736	
	0.559928	
	0.857265	
	0.488662	
	0.309855	
	0.406782	
	0.411213	
	0.382153	
	0.424685	
	0.422067	
	0.447687	
	0.504669	
	0.445217	
	0.406357	
	0.446355	
	0.381118	
	0.361027	
	0.344745	
	0.281920	
	0.223183	
	0.210417	
	0.299074	
	0.359890	
	0.352235	
	0.330912	
	0.261918	
	0.262391	
	0.257331	
	0.268564	
	0.269751	
	0.280935	
	0.297112	
	0.296896	
	0.247621	
	0.239885	
	0.269058	
	0.306312	
	0.334858	
	0.294800	
	0.308162	
	0.282330	
	0.308035	
	0.301558	
	0.326552	
	0.302134	
	0.362592	
	0.349252	
	0.360327	
	0.267376	
	0.253439	
	0.346798	
	0.322545	
	0.309643	
	0.316592	
	0.315223	
	0.308770	
	0.341674	
	0.297125	
	0.328996	
	0.316468	
	0.286196	
	0.339470	
	0.320634	
	0.276332	
	0.278684	
	0.294069	
	0.305694	
	0.308620	
	0.315991	
	0.253322	
	0.261585	
	0.319491	
	0.342421	
	0.312463	
	0.273649	
	0.288242	
	0.249934	
	0.206397	
	0.205244	
	0.284037	
	0.296590	
	0.337352	
	0.387297	
	0.372924	
	0.416781	
	0.437502	
	0.287824	
	0.207511	
	0.217638	
	0.189014	
	0.235739	
	0.238517	
	0.242518	
	0.260813	
	0.246541	
	0.292249	
	0.296550	
	0.253744	
	0.285867	
	0.274528	
	0.285533	
	0.322194	
	0.324916	
	0.393824	
	0.282209	
	0.302597	
	0.268727	
	0.279709	
	0.264113	
	0.250600	
	0.232995	
	0.239345	
	0.247530	
	0.268127	
	0.276752	
	0.247579	
	0.236406	
	0.211892	
	0.216495	
	0.217740	
	0.234757	
	0.262884	
	0.257719	
	0.265898	
	0.242189	
	0.215581	
	0.236737	
	0.207602	
	0.210852	
	0.220351	
	0.217265	
	0.167219	
	0.188380	
	0.209999	
	0.223894	
	0.257120	
	0.264674	
	0.325946	
	0.413546	
	0.339621	
	0.339439	
	0.425001	
	0.382974	
	0.378883	
	0.406337	
	0.375545	
	0.339718	
	0.278924	
	0.254105	
	0.283175	
	0.256658	
	0.268923	
	0.269717	
	0.257266	
	0.260651	
	0.264846	
	0.308231	
	0.326182	
	0.265845	
	0.219513	
	0.209401	
	0.234276	
	0.260653	
	0.308204	
	0.284060	
	0.337879	
	0.285505	
	0.282692	
	0.264059	
	0.265287	
	0.275857	
	0.239947	
	0.278931	
	0.291943	
	0.262435	
	0.283397	
	0.243575	
	0.268146	
	0.201178	
	0.219433	
	0.236278	
	0.217434	
	0.224278	
	0.211991	
	0.180543	
	0.189692	
	0.200162	
	0.207676	
	0.204873	
	0.224957	
	0.223913	
	0.206777	
	0.243988	
	0.285407	
	0.241641	
	0.249735	
	0.169529	
	0.176047	
	0.153513	
	0.161343	
	0.173846	
	0.148838	
	0.166424	
	0.147599	
	0.161285	
	0.146851	
	0.175531	
	0.179013	
	0.171703	
	0.162166	
	0.203409	
	0.203562	
	0.221607	
	0.205238	
	0.202249	
	0.212105	
	0.255101	
	0.360341	
	0.304749	
	0.367750	
	0.359668	
	0.341311	
	0.403795	
	0.346014	
	0.385239	
	0.466569	
	0.365626	
	0.383271	
	0.438555	
	0.410780	
	0.374435	
	0.235497	
	0.218055	
	0.223555	
	0.233584	
	0.231180	
	0.246980	
	0.254123	
	0.266349	
	0.297613	
	0.298438	
	0.306450	
	0.314854	
	0.315519	
	0.289485	
	0.309897	
	0.304422	
	0.337911	
	0.345451	
	0.276379	
	0.254862	
	0.298340	
	0.338827	
	0.368679	
	0.337305	
	0.351583	
	0.333387	
	0.314682	
	0.318527	
	0.335813	
	0.357013	
	0.361622	
	0.346977	
	0.380633	
	0.343810	
	0.302451	
	0.262480	
	0.197578	
	0.218703	
	0.185041	
	0.204377	
	0.223473	
	0.247870	
	0.237327	
	0.229962	
	0.217297	
	0.209650	
	0.277208	
	0.308839	
	0.281779	
	0.291858	
	0.275888	
	0.341510	
	0.369564	
	0.357515	
	0.389332	
	0.365575	
	0.370310	
	0.307112	
	0.309500	
	0.335978	
	0.321478	
	0.320094	
	0.320252	
	0.376940	
	0.380679	
	0.431418	
	0.447084	
	0.451389	
	0.452906	
	0.408692	
	0.445393	
	0.380936	
	0.295194	
	0.307106	
	0.353854	
	0.236562	
	0.235583	
	0.224002	
	0.246642	
	0.241851	
	0.245437	
	0.238439	
	0.226165	
	0.217492	
	0.240515	
	0.235349	
	0.298666	
	0.297263	
	0.291329	
	0.235112	
	0.217834	
	0.265154	
	0.245721	
	0.233286	
	0.220676	
	0.270876	
	0.284915	
	0.327217	
	0.292782	
	0.303438	
	0.290358	
	0.302695	
	0.276096	
	0.262039	
	0.287201	
	0.215972	
	0.298317	
	0.339589	
	0.289007	
	0.354386	
	0.305280	
	0.309424	
	0.283067	
	0.282804	
	0.280167	
	0.274588	
	0.243986	
	0.258233	
	0.235433	
	0.247186	
	0.253149	
	0.249323	
	0.227153	
	0.256731	
	0.234385	
	0.291900	
	0.240939	
	0.238228	
	0.270281	
	0.233138	
	0.215026	
	0.243808	
	0.251325	
	0.267489	
	0.292054	
	0.243096	
	0.278032	
	0.243195	
	0.233141	
	0.254829	
	0.301402	
	0.355253	
	0.355875	
	0.383275	
	0.382286	
	0.379459	
	0.197630	
	0.175317	
	0.325645	
	0.396545	
	0.409948	
	0.390196	
	0.475511	
	0.448021	
	0.431565	
	0.404639	
	0.336500	
	0.332803	
	0.384828	
	0.315867	
	0.332765	
	0.271554	
	0.270304	
	0.287769	
	0.324264	
	0.324758	
	0.347497	
	0.328553	
	0.356624	
	0.380163	
	0.402572	
	0.460543	
	0.471487	
	0.478745	
	0.459702	
	0.464415	
	0.468766	
	0.473794	
	0.528300	
	0.505125	
	0.317033	
	0.295861	
	0.303421	
	0.370232	
	0.577778	
	0.346046	
	0.307190	
	0.290466	
	0.267783	
	0.313289	
	0.369138	
	0.296054	
	0.334187	
	0.388257	
	0.324338	
	0.354155	
	0.289749	
	0.322450	
	0.415258	
	0.419879	
	0.335488	
	0.346596	
	0.280260	
	0.342346	
	0.347536	
	0.327105	
	0.335416	
	0.323209	
	0.304655	
	0.305693	
	0.307598	
	0.349434	
	0.339748	
	0.320534	
	0.260602	
	0.307685	
	0.211471	
	0.172913	
	0.151273	
	0.143342	
	0.221500	
	0.288152	
	0.300123	
	0.307635	
	0.308279	
	0.369508	
	0.371541	
	0.386226	
	0.425407	
	0.458837	
	0.485997	
	0.506926	
	0.511309	
	0.482368	
	0.535007	
	0.556093	
	0.538343	
	0.485305	
	0.429023	
	0.373276	
	0.414715	
	0.456809	
	0.442462	
	0.451040	
	0.416876	
	0.391027	
	0.435762	
	0.488051	
	0.437340	
	0.409139	
	0.490291	
	0.395591	
	0.440910	
	0.461708	
	0.415499	
	0.417454	
	0.395063	
	0.435463	
	0.486472	
	0.483853	
	0.496022	
	0.546461	
	0.472632	
	0.455450	
	0.512433	
	0.619324	
	0.638131	
	0.595149	
	0.564484	
	0.633790	
	0.586572	
	0.557218	
	0.522746	
	0.430336	
	0.435695	
	0.886177	
	0.905786	
	0.428024	
	0.381292	
	0.424527	
	0.462675	
	0.514277	
	0.483712	
	0.476984	
	0.475851	
	0.506124	
	0.494056	
	0.518327	
	0.556201	
	0.529136	
	0.479997	
	0.454273	
	0.290236	
	0.283531	
	0.312955	
	0.315420	
	0.296234	
	0.256579	
	0.247443	
	0.282435	
	0.279572	
	0.284849	
	0.254862	
	0.254717	
	0.250849	
	0.295316	
	0.283351	
	0.283698	
	0.295701	
	0.338163	
	0.322902	
	0.317702	
	0.343036	
	0.339207	
	0.336425	
	0.408899	
	0.378998	
	0.324415	
	0.383932	
	0.333324	
	0.390975	
	0.428142	
	0.444440	
	0.398814	
	0.490574	
	0.465155	
	0.505925	
	0.567750	
	0.335025	
	0.290787	
	0.252431	
	0.304320	
	0.321726	
	0.401651	
	0.387097	
	0.361705	
	0.423071	
	0.376402	
	0.364233	
	0.418583	
	0.464504	
	0.468200	
	0.434100	
	0.455946	
	0.446129	
	0.471600	
	0.449776	
	0.466789	
	0.507060	
	0.480161	
	0.520397	
	0.521140	
	0.550137	
	0.542728	
	0.598611	
	0.596099	
	0.575832	
	0.539258	
	0.540139	
	0.554213	
	0.554837	
	0.619306	
	0.915160	
	0.932375	
	0.862738	
	0.823061	
	0.826201	
	0.659966	
	0.529673	
	0.507892	
	0.479527	
	0.447525	
	0.465133	
	0.430312	
	0.410198	
	0.442631	
	0.455638	
	0.483016	
	0.474725	
	0.405877	
	0.374242	
	0.365015	
	0.300667	
	0.264632	
	0.238696	
	0.230103	
	0.209665	
	0.478698	
	0.667808	
	0.677897	
	0.638496	
	0.410863	
	0.329717	
	0.370364	
	0.406819	
	0.412335	
	0.423629	
	0.390363	
	0.362002	
	0.384780	
	0.393886	
	0.378418	
	0.421246	
	0.448926	
	0.453329	
	0.469314	
	0.485690	
	0.440257	
	0.480918	
	0.474553	
	0.496000	
	0.484067	
	0.448449	
	0.533308	
	0.550370	
	0.554819	
	0.590565	
	0.572806	
	0.552587	
	0.493021	
	0.404071	
	0.318331	
	0.384572	
	0.454722	
	0.488600	
	0.455342	
	0.412823	
	0.512778	
	0.433642	
	0.509386	
	0.545675	
	0.615314	
	0.618068	
	0.621234	
	0.412119	
	0.477294	
	0.355069	
	0.420508	
	0.586350	
	0.496916	
	0.463724	
	0.452792	
	0.444054	
	0.458036	
	0.438705	
	0.440482	
	0.492294	
	0.513670	
	0.481554	
	0.521981	
	0.547168	
	0.549407	
	0.558985	
	0.554291	
	0.526781	
	0.450909	
	0.484695	
	0.471012	
	0.424128	
	0.438651	
	0.423181	
	0.445564	
	0.471827	
	0.470105	
	0.496990	
	0.476388	
	0.434609	
	0.400187	
	0.434254	
	0.422703	
	0.415173	
	0.425070	
	0.426172	
	0.370435	
	0.341709	
	0.415679	
	0.415600	
	0.376309	
	0.407159	
	0.412621	
	0.405072	
	0.390322	
	0.403118	
	0.367522	
	0.334593	
	0.351138	
	0.328322	
	0.384030	
	0.455320	
	0.447397	
	0.499215	
	0.402164	
	0.335039	
	0.419881	
	0.478610	
	0.449327	
	0.403654	
	0.411368	
	0.435529	
	0.429737	
	0.527857	
	0.532242	
	0.455819	
	0.465169	
	0.492631	
	0.433317	
	0.470118	
	0.430145	
	0.449238	
	0.406580	
	0.441084	
	0.300505	
	0.315275	
	0.435353	
	0.431489	
	0.502494	
	0.469250	
	0.477594	
	0.523958	
	0.506790	
	0.484947	
	0.449940	
	0.523672	
	0.476109	
	0.454157	
	0.444794	
	0.444600	
	0.444089	
	0.475930	
	0.476964	
	0.458509	
	0.460316	
	0.442110	
	0.431047	
	0.448265	
	0.431440	
	0.473796	
	0.401099	
	0.392044	
	0.449853	
	0.466577	
	0.464111	
	0.433096	
	0.398871	
	0.397445	
	0.414142	
	0.394834	
	0.415182	
	0.376525	
	0.378111	
	0.418844	
	0.427984	
	0.437544	
	0.381258	
	0.406354	
	0.376425	
	0.361988	
	0.429768	
	0.379677	
	0.387254	
	0.365548	
	0.405708	
	0.397669	
	0.393420	
	0.412044	
	0.395309	
	0.404446	
	0.419855	
	0.414878	
	0.383406	
	0.384399	
	0.383580	
	0.369447	
	0.380312	
	0.434510	
	0.372119	
	0.414688	
	0.407274	
	0.388648	
	0.435646	
	0.376430	
	0.414468	
	0.396553	
	0.331693	
	0.319881	
	0.337873	
	0.345934	
	0.382313	
	0.311632	
	0.346766	
	0.341032	
	0.337427	
	0.327305	
	0.303073	
	0.345802	
	0.311453	
	0.292048	
	0.303219	
	0.318623	
	0.333174	
	0.374312	
	0.383509	
	0.365202	
	0.320592	
	0.278148	
	0.349687	
	0.360214	
	0.308372	
	0.349624	
	0.320872	
	0.329961	
	0.326078	
	0.367803	
	0.392016	
	0.356779	
	0.349033	
	0.368123	
	0.441607	
	0.387518	
	0.233016	
	0.209056	
	0.184484	
	0.178046	
	0.152606	
	0.175948	
	0.176670	
	0.190603	
	0.172823	
	0.189447	
	0.171450	
	0.139867	
	0.167981	
	0.150616	
	0.171366	
	0.166477	
	0.177141	
	0.160292	
	0.164999	
	0.190149	
	0.205735	
	0.247431	
	0.262899	
	0.255103	
	0.273914	
	0.265581	
	0.295089	
	0.283012	
	0.339779	
	0.287222	
	0.263076	
	0.245896	
	0.220423	
	0.256650	
	0.259787	
	0.236276	
	0.225660	
	0.329544	
	0.415181	
	0.456650	
	0.435564	
	0.419321	
	0.408418	
	0.412215	
	0.399306	
	0.456871	
	0.386000	
	0.426745	
	0.388350	
	0.403565	
	0.380460	
	0.413268	
	0.402693	
	0.360871	
	0.297544	
	0.267098	
	0.238885	
	0.291862	
	0.317887	
	0.327669	
	0.250333	
	0.223467	
	0.227058	
	0.242276	
	0.240616	
	0.264752	
	0.329683	
	0.324413	
	0.323351	
	0.321178	
	0.318129	
	0.353352	
	0.370053	
	0.393292	
	0.356336	
	0.374365	
	0.381169	
	0.358340	
	0.346472	
	0.377586	
	0.366783	
	0.365058	
	0.368332	
	0.374079	
	0.284537	
	0.326668	
	0.364927	
	0.424542	
	0.431684	
	0.296652	
	0.406180	
	0.499052	
	0.557105	
	0.561132	
	0.548430	
	0.542552	
	0.503574	
	0.488938	
	0.513494	
	0.551720	
	0.466948	
	0.462848	
	0.414435	
	0.423924	
	0.427184	
	0.416866	
	0.395690	
	0.383749	
	0.284854	
	0.284570	
	0.528054	
	0.531253	
	0.310004	
	0.350081	
	0.321221	
	0.293839	
	0.362723	
	0.293271	
	0.277640	
	0.232582	
	0.299240	
	0.253006	
	0.259357	
	0.303034	
	0.307097	
	0.309944	
	0.295980	
	0.255289	
	0.286138	
	0.296982	
	0.295260	
	0.340217	
	0.269368	
	0.269134	
	0.302522	
	0.273797	
	0.313884	
	0.312354	
	0.279937	
	0.285099	
	0.315285	
	0.345075	
	0.336068	
	0.625299	
	0.889131	
	0.882990	
	0.885447	
	0.856555	
	0.615501	
	0.517410	
	0.574545	
	0.512964	
	0.475856	
	0.431140	
	0.366135	
	0.454528	
	0.418719	
	0.437980	
	0.444658	
	0.460609	
	0.462153	
	0.451315	
	0.427385	
	0.462700	
	0.454689	
	0.459664	
	0.445435	
	0.443022	
	0.406727	
	0.428452	
	0.405731	
	0.433848	
	0.456063	
	0.353680	
	0.332614	
	0.289560	
	0.292620	
	0.291585	
	0.293754	
	0.514594	
	0.880380	
	0.912789	
	0.931051	
	0.894530	
	0.565503	
	0.302258	
	0.341302	
	0.347002	
	0.367131	
	0.304720	
	0.296148	
	0.289500	
	0.282688	
	0.302470	
	0.357011	
	0.352555	
	0.401879	
	0.391273	
	0.417680	
	0.429608	
	0.473706	
	0.471152	
	0.530627	
	0.490205	
	0.450632	
	0.438930	
	0.445893	
	0.299638	
	0.259016	
	0.296223	
	0.416996	
	0.391651	
	0.403754	
	0.398781	
	0.397539	
	0.366078	
	0.345203	
	0.299855	
	0.277479	
	0.359347	
	0.327937	
	0.332208	
	0.324472	
	0.329739	
	0.305612	
	0.356165	
	0.330908	
	0.351241	
	0.364745	
	0.389481	
	0.379755	
	0.391104	
	0.434200	
	0.430625	
	0.452376	
	0.461200	
	0.416412	
	0.410290	
	0.422244	
	0.382328	
	0.388825	
	0.383176	
	0.411930	
	0.428351	
	0.396481	
	0.410135	
	0.389969	
	0.380479	
	0.385978	
	0.412429	
	0.352090	
	0.406339	
	0.385200	
	0.374541	
	0.371266	
	0.674926	
	0.715350	
	0.568436	
	0.610207	
	0.401779	
	0.250860	
	0.285313	
	0.311962	
	0.297290	
	0.291991	
	0.337434	
	0.370931	
	0.335525	
	0.333162	
	0.399266	
	0.329100	
	0.358924	
	0.385737	
	0.434461	
	0.415056	
	0.435430	
	0.410673	
	0.404671	
	0.419885	
	0.434326	
	0.427382	
	0.391572	
	0.452931	
	0.452938	
	0.526247	
	0.510580	
	0.478133	
	0.517176	
	0.480884	
	0.497855	
	0.502695	
	0.528756	
	0.483244	
	0.467987	
	0.462515	
	0.470012	
	0.404158	
	0.288008	
	0.314007	
	0.297477	
	0.324631	
	0.362507	
	0.379585	
	0.353430	
	0.392612	
	0.411968	
	0.383791	
	0.379203	
	0.425821	
	0.404100	
	0.430321	
	0.386194	
	0.441264	
	0.445853	
	0.405116	
	0.471299	
	0.482354	
	0.445593	
	0.458552	
	0.501190	
	0.506579	
	0.463172	
	0.504135	
	0.489861	
	0.461484	
	0.539445	
	0.570265	
	0.544429	
	0.530731	
	0.759518	
	0.897585	
	0.866929	
	0.594095	
	0.339844	
	0.364191	
	0.349418	
	0.444656	
	0.438922	
	0.371312	
	0.333496	
	0.381856	
	0.415607	
	0.395144	
	0.422612	
	0.450537	
	0.415208	
	0.430071	
	0.493631	
	0.472593	
	0.501487	
	0.553789	
	0.601430	
	0.631918	
	0.580252	
	0.512336	
	0.428686	
	0.542529	
	0.664663	
	0.752261	
	0.762446	
	0.760215	
	0.717586	
	0.517277	
	0.474001	
	0.448109	
	0.464379	
	0.440492	
	0.407698	
	0.387191	
	0.409436	
	0.426174	
	0.449529	
	0.436297	
	0.402477	
	0.497086	
	0.423157	
	0.440353	
	0.487465	
	0.499566	
	0.547616	
	0.497081	
	0.424635	
	0.457624	
	0.480783	
	0.516275	
	0.570506	
	0.507753	
	0.419128	
	0.453674	
	0.461546	
	0.501728	
	0.537144	
	0.586334	
	0.530850	
	0.472215	
	0.504382	
	0.532861	
	0.505321	
	0.448323	
	0.482745	
	0.450072	
	0.481976	
	0.426035	
	0.311607	
	0.226192	
	0.222249	
	0.253952	
	0.286543	
	0.258962	
	0.289295	
	0.272793	
	0.281204	
	0.307889	
	0.329562	
	0.349249	
	0.375406	
	0.377190	
	0.352922	
	0.403074	
	0.363645	
	0.339670	
	0.330065	
	0.391096	
	0.380324	
	0.382847	
	0.358617	
	0.371770	
	0.365732	
	0.354422	
	0.425028	
	0.473914	
	0.424833	
	0.431041	
	0.440913	
	0.413449	
	0.468491	
	0.401958	
	0.429050	
	0.484098	
	0.638587	
	0.835872	
	0.632394	
	0.445816	
	0.433793	
	0.396278	
	0.452756	
	0.461881	
	0.362221	
	0.345486	
	0.362929	
	0.336067	
	0.382624	
	0.402143	
	0.366924	
	0.406571	
	0.418043	
	0.426480	
	0.379812	
	0.395445	
	0.393176	
	0.426861	
	0.418986	
	0.438712	
	0.393711	
	0.453078	
	0.465006	
	0.436912	
	0.436592	
	0.410531	
	0.341073	
	0.392343	
	0.356307	
	0.373145	
	0.318481	
	0.383774	
	0.303554	
	0.334273	
	0.332347	
	0.334941	
	0.393858	
	0.356480	
	0.421889	
	0.401644	
	0.432474	
	0.343946	
	0.383833	
	0.460799	
	0.460218	
	0.427384	
	0.439305	
	0.408932	
	0.464026	
	0.482332	
	0.440670	
	0.445470	
	0.380286	
	0.406214	
	0.320140	
	0.399397	
	0.461610	
	0.435455	
	0.440088	
	0.476013	
	0.471263	
	0.427545	
	0.400868	
	0.431696	
	0.459252	
	0.440049	
	0.508332	
	0.476710	
	0.419728	
	0.443089	
	0.367623	
	0.293503	
	0.291679	
	0.320892	
	0.303569	
	0.295271	
	0.304714	
	0.307612	
	0.328744	
	0.359165	
	0.351656	
	0.386076	
	0.356217	
	0.341730	
	0.334698	
	0.357591	
	0.415318	
	0.371645	
	0.332883	
	0.327537	
	0.349629	
	0.303904	
	0.332549	
	0.309917	
	0.311365	
	0.361253	
	0.390665	
	0.424047	
	0.397964	
	0.434734	
	0.421951	
	0.435696	
	0.415124	
	0.436513	
	0.429333	
	0.349045	
	0.349559	
	0.269488	
	0.323139	
	0.318301	
	0.347902	
	0.391054	
	0.385136	
	0.397682	
	0.362495	
	0.410756	
	0.478340	
	0.459421	
	0.430450	
	0.434647	
	0.412479	
	0.389356	
	0.375560	
	0.420523	
	0.373074	
	0.399144	
	0.391785	
	0.421713	
	0.485364	
	0.478119	
	0.502443	
	0.491987	
	0.468363	
	0.385821	
	0.388124	
	0.365110	
	0.449573	
	0.420606	
	0.333420	
	0.348131	
	0.365051	
	0.305980	
	0.241775	
	0.272336	
	0.288230	
	0.235070	
	0.233521	
	0.244340	
	0.215964	
	0.216378	
	0.228528	
	0.207739	
	0.176295	
	0.180614	
	0.182743	
	0.199971	
	0.198959	
	0.159212	
	0.152162	
	0.132921	
	0.152235	
	0.159522	
	0.156493	
	0.138197	
	0.134204	
	0.151052	
	0.133844	
	0.174451	
	0.194458	
	0.171016	
	0.149311	
	0.179772	
	0.181477	
	0.185840	
	0.220306	
	0.253292	
	0.303320	
	0.365586	
	0.310262	
	0.307787	
	0.302124	
	0.366390	
	0.346801	
	0.343169	
	0.350821	
	0.329034	
	0.328291	
	0.339533	
	0.358921	
	0.385250	
	0.397916	
	0.441938	
	0.459350	
	0.479757	
	0.458895	
	0.384662	
	0.325315	
	0.303968	
	0.250868	
	0.217417	
	0.194340	
	0.201031	
	0.200611	
	0.264849	
	0.239018	
	0.223884	
	0.203874	
	0.199994	
	0.200598	
	0.217752	
	0.206411	
	0.217255	
	0.224345	
	0.286947	
	0.247796	
	0.208762	
	0.275020	
	0.267294	
	0.277275	
	0.305471	
	0.256044	
	0.258373	
	0.282621	
	0.260812	
	0.276953	
	0.294417	
	0.292846	
	0.235020	
	0.274393	
	0.264352	
	0.238985	
	0.269672	
	0.286303	
	0.377174	
	0.333719	
	0.285089	
	0.265730	
	0.456255	
	0.500984	
	0.511476	
	0.517267	
	0.543086	
	0.563254	
	0.564583	
	0.602416	
	0.615327	
	0.604257	
	0.623860	
	0.614292	
	0.597336	
	0.456984	
	0.474079	
	0.381363	
	0.626705	
	0.699721	
	0.377503	
	0.296574	
	0.307631	
	0.327169	
	0.431387	
	0.409773	
	0.297294	
	0.219076	
	0.240658	
	0.237365	
	0.226988	
	0.231423	
	0.261484	
	0.255837	
	0.267265	
	0.299770	
	0.306397	
	0.304889	
	0.304817	
	0.294055	
	0.309434	
	0.307160	
	0.294706	
	0.260804	
	0.233519	
	0.209462	
	0.211498	
	0.259617	
	0.255734	
	0.235656	
	0.298819	
	0.683225	
	0.800630	
	0.750873	
	0.708865	
	0.511313	
	0.350394	
	0.414199	
	0.511404	
	0.449202	
	0.326438	
	0.329289	
	0.376199	
	0.325703	
	0.302526	
	0.270075	
	0.278736	
	0.278987	
	0.362925	
	0.414539	
	0.414342	
	0.390366	
	0.364360	
	0.399195	
	0.372848	
	0.332128	
	0.266820	
	0.340398	
	0.358482	
	0.375840	
	0.403352	
	0.340223	
	0.314421	
	0.342849	
	0.364764	
	0.286665	
	0.495008	
	0.771551	
	0.883633	
	0.803655	
	0.748500	
	0.571599	
	0.221088	
	0.300252	
	0.354513	
	0.339309	
	0.360288	
	0.311980	
	0.320811	
	0.347292	
	0.343132	
	0.373951	
	0.396552	
	0.374039	
	0.387928	
	0.351498	
	0.175286	
	0.231051	
	0.411125	
	0.464905	
	0.448532	
	0.410160	
	0.390947	
	0.396105	
	0.358427	
	0.375024	
	0.394203	
	0.345340	
	0.359399	
	0.335137	
	0.372751	
	0.351649	
	0.382572	
	0.366955	
	0.344618	
	0.313935	
	0.337128	
	0.280732	
	0.228143	
	0.208185	
	0.279739	
	0.275233	
	0.293013	
	0.333108	
	0.302726	
	0.397757	
	0.400342	
	0.389699	
	0.391057	
	0.318501	
	0.296139	
	0.284711	
	0.317111	
	0.323616	
	0.313573	
	0.303100	
	0.312562	
	0.307697	
	0.301669	
	0.302055	
	0.272247	
	0.258545	
	0.271317	
	0.320322	
	0.288182	
	0.281392	
	0.282984	
	0.395628	
	0.870519	
	0.877766	
	0.840631	
	0.799688	
	0.648564	
	0.341854	
	0.440867	
	0.404706	
	0.440516	
	0.429709	
	0.326781	
	0.340952	
	0.334627	
	0.289766	
	0.279158	
	0.289669	
	0.294871	
	0.284450	
	0.309977	
	0.275754	
	0.263185	
	0.328968	
	0.304994	
	0.288911	
	0.335667	
	0.332210	
	0.362327	
	0.332711	
	0.291799	
	0.320286	
	0.249684	
	0.274214	
	0.346669	
	0.405380	
	0.408049	
	0.348438	
	0.316783	
	0.318804	
	0.306714	
	0.329086	
	0.376728	
	0.384069	
	0.383530	
	0.344634	
	0.332030	
	0.257239	
	0.268563	
	0.255490	
	0.271131	
	0.309047	
	0.291781	
	0.245468	
	0.251295	
	0.258120	
	0.312943	
	0.345144	
	0.273247	
	0.311998	
	0.260589	
	0.269000	
	0.229806	
	0.276961	
	0.312247	
	0.251438	
	0.238329	
	0.247572	
	0.268081	
	0.310889	
	0.294753	
	0.423873	
	0.312736	
	0.406053	
	0.384126	
	0.374406	
	0.405744	
	0.258243	
	0.332718	
	0.256375	
	0.246762	
	0.281552	
	0.234198	
	0.195060	
	0.163634	
	0.136019	
	0.168393	
	0.172128	
	0.187258	
	0.177017	
	0.195993	
	0.177905	
	0.218949	
	0.222985	
	0.243763	
	0.218356	
	0.217429	
	0.256918	
	0.252673	
	0.287045	
	0.266781	
	0.254818	
	0.283289	
	0.252798	
	0.177579	
	0.233580	
	0.196936	
	0.184957	
	0.222017	
	0.283760	
	0.280775	
	0.322907	
	0.368758	
	0.313244	
	0.268648	
	0.317509	
	0.357998	
	0.359361	
	0.404524	
	0.392717	
	0.466598	
	0.445535	
	0.313357	
	0.371838	
	0.452795	
	0.408789	
	0.338754	
	0.344745	
	0.355657	
	0.316934	
	0.331217	
	0.323529	
	0.330861	
	0.357745	
	0.377469	
	0.380807	
	0.385095	
	0.395427	
	0.408240	
	0.404732	
	0.472030	
	0.479365	
	0.437396	
	0.379755	
	0.262388	
	0.333898	
	0.480747	
	0.608861	
	0.569054	
	0.504783	
	0.610619	
	0.586708	
	0.586143	
	0.524107	
	0.453230	
	0.447738	
	0.436697	
	0.418171	
	0.441023	
	0.471310	
	0.466825	
	0.466430	
	0.483390	
	0.527609	
	0.524775	
	0.462324	
	0.474891	
	0.840148	
	0.935388	
	0.895571	
	0.857577	
	0.785558	
	0.810393	
	0.692018	
	0.475162	
	0.494746	
	0.473695	
	0.465944	
	0.468866	
	0.426440	
	0.393536	
	0.386358	
	0.374475	
	0.431339	
	0.426124	
	0.434817	
	0.438494	
	0.428892	
	0.427734	
	0.371798	
	0.416105	
	0.403789	
	0.501743	
	0.541063	
	0.486456	
	0.434084	
	0.346753	
	0.313958	
	0.375243	
	0.564230	
	0.616927	
	0.683657	
	0.702461	
	0.708656	
	0.650940	
	0.660882	
	0.603525	
	0.627891	
	0.551414	
	0.586147	
	0.575094	
	0.527733	
	0.513667	
	0.496513	
	0.505509	
	0.517465	
	0.529243	
	0.467015	
	0.431356	
	0.486947	
	0.530285	
	0.655638	
	0.808671	
	0.728881	
	0.632524	
	0.423139	
	0.290806	
	0.399013	
	0.446206	
	0.368137	
	0.299419	
	0.253803	
	0.255087	
	0.289718	
	0.270714	
	0.295829	
	0.377491	
	0.369280	
	0.368437	
	0.403019	
	0.390151	
	0.427550	
	0.457841	
	0.471955	
	0.503990	
	0.513571	
	0.526034	
	0.492519	
	0.492501	
	0.579956	
	0.560519	
	0.554015	
	0.590235	
	0.534376	
	0.476031	
	0.487548	
	0.482533	
	0.435457	
	0.374546	
	0.362104	
	0.394259	
	0.388060	
	0.389917	
	0.360251	
	0.365267	
	0.323816	
	0.351197	
	0.322240	
	0.341387	
	0.374807	
	0.307629	
	0.319256	
	0.265675	
	0.258814	
	0.317878	
	0.741079	
	0.889005	
	0.881718	
	0.860665	
	0.857388	
	0.793031	
	0.579501	
	0.460159	
	0.385244	
	0.383506	
	0.392993	
	0.281923	
	0.223690	
	0.208580	
	0.225060	
	0.262974	
	0.325870	
	0.293207	
	0.301640	
	0.250524	
	0.251789	
	0.256107	
	0.293483	
	0.271482	
	0.307593	
	0.324529	
	0.311483	
	0.282253	
	0.317693	
	0.287427	
	0.291067	
	0.279253	
	0.233658	
	0.301065	
	0.330266	
	0.315587	
	0.326012	
	0.339157	
	0.325940	
	0.387158	
	0.312792	
	0.288776	
	0.319100	
	0.329968	
	0.346542	
	0.299501	
	0.344736	
	0.267154	
	0.243373	
	0.300528	
	0.309392	
	0.293677	
	0.329223	
	0.308467	
	0.316069	
	0.287161	
	0.282698	
	0.289852	
	0.254085	
	0.293114	
	0.247560	
	0.289698	
	0.331591	
	0.333217	
	0.327427	
	0.287843	
	0.250872	
	0.279925	
	0.288932	
	0.295136	
	0.291355	
	0.299117	
	0.303842	
	0.253423	
	0.239437	
	0.239991	
	0.253702	
	0.242001	
	0.255684	
	0.292035	
	0.276440	
	0.255560	
	0.252535	
	0.214299	
	0.261632	
	0.313387	
	0.279296	
	0.256652	
	0.273413	
	0.272957	
	0.294847	
	0.304205	
	0.288510	
	0.257960	
	0.261179	
	0.263292	
	0.249286	
	0.266174	
	0.353958	
	0.342733	
	0.273815	
	0.275849	
	0.268894	
	0.303453	
	0.300919	
	0.253203	
	0.232105	
	0.273605	
	0.256748	
	0.252388	
	0.245914	
	0.237585	
	0.326825	
	0.283975	
	0.253878	
	0.258194	
	0.296762	
	0.281876	
	0.261886	
	0.267445	
	0.286100	
	0.265838	
	0.289998	
	0.225685	
	0.220169	
	0.225378	
	0.246733	
	0.266578	
	0.287713	
	0.248930	
	0.240165	
	0.256857	
	0.258492	
	0.305359	
	0.286671	
	0.283226	
	0.280505	
	0.229849	
	0.219328	
	0.237357	
	0.274319	
	0.246451	
	0.252258	
	0.240434	
	0.235362	
	0.206056	
	0.202365	
	0.206147	
	0.226476	
	0.195113	
	0.202869	
	0.201672	
	0.217060	
	0.206137	
	0.224986	
	0.273707	
	0.306407	
	0.338661	
	0.309051	
	0.313317	
	0.279806	
	0.296812	
	0.226875	
	0.269733	
	0.218512	
	0.275554	
	0.233619	
	0.215278	
	0.211999	
	0.186991	
	0.191049	
	0.168671	
	0.182261	
	0.206512	
	0.267744	
	0.308732	
	0.253173	
	0.246691	
	0.259527	
	0.404344	
	0.346375	
	0.363109	
	0.325071	
	0.319719	
	0.257864	
	0.316952	
	0.290201	
	0.245065	
	0.294536	
	0.236206	
	0.244555	
	0.266487	
	0.218068	
	0.278822	
	0.259173	
	0.240139	
	0.235690	
	0.236267	
	0.290320	
	0.312453	
	0.305548	
	0.306990	
	0.285936	
	0.293828	
	0.347595	
	0.295005	
	0.279955	
	0.332814	
	0.285042	
	0.309963	
	0.322779	
	0.254537	
	0.261931	
	0.239341	
	0.227514	
	0.228434	
	0.232318	
	0.203408	
	0.258648	
	0.318846	
	0.339444	
	0.244075	
	0.238483	
	0.275541	
	0.192673	
	0.270388	
	0.335782	
	0.251087	
	0.275470	
	0.241379	
	0.229515	
	0.263497	
	0.209253	
	0.217662	
	0.156371	
	0.168966	
	0.158432	
	0.153969	
	0.217129	
	0.196261	
	0.169571	
	0.241157	
	0.142697	
	0.184939	
	0.218828	
	0.135322	
	0.186543	
	0.180683	
	0.156032	
	0.257676	
	0.314163	
	0.350053	
	0.222389	
	0.186410	
	0.226229	
	0.170586	
	0.222733	
	0.184240	
	0.251341	
	0.295533	
	0.295270	
	0.194154	
	0.184572	
	0.214523	
	0.141307	
	0.157390	
	0.222928	
	0.134869	
	0.151970	
	0.115218	
	0.085316	
	0.167625	
	0.066933	
	0.143609	
	0.112039	
	0.064426	
	0.162016	
	0.067990	
	0.099327	
	0.098437	
	0.060785	
	0.192298	
	0.050803	
	0.124096	
	0.099286	
	0.079147	
	0.189251	
	0.092644	
	0.080302	
	0.151511	
	0.089481	
	0.199095	
	0.102596	
	0.143422	
	0.125630	
	0.064283	
	0.132303	
	0.065977	
	0.093958	
	0.155771	
	0.065974	
	0.183731	
	0.063141	
	0.089561	
	0.139166	
	0.059321	
	0.112491	
	0.048316	
	0.114485	
	0.082461	
	0.045041	
	0.226337	
	0.067844	
	0.099949	
	0.125640	
	0.054666	
	0.143977	
	0.090883	
	0.067404	
	0.200220	
	0.088528	
	0.131788	
	NaN	
	0.132845	
	NaN	
	NaN	
	NaN	
	NaN	
	NaN	
	NaN	
	NaN	
	NaN	
	NaN	
	NaN	
	NaN	
	NaN	
	NaN	
	NaN	
	NaN	
	NaN	
	NaN	
	NaN	
	NaN	
	NaN	
	NaN	
	NaN	
	NaN	
	NaN	
	NaN	
