_Brightness		
	NaN	
	NaN	
	NaN	
	NaN	
	NaN	
	0.825110	
	0.842028	
	0.845952	
	0.796994	
	0.698349	
	0.597380	
	0.515487	
	0.392661	
	0.357220	
	0.386720	
	0.424071	
	0.541391	
	0.614131	
	0.624465	
	0.652987	
	0.623795	
	0.703202	
	0.707705	
	0.672394	
	0.671737	
	0.695372	
	0.654271	
	0.631078	
	0.595565	
	0.609427	
	0.589844	
	0.592385	
	0.579643	
	0.551815	
	0.540700	
	0.536619	
	0.528673	
	0.537223	
	0.533564	
	0.528711	
	0.529809	
	0.453476	
	0.408175	
	0.376470	
	0.340845	
	0.307815	
	0.292498	
	0.259408	
	0.256480	
	0.244409	
	0.241713	
	0.229983	
	0.233224	
	0.235902	
	0.255272	
	0.247768	
	0.265178	
	0.252057	
	0.252006	
	0.274436	
	0.259945	
	0.260439	
	0.272637	
	0.262556	
	0.273004	
	0.308127	
	0.334599	
	0.326844	
	0.332910	
	0.375018	
	0.354841	
	0.389653	
	0.372465	
	0.393276	
	0.364955	
	0.397960	
	0.351386	
	0.357482	
	0.376740	
	0.352059	
	0.353008	
	0.304175	
	0.342153	
	0.333610	
	0.349454	
	0.400511	
	0.398996	
	0.378518	
	0.365752	
	0.360625	
	0.370646	
	0.376563	
	0.371584	
	0.341237	
	0.278570	
	0.258394	
	0.272511	
	0.271187	
	0.284619	
	0.285596	
	0.315466	
	0.328881	
	0.278182	
	0.268699	
	0.277563	
	0.263889	
	0.266781	
	0.250462	
	0.262852	
	0.291297	
	0.289399	
	0.283186	
	0.244834	
	0.254643	
	0.268037	
	0.255083	
	0.248586	
	0.259126	
	0.279792	
	0.303291	
	0.266399	
	0.266213	
	0.252212	
	0.224668	
	0.215457	
	0.227641	
	0.243833	
	0.252778	
	0.226430	
	0.225604	
	0.223656	
	0.206991	
	0.187360	
	0.191458	
	0.205395	
	0.224883	
	0.256665	
	0.218435	
	0.241490	
	0.252092	
	0.226335	
	0.251397	
	0.263036	
	0.273747	
	0.239975	
	0.260166	
	0.244429	
	0.243527	
	0.276328	
	0.333183	
	0.305532	
	0.294754	
	0.326839	
	0.326926	
	0.266930	
	0.262032	
	0.289903	
	0.325235	
	0.356419	
	0.339410	
	0.334192	
	0.340090	
	0.336480	
	0.325128	
	0.304823	
	0.272584	
	0.272525	
	0.275350	
	0.283444	
	0.248703	
	0.260599	
	0.292780	
	0.313953	
	0.289934	
	0.247873	
	0.248107	
	0.261966	
	0.255683	
	0.240128	
	0.245797	
	0.223080	
	0.237357	
	0.255785	
	0.241236	
	0.236568	
	0.253032	
	0.303404	
	0.273430	
	0.230294	
	0.258883	
	0.258449	
	0.299558	
	0.332842	
	0.326750	
	0.330620	
	0.338571	
	0.334173	
	0.361287	
	0.345948	
	0.381791	
	0.425009	
	0.416902	
	0.424794	
	0.381577	
	0.370546	
	0.323540	
	0.363546	
	0.398645	
	0.331575	
	0.313378	
	0.317651	
	0.272984	
	0.267280	
	0.286355	
	0.257982	
	0.244352	
	0.258989	
	0.237195	
	0.273612	
	0.273506	
	0.275860	
	0.245818	
	0.199018	
	0.190024	
	0.194951	
	0.180952	
	0.193146	
	0.238004	
	0.243995	
	0.223449	
	0.196800	
	0.188885	
	0.182365	
	0.207252	
	0.196150	
	0.190645	
	0.198359	
	0.209188	
	0.231932	
	0.215762	
	0.221451	
	0.232278	
	0.210915	
	0.191370	
	0.198501	
	0.154186	
	0.138086	
	0.152682	
	0.170609	
	0.183064	
	0.180358	
	0.159244	
	0.170436	
	0.166022	
	0.175939	
	0.175344	
	0.181025	
	0.189392	
	0.177297	
	0.186575	
	0.193544	
	0.258974	
	0.269193	
	0.273196	
	0.273773	
	0.322671	
	0.357734	
	0.385783	
	0.441700	
	0.474211	
	0.507677	
	0.550157	
	0.479185	
	0.547045	
	0.483485	
	0.387124	
	0.361603	
	0.310236	
	0.339585	
	0.331003	
	0.313381	
	0.334342	
	0.324733	
	0.323028	
	0.308223	
	0.313796	
	0.308857	
	0.303034	
	0.292081	
	0.287310	
	0.287677	
	0.280814	
	0.273784	
	0.253164	
	0.229906	
	0.241276	
	0.228497	
	0.224339	
	0.233077	
	0.214778	
	0.228823	
	0.230377	
	0.241254	
	0.253200	
	0.233061	
	0.240600	
	0.228169	
	0.210621	
	0.186353	
	0.152371	
	0.158754	
	0.172832	
	0.175583	
	0.181630	
	0.193891	
	0.210427	
	0.208643	
	0.211379	
	0.211584	
	0.224542	
	0.214786	
	0.217777	
	0.212189	
	0.215635	
	0.194415	
	0.237768	
	0.252308	
	0.230651	
	0.264982	
	0.245334	
	0.259361	
	0.256233	
	0.239642	
	0.245316	
	0.264287	
	0.269007	
	0.298793	
	0.310801	
	0.294192	
	0.333146	
	0.354360	
	0.424506	
	0.353978	
	0.328201	
	0.286880	
	0.286695	
	0.291338	
	0.340556	
	0.328412	
	0.287980	
	0.282184	
	0.312509	
	0.328971	
	0.338110	
	0.344602	
	0.317261	
	0.310646	
	0.317805	
	0.352534	
	0.338708	
	0.364675	
	0.370213	
	0.421178	
	0.434616	
	0.462811	
	0.582877	
	0.575955	
	0.538404	
	0.539028	
	0.470209	
	0.477716	
	0.433954	
	0.371422	
	0.424641	
	0.414392	
	0.389689	
	0.357870	
	0.394288	
	0.357486	
	0.432427	
	0.403116	
	0.405941	
	0.376050	
	0.472587	
	0.414530	
	0.456019	
	0.476149	
	0.496763	
	0.491235	
	0.433500	
	0.434706	
	0.477731	
	0.441334	
	0.412252	
	0.388356	
	0.373981	
	0.389270	
	0.403893	
	0.400848	
	0.374061	
	0.273644	
	0.329630	
	0.380305	
	0.300262	
	0.395107	
	0.467914	
	0.538651	
	0.562879	
	0.460605	
	0.514191	
	0.447250	
	0.427626	
	0.372478	
	0.406381	
	0.385907	
	0.444754	
	0.425079	
	0.418510	
	0.433861	
	0.440817	
	0.413505	
	0.463467	
	0.500860	
	0.448868	
	0.439541	
	0.436763	
	0.458912	
	0.504132	
	0.504624	
	0.502202	
	0.520831	
	0.544394	
	0.529985	
	0.534460	
	0.464634	
	0.470862	
	0.436515	
	0.383969	
	0.427371	
	0.434164	
	0.441767	
	0.489648	
	0.418995	
	0.414009	
	0.482835	
	0.461920	
	0.501042	
	0.507593	
	0.519354	
	0.540576	
	0.532707	
	0.491903	
	0.499660	
	0.530953	
	0.574889	
	0.530049	
	0.527318	
	0.512611	
	0.503701	
	0.514522	
	0.531204	
	0.563875	
	0.579241	
	0.567272	
	0.580240	
	0.525884	
	0.532995	
	0.578558	
	0.563653	
	0.580945	
	0.579770	
	0.635692	
	0.622959	
	0.604479	
	0.558640	
	0.575420	
	0.547823	
	0.587993	
	0.595137	
	0.565224	
	0.610058	
	0.609757	
	0.617863	
	0.593476	
	0.584279	
	0.569551	
	0.607033	
	0.609952	
	0.511961	
	0.477725	
	0.489392	
	0.510544	
	0.498136	
	0.506623	
	0.492446	
	0.469487	
	0.501925	
	0.502203	
	0.494582	
	0.486490	
	0.516097	
	0.497930	
	0.468550	
	0.454432	
	0.447140	
	0.489804	
	0.445605	
	0.408378	
	0.355060	
	0.405283	
	0.389409	
	0.400955	
	0.418949	
	0.414570	
	0.438322	
	0.344742	
	0.376238	
	0.393559	
	0.281919	
	0.288075	
	0.296117	
	0.303812	
	0.332943	
	0.340722	
	0.333217	
	0.297573	
	0.308289	
	0.307239	
	0.285670	
	0.326706	
	0.332068	
	0.347381	
	0.331079	
	0.349091	
	0.351446	
	0.371912	
	0.345803	
	0.329820	
	0.315005	
	0.282902	
	0.264099	
	0.288802	
	0.331997	
	0.311340	
	0.313507	
	0.256796	
	0.283308	
	0.256643	
	0.277954	
	0.268366	
	0.333623	
	0.278198	
	0.320524	
	0.320111	
	0.306469	
	0.304219	
	0.308139	
	0.327023	
	0.341698	
	0.341522	
	0.271644	
	0.257452	
	0.213435	
	0.236119	
	0.231418	
	0.244286	
	0.230215	
	0.214907	
	0.255665	
	0.239037	
	0.260466	
	0.246780	
	0.274890	
	0.265217	
	0.222633	
	0.259831	
	0.243392	
	0.284626	
	0.293631	
	0.248531	
	0.256182	
	0.279684	
	0.261703	
	0.245373	
	0.254726	
	0.262640	
	0.273898	
	0.261460	
	0.281681	
	0.260476	
	0.229410	
	0.247447	
	0.225083	
	0.227496	
	0.253544	
	0.255104	
	0.293217	
	0.290672	
	0.235327	
	0.234145	
	0.236310	
	0.226523	
	0.214829	
	0.226313	
	0.257576	
	0.235270	
	0.207217	
	0.200449	
	0.178710	
	0.211862	
	0.236258	
	0.188031	
	0.219871	
	0.206221	
	0.214339	
	0.241101	
	0.249415	
	0.249075	
	0.268216	
	0.262902	
	0.203657	
	0.279997	
	0.369358	
	0.390079	
	0.469023	
	0.567672	
	0.564329	
	0.612747	
	0.602686	
	0.525126	
	0.481157	
	0.308044	
	0.266776	
	0.294830	
	0.287635	
	0.296911	
	0.288386	
	0.274528	
	0.289104	
	0.350686	
	0.354721	
	0.360460	
	0.372720	
	0.368218	
	0.349080	
	0.329996	
	0.408219	
	0.525643	
	0.476004	
	0.532800	
	0.526655	
	0.426819	
	0.268289	
	0.331208	
	0.287364	
	0.241676	
	0.181279	
	0.209932	
	0.216009	
	0.261572	
	0.262092	
	0.277419	
	0.286019	
	0.273636	
	0.281049	
	0.315087	
	0.315978	
	0.345311	
	0.315308	
	0.361579	
	0.394284	
	0.377924	
	0.388501	
	0.368823	
	0.364181	
	0.369642	
	0.395760	
	0.397714	
	0.338607	
	0.415239	
	0.367106	
	0.347666	
	0.363445	
	0.407932	
	0.346696	
	0.392499	
	0.401690	
	0.375978	
	0.361010	
	0.413181	
	0.439355	
	0.375667	
	0.411973	
	0.417511	
	0.340744	
	0.392708	
	0.397587	
	0.336301	
	0.340947	
	0.373236	
	0.370184	
	0.426328	
	0.386074	
	0.334800	
	0.345783	
	0.329917	
	0.336270	
	0.352792	
	0.291116	
	0.296882	
	0.284292	
	0.240357	
	0.315530	
	0.299386	
	0.228041	
	0.199095	
	0.231853	
	0.186552	
	0.186009	
	0.198919	
	0.218212	
	0.277077	
	0.235626	
	0.226783	
	0.207462	
	0.208051	
	0.193093	
	0.171115	
	0.191049	
	0.202576	
	0.194043	
	0.173848	
	0.290942	
	0.275942	
	0.336425	
	0.233197	
	0.264512	
	0.234220	
	0.251463	
	0.186928	
	0.186412	
	0.132983	
	0.131028	
	0.147718	
	0.130274	
	0.164703	
	0.172868	
	0.183309	
	0.432796	
	0.429759	
	0.230664	
	0.182556	
	0.169511	
	0.169534	
	0.203882	
	0.219946	
	0.274806	
	0.314275	
	0.273725	
	0.248188	
	0.274833	
	0.245491	
	0.166722	
	0.170780	
	0.173672	
	0.194683	
	0.215181	
	0.194966	
	0.184440	
	0.186271	
	0.178445	
	0.169181	
	0.241104	
	0.564864	
	0.612909	
	0.392814	
	0.269676	
	0.415908	
	0.239648	
	0.164090	
	0.161425	
	0.168875	
	0.298552	
	0.453080	
	0.596672	
	0.659520	
	0.664040	
	0.723927	
	0.375400	
	0.169986	
	0.176000	
	0.173281	
	0.160252	
	0.159615	
	0.141887	
	0.189378	
	0.180895	
	0.161960	
	0.138015	
	0.161105	
	0.164385	
	0.165345	
	0.204914	
	0.182755	
	0.206602	
	0.180772	
	0.202143	
	0.195009	
	0.220959	
	0.278670	
	0.242778	
	0.220063	
	0.207510	
	0.264537	
	0.211321	
	0.301500	
	0.231892	
	0.207621	
	0.226789	
	0.209091	
	0.233459	
	0.224324	
	0.231756	
	0.288760	
	0.273475	
	0.252076	
	0.254080	
	0.236018	
	0.303680	
	0.290788	
	0.285490	
	0.235583	
	0.262234	
	0.240030	
	0.204644	
	0.294383	
	0.209812	
	0.217225	
	0.234533	
	0.191456	
	0.187114	
	0.190377	
	0.187078	
	0.252370	
	0.242969	
	0.305746	
	0.298211	
	0.261110	
	0.201283	
	0.217899	
	0.231846	
	0.234879	
	0.226976	
	0.272535	
	0.292490	
	0.294597	
	0.259166	
	0.268162	
	0.254404	
	0.258333	
	0.302196	
	0.293561	
	0.274583	
	0.267361	
	0.277450	
	0.253059	
	0.256443	
	0.273799	
	0.269558	
	0.268657	
	0.232122	
	0.222078	
	0.209370	
	0.198597	
	0.216306	
	0.252526	
	0.266811	
	0.258467	
	0.278432	
	0.263038	
	0.185239	
	0.166238	
	0.182306	
	0.178462	
	0.161762	
	0.172630	
	0.179475	
	0.230036	
	0.249836	
	0.243393	
	0.280364	
	0.262319	
	0.182794	
	0.211295	
	0.191440	
	0.151152	
	0.157464	
	0.181500	
	0.192832	
	0.174691	
	0.150060	
	0.159290	
	0.195403	
	0.173110	
	0.149109	
	0.188378	
	0.236085	
	0.289626	
	0.352161	
	0.376250	
	0.424633	
	0.428123	
	0.393980	
	0.329260	
	0.183734	
	0.170517	
	0.160742	
	0.160943	
	0.206766	
	0.303774	
	0.322256	
	0.327082	
	0.312948	
	0.338268	
	0.312130	
	0.354275	
	0.276896	
	0.281178	
	0.264693	
	0.244862	
	0.206650	
	0.151608	
	0.141136	
	0.170410	
	0.127651	
	0.146601	
	0.136437	
	0.130509	
	0.140720	
	0.124119	
	0.133983	
	0.132551	
	0.133231	
	0.135678	
	0.113640	
	0.140202	
	0.135947	
	0.166222	
	0.152226	
	0.141870	
	0.201897	
	0.215528	
	0.267171	
	0.279341	
	0.286610	
	0.254874	
	0.280574	
	0.263019	
	0.228826	
	0.201134	
	0.218861	
	0.267245	
	0.233744	
	0.234589	
	0.202956	
	0.197259	
	0.195839	
	0.206959	
	0.197396	
	0.232819	
	0.207994	
	0.230796	
	0.198521	
	0.188139	
	0.234763	
	0.182352	
	0.195479	
	0.237089	
	0.222661	
	0.275001	
	0.270786	
	0.242705	
	0.259475	
	0.240626	
	0.275648	
	0.210806	
	0.243984	
	0.245294	
	0.231947	
	0.259935	
	0.227773	
	0.245620	
	0.218732	
	0.219328	
	0.192670	
	0.171377	
	0.164074	
	0.174081	
	0.183903	
	0.183022	
	0.234219	
	0.199035	
	0.211679	
	0.192549	
	0.204470	
	0.235231	
	0.309748	
	0.393534	
	0.305683	
	0.236963	
	0.227525	
	0.225717	
	0.220884	
	0.219211	
	0.231841	
	0.216986	
	0.215022	
	0.196167	
	0.179816	
	0.135017	
	0.178592	
	0.117658	
	0.162357	
	0.131745	
	0.127545	
	0.129821	
	0.191842	
	0.279989	
	0.370379	
	0.359224	
	0.298314	
	0.266667	
	0.233492	
	0.230227	
	0.190489	
	0.185893	
	0.210086	
	0.256160	
	0.183465	
	0.210431	
	0.186704	
	0.179777	
	0.240677	
	0.232245	
	0.217366	
	0.224272	
	0.237811	
	0.245926	
	0.215323	
	0.137594	
	0.153993	
	0.144624	
	0.127734	
	0.134544	
	0.200313	
	0.257784	
	0.283559	
	0.218451	
	0.240597	
	0.263595	
	0.276865	
	0.247859	
	0.263473	
	0.271815	
	0.238062	
	0.214756	
	0.248581	
	0.253957	
	0.192924	
	0.174654	
	0.129783	
	0.140965	
	0.136851	
	0.153145	
	0.144955	
	0.128870	
	0.122911	
	0.145917	
	0.130703	
	0.118058	
	0.120821	
	0.125012	
	0.127324	
	0.138256	
	0.157333	
	0.132737	
	0.166478	
	0.158092	
	0.183805	
	0.183942	
	0.176150	
	0.180434	
	0.186095	
	0.196371	
	0.208908	
	0.164340	
	0.188616	
	0.190165	
	0.195853	
	0.192597	
	0.209602	
	0.231593	
	0.176021	
	0.181803	
	0.170130	
	0.170725	
	0.157082	
	0.166052	
	0.171955	
	0.179222	
	0.149338	
	0.152639	
	0.121732	
	0.156009	
	0.123115	
	0.150574	
	0.140502	
	0.148190	
	0.142098	
	0.149051	
	0.163485	
	0.161074	
	0.143917	
	0.170572	
	0.183962	
	0.216879	
	0.275980	
	0.256254	
	0.251706	
	0.264169	
	0.277229	
	0.255933	
	0.243118	
	0.275299	
	0.269712	
	0.250866	
	0.248524	
	0.164092	
	0.135777	
	0.107945	
	0.100950	
	0.160670	
	0.143378	
	0.139426	
	0.139239	
	0.159867	
	0.169111	
	0.176361	
	0.187115	
	0.165990	
	0.167319	
	0.193161	
	0.176136	
	0.205847	
	0.263800	
	0.345247	
	0.343623	
	0.327562	
	0.341329	
	0.290089	
	0.285586	
	0.310845	
	0.339162	
	0.318095	
	0.241589	
	0.223871	
	0.251199	
	0.210921	
	0.190857	
	0.202729	
	0.198294	
	0.206951	
	0.217867	
	0.260615	
	0.255254	
	0.246071	
	0.227697	
	0.211590	
	0.219685	
	0.207183	
	0.177197	
	0.233234	
	0.270045	
	0.246797	
	0.224289	
	0.222744	
	0.220723	
	0.243526	
	0.233215	
	0.247510	
	0.232508	
	0.258440	
	0.262767	
	0.233526	
	0.273329	
	0.342858	
	0.316313	
	0.209449	
	0.211873	
	0.226358	
	0.232521	
	0.186196	
	0.186840	
	0.216630	
	0.219929	
	0.243901	
	0.177768	
	0.209861	
	0.220839	
	0.234792	
	0.254258	
	0.234615	
	0.218394	
	0.221972	
	0.221528	
	0.233652	
	0.225272	
	0.221910	
	0.240784	
	0.249442	
	0.222698	
	0.227696	
	0.232348	
	0.213361	
	0.274860	
	0.332039	
	0.336627	
	0.321723	
	0.318507	
	0.313654	
	0.329925	
	0.317846	
	0.287002	
	0.284715	
	0.271931	
	0.260655	
	0.255810	
	0.254288	
	0.262245	
	0.244955	
	0.258735	
	0.266879	
	0.263815	
	0.247827	
	0.222727	
	0.219148	
	0.147633	
	0.190900	
	0.179343	
	0.191472	
	0.239938	
	0.231206	
	0.348658	
	0.427367	
	0.412585	
	0.424148	
	0.412890	
	0.403442	
	0.382931	
	0.289310	
	0.166627	
	0.160968	
	0.137259	
	0.130124	
	0.189135	
	0.204044	
	0.292810	
	0.329417	
	0.300107	
	0.298682	
	0.307100	
	0.268887	
	0.294786	
	0.225442	
	0.246688	
	0.311855	
	0.270472	
	0.276815	
	0.313934	
	0.315221	
	0.328206	
	0.297873	
	0.290206	
	0.287882	
	0.300113	
	0.297272	
	0.299157	
	0.299423	
	0.288185	
	0.270291	
	0.279030	
	0.273241	
	0.283350	
	0.302002	
	0.291865	
	0.278096	
	0.277450	
	0.277242	
	0.287588	
	0.309311	
	0.298758	
	0.316054	
	0.333958	
	0.335674	
	0.307329	
	0.316096	
	0.366610	
	0.396212	
	0.339398	
	0.328549	
	0.334868	
	0.355479	
	0.364241	
	0.331926	
	0.329849	
	0.298250	
	0.315827	
	0.399788	
	0.413916	
	0.422983	
	0.415564	
	0.382826	
	0.379635	
	0.333065	
	0.398061	
	0.436189	
	0.432233	
	0.448116	
	0.438392	
	0.429795	
	0.434337	
	0.518613	
	0.487358	
	0.508405	
	0.481261	
	0.510450	
	0.487457	
	0.481595	
	0.509821	
	0.483914	
	0.466027	
	0.519030	
	0.509545	
	0.475904	
	0.459022	
	0.466058	
	0.470714	
	0.470228	
	0.481274	
	0.527458	
	0.452861	
	0.439632	
	0.442796	
	0.425015	
	0.354388	
	0.301242	
	0.264520	
	0.271445	
	0.270662	
	0.250876	
	0.285418	
	0.301383	
	0.291260	
	0.297257	
	0.252786	
	0.262806	
	0.249436	
	0.234698	
	0.280561	
	0.274133	
	0.273306	
	0.285137	
	0.259059	
	0.274090	
	0.272473	
	0.290380	
	0.290263	
	0.279706	
	0.257593	
	0.267054	
	0.270409	
	0.265792	
	0.281077	
	0.302188	
	0.295534	
	0.283188	
	0.312495	
	0.311268	
	0.313949	
	0.327205	
	0.305921	
	0.297748	
	0.268426	
	0.236446	
	0.223332	
	0.271097	
	0.265575	
	0.261771	
	0.287113	
	0.360005	
	0.349683	
	0.356205	
	0.349141	
	0.334043	
	0.281679	
	0.279647	
	0.340996	
	0.335428	
	0.379180	
	0.392316	
	0.435332	
	0.413963	
	0.424868	
	0.403863	
	0.340772	
	0.359380	
	0.337204	
	0.317201	
	0.290388	
	0.315922	
	0.342275	
	0.308439	
	0.347516	
	0.356500	
	0.381940	
	0.349445	
	0.327261	
	0.407776	
	0.453569	
	0.436016	
	0.420077	
	0.384506	
	0.383334	
	0.349776	
	0.371073	
	0.393236	
	0.399249	
	0.387197	
	0.336737	
	0.306261	
	0.350405	
	0.358448	
	0.370485	
	0.357280	
	0.358017	
	0.316573	
	0.317945	
	0.325591	
	0.339766	
	0.323564	
	0.340019	
	0.365323	
	0.378037	
	0.304496	
	0.254840	
	0.287164	
	0.327152	
	0.338024	
	0.346980	
	0.300509	
	0.322141	
	0.287701	
	0.298708	
	0.285224	
	0.299022	
	0.291678	
	0.316644	
	0.324476	
	0.294738	
	0.284697	
	0.275010	
	0.299725	
	0.317568	
	0.328781	
	0.390359	
	0.366893	
	0.314195	
	0.250828	
	0.282575	
	0.294578	
	0.241366	
	0.227248	
	0.281866	
	0.234528	
	0.266669	
	0.237788	
	0.221714	
	0.200955	
	0.183704	
	0.164908	
	0.165077	
	0.153586	
	0.137151	
	0.146810	
	0.138105	
	0.152051	
	0.169616	
	0.174162	
	0.163574	
	0.230796	
	0.262468	
	0.270799	
	0.274037	
	0.276481	
	0.345772	
	0.357992	
	0.332212	
	0.337431	
	0.358273	
	0.318423	
	0.303689	
	0.268730	
	0.217654	
	0.193774	
	0.197401	
	0.169355	
	0.187042	
	0.185219	
	0.180929	
	0.182812	
	0.165005	
	0.191399	
	0.166862	
	0.165716	
	0.163729	
	0.181718	
	0.184469	
	0.210094	
	0.208974	
	0.186415	
	0.154797	
	0.198372	
	0.161358	
	0.234048	
	0.253379	
	0.232253	
	0.209083	
	0.220011	
	0.387019	
	0.493911	
	0.476554	
	0.487533	
	0.373423	
	0.222418	
	0.165615	
	0.177347	
	0.196465	
	0.128747	
	0.127661	
	0.142081	
	0.154973	
	0.201591	
	0.200357	
	0.225969	
	0.274013	
	0.248131	
	0.241946	
	0.267504	
	0.293360	
	0.279915	
	0.337187	
	0.344228	
	0.359610	
	0.350827	
	0.356921	
	0.310620	
	0.263262	
	0.229895	
	0.288890	
	0.254082	
	0.252446	
	0.293268	
	0.271668	
	0.286161	
	0.241441	
	0.256930	
	0.244782	
	0.255732	
	0.334125	
	0.302744	
	0.257280	
	0.224757	
	0.209903	
	0.240009	
	0.233446	
	0.238297	
	0.239793	
	0.272797	
	0.267083	
	0.226276	
	0.291544	
	0.266854	
	0.277837	
	0.309988	
	0.342812	
	0.302938	
	0.326227	
	0.264783	
	0.262129	
	0.280234	
	0.332238	
	0.407830	
	0.401906	
	0.344652	
	0.302222	
	0.342067	
	0.307294	
	0.359321	
	0.383575	
	0.306123	
	0.287663	
	0.320933	
	0.320861	
	0.276252	
	0.265531	
	0.258872	
	0.337790	
	0.326067	
	0.329652	
	0.292454	
	0.277479	
	0.294655	
	0.309194	
	0.304207	
	0.329115	
	0.324436	
	0.361159	
	0.317558	
	0.343110	
	0.388058	
	0.355447	
	0.435024	
	0.326142	
	0.294395	
	0.309124	
	0.262246	
	0.253144	
	0.257601	
	0.211548	
	0.247263	
	0.260351	
	0.244293	
	0.242877	
	0.276057	
	0.294006	
	0.279637	
	0.233844	
	0.278661	
	0.273669	
	0.326241	
	0.337933	
	0.348358	
	0.330983	
	0.335463	
	0.366423	
	0.393627	
	0.402240	
	0.359994	
	0.331291	
	0.311070	
	0.298337	
	0.311961	
	0.321107	
	0.290498	
	0.279182	
	0.213559	
	0.199913	
	0.211038	
	0.179747	
	0.221973	
	0.165415	
	0.151527	
	0.235681	
	0.189412	
	0.256461	
	0.388559	
	0.492778	
	0.527572	
	0.521900	
	0.531166	
	0.508060	
	0.571096	
	0.624229	
	0.694427	
	0.700244	
	0.738081	
	0.734695	
	0.720031	
	0.719390	
	0.691854	
	0.699673	
	0.670631	
	0.713107	
	0.752766	
	0.737683	
	0.744522	
	0.740039	
	0.763797	
	0.703550	
	0.663233	
	0.323051	
	0.249817	
	0.257405	
	0.297193	
	0.328579	
	0.338413	
	0.351590	
	0.357046	
	0.360462	
	0.381115	
	0.382107	
	0.369152	
	0.354604	
	0.353280	
	0.352495	
	0.348955	
	0.520786	
	0.789262	
	0.729799	
	0.785693	
	0.786940	
	0.665401	
	0.491235	
	0.545811	
	0.521245	
	0.497614	
	0.475723	
	0.449197	
	0.431437	
	0.319424	
	0.284234	
	0.294459	
	0.295248	
	0.303523	
	0.271098	
	0.373189	
	0.418423	
	0.430028	
	0.413653	
	0.415230	
	0.412119	
	0.333347	
	0.295772	
	0.234265	
	0.229981	
	0.330618	
	0.393370	
	0.354286	
	0.373321	
	0.313751	
	0.252183	
	0.218935	
	0.208134	
	0.189506	
	0.194641	
	0.186388	
	0.197016	
	0.179678	
	0.226850	
	0.210949	
	0.235356	
	0.253858	
	0.257258	
	0.238711	
	0.226943	
	0.214344	
	0.246336	
	0.234950	
	0.248990	
	0.238049	
	0.242102	
	0.232325	
	0.206965	
	0.226633	
	0.211035	
	0.242369	
	0.212804	
	0.240132	
	0.266293	
	0.221764	
	0.198965	
	0.231881	
	0.261956	
	0.263581	
	0.226250	
	0.255319	
	0.250702	
	0.263300	
	0.291141	
	0.229999	
	0.241640	
	0.233036	
	0.229454	
	0.197403	
	0.232030	
	0.265817	
	0.199044	
	0.214510	
	0.234678	
	0.235584	
	0.194213	
	0.230742	
	0.263632	
	0.201253	
	0.216086	
	0.220206	
	0.203249	
	0.214118	
	0.227099	
	0.221364	
	0.175022	
	0.171735	
	0.174892	
	0.186630	
	0.210179	
	0.198901	
	0.180140	
	0.179586	
	0.211241	
	0.163927	
	0.229826	
	0.202665	
	0.165353	
	0.146814	
	0.198718	
	0.191869	
	0.201128	
	0.181854	
	0.164738	
	0.188716	
	0.187547	
	0.141746	
	0.152643	
	0.176584	
	0.143951	
	0.115877	
	0.112628	
	0.114574	
	0.112226	
	0.132910	
	0.152084	
	0.156811	
	0.200025	
	0.164315	
	0.166144	
	0.172988	
	0.160578	
	0.169824	
	0.157925	
	0.157898	
	0.119312	
	0.136451	
	0.148298	
	0.155687	
	0.171048	
	0.152109	
	0.164046	
	0.165479	
	0.179552	
	0.197049	
	0.247584	
	0.334432	
	0.361552	
	0.360829	
	0.307151	
	0.281508	
	0.197865	
	0.224952	
	0.210505	
	0.205386	
	0.191543	
	0.209452	
	0.246585	
	0.278368	
	0.273166	
	0.283257	
	0.280353	
	0.215491	
	0.189647	
	0.147375	
	0.138922	
	0.136326	
	0.188948	
	0.235580	
	0.213553	
	0.285907	
	0.200413	
	0.197964	
	0.202921	
	0.208352	
	0.207774	
	0.201379	
	0.239418	
	0.253661	
	0.237715	
	0.277345	
	0.233373	
	0.203579	
	0.220370	
	0.228965	
	0.322127	
	0.265872	
	0.260371	
	0.232560	
	0.238055	
	0.199558	
	0.176682	
	0.226741	
	0.253350	
	0.222153	
	0.179290	
	0.213532	
	0.191945	
	0.248244	
	0.220307	
	0.261627	
	0.258451	
	0.260524	
	0.267909	
	0.221821	
	0.169958	
	0.213583	
	0.275639	
	0.207943	
	0.231813	
	0.263143	
	0.204682	
	0.282492	
	0.239980	
	0.175009	
	0.189700	
	0.214121	
	0.211630	
	0.218089	
	0.225219	
	0.222758	
	0.283311	
	0.275154	
	0.230280	
	0.245155	
	0.259333	
	0.245835	
	0.237173	
	0.260414	
	0.239982	
	0.249352	
	0.215144	
	0.237176	
	0.243543	
	0.235173	
	0.233116	
	0.246118	
	0.230442	
	0.232316	
	0.240990	
	0.259406	
	0.282806	
	0.266193	
	0.285802	
	0.286740	
	0.288449	
	0.266678	
	0.276977	
	0.257025	
	0.255372	
	0.270611	
	0.243561	
	0.213268	
	0.144020	
	0.118052	
	0.136092	
	0.197660	
	0.179812	
	0.216843	
	0.269564	
	0.280941	
	0.292709	
	0.235966	
	0.219203	
	0.167258	
	0.177439	
	0.174641	
	0.145029	
	0.148781	
	0.191919	
	0.236849	
	0.245677	
	0.219561	
	0.231577	
	0.253393	
	0.276039	
	0.234156	
	0.230794	
	0.190693	
	0.228531	
	0.315944	
	0.315916	
	0.316196	
	0.351145	
	0.329786	
	0.305545	
	0.312594	
	0.315509	
	0.348485	
	0.287261	
	0.204595	
	0.170406	
	0.157663	
	0.141205	
	0.138414	
	0.173275	
	0.238638	
	0.284356	
	0.300715	
	0.299825	
	0.252145	
	0.227288	
	0.324494	
	0.270689	
	0.218579	
	0.246125	
	0.256913	
	0.269941	
	0.196393	
	0.211998	
	0.163031	
	0.182636	
	0.158307	
	0.181967	
	0.159186	
	0.161429	
	0.160087	
	0.176668	
	0.231069	
	0.240789	
	0.269941	
	0.365596	
	0.235302	
	0.215044	
	0.213289	
	0.199236	
	0.204276	
	0.199719	
	0.222809	
	0.210355	
	0.168317	
	0.207512	
	0.171842	
	0.203459	
	0.228896	
	0.207197	
	0.201186	
	0.219469	
	0.192236	
	0.220235	
	0.230223	
	0.307387	
	0.248402	
	0.243988	
	0.224681	
	0.247377	
	0.279126	
	0.263941	
	0.294318	
	0.280781	
	0.294120	
	0.278712	
	0.337958	
	0.276701	
	0.288287	
	0.273615	
	0.231671	
	0.268859	
	0.226152	
	0.262569	
	0.245227	
	0.261535	
	0.327222	
	0.270163	
	0.272540	
	0.253499	
	0.221173	
	0.209881	
	0.213212	
	0.230110	
	0.243265	
	0.260705	
	0.267963	
	0.262607	
	0.294834	
	0.272785	
	0.289654	
	0.310437	
	0.277239	
	0.278661	
	0.278046	
	0.265064	
	0.252265	
	0.278891	
	0.262712	
	0.227962	
	0.186861	
	0.185883	
	0.199836	
	0.171571	
	0.190621	
	0.216837	
	0.224868	
	0.229647	
	0.199402	
	0.218158	
	0.273162	
	0.249648	
	0.298387	
	0.330516	
	0.362314	
	0.357139	
	0.302267	
	0.261493	
	0.232643	
	0.224589	
	0.223079	
	0.235416	
	0.256463	
	0.230460	
	0.252560	
	0.237463	
	0.252042	
	0.247342	
	0.236539	
	0.195505	
	0.296635	
	0.342637	
	0.330211	
	0.254679	
	0.191140	
	0.159830	
	0.197591	
	0.182780	
	0.171450	
	0.185076	
	0.184066	
	0.179394	
	0.214612	
	0.218189	
	0.293087	
	0.306837	
	0.318165	
	0.302712	
	0.219368	
	0.239100	
	0.318073	
	0.270681	
	0.233786	
	0.257466	
	0.208216	
	0.192475	
	0.253771	
	0.240591	
	0.249470	
	0.229523	
	0.233552	
	0.228894	
	0.224049	
	0.267939	
	0.253028	
	0.254711	
	0.250080	
	0.284823	
	0.248895	
	0.243052	
	0.226094	
	0.240961	
	0.245337	
	0.252665	
	0.242758	
	0.220210	
	0.237074	
	0.192066	
	0.198885	
	0.217915	
	0.205807	
	0.210626	
	0.201360	
	0.193082	
	0.205417	
	0.167831	
	0.185990	
	0.172979	
	0.165485	
	0.167231	
	0.181940	
	0.163380	
	0.162348	
	0.168966	
	0.183136	
	0.171111	
	0.171229	
	0.154990	
	0.171021	
	0.181070	
	0.191640	
	0.198792	
	0.203003	
	0.212950	
	0.224157	
	0.260722	
	0.289728	
	0.271840	
	0.313853	
	0.314185	
	0.278927	
	0.302127	
	0.319143	
	0.339415	
	0.344653	
	0.262019	
	0.217541	
	0.176003	
	0.109364	
	0.124310	
	0.176350	
	0.131391	
	0.125231	
	0.158884	
	0.253352	
	0.214368	
	0.278106	
	0.242792	
	0.225269	
	0.208897	
	0.213016	
	0.161450	
	0.184270	
	0.213487	
	0.229392	
	0.277624	
	0.340781	
	0.313865	
	0.282106	
	0.254214	
	0.277967	
	0.332350	
	0.315115	
	0.270445	
	0.242090	
	0.249075	
	0.222984	
	0.164535	
	0.171903	
	0.229908	
	0.201275	
	0.229538	
	0.243499	
	0.287829	
	0.253969	
	0.232266	
	0.249832	
	0.252453	
	0.264433	
	0.255638	
	0.225784	
	0.213058	
	0.229138	
	0.199737	
	0.198279	
	0.217538	
	0.273066	
	0.209009	
	0.235869	
	0.243524	
	0.253575	
	0.242570	
	0.255243	
	0.340651	
	0.256279	
	0.197322	
	0.229492	
	0.204118	
	0.212609	
	0.183582	
	0.210329	
	0.220710	
	0.199459	
	0.225700	
	0.211588	
	0.252454	
	0.212571	
	0.185022	
	0.186493	
	0.181761	
	0.189225	
	0.198856	
	0.195883	
	0.186838	
	0.204494	
	0.189631	
	0.184910	
	0.227448	
	0.211099	
	0.164104	
	0.166687	
	0.156293	
	0.159094	
	0.191992	
	0.246160	
	0.348741	
	0.382910	
	0.388233	
	0.328690	
	0.319969	
	0.276246	
	0.251452	
	0.188857	
	0.196917	
	0.189641	
	0.205958	
	0.170812	
	0.220775	
	0.277695	
	0.340194	
	0.375173	
	0.324199	
	0.292162	
	0.318047	
	0.297439	
	0.279787	
	0.268464	
	0.205035	
	0.165149	
	0.305879	
	0.392425	
	0.404907	
	0.397028	
	0.377234	
	0.341963	
	0.309477	
	0.286118	
	0.190546	
	0.203379	
	0.187250	
	0.303854	
	0.348035	
	0.358555	
	0.383335	
	0.416683	
	0.423186	
	0.469185	
	0.494540	
	0.516222	
	0.501457	
	0.431200	
	0.340061	
	0.370088	
	0.372436	
	0.358478	
	0.342302	
	0.266924	
	0.346069	
	0.356327	
	0.348370	
	0.378584	
	0.375921	
	0.366384	
	0.306334	
	0.359243	
	0.328333	
	0.333630	
	0.299071	
	0.331134	
	0.309135	
	0.313292	
	0.333690	
	0.292569	
	0.343514	
	0.354955	
	0.325206	
	0.310583	
	0.319727	
	0.331358	
	0.302797	
	0.346435	
	0.329964	
	0.328384	
	0.365949	
	0.378930	
	0.387948	
	0.356465	
	0.372646	
	0.324602	
	0.296163	
	0.320353	
	0.360203	
	0.373546	
	0.358099	
	0.395961	
	0.346613	
	0.367802	
	0.370032	
	0.422497	
	0.425064	
	0.444246	
	0.433081	
	0.417728	
	0.385782	
	0.436987	
	0.453376	
	0.408342	
	0.403707	
	0.430571	
	0.450417	
	0.451990	
	0.448562	
	0.503479	
	0.543224	
	0.546371	
	0.525576	
	0.512635	
	0.538143	
	0.572905	
	0.534376	
	0.508424	
	0.561744	
	0.599295	
	0.619212	
	0.597011	
	0.602716	
	0.488320	
	0.502788	
	0.386690	
	0.303373	
	0.326572	
	0.312334	
	0.297011	
	0.300232	
	0.302259	
	0.287615	
	0.243919	
	0.243918	
	0.238260	
	0.242880	
	0.238531	
	0.273510	
	0.258783	
	0.299674	
	0.283056	
	0.295798	
	0.306714	
	0.321092	
	0.331115	
	0.302704	
	0.354693	
	0.321206	
	0.294020	
	0.299187	
	0.328157	
	0.307626	
	0.294852	
	0.306477	
	0.305759	
	0.281087	
	0.275335	
	0.290997	
	0.355247	
	0.339779	
	0.344560	
	0.342950	
	0.291440	
	0.294852	
	0.328277	
	0.326578	
	0.315151	
	0.361536	
	0.403013	
	0.396375	
	0.351970	
	0.353621	
	0.351688	
	0.386812	
	0.398990	
	0.378877	
	0.392798	
	0.351239	
	0.399537	
	0.404864	
	0.364084	
	0.435485	
	0.409058	
	0.380948	
	0.396981	
	0.365296	
	0.360574	
	0.335523	
	0.342307	
	0.337577	
	0.349517	
	0.392589	
	0.339237	
	0.406345	
	0.450315	
	0.416310	
	0.379682	
	0.380841	
	0.388580	
	0.398273	
	0.413920	
	0.442955	
	0.344141	
	0.385644	
	0.376084	
	0.385010	
	0.376998	
	0.438449	
	0.428754	
	0.380945	
	0.360174	
	0.371547	
	0.390049	
	0.358049	
	0.370535	
	0.356388	
	0.335913	
	0.356024	
	0.332928	
	0.325928	
	0.307324	
	0.345065	
	0.344696	
	0.360501	
	0.366782	
	0.360210	
	0.358374	
	0.347383	
	0.281688	
	0.289980	
	0.326468	
	0.305882	
	0.371349	
	0.384722	
	0.364570	
	0.269124	
	0.264060	
	0.315514	
	0.282636	
	0.293558	
	0.233100	
	0.278207	
	0.288244	
	0.305048	
	0.276858	
	0.223043	
	0.291401	
	0.305024	
	0.396192	
	0.403306	
	0.388800	
	0.361222	
	0.297570	
	0.252145	
	0.208755	
	0.206034	
	0.182372	
	0.211658	
	0.181878	
	0.186263	
	0.189046	
	0.176639	
	0.170796	
	0.155933	
	0.166141	
	0.165150	
	0.145689	
	0.192045	
	0.213570	
	0.215036	
	0.210525	
	0.235569	
	0.242691	
	0.234884	
	0.231455	
	0.286960	
	0.291872	
	0.294837	
	0.307627	
	0.335443	
	0.354798	
	0.349392	
	0.295437	
	0.268060	
	0.218170	
	0.208882	
	0.175487	
	0.186703	
	0.181266	
	0.185020	
	0.218693	
	0.228571	
	0.262159	
	0.287989	
	0.280695	
	0.273434	
	0.264768	
	0.296610	
	0.256943	
	0.237568	
	0.217542	
	0.187843	
	0.204512	
	0.207829	
	0.202232	
	0.204570	
	0.276190	
	0.289169	
	0.257983	
	0.297759	
	0.425991	
	0.494031	
	0.545188	
	0.471069	
	0.333968	
	0.282440	
	0.265296	
	0.321857	
	0.292191	
	0.272317	
	0.237519	
	0.290103	
	0.283310	
	0.299164	
	0.300726	
	0.337710	
	0.347443	
	0.348042	
	0.326042	
	0.336444	
	0.344921	
	0.374122	
	0.391042	
	0.410283	
	0.426448	
	0.368323	
	0.386813	
	0.435935	
	0.384664	
	0.402281	
	0.444509	
	0.344279	
	0.340571	
	0.328088	
	0.353680	
	0.338122	
	0.380642	
	0.393835	
	0.336912	
	0.327731	
	0.290116	
	0.273530	
	0.256128	
	0.201315	
	0.218357	
	0.209066	
	0.150682	
	0.149403	
	0.165238	
	0.200998	
	0.206272	
	0.177685	
	0.176232	
	0.175402	
	0.200393	
	0.180911	
	0.165260	
	0.188082	
	0.172490	
	0.169704	
	0.175738	
	0.328010	
	0.757996	
	0.549141	
	0.207315	
	0.163603	
	0.171841	
	0.178899	
	0.178695	
	0.194716	
	0.200736	
	0.205107	
	0.216694	
	0.247250	
	0.391101	
	0.532452	
	0.457356	
	0.403854	
	0.300478	
	0.224571	
	0.186889	
	0.189695	
	0.183044	
	0.161060	
	0.152348	
	0.171905	
	0.200552	
	0.167416	
	0.197401	
	0.169419	
	0.174052	
	0.184880	
	0.193032	
	0.180724	
	0.174244	
	0.187927	
	0.211492	
	0.196614	
	0.208276	
	0.216047	
	0.247145	
	0.202390	
	0.217570	
	0.220838	
	0.230545	
	0.249144	
	0.233574	
	0.248365	
	0.249063	
	0.264122	
	0.335903	
	0.428860	
	0.471689	
	0.477330	
	0.500459	
	0.496366	
	0.495825	
	0.510114	
	0.453030	
	0.418971	
	0.425159	
	0.500786	
	0.511476	
	0.526505	
	0.513513	
	0.512390	
	0.519297	
	0.523117	
	0.486435	
	0.504132	
	0.516995	
	0.506847	
	0.486413	
	0.515354	
	0.463962	
	0.430024	
	0.456507	
	0.470114	
	0.456949	
	0.467293	
	0.439435	
	0.491434	
	0.496412	
	0.483452	
	0.543263	
	0.472255	
	0.507173	
	0.445787	
	0.491093	
	0.464711	
	0.477100	
	0.483934	
	0.462057	
	0.470396	
	0.452269	
	0.468454	
	0.453591	
	0.431875	
	0.438913	
	0.452655	
	0.498755	
	0.433535	
	0.414957	
	0.466715	
	0.435339	
	0.409769	
	0.411430	
	0.410144	
	0.465782	
	0.453409	
	0.489423	
	0.425391	
	0.492397	
	0.476052	
	0.467449	
	0.464334	
	0.461932	
	0.446746	
	0.403793	
	0.419397	
	0.491969	
	0.440680	
	0.348303	
	0.319769	
	0.334110	
	0.343346	
	0.349187	
	0.360524	
	0.380946	
	0.449574	
	0.436340	
	0.476052	
	0.535640	
	0.585131	
	0.634968	
	0.600324	
	0.480738	
	0.390456	
	0.359994	
	0.353188	
	0.372207	
	0.474435	
	0.484093	
	0.381607	
	0.396489	
	0.368346	
	0.310080	
	0.256585	
	0.250163	
	0.276260	
	0.215939	
	0.188165	
	0.148203	
	0.203143	
	0.268558	
	0.241144	
	0.281385	
	0.277284	
	0.321115	
	0.346442	
	0.391849	
	0.303146	
	0.261363	
	0.332715	
	0.497858	
	0.662358	
	0.676584	
	0.664031	
	0.622300	
	0.600398	
	0.464558	
	0.282964	
	0.420308	
	0.486011	
	0.421488	
	0.419582	
	0.405850	
	0.467780	
	0.445965	
	0.426319	
	0.406992	
	0.443332	
	0.402784	
	0.460377	
	0.421125	
	0.374396	
	0.404066	
	0.423142	
	0.460088	
	0.423101	
	0.412673	
	0.364639	
	0.340759	
	0.226756	
	0.286227	
	0.491742	
	0.586286	
	0.410940	
	0.213317	
	0.177608	
	0.216385	
	0.247028	
	0.302961	
	0.274467	
	0.225456	
	0.192745	
	0.169772	
	0.152723	
	0.163192	
	0.201948	
	0.258168	
	0.260478	
	0.283445	
	0.252885	
	0.237338	
	0.232371	
	0.254264	
	0.255065	
	0.251199	
	0.248567	
	0.262898	
	0.289956	
	0.319057	
	0.352832	
	0.365340	
	0.376112	
	0.315289	
	0.321681	
	0.339357	
	0.263777	
	0.231280	
	0.274561	
	0.326476	
	0.338701	
	0.325577	
	0.351680	
	0.287857	
	0.281404	
	0.321349	
	0.325372	
	0.334801	
	0.304734	
	0.319024	
	0.297511	
	0.251484	
	0.193785	
	0.211366	
	0.190519	
	0.188696	
	0.214404	
	0.206561	
	0.203026	
	0.214259	
	0.196463	
	0.170387	
	0.211059	
	0.193963	
	0.203478	
	0.206286	
	0.197958	
	0.189639	
	0.199679	
	0.242809	
	0.193902	
	0.205939	
	0.188526	
	0.170716	
	0.155544	
	0.147366	
	0.141614	
	0.169068	
	0.146208	
	0.139371	
	0.170790	
	0.165396	
	0.185410	
	0.194630	
	0.154262	
	0.163916	
	0.164686	
	0.158696	
	0.180164	
	0.190419	
	0.220015	
	0.232256	
	0.241039	
	0.201625	
	0.165420	
	0.160459	
	0.192320	
	0.343494	
	0.244386	
	0.170114	
	0.195280	
	0.198794	
	0.210713	
	0.232849	
	0.221590	
	0.222955	
	0.216350	
	0.202057	
	0.190801	
	0.189336	
	0.293344	
	0.284549	
	0.312285	
	0.280836	
	0.251352	
	0.227553	
	0.253140	
	0.258326	
	0.246882	
	0.274811	
	0.251829	
	0.264099	
	0.240510	
	0.249396	
	0.247139	
	0.251777	
	0.281260	
	0.251898	
	0.193059	
	0.178738	
	0.258871	
	0.296396	
	0.323108	
	0.233482	
	0.192656	
	0.230718	
	0.265540	
	0.260135	
	0.220110	
	0.263945	
	0.257218	
	0.230759	
	0.201689	
	0.306500	
	0.240532	
	0.225227	
	0.223856	
	0.234173	
	0.234223	
	0.245244	
	0.258203	
	0.231554	
	0.207305	
	0.216131	
	0.198191	
	0.171028	
	0.171575	
	0.158536	
	0.153358	
	0.141748	
	0.148238	
	0.146635	
	0.133609	
	0.101367	
	0.128612	
	0.099423	
	0.125499	
	0.122649	
	0.122475	
	0.145499	
	0.149883	
	0.153362	
	0.169836	
	0.169996	
	0.170568	
	0.196029	
	0.169653	
	0.153790	
	0.183378	
	0.219604	
	0.179509	
	0.186250	
	0.221090	
	0.205786	
	0.198027	
	0.264039	
	0.317878	
	0.273273	
	0.291695	
	0.275207	
	0.244207	
	0.244958	
	0.233150	
	0.250161	
	0.267170	
	0.247886	
	0.255086	
	0.300684	
	0.307908	
	0.269694	
	0.238965	
	0.248319	
	0.252919	
	0.244521	
	0.217624	
	0.229666	
	0.181760	
	0.169715	
	0.194030	
	0.170927	
	0.169073	
	0.172776	
	0.180159	
	0.198081	
	0.175603	
	0.168962	
	0.152816	
	0.146244	
	0.164218	
	0.158881	
	0.166542	
	0.161369	
	0.167212	
	0.207475	
	0.203503	
	0.214258	
	0.190791	
	0.175545	
	0.191186	
	0.193002	
	0.179961	
	0.162037	
	0.157227	
	0.126780	
	0.108250	
	0.099268	
	0.097716	
	0.098914	
	0.116895	
	0.129374	
	0.139851	
	0.127788	
	0.101559	
	0.101432	
	0.113721	
	0.131577	
	0.147996	
	0.188348	
	0.158978	
	0.135150	
	0.131951	
	0.132367	
	0.146424	
	0.155123	
	0.172460	
	0.194017	
	0.138144	
	0.132274	
	0.131100	
	0.124303	
	0.137226	
	0.169661	
	0.196751	
	0.174186	
	0.198590	
	0.234640	
	0.248001	
	0.359452	
	0.358769	
	0.294665	
	0.291748	
	0.237770	
	0.207603	
	0.187291	
	0.140668	
	0.187408	
	0.213911	
	0.244951	
	0.236204	
	0.238699	
	0.196122	
	0.207641	
	0.384761	
	0.552262	
	0.456069	
	0.188689	
	0.150071	
	0.169956	
	0.181225	
	0.189478	
	0.195214	
	0.192460	
	0.170728	
	0.195799	
	0.178185	
	0.194384	
	0.172081	
	0.195503	
	0.162825	
	0.150187	
	0.135949	
	0.130433	
	0.135259	
	0.161646	
	0.175798	
	0.125910	
	0.123270	
	0.167885	
	0.177107	
	0.179864	
	0.179422	
	0.200689	
	0.146394	
	0.207088	
	0.178919	
	0.121366	
	0.114746	
	0.130823	
	0.137563	
	0.175234	
	0.131656	
	0.123373	
	0.110488	
	0.114900	
	0.133777	
	0.114276	
	0.110025	
	0.113641	
	0.122221	
	0.133647	
	0.162862	
	0.132689	
	0.157328	
	0.149217	
	0.135909	
	0.118188	
	0.180287	
	0.163942	
	0.149726	
	0.176363	
	0.165145	
	0.141617	
	0.120221	
	0.111846	
	0.149857	
	0.170108	
	0.224058	
	0.239855	
	0.253679	
	0.250939	
	0.245551	
	0.306166	
	0.318678	
	0.304673	
	0.291764	
	0.290146	
	0.279623	
	0.271329	
	0.266820	
	0.242915	
	0.239395	
	0.223336	
	0.222349	
	0.197004	
	0.200969	
	0.181707	
	0.173067	
	0.168314	
	0.166619	
	0.229441	
	0.204727	
	0.215965	
	0.220507	
	0.221993	
	0.321638	
	0.362217	
	0.324018	
	0.282291	
	0.260769	
	0.284197	
	0.327334	
	0.331535	
	0.325856	
	0.248156	
	0.192540	
	0.274069	
	0.305017	
	0.294280	
	0.270012	
	0.226915	
	0.192524	
	0.186998	
	0.237398	
	0.224209	
	0.203664	
	0.211735	
	0.279023	
	0.240257	
	0.259957	
	0.198292	
	0.179750	
	0.237431	
	0.197408	
	0.157735	
	0.156603	
	0.176064	
	0.210560	
	0.203841	
	0.179057	
	0.283206	
	0.290935	
	0.265275	
	0.278334	
	0.253577	
	0.221923	
	0.192306	
	0.225917	
	0.190290	
	0.205678	
	0.293482	
	0.314790	
	0.293161	
	0.232341	
	0.223450	
	0.221888	
	0.305885	
	0.285030	
	0.283546	
	0.242000	
	0.219434	
	0.184301	
	0.160496	
	0.172097	
	0.138003	
	0.123792	
	0.142688	
	0.117499	
	0.128153	
	0.114024	
	0.128910	
	0.122309	
	0.160451	
	0.119261	
	0.126894	
	0.141944	
	0.139498	
	0.156566	
	0.183755	
	0.196895	
	0.180791	
	0.174220	
	0.205791	
	0.179188	
	0.159348	
	0.196790	
	0.180830	
	0.166393	
	0.167139	
	0.176000	
	0.155456	
	0.169428	
	0.175498	
	0.228143	
	0.285711	
	0.522623	
	0.536142	
	0.457967	
	0.451904	
	0.442297	
	0.451377	
	0.387327	
	0.365253	
	0.375262	
	0.379469	
	0.410413	
	0.376092	
	0.380507	
	0.399485	
	0.381632	
	0.394057	
	0.435669	
	0.399154	
	0.383280	
	0.394048	
	0.396617	
	0.399303	
	0.486808	
	0.472740	
	0.497666	
	0.524307	
	0.537465	
	0.549855	
	0.287314	
	0.306931	
	0.282682	
	0.303620	
	0.322435	
	0.301666	
	0.333726	
	0.289711	
	0.271764	
	0.297805	
	0.163425	
	0.147576	
	0.159797	
	0.167126	
	0.185635	
	0.173608	
	0.164099	
	0.150273	
	0.131255	
	0.142529	
	0.137581	
	0.138356	
	0.114962	
	0.135510	
	0.134291	
	0.138836	
	0.162651	
	0.163742	
	0.151896	
	0.175788	
	0.165807	
	0.183558	
	0.181591	
	0.182937	
	0.157090	
	0.161626	
	0.165212	
	0.177375	
	0.155299	
	0.140196	
	0.150665	
	0.165037	
	0.198490	
	0.228480	
	0.271679	
	0.308452	
	0.354189	
	0.337623	
	0.275275	
	0.224912	
	0.195100	
	0.285425	
	0.452705	
	0.489567	
	0.464638	
	0.451439	
	0.438073	
	0.387355	
	0.407553	
	0.348046	
	0.259091	
	0.194814	
	0.159074	
	0.155218	
	0.152617	
	0.186838	
	0.188018	
	0.215905	
	0.243555	
	0.298373	
	0.526213	
	0.638784	
	0.555061	
	0.263250	
	0.222747	
	0.200860	
	0.188086	
	0.230204	
	0.277981	
	0.343223	
	0.222464	
	0.186089	
	0.167784	
	0.206355	
	0.176712	
	0.237023	
	0.202941	
	0.220988	
	0.207265	
	0.201770	
	0.199453	
	0.234625	
	0.213706	
	0.197977	
	0.219572	
	0.224917	
	0.197431	
	0.197996	
	0.241079	
	0.320696	
	0.280495	
	0.350018	
	0.340912	
	0.300992	
	0.341383	
	0.344618	
	0.365944	
	0.331195	
	0.395854	
	0.341362	
	0.287227	
	0.325189	
	0.318301	
	0.377804	
	0.351409	
	0.350986	
	0.318847	
	0.266465	
	0.320626	
	0.284540	
	0.303078	
	0.298075	
	0.302654	
	0.253858	
	0.257257	
	0.287084	
	0.258112	
	0.265651	
	0.301204	
	0.337466	
	0.250709	
	0.287269	
	0.253341	
	0.216691	
	0.241882	
	0.197862	
	0.190508	
	0.234408	
	0.237277	
	0.193752	
	0.232846	
	0.235504	
	0.255815	
	0.286737	
	0.177238	
	0.176694	
	0.191646	
	0.212143	
	0.180468	
	0.140401	
	0.114780	
	0.098596	
	0.103093	
	0.106803	
	0.118318	
	0.128376	
	0.120110	
	0.129580	
	0.116505	
	0.112496	
	0.124849	
	0.141601	
	0.122371	
	0.114531	
	0.128338	
	0.129101	
	0.147638	
	0.179010	
	0.239365	
	0.245909	
	0.246662	
	0.206917	
	0.196178	
	0.163300	
	0.142456	
	0.135867	
	0.152503	
	0.171472	
	0.187013	
	0.214040	
	0.211700	
	0.180714	
	0.147747	
	0.144686	
	0.126642	
	0.122202	
	0.112072	
	0.134918	
	0.152956	
	0.145768	
	0.176545	
	0.144649	
	0.156000	
	0.167997	
	0.137238	
	0.100200	
	0.103488	
	0.119793	
	0.123559	
	0.128477	
	0.210236	
	0.270003	
	0.278482	
	0.329102	
	0.311753	
	0.351171	
	0.305769	
	0.274306	
	0.267557	
	0.274350	
	0.262866	
	0.228950	
	0.231928	
	0.224042	
	0.217025	
	0.191408	
	0.160124	
	0.125564	
	0.115458	
	0.137486	
	0.157737	
	0.147186	
	0.165927	
	0.202783	
	0.176157	
	0.181325	
	0.163355	
	0.165278	
	0.126971	
	0.155714	
	0.173795	
	0.165162	
	0.196699	
	0.172821	
	0.210481	
	0.188321	
	0.247383	
	0.283131	
	0.268209	
	0.215590	
	0.254924	
	0.194128	
	0.175885	
	0.175568	
	0.176567	
	0.167628	
	0.217871	
	0.243986	
	0.291271	
	0.283564	
	0.298659	
	0.273204	
	0.369362	
	0.407195	
	0.409050	
	0.390647	
	0.390579	
	0.399690	
	0.438444	
	0.474224	
	0.466763	
	0.452824	
	0.497494	
	0.485491	
	0.413638	
	0.413136	
	0.437719	
	0.460418	
	0.440089	
	0.396084	
	0.358072	
	0.367165	
	0.415074	
	0.457084	
	0.487743	
	0.463662	
	0.459480	
	0.398680	
	0.418877	
	0.449483	
	0.501991	
	0.466870	
	0.478575	
	0.435107	
	0.392740	
	0.296883	
	0.240824	
	0.222886	
	0.241798	
	0.230728	
	0.243072	
	0.273419	
	0.280189	
	0.269950	
	0.229868	
	0.250405	
	0.293128	
	0.266187	
	0.301462	
	0.280662	
	0.261901	
	0.291235	
	0.254764	
	0.234872	
	0.230077	
	0.259053	
	0.247428	
	0.239842	
	0.255950	
	0.293006	
	0.260619	
	0.248553	
	0.288375	
	0.276155	
	0.285778	
	0.330860	
	0.287763	
	0.303313	
	0.300352	
	0.304040	
	0.352085	
	0.388221	
	0.382738	
	0.403117	
	0.382153	
	0.380895	
	0.378059	
	0.404181	
	0.418923	
	0.424125	
	0.406023	
	0.427305	
	0.413704	
	0.427894	
	0.420162	
	0.477946	
	0.461199	
	0.438349	
	0.392460	
	0.444925	
	0.519475	
	0.553432	
	0.600187	
	0.617329	
	0.588539	
	0.569907	
	0.540126	
	0.533049	
	0.420142	
	0.456013	
	0.452130	
	0.385766	
	0.409988	
	0.323710	
	0.359051	
	0.470995	
	0.430915	
	0.435317	
	0.427188	
	0.422656	
	0.402188	
	0.421879	
	0.406950	
	0.395389	
	0.432894	
	0.417768	
	0.409040	
	0.466719	
	0.488196	
	0.470940	
	0.419426	
	0.440995	
	0.498608	
	0.411870	
	0.427438	
	0.407465	
	0.387895	
	0.402054	
	0.465351	
	0.488028	
	0.436728	
	0.435702	
	0.514095	
	0.493114	
	0.460668	
	0.476627	
	0.460090	
	0.431850	
	0.417474	
	0.377643	
	0.410602	
	0.426223	
	0.460238	
	0.455895	
	0.430100	
	0.381725	
	0.442158	
	0.422660	
	0.418908	
	0.455624	
	0.422032	
	0.445900	
	0.427966	
	0.440064	
	0.420330	
	0.422525	
	0.457442	
	0.436246	
	0.442169	
	0.394605	
	0.413717	
	0.409461	
	0.393587	
	0.424381	
	0.423183	
	0.417012	
	0.431841	
	0.447093	
	0.460901	
	0.453859	
	0.474569	
	0.482489	
	0.366639	
	0.344431	
	0.325110	
	0.328571	
	0.313031	
	0.385021	
	0.396811	
	0.408741	
	0.434044	
	0.414162	
	0.363065	
	0.356006	
	0.393527	
	0.397125	
	0.410174	
	0.475174	
	0.456216	
	0.452075	
	0.486596	
	0.465116	
	0.406778	
	0.427489	
	0.404294	
	0.466050	
	0.445445	
	0.399824	
	0.380777	
	0.394779	
	0.374909	
	0.404611	
	0.420387	
	0.377887	
	0.336543	
	0.443250	
	0.469420	
	0.445589	
	0.479856	
	0.513088	
	0.428339	
	0.406901	
	0.453573	
	0.450592	
	0.476153	
	0.473882	
	0.415065	
	0.423412	
	0.554328	
	0.533799	
	0.615075	
	0.573575	
	0.557298	
	0.472419	
	0.452951	
	0.276155	
	0.270627	
	0.273484	
	0.270063	
	0.285145	
	0.316297	
	0.397496	
	0.416101	
	0.420997	
	0.507832	
	0.469327	
	0.491189	
	0.520315	
	0.520155	
	0.471344	
	0.338003	
	0.265675	
	0.302769	
	0.322162	
	0.287404	
	0.306680	
	0.350148	
	0.351659	
	0.358201	
	0.326142	
	0.263114	
	0.189748	
	0.184736	
	0.267286	
	0.347515	
	0.351349	
	0.408046	
	0.376730	
	0.339748	
	0.303120	
	0.403251	
	0.543375	
	0.301800	
	0.279541	
	0.292240	
	0.274833	
	0.207650	
	0.151111	
	0.158389	
	0.156343	
	0.163655	
	0.196317	
	0.234486	
	0.275894	
	0.261953	
	0.251618	
	0.275014	
	0.266755	
	0.285316	
	0.321293	
	0.283310	
	0.353107	
	0.225015	
	0.184621	
	0.184686	
	0.181595	
	0.166379	
	0.181079	
	0.185053	
	0.195953	
	0.223348	
	0.315920	
	0.239891	
	0.225456	
	0.241993	
	0.230770	
	0.235537	
	0.473240	
	0.348576	
	0.344538	
	0.670159	
	0.337337	
	0.241700	
	0.224766	
	0.210119	
	0.210783	
	0.200688	
	0.191241	
	0.143111	
	0.145769	
	0.121667	
	0.133771	
	0.145943	
	0.157613	
	0.155551	
	0.204663	
	0.163355	
	0.190755	
	0.159166	
	0.184166	
	0.186493	
	0.200937	
	0.210462	
	0.207150	
	0.216792	
	0.239651	
	0.247828	
	0.272835	
	0.277883	
	0.315343	
	0.280363	
	0.281158	
	0.256290	
	0.310587	
	0.314507	
	0.344533	
	0.367953	
	0.322737	
	0.315385	
	0.352175	
	0.376705	
	0.323882	
	0.372950	
	0.425216	
	0.401783	
	0.374850	
	0.452553	
	0.452831	
	0.383731	
	0.429882	
	0.411156	
	0.396192	
	0.412738	
	0.464381	
	0.452539	
	0.400579	
	0.483700	
	0.458805	
	0.412836	
	0.463726	
	0.469012	
	0.428556	
	0.433988	
	0.447917	
	0.404682	
	0.335167	
	0.343852	
	0.356585	
	0.364808	
	0.350507	
	0.374705	
	0.292405	
	0.255478	
	0.308076	
	0.288133	
	0.264273	
	0.260384	
	0.257708	
	0.213826	
	0.203391	
	0.218075	
	0.254892	
	0.240217	
	0.291641	
	0.265870	
	0.174512	
	0.166497	
	0.198854	
	0.256111	
	0.210513	
	0.236629	
	0.257873	
	0.200297	
	0.211611	
	0.226204	
	0.172617	
	0.188566	
	0.169030	
	0.193379	
	0.283225	
	0.459400	
	0.174538	
	0.137295	
	0.179683	
	0.156982	
	0.158164	
	0.146396	
	0.128139	
	0.156372	
	0.201969	
	0.536549	
	0.702887	
	0.725704	
	0.698144	
	0.540538	
	0.270818	
	0.254434	
	0.256884	
	0.295748	
	0.269071	
	0.299582	
	0.344026	
	0.262184	
	0.277796	
	0.269843	
	0.276561	
	0.284363	
	0.276436	
	0.280144	
	0.253939	
	0.230510	
	0.183484	
	0.186153	
	0.181384	
	0.371229	
	0.445951	
	0.353131	
	0.217802	
	0.189305	
	0.172668	
	0.230376	
	0.222036	
	0.265932	
	0.258515	
	0.256425	
	0.232266	
	0.330121	
	0.374288	
	0.426403	
	0.467985	
	0.399130	
	0.290162	
	0.186655	
	0.119818	
	0.121694	
	0.135205	
	0.130129	
	0.142783	
	0.150363	
	0.169807	
	0.170616	
	0.189131	
	0.191928	
	0.192800	
	0.231534	
	0.259492	
	0.266492	
	0.263329	
	0.292275	
	0.296942	
	0.317642	
	0.254673	
	0.213784	
	0.251587	
	0.211506	
	0.225171	
	0.223719	
	0.219360	
	0.187945	
	0.182333	
	0.203562	
	0.214361	
	0.214985	
	0.234882	
	0.245986	
	0.298851	
	0.244521	
	0.243929	
	0.221462	
	0.246223	
	0.269475	
	0.237244	
	0.194695	
	0.191738	
	0.158768	
	0.189188	
	0.184518	
	0.211464	
	0.214085	
	0.249290	
	0.248352	
	0.202254	
	0.220286	
	0.222065	
	0.345079	
	0.264586	
	0.291179	
	0.282424	
	0.272091	
	0.302072	
	0.283463	
	0.279002	
	0.294355	
	0.263126	
	0.245143	
	0.290305	
	0.262229	
	0.268268	
	0.291403	
	0.327764	
	0.378277	
	0.319459	
	0.332650	
	0.313259	
	0.291019	
	0.298772	
	0.301615	
	0.292431	
	0.280432	
	0.299163	
	0.304438	
	0.308875	
	0.319462	
	0.322843	
	0.312051	
	0.343619	
	0.352112	
	0.330589	
	0.282281	
	0.264367	
	0.183575	
	0.145101	
	0.180049	
	0.218369	
	0.210171	
	0.223280	
	0.248098	
	0.246707	
	0.261229	
	0.253704	
	0.267327	
	0.293282	
	0.299797	
	0.396322	
	0.494781	
	0.454956	
	0.404718	
	0.314581	
	0.283370	
	0.232754	
	0.217681	
	0.213576	
	0.183121	
	0.179831	
	0.133815	
	0.204740	
	0.285759	
	0.344394	
	0.382591	
	0.405168	
	0.378411	
	0.372915	
	0.293955	
	0.287461	
	0.220088	
	0.241359	
	0.296961	
	0.297729	
	0.304756	
	0.298555	
	0.266493	
	0.239017	
	0.310531	
	0.365891	
	0.332075	
	0.258888	
	0.315155	
	0.404149	
	0.431645	
	0.446220	
	0.398341	
	0.378359	
	0.356187	
	0.327399	
	0.313132	
	0.270470	
	0.287741	
	0.246703	
	0.243992	
	0.194163	
	0.208904	
	0.225314	
	0.204378	
	0.199748	
	0.207689	
	0.186883	
	0.261464	
	0.233165	
	0.272723	
	0.270240	
	0.276060	
	0.290708	
	0.261212	
	0.256384	
	0.237967	
	0.234993	
	0.196354	
	0.203562	
	0.189779	
	0.234365	
	0.227703	
	0.232168	
	0.190974	
	0.213002	
	0.164333	
	0.208746	
	0.237906	
	0.225430	
	0.236797	
	0.183702	
	0.147655	
	0.183752	
	0.226921	
	0.229962	
	0.223478	
	0.222065	
	0.210757	
	0.208007	
	0.273413	
	0.215947	
	0.270007	
	0.286726	
	0.264662	
	0.296835	
	0.281653	
	0.214832	
	0.328440	
	0.237719	
	0.265624	
	0.242594	
	0.205442	
	0.240068	
	0.311601	
	0.249366	
	0.273817	
	0.284276	
	0.296366	
	0.320826	
	0.291026	
	0.224346	
	0.261154	
	0.260415	
	0.300493	
	0.323087	
	0.325789	
	0.313338	
	0.316381	
	0.286424	
	0.282958	
	0.295817	
	0.317690	
	0.342095	
	0.332369	
	0.334516	
	0.368166	
	0.381445	
	0.332008	
	0.307993	
	0.211990	
	0.158038	
	0.179278	
	0.222493	
	0.222403	
	0.213910	
	0.187206	
	0.160139	
	0.170334	
	0.173561	
	0.173068	
	0.153527	
	0.143041	
	0.156285	
	0.189464	
	0.255843	
	0.465017	
	0.523601	
	0.464372	
	0.538802	
	0.506586	
	0.581827	
	0.554012	
	0.237120	
	0.203842	
	0.211591	
	0.197509	
	0.192393	
	0.201972	
	0.212359	
	0.198056	
	0.185571	
	0.179944	
	0.195980	
	0.160261	
	0.182086	
	0.190991	
	0.171665	
	0.169242	
	0.187628	
	0.215537	
	0.451657	
	0.622740	
	0.611607	
	0.625345	
	0.468904	
	0.389654	
	0.579444	
	0.428972	
	0.157248	
	0.122444	
	0.122029	
	0.163315	
	0.178408	
	0.174008	
	0.151299	
	0.168591	
	0.158101	
	0.203975	
	0.171201	
	0.172823	
	0.174999	
	0.179661	
	0.184231	
	0.197221	
	0.205101	
	0.210829	
	0.194992	
	0.191982	
	0.207583	
	0.204305	
	0.192931	
	0.189170	
	0.189254	
	0.191947	
	0.193049	
	0.196083	
	0.237702	
	0.255166	
	0.247771	
	0.250277	
	0.223695	
	0.221873	
	0.211064	
	0.189192	
	0.181070	
	0.178570	
	0.149507	
	0.148913	
	0.154140	
	0.146047	
	0.148891	
	0.146284	
	0.145289	
	0.146527	
	0.143597	
	0.171704	
	0.156687	
	0.175498	
	0.190834	
	0.162895	
	0.178101	
	0.181619	
	0.194963	
	0.224448	
	0.193376	
	0.224409	
	0.218416	
	0.242788	
	0.253906	
	0.240273	
	0.284737	
	0.223922	
	0.245446	
	0.215904	
	0.213859	
	0.198508	
	0.220951	
	0.198981	
	0.166726	
	0.154367	
	0.106000	
	0.082750	
	0.096881	
	0.138454	
	0.104100	
	0.149470	
	0.167583	
	0.180695	
	0.162095	
	0.181733	
	0.161472	
	0.203949	
	0.228128	
	0.262931	
	0.261061	
	0.444403	
	0.443572	
	0.413651	
	0.347664	
	0.366781	
	0.381576	
	0.360541	
	0.365059	
	0.371928	
	0.341875	
	0.312629	
	0.318159	
	0.277298	
	0.281240	
	0.220713	
	0.223334	
	0.223506	
	0.218609	
	0.187627	
	0.205680	
	0.190517	
	0.226952	
	0.215127	
	0.225349	
	0.222509	
	0.271725	
	0.320398	
	0.355447	
	0.317120	
	0.370627	
	0.372442	
	0.374571	
	0.340962	
	0.372854	
	0.308290	
	0.276802	
	0.269729	
	0.234115	
	0.266564	
	0.248890	
	0.260106	
	0.279835	
	0.295176	
	0.335473	
	0.348648	
	0.343969	
	0.363739	
	0.320702	
	0.314253	
	0.324156	
	0.365992	
	0.349297	
	0.352952	
	0.422683	
	0.387842	
	0.327679	
	0.313929	
	0.303633	
	0.298855	
	0.306753	
	0.302027	
	0.285718	
	0.295172	
	0.328169	
	0.341293	
	0.283575	
	0.294528	
	0.291910	
	0.264918	
	0.280665	
	0.290836	
	0.300845	
	0.324170	
	0.304973	
	0.309821	
	0.317745	
	0.319668	
	0.320524	
	0.341383	
	0.353863	
	0.389512	
	0.349536	
	0.308356	
	0.297219	
	0.298465	
	0.356212	
	0.370125	
	0.366543	
	0.344715	
	0.275594	
	0.317998	
	0.285740	
	0.316994	
	0.306372	
	0.284806	
	0.285788	
	0.313731	
	0.301864	
	0.292735	
	0.275757	
	0.272808	
	0.246303	
	0.251879	
	0.282499	
	0.247146	
	0.222084	
	0.182095	
	0.158737	
	0.164845	
	0.199578	
	0.201751	
	0.153362	
	0.171676	
	0.120846	
	0.147072	
	0.123857	
	0.150569	
	0.156299	
	0.142571	
	0.142126	
	0.168746	
	0.254985	
	0.257650	
	0.295111	
	0.365468	
	0.366187	
	0.344957	
	0.285981	
	0.288237	
	0.308195	
	0.355106	
	0.397007	
	0.421194	
	0.403626	
	0.396658	
	0.378225	
	0.382327	
	0.493440	
	0.718735	
	0.746854	
	0.757352	
	0.700724	
	0.648968	
	0.481254	
	0.473125	
	0.516030	
	0.572841	
	0.584178	
	0.594994	
	0.582151	
	0.528487	
	0.493261	
	0.505947	
	0.504649	
	0.512817	
	0.499181	
	0.496926	
	0.502576	
	0.487073	
	0.409756	
	0.339459	
	0.340006	
	0.338260	
	0.364976	
	0.404849	
	0.426815	
	0.443349	
	0.434863	
	0.465978	
	0.436190	
	0.437191	
	0.355244	
	0.410529	
	0.385041	
	0.449372	
	0.510732	
	0.520592	
	0.477854	
	0.451782	
	0.419037	
	0.454096	
	0.484568	
	0.524976	
	0.531381	
	0.510271	
	0.507730	
	0.466889	
	0.469207	
	0.485449	
	0.484527	
	0.407436	
	0.470166	
	0.463635	
	0.500205	
	0.390954	
	0.353005	
	0.391636	
	0.471890	
	0.447277	
	0.406636	
	0.380328	
	0.403073	
	0.404449	
	0.365197	
	0.363022	
	0.333163	
	0.350429	
	0.374106	
	0.398223	
	0.343760	
	0.330709	
	0.305054	
	0.295240	
	0.273006	
	0.329490	
	0.358167	
	0.351990	
	0.278424	
	0.314203	
	0.325708	
	0.288297	
	0.376253	
	0.358128	
	0.350884	
	0.400835	
	0.366005	
	0.368301	
	0.368020	
	0.425177	
	0.357294	
	0.323044	
	0.324783	
	0.320202	
	0.320340	
	0.337894	
	0.383267	
	0.385138	
	0.353153	
	0.371437	
	0.377053	
	0.376434	
	0.416399	
	0.403127	
	0.385505	
	0.325304	
	0.333289	
	0.371536	
	0.396578	
	0.391416	
	0.430501	
	0.396831	
	0.357109	
	0.332977	
	0.313802	
	0.403094	
	0.390032	
	0.392166	
	0.404435	
	0.379280	
	0.388297	
	0.373001	
	0.405724	
	0.388828	
	0.407057	
	0.377368	
	0.373202	
	0.406386	
	0.315461	
	0.331786	
	0.362793	
	0.408174	
	0.383413	
	0.369682	
	0.332483	
	0.357850	
	0.332745	
	0.347361	
	0.359146	
	0.360197	
	0.359668	
	0.331343	
	0.316720	
	0.340735	
	0.330441	
	0.279478	
	0.282136	
	0.292726	
	0.285476	
	0.303369	
	0.332368	
	0.340082	
	0.347127	
	0.306212	
	0.297824	
	0.294931	
	0.257684	
	0.257414	
	0.248865	
	0.235576	
	0.270262	
	0.327761	
	0.332900	
	0.338393	
	0.288196	
	0.266234	
	0.231958	
	0.251297	
	0.247411	
	0.311841	
	0.286791	
	0.256806	
	0.238889	
	0.225132	
	0.189520	
	0.189663	
	0.197322	
	0.189181	
	0.130623	
	0.159820	
	0.155533	
	0.158941	
	0.153423	
	0.187947	
	0.273685	
	0.325743	
	0.284941	
	0.244768	
	0.193089	
	0.213272	
	0.213640	
	0.233449	
	0.337960	
	0.366843	
	0.431973	
	0.406978	
	0.273370	
	0.248660	
	0.254607	
	0.246374	
	0.234477	
	0.222574	
	0.204656	
	0.245260	
	0.193875	
	0.215648	
	0.179139	
	0.187349	
	0.184692	
	0.196243	
	0.174478	
	0.186790	
	0.184247	
	0.204226	
	0.214766	
	0.195272	
	0.207247	
	0.197245	
	0.203533	
	0.183116	
	0.243841	
	0.251010	
	0.296822	
	0.325627	
	0.320860	
	0.350649	
	0.381206	
	0.374134	
	0.244693	
	0.231599	
	0.201105	
	0.212192	
	0.186676	
	0.198611	
	0.177402	
	0.162754	
	0.190000	
	0.198235	
	0.213340	
	0.191690	
	0.176629	
	0.198878	
	0.192503	
	0.239869	
	0.244900	
	0.235053	
	0.202912	
	0.220249	
	0.246330	
	0.244509	
	0.229074	
	0.256743	
	0.203526	
	0.204084	
	0.194800	
	0.271073	
	0.398440	
	0.462723	
	0.389764	
	0.361163	
	0.269817	
	0.250878	
	0.240759	
	0.265346	
	0.238572	
	0.278706	
	0.269913	
	0.266227	
	0.287471	
	0.280887	
	0.363923	
	0.382867	
	0.363428	
	0.384532	
	0.360514	
	0.376608	
	0.396787	
	0.399652	
	0.411010	
	0.401465	
	0.385937	
	0.417694	
	0.420159	
	0.404597	
	0.408079	
	0.371921	
	0.398298	
	0.331935	
	0.347223	
	0.366267	
	0.357064	
	0.383720	
	0.353466	
	0.351483	
	0.297216	
	0.295005	
	0.277703	
	0.287592	
	0.306363	
	0.246059	
	0.225818	
	0.222209	
	0.200676	
	0.162118	
	0.172140	
	0.197486	
	0.156239	
	0.153584	
	0.156628	
	0.184123	
	0.214805	
	0.218992	
	0.212819	
	0.177035	
	0.175005	
	0.177751	
	0.185027	
	0.166939	
	0.194462	
	0.564361	
	0.847609	
	0.747548	
	0.229900	
	0.175797	
	0.168231	
	0.198739	
	0.247827	
	0.223199	
	0.197996	
	0.205680	
	0.213857	
	0.238189	
	0.278277	
	0.323959	
	0.385862	
	0.357131	
	0.333983	
	0.294593	
	0.294228	
	0.309145	
	0.334736	
	0.414425	
	0.347450	
	0.330244	
	0.307690	
	0.263815	
	0.240805	
	0.261152	
	0.249893	
	0.287594	
	0.260436	
	0.231211	
	0.243070	
	0.228966	
	0.240199	
	0.235372	
	0.218289	
	0.251015	
	0.243888	
	0.232521	
	0.211382	
	0.221116	
	0.229010	
	0.225211	
	0.226649	
	0.207019	
	0.195134	
	0.187752	
	0.207126	
	0.240205	
	0.224588	
	0.191498	
	0.198683	
	0.188496	
	0.198968	
	0.205825	
	0.158413	
	0.163520	
	0.153341	
	0.124361	
	0.136296	
	0.134636	
	0.135668	
	0.157521	
	0.129937	
	0.124092	
	0.162086	
	0.137809	
	0.190590	
	0.189570	
	0.173804	
	0.168137	
	0.147520	
	0.182428	
	0.191920	
	0.175880	
	0.221695	
	0.218176	
	0.215995	
	0.215216	
	0.263666	
	0.343436	
	0.304375	
	0.354747	
	0.402188	
	0.400153	
	0.417448	
	0.426168	
	0.437543	
	0.477876	
	0.530300	
	0.556802	
	0.577732	
	0.623918	
	0.732706	
	0.897394	
	0.883062	
	0.841787	
	0.730041	
	0.689045	
	0.634708	
	0.572458	
	0.615449	
	0.623423	
	0.589584	
	0.574401	
	0.604287	
	0.616225	
	0.681915	
	0.610258	
	0.614472	
	0.567015	
	0.476613	
	0.527514	
	0.466544	
	0.459144	
	0.529480	
	0.626266	
	0.643479	
	0.664386	
	0.610611	
	0.618907	
	0.582771	
	0.609214	
	0.626988	
	0.621387	
	0.627722	
	0.637524	
	0.590976	
	0.642635	
	0.633011	
	0.673251	
	0.661005	
	0.643647	
	0.640434	
	0.658261	
	0.636900	
	0.650872	
	0.676670	
	0.641715	
	0.636556	
	0.645769	
	0.627968	
	0.629543	
	0.598306	
	0.601119	
	0.644686	
	0.605772	
	0.613741	
	0.627561	
	0.617388	
	0.575564	
	0.601128	
	0.532428	
	0.536661	
	0.518668	
	0.543586	
	0.495453	
	0.517797	
	0.537653	
	0.583526	
	0.572268	
	0.591115	
	0.640158	
	0.614582	
	0.605980	
	0.527483	
	0.592266	
	0.604748	
	0.592590	
	0.653248	
	0.638002	
	0.606496	
	0.578557	
	0.596236	
	0.635249	
	0.633036	
	0.647456	
	0.666981	
	0.680693	
	0.673770	
	0.665666	
	0.644066	
	0.616472	
	0.641153	
	0.660030	
	0.650499	
	0.655583	
	0.624185	
	0.593353	
	0.665529	
	0.633040	
	0.692257	
	0.674087	
	0.665137	
	0.654636	
	0.593915	
	0.642311	
	0.639612	
	0.653402	
	0.667695	
	0.702776	
	0.720582	
	0.751826	
	0.720546	
	0.718604	
	0.685354	
	0.673959	
	0.738651	
	0.763165	
	0.728574	
	0.724974	
	0.738325	
	0.721183	
	0.737563	
	0.722014	
	0.748496	
	0.728838	
	0.709790	
	0.747715	
	0.743550	
	0.713531	
	0.648026	
	0.615151	
	0.632523	
	0.614081	
	0.644412	
	0.709932	
	0.693196	
	0.655380	
	0.678455	
	0.714109	
	0.729946	
	0.708717	
	0.716046	
	0.778567	
	0.771100	
	0.798336	
	0.801539	
	0.828780	
	0.832292	
	0.860183	
	0.839999	
	0.845731	
	0.771975	
	0.763076	
	0.730767	
	0.726552	
	0.707476	
	0.675177	
	0.673058	
	0.690175	
	0.752485	
	0.741820	
	0.721029	
	0.656727	
	0.675070	
	0.632868	
	0.630771	
	0.681320	
	0.682649	
	0.672798	
	0.642673	
	0.613711	
	0.661313	
	0.656717	
	0.692005	
	0.714444	
	0.741867	
	0.729488	
	0.759446	
	0.755971	
	0.804397	
	0.778583	
	0.702999	
	0.651709	
	0.642914	
	0.640889	
	0.656704	
	0.652494	
	0.626187	
	0.644915	
	0.673784	
	0.658364	
	0.705578	
	0.681629	
	0.642248	
	0.685337	
	0.693665	
	0.643149	
	0.665187	
	0.651321	
	0.688055	
	0.645456	
	0.632984	
	0.651446	
	0.677745	
	0.616184	
	0.618126	
	0.640089	
	0.648287	
	0.680319	
	0.649291	
	0.665261	
	0.669363	
	0.685126	
	0.675255	
	0.677640	
	0.665584	
	0.672340	
	0.669089	
	0.689680	
	0.666893	
	0.715868	
	0.677306	
	0.714267	
	0.692943	
	0.679899	
	0.736568	
	0.742492	
	0.711747	
	0.664341	
	0.679855	
	0.689247	
	0.690622	
	0.644009	
	0.666845	
	0.735503	
	0.726027	
	0.673842	
	0.635029	
	0.666065	
	0.695915	
	0.687405	
	0.677488	
	0.728116	
	0.771835	
	0.758068	
	0.734999	
	0.769173	
	0.813997	
	0.817727	
	0.829170	
	0.838124	
	0.859121	
	0.870538	
	0.880867	
	0.834234	
	0.834619	
	0.823474	
	0.851265	
	0.862634	
	0.859320	
	0.880651	
	0.864110	
	0.827089	
	0.777886	
	0.717519	
	0.640044	
	0.629916	
	0.649831	
	0.632153	
	0.678788	
	0.596404	
	0.582080	
	0.664166	
	0.626033	
	0.626679	
	0.657185	
	0.681644	
	0.667041	
	0.651703	
	0.649706	
	0.676881	
	0.720117	
	0.738947	
	0.719753	
	0.652133	
	0.676027	
	0.651205	
	0.621037	
	0.612704	
	0.595433	
	0.618001	
	0.596829	
	0.540498	
	0.595266	
	0.603232	
	0.641669	
	0.710732	
	0.710006	
	0.719751	
	0.707112	
	0.711796	
	0.693341	
	0.697159	
	0.653923	
	0.672277	
	0.677294	
	0.645741	
	0.641382	
	0.665180	
	0.609298	
	0.610930	
	0.619820	
	0.625589	
	0.661024	
	0.674660	
	0.719984	
	0.774430	
	0.735775	
	0.697164	
	0.688580	
	0.667657	
	0.651345	
	0.645084	
	0.659721	
	0.616027	
	0.642078	
	0.682255	
	0.700201	
	0.691723	
	0.715691	
	0.716855	
	0.710609	
	0.756298	
	0.740215	
	0.690276	
	0.657340	
	0.640490	
	0.666622	
	0.637197	
	0.654194	
	0.658957	
	0.655293	
	0.655674	
	0.654437	
	0.648894	
	0.627734	
	0.660908	
	0.671289	
	0.682985	
	0.704744	
	0.738953	
	0.784764	
	0.771606	
	0.731666	
	0.745386	
	0.725278	
	0.707489	
	0.717336	
	0.690651	
	0.693869	
	0.731080	
	0.731305	
	0.757554	
	0.799072	
	0.795872	
	0.798738	
	0.803327	
	0.799759	
	0.779583	
	0.781576	
	0.748556	
	0.832423	
	0.806876	
	0.821331	
	0.822938	
	0.844552	
	0.831707	
	0.816030	
	0.814320	
	0.795814	
	0.806376	
	0.789843	
	0.736701	
	0.692750	
	0.747328	
	0.762803	
	0.735425	
	0.723978	
	0.681590	
	0.653003	
	0.711885	
	0.725895	
	0.674073	
	0.676212	
	0.658400	
	0.658205	
	0.703898	
	0.697226	
	0.674831	
	0.679113	
	0.658607	
	0.645301	
	0.694368	
	0.651849	
	0.658953	
	0.699140	
	0.639980	
	0.662396	
	0.681118	
	0.644752	
	0.647850	
	0.701725	
	0.721336	
	0.707984	
	0.684123	
	0.702940	
	0.740555	
	0.676896	
	0.697737	
	0.741108	
	0.698041	
	0.689311	
	0.731246	
	0.695114	
	0.717882	
	0.719451	
	0.741773	
	0.760201	
	0.772398	
	0.764850	
	0.754949	
	0.728912	
	0.735552	
	0.724553	
	0.731424	
	0.732009	
	0.725092	
	0.694284	
	0.684800	
	0.693029	
	0.707685	
	0.702656	
	0.689464	
	0.693146	
	0.703961	
	0.671959	
	0.658386	
	0.687279	
	0.695323	
	0.676199	
	0.673468	
	0.645426	
	0.672396	
	0.639722	
	0.671482	
	0.688750	
	0.753180	
	0.782927	
	0.747872	
	0.689452	
	0.731605	
	0.751916	
	0.669093	
	0.694493	
	0.703154	
	0.723838	
	0.705443	
	0.698377	
	0.682375	
	0.650696	
	0.630433	
	0.667991	
	0.670193	
	0.664608	
	0.695306	
	0.675876	
	0.702272	
	0.656029	
	0.685266	
	0.699019	
	0.706837	
	0.741340	
	0.716441	
	0.691847	
	0.734951	
	0.768271	
	0.693246	
	0.721206	
	0.721740	
	0.700800	
	0.728141	
	0.724940	
	0.731045	
	0.669255	
	0.717586	
	0.736073	
	0.697685	
	0.705606	
	0.707311	
	0.715915	
	0.719182	
	0.636196	
	0.651699	
	0.711204	
	0.730298	
	0.691206	
	0.724236	
	0.722955	
	0.687518	
	0.722254	
	0.702542	
	0.705768	
	0.637941	
	0.659945	
	0.634410	
	0.639757	
	0.653186	
	0.771850	
	0.726309	
	0.586988	
	0.607985	
	0.605437	
	0.600748	
	0.612619	
	0.669900	
	0.658658	
	0.684336	
	0.704532	
	0.731710	
	0.736317	
	0.737862	
	0.746186	
	0.739467	
	0.795981	
	0.818855	
	0.819686	
	0.849217	
	0.824306	
	0.842276	
	0.719465	
	0.692198	
	0.664176	
	0.604447	
	0.548212	
	0.551877	
	0.542265	
	0.343432	
	0.385746	
	0.386425	
	0.422534	
	0.353378	
	0.362441	
	0.364835	
	0.327769	
	0.321780	
	0.354703	
	0.334392	
	0.329447	
	0.344958	
	0.328257	
	0.297853	
	0.297408	
	0.237473	
	0.226267	
	0.245452	
	0.261004	
	0.282617	
	0.198963	
	0.223111	
	0.223267	
	0.243697	
	0.310695	
	0.346123	
	0.444191	
	0.396307	
	0.381670	
	0.401226	
	0.405097	
	0.365920	
	0.413951	
	0.357581	
	0.353015	
	0.367379	
	0.328836	
	0.294539	
	0.291601	
	0.310539	
	0.344647	
	0.317685	
	0.262642	
	0.241234	
	0.218200	
	0.195555	
	0.217001	
	0.196280	
	0.192750	
	0.163490	
	0.154556	
	0.168465	
	0.210787	
	0.211033	
	0.215861	
	0.219149	
	0.239898	
	0.237159	
	0.218387	
	0.224626	
	0.210414	
	0.222598	
	0.216661	
	0.227188	
	0.202518	
	0.243634	
	0.211233	
	0.227011	
	0.210469	
	0.214108	
	0.168163	
	0.184115	
	0.199111	
	0.241697	
	0.276328	
	0.283183	
	0.327988	
	0.327586	
	0.346114	
	0.368123	
	0.382227	
	0.364608	
	0.344038	
	0.366497	
	0.352008	
	0.360833	
	0.345680	
	0.365366	
	0.327919	
	0.317048	
	0.216027	
	0.224159	
	0.242704	
	0.285845	
	0.296673	
	0.316676	
	0.347133	
	0.382246	
	0.388020	
	0.303046	
	0.271429	
	0.283191	
	0.348007	
	0.319738	
	0.364869	
	0.490072	
	0.460670	
	0.406540	
	0.367250	
	0.371348	
	0.340764	
	0.327310	
	0.309959	
	0.281548	
	0.265894	
	0.236071	
	0.237670	
	0.239053	
	0.188564	
	0.198260	
	0.219920	
	0.200422	
	0.199859	
	0.166908	
	0.160735	
	0.164338	
	0.158916	
	0.151958	
	0.159969	
	0.143807	
	0.143280	
	0.148907	
	0.199179	
	0.151184	
	0.145238	
	0.168398	
	0.127798	
	0.119809	
	0.115182	
	0.130756	
	0.125223	
	0.155585	
	0.192295	
	0.123466	
	0.136128	
	0.129439	
	0.131441	
	0.202692	
	0.229687	
	0.210243	
	0.251341	
	0.280034	
	0.219355	
	0.161638	
	0.183897	
	0.215283	
	0.297029	
	0.359891	
	0.385527	
	0.350949	
	0.334746	
	0.339861	
	0.362130	
	0.328238	
	0.378496	
	0.590211	
	0.596647	
	0.635621	
	0.642872	
	0.560409	
	0.330612	
	0.341899	
	0.486514	
	0.392062	
	0.438289	
	0.503942	
	0.482785	
	0.379970	
	0.345760	
	0.353056	
	0.382171	
	0.350479	
	0.276168	
	0.291901	
	0.284817	
	0.282574	
	0.233251	
	0.212838	
	0.176625	
	0.187283	
	0.193485	
	0.202270	
	0.168338	
	0.155323	
	0.191508	
	0.225829	
	0.220111	
	0.223775	
	0.191364	
	0.180584	
	0.190341	
	0.229044	
	0.219053	
	0.165829	
	0.144441	
	0.201974	
	0.266327	
	0.272577	
	0.241906	
	0.226339	
	0.177759	
	0.173674	
	0.180377	
	0.168015	
	0.146987	
	0.140729	
	0.180268	
	0.165101	
	0.173648	
	0.186833	
	0.173683	
	0.199998	
	0.232527	
	0.267648	
	0.253544	
	0.233798	
	0.226291	
	0.220214	
	0.203878	
	0.215808	
	0.158458	
	0.165015	
	0.139743	
	0.184654	
	0.167538	
	0.152315	
	0.204482	
	0.205783	
	0.292891	
	0.431513	
	0.529301	
	0.465205	
	0.399235	
	0.420628	
	0.394488	
	0.348357	
	0.321678	
	0.256904	
	0.263910	
	0.216801	
	0.180153	
	0.175110	
	0.167215	
	0.207190	
	0.189024	
	0.314156	
	0.499967	
	0.505988	
	0.484721	
	0.373711	
	0.378918	
	0.396320	
	0.396210	
	0.350581	
	0.294356	
	0.291471	
	0.225108	
	0.238864	
	0.250231	
	0.189331	
	0.181296	
	0.164039	
	0.169594	
	0.158099	
	0.173953	
	0.165799	
	0.165319	
	0.167092	
	0.188961	
	0.158918	
	0.174134	
	0.146675	
	0.185084	
	0.170590	
	0.136318	
	0.164481	
	0.154858	
	0.143900	
	0.205641	
	0.217836	
	0.171900	
	0.151953	
	0.138631	
	0.165259	
	0.147453	
	0.164115	
	0.155383	
	0.179230	
	0.181666	
	0.177734	
	0.156666	
	0.153088	
	0.171873	
	0.160865	
	0.160868	
	0.208894	
	0.224735	
	0.223349	
	0.180865	
	0.172791	
	0.170236	
	0.199577	
	0.225353	
	0.248813	
	0.253869	
	0.271593	
	0.258183	
	0.257413	
	0.250864	
	0.240259	
	0.211809	
	0.211907	
	0.254226	
	0.170265	
	0.165583	
	0.118699	
	0.117175	
	0.132650	
	0.152194	
	0.182510	
	0.193176	
	0.177272	
	0.156938	
	0.170038	
	0.168235	
	0.165111	
	0.156856	
	0.152053	
	0.155040	
	0.153266	
	0.142490	
	0.144637	
	0.155157	
	0.172573	
	0.179608	
	0.222387	
	0.206641	
	0.210337	
	0.231357	
	0.250324	
	0.234183	
	0.237937	
	0.222413	
	0.265353	
	0.292678	
	0.318405	
	0.329091	
	0.377182	
	0.357838	
	0.317102	
	0.333171	
	0.309630	
	0.269493	
	0.224814	
	0.227015	
	0.191474	
	0.227815	
	0.208376	
	0.196101	
	0.163661	
	0.145207	
	0.141600	
	0.152950	
	0.138587	
	0.139484	
	0.152776	
	0.155183	
	0.144621	
	0.130360	
	0.132313	
	0.126159	
	0.145571	
	0.187522	
	0.189509	
	0.186988	
	0.231043	
	0.197450	
	0.157972	
	0.150382	
	0.251529	
	0.384021	
	0.452636	
	0.515659	
	0.442373	
	0.236143	
	0.150047	
	0.180826	
	0.187688	
	0.144123	
	0.118286	
	0.145169	
	0.161683	
	0.190883	
	0.217340	
	0.163722	
	0.203141	
	0.177309	
	0.207115	
	0.188033	
	0.184064	
	0.199850	
	0.205719	
	0.179409	
	0.177021	
	0.183039	
	0.187262	
	0.189310	
	0.225663	
	0.178412	
	0.198934	
	0.198747	
	0.242775	
	0.238523	
	0.267364	
	0.219251	
	0.205091	
	0.264930	
	0.306730	
	0.248342	
	0.188028	
	0.192589	
	0.228574	
	0.208708	
	0.186822	
	0.165430	
	0.146341	
	0.125797	
	0.131348	
	0.156099	
	0.129957	
	0.140514	
	0.155400	
	0.164586	
	0.184971	
	0.163256	
	0.170176	
	0.148878	
	0.150404	
	0.177892	
	0.161600	
	0.303653	
	0.313916	
	0.210329	
	0.157143	
	0.135280	
	0.133004	
	0.125274	
	0.135721	
	0.156320	
	0.154186	
	0.137990	
	0.170450	
	0.181554	
	0.154162	
	0.146621	
	0.127506	
	0.111128	
	0.144383	
	0.126595	
	0.138264	
	0.130833	
	0.107715	
	0.113873	
	0.126015	
	0.156733	
	0.130349	
	0.169447	
	0.147584	
	0.155641	
	0.152247	
	0.157663	
	0.126133	
	0.154401	
	0.178821	
	0.188961	
	0.165954	
	0.147780	
	0.149419	
	0.167677	
	0.175560	
	0.165629	
	0.156566	
	0.152318	
	0.210676	
	0.158007	
	0.165813	
	0.207131	
	0.162995	
	0.162147	
	0.165663	
	0.164719	
	0.152765	
	0.158851	
	0.168441	
	0.208888	
	0.179766	
	0.210744	
	0.245532	
	0.204100	
	0.202713	
	0.175233	
	0.222165	
	0.202609	
	0.217705	
	0.222022	
	0.173478	
	0.170517	
	0.172474	
	0.240686	
	0.232637	
	0.240228	
	0.250903	
	0.216848	
	0.176706	
	0.168282	
	0.170727	
	0.217968	
	0.159623	
	0.145901	
	0.177925	
	0.137278	
	0.159977	
	0.153170	
	0.162267	
	0.200521	
	0.146192	
	0.163003	
	0.130054	
	0.128212	
	0.132151	
	0.140163	
	0.111078	
	0.115731	
	0.142899	
	0.155890	
	0.177339	
	0.147753	
	0.181470	
	0.151262	
	0.179707	
	0.173751	
	0.157778	
	0.177217	
	0.165298	
	0.162603	
	0.233414	
	0.185651	
	0.248349	
	0.197875	
	0.161380	
	0.185670	
	0.186167	
	0.170472	
	0.207262	
	0.185692	
	0.187413	
	0.207925	
	0.207108	
	0.235408	
	0.226920	
	0.200518	
	0.199776	
	0.200130	
	0.187798	
	0.199668	
	0.185893	
	0.183280	
	0.233627	
	0.228801	
	0.215177	
	0.236005	
	0.178896	
	0.210918	
	0.196810	
	0.204070	
	0.218586	
	0.227852	
	0.232638	
	0.218729	
	0.213788	
	0.219780	
	0.230259	
	0.227499	
	0.236555	
	0.227457	
	0.212058	
	0.242866	
	0.224875	
	0.227356	
	0.217014	
	0.235667	
	0.220915	
	0.208475	
	0.198024	
	0.230637	
	0.194681	
	0.191018	
	0.162564	
	0.162407	
	0.140787	
	0.125110	
	0.101203	
	0.094590	
	0.083476	
	0.095397	
	0.100345	
	0.102537	
	0.145544	
	0.126805	
	0.108969	
	0.113464	
	0.097658	
	0.115866	
	0.149047	
	0.190392	
	0.213611	
	0.192106	
	0.156935	
	0.146682	
	0.176871	
	0.181270	
	0.176700	
	0.162075	
	0.150512	
	0.165007	
	0.183296	
	0.220843	
	0.225116	
	0.236851	
	0.204931	
	0.172212	
	0.168834	
	0.181628	
	0.188082	
	0.174446	
	0.200005	
	0.219861	
	0.200266	
	0.170462	
	0.183414	
	0.194350	
	0.210287	
	0.232149	
	0.246660	
	0.244806	
	0.222519	
	0.240818	
	0.211543	
	0.208356	
	0.225404	
	0.221346	
	0.191998	
	0.192974	
	0.191550	
	0.217357	
	0.185388	
	0.180136	
	0.168082	
	0.154617	
	0.171079	
	0.151096	
	0.117311	
	0.147402	
	0.155710	
	0.139105	
	0.163180	
	0.160311	
	0.208799	
	0.212989	
	0.195208	
	0.181664	
	0.171703	
	0.192764	
	0.237558	
	0.214656	
	0.173171	
	0.191614	
	0.175745	
	0.173628	
	0.195390	
	0.185195	
	0.197018	
	0.170005	
	0.131145	
	0.131837	
	0.124849	
	0.146567	
	0.158575	
	0.129357	
	0.121756	
	0.110873	
	0.113855	
	0.103908	
	0.125302	
	0.127088	
	0.126952	
	0.118682	
	0.128971	
	0.109136	
	0.130233	
	0.112015	
	0.115094	
	0.120407	
	0.155502	
	0.176143	
	0.204749	
	0.210592	
	0.251135	
	0.226904	
	0.230394	
	0.193880	
	0.200833	
	0.279486	
	0.496613	
	0.583145	
	0.569627	
	0.497947	
	0.435843	
	0.259093	
	0.167801	
	0.245818	
	0.233478	
	0.149231	
	0.160782	
	0.210460	
	0.212747	
	0.194427	
	0.215107	
	0.202311	
	0.206896	
	0.177759	
	0.195797	
	0.242578	
	0.190390	
	0.184997	
	0.186747	
	0.212691	
	0.178751	
	0.213936	
	0.186758	
	0.185140	
	0.184681	
	0.182260	
	0.178477	
	0.188137	
	0.179359	
	0.182745	
	0.139620	
	0.144024	
	0.144635	
	0.162487	
	0.153376	
	0.152020	
	0.159417	
	0.161143	
	0.148332	
	0.141663	
	0.132264	
	0.165772	
	0.167382	
	0.181543	
	0.164154	
	0.181210	
	0.146520	
	0.191029	
	0.216661	
	0.167426	
	0.194968	
	0.188406	
	0.186847	
	0.177096	
	0.226366	
	0.227862	
	0.222967	
	0.182673	
	0.169854	
	0.157848	
	0.147687	
	0.185772	
	0.203242	
	0.210295	
	0.167393	
	0.164371	
	0.154889	
	0.144234	
	0.154180	
	0.179297	
	0.163889	
	0.143793	
	0.180800	
	0.163662	
	0.166639	
	0.196094	
	0.203481	
	0.178641	
	0.154487	
	0.157595	
	0.164849	
	0.134449	
	0.144102	
	0.151102	
	0.166530	
	0.184279	
	0.185056	
	0.188749	
	0.164640	
	0.168519	
	0.170681	
	0.155362	
	0.130253	
	0.449695	
	0.699778	
	0.736961	
	0.315799	
	0.155479	
	0.149233	
	0.164719	
	0.153580	
	0.134523	
	0.148487	
	0.130336	
	0.160673	
	0.164586	
	0.171605	
	0.158027	
	0.156750	
	0.160206	
	0.165265	
	0.179477	
	0.170422	
	0.185003	
	0.156626	
	0.160772	
	0.158770	
	0.181074	
	0.180681	
	0.171166	
	0.175992	
	0.192845	
	0.197172	
	0.179804	
	0.163356	
	0.166328	
	0.160677	
	0.187674	
	0.176065	
	0.167486	
	0.171982	
	0.170491	
	0.167475	
	0.182791	
	0.180884	
	0.196262	
	0.199794	
	0.196514	
	0.196806	
	0.182796	
	0.176670	
	0.180383	
	0.192455	
	0.208097	
	0.190692	
	0.196288	
	0.191116	
	0.235289	
	0.194541	
	0.208756	
	0.231769	
	0.199761	
	0.209177	
	0.200802	
	0.228331	
	0.232476	
	0.209358	
	0.241468	
	0.223677	
	0.240988	
	0.229419	
	0.219370	
	0.216587	
	0.221393	
	0.263510	
	0.260166	
	0.226223	
	0.239298	
	0.244386	
	0.256666	
	0.272354	
	0.238583	
	0.217119	
	0.234027	
	0.268747	
	0.254341	
	0.243288	
	0.249827	
	0.246184	
	0.216306	
	0.226567	
	0.255187	
	0.254703	
	0.242989	
	0.222988	
	0.210876	
	0.215427	
	0.198234	
	0.192395	
	0.161259	
	0.158264	
	0.167181	
	0.193686	
	0.182123	
	0.152898	
	0.162687	
	0.153379	
	0.144099	
	0.103877	
	0.131784	
	0.123352	
	0.135456	
	0.131137	
	0.142022	
	0.135648	
	0.131067	
	0.124456	
	0.131399	
	0.119175	
	0.117849	
	0.132779	
	0.120572	
	0.117950	
	0.126865	
	0.127116	
	0.126827	
	0.137096	
	0.117739	
	0.121704	
	0.117798	
	0.119537	
	0.130583	
	0.126367	
	0.120101	
	0.120123	
	0.117485	
	0.134646	
	0.123340	
	0.115442	
	0.129854	
	0.154483	
	0.158095	
	0.139955	
	0.168390	
	0.141070	
	0.163534	
	0.163794	
	0.182658	
	0.189049	
	0.216528	
	0.226111	
	0.245465	
	0.252147	
	0.258760	
	0.277009	
	0.354889	
	0.345339	
	0.376495	
	0.333554	
	0.381293	
	0.355719	
	0.369551	
	0.385353	
	0.390831	
	0.354179	
	0.293924	
	0.259102	
	0.266667	
	0.229330	
	0.244360	
	0.282967	
	0.256105	
	0.237521	
	0.220065	
	0.168202	
	0.219404	
	0.194410	
	0.196902	
	0.193436	
	0.189359	
	0.183459	
	0.197021	
	0.183792	
	0.174741	
	0.195297	
	0.205670	
	0.196623	
	0.204757	
	0.166520	
	0.158463	
	0.174529	
	0.191551	
	0.198302	
	0.185703	
	0.220812	
	0.236228	
	0.197174	
	0.191181	
	0.172150	
	0.169435	
	0.162945	
	0.174905	
	0.141209	
	0.168102	
	0.140153	
	0.135699	
	0.140902	
	0.138332	
	0.132312	
	0.114608	
	0.149840	
	0.145492	
	0.149804	
	0.156272	
	0.134770	
	0.131600	
	0.112812	
	0.139900	
	0.128920	
	0.134314	
	0.125462	
	0.138863	
	0.135160	
	0.122308	
	0.133756	
	0.151776	
	0.134019	
	0.157541	
	0.136497	
	0.134433	
	0.149410	
	0.149181	
	0.162474	
	0.133942	
	0.146540	
	0.140412	
	0.163093	
	0.125110	
	0.196664	
	0.186345	
	0.208622	
	0.223106	
	0.225425	
	0.218517	
	0.217163	
	0.179113	
	0.194635	
	0.189438	
	0.197016	
	0.187829	
	0.222647	
	0.243512	
	0.241528	
	0.235885	
	0.246445	
	0.258055	
	0.251857	
	0.283593	
	0.289583	
	0.278269	
	0.276998	
	0.263040	
	0.247065	
	0.233139	
	0.237363	
	0.250571	
	0.268570	
	0.252765	
	0.279632	
	0.285997	
	0.275700	
	0.262721	
	0.273817	
	0.284653	
	0.293731	
	0.307701	
	0.332202	
	0.313896	
	0.303097	
	0.367649	
	0.399503	
	0.300886	
	0.275030	
	0.294447	
	0.267380	
	0.267313	
	0.200694	
	0.218091	
	0.228132	
	0.210696	
	0.222727	
	0.237363	
	0.246800	
	0.222170	
	0.253669	
	0.254942	
	0.247659	
	0.225742	
	0.216595	
	0.195938	
	0.162941	
	0.163340	
	0.165647	
	0.179863	
	0.163129	
	0.178465	
	0.166254	
	0.160822	
	0.186179	
	0.158310	
	0.164689	
	0.153321	
	0.166964	
	0.165528	
	0.149333	
	0.135492	
	0.145689	
	0.134271	
	0.137142	
	0.142926	
	0.121031	
	0.161904	
	0.132009	
	0.136044	
	0.142244	
	0.180379	
	0.164972	
	0.171380	
	0.184170	
	0.234931	
	0.293460	
	0.322399	
	0.238690	
	0.303807	
	0.376745	
	0.267611	
	0.224029	
	0.265759	
	0.319589	
	0.282652	
	0.267304	
	0.326971	
	0.278314	
	0.267577	
	0.237839	
	0.228362	
	0.248334	
	0.208814	
	0.221553	
	0.212420	
	0.223980	
	0.187627	
	0.206741	
	0.178468	
	0.179970	
	0.182141	
	0.197578	
	0.214438	
	0.236702	
	0.224744	
	0.169280	
	0.161166	
	0.142709	
	0.169277	
	0.196811	
	0.220032	
	0.261311	
	0.214002	
	0.188734	
	0.203345	
	0.175047	
	0.163069	
	0.168317	
	0.218097	
	0.218945	
	0.215581	
	0.209601	
	0.227793	
	0.220704	
	0.237561	
	0.214319	
	0.218649	
	0.212605	
	0.208450	
	0.231421	
	0.217083	
	0.213767	
	0.202664	
	0.224484	
	0.232415	
	0.246455	
	0.260291	
	0.253669	
	0.261652	
	0.235977	
	0.219949	
	0.228964	
	0.246045	
	0.253416	
	0.290239	
	0.244920	
	0.267122	
	0.244181	
	0.222307	
	0.236282	
	0.263122	
	0.286406	
	0.270235	
	0.240687	
	0.212762	
	0.233047	
	0.269734	
	0.295228	
	0.276638	
	0.322272	
	0.288770	
	0.242146	
	0.241645	
	0.283821	
	0.291456	
	0.282431	
	0.285388	
	0.265858	
	0.267973	
	0.233545	
	0.165870	
	0.186290	
	0.203035	
	0.213677	
	0.200144	
	0.235986	
	0.239573	
	0.277869	
	0.242952	
	0.209559	
	0.246023	
	0.279000	
	0.269041	
	0.275798	
	0.249033	
	0.210610	
	0.203558	
	0.250890	
	0.269910	
	0.244795	
	0.273673	
	0.257032	
	0.250066	
	0.238604	
	0.277320	
	0.272267	
	0.324317	
	0.292601	
	0.264928	
	0.265618	
	0.330386	
	0.345446	
	0.293602	
	0.277607	
	0.286325	
	0.301193	
	0.307662	
	0.287292	
	0.259493	
	0.270636	
	0.277414	
	0.294976	
	0.293746	
	0.289405	
	0.280861	
	0.295424	
	0.389665	
	0.470107	
	0.461335	
	0.390595	
	0.439928	
	0.437144	
	0.479925	
	0.456858	
	0.469924	
	0.485692	
	0.477401	
	0.471733	
	0.486219	
	0.471709	
	0.426540	
	0.416520	
	0.454915	
	0.403748	
	0.380886	
	0.393178	
	0.379141	
	0.426124	
	0.385650	
	0.398501	
	0.413241	
	0.441686	
	0.371831	
	0.356140	
	0.344180	
	0.376726	
	0.382273	
	0.355094	
	0.353077	
	0.332065	
	0.354087	
	0.384103	
	0.346948	
	0.366364	
	0.321578	
	0.312536	
	0.306920	
	0.314504	
	0.309159	
	0.302784	
	0.308763	
	0.343494	
	0.336345	
	0.347674	
	0.275811	
	0.276272	
	0.318640	
	0.341980	
	0.399442	
	0.396704	
	0.328808	
	0.343143	
	0.334917	
	0.361958	
	0.379372	
	0.405419	
	0.413711	
	0.446096	
	0.458137	
	0.452566	
	0.395727	
	0.412837	
	0.450727	
	0.437299	
	0.432650	
	0.417065	
	0.369149	
	0.355894	
	0.324965	
	0.418116	
	0.383576	
	0.406771	
	0.399498	
	0.388031	
	0.428854	
	0.416448	
	0.378459	
	0.408564	
	0.426641	
	0.402662	
	0.381987	
	0.321408	
	0.350404	
	0.369428	
	0.347888	
	0.354232	
	0.335991	
	0.323999	
	0.311205	
	0.293231	
	0.285601	
	0.298575	
	0.328689	
	0.361942	
	0.388036	
	0.363831	
	0.341362	
	0.315597	
	0.356814	
	0.383468	
	0.384100	
	0.410802	
	0.385224	
	0.354334	
	0.337933	
	0.355343	
	0.373922	
	0.376226	
	0.385541	
	0.372104	
	0.387304	
	0.342226	
	0.360889	
	0.394068	
	0.353256	
	0.337253	
	0.384711	
	0.387420	
	0.361050	
	0.372364	
	0.355617	
	0.353715	
	0.357127	
	0.309072	
	0.280694	
	0.299582	
	0.294589	
	0.272653	
	0.300736	
	0.293157	
	0.318392	
	0.296511	
	0.314132	
	0.298270	
	0.304511	
	0.327983	
	0.330915	
	0.315396	
	0.250769	
	0.287770	
	0.328106	
	0.303868	
	0.268492	
	0.246778	
	0.254921	
	0.278401	
	0.266296	
	0.224020	
	0.224582	
	0.211897	
	0.203566	
	0.199798	
	0.175926	
	0.179467	
	0.160263	
	0.186574	
	0.224695	
	0.242489	
	0.277958	
	0.369470	
	0.449443	
	0.518584	
	0.579292	
	0.685725	
	0.712962	
	0.717012	
	0.716655	
	0.775803	
	0.738865	
	0.755128	
	0.770006	
	0.745667	
	NaN	
	NaN	
	NaN	
	NaN	
	NaN	
	NaN	
	NaN	
	NaN	
	NaN	
	NaN	
	NaN	
	NaN	
	NaN	
	NaN	
	NaN	
	NaN	
	NaN	
	NaN	
	NaN	
	NaN	
	NaN	
	NaN	
	NaN	
	NaN	
	NaN	
	NaN	
	NaN	
	NaN	
	NaN	
	NaN	
	NaN	
	NaN	
	NaN	
	NaN	
	NaN	
	NaN	
	NaN	
	NaN	
	NaN	
	NaN	
	NaN	
	NaN	
	NaN	
	NaN	
	NaN	
	NaN	
	NaN	
	NaN	
	NaN	
	NaN	
	NaN	
	NaN	
	NaN	
	NaN	
	NaN	
	NaN	
	NaN	
	NaN	
	NaN	
	NaN	
	NaN	
	NaN	
	NaN	
	NaN	
	NaN	
	NaN	
	NaN	
	NaN	
	NaN	
	NaN	
	NaN	
	NaN	
	NaN	
	NaN	
	NaN	
	NaN	
	NaN	
	NaN	
	NaN	
	NaN	
	NaN	
	NaN	
	NaN	
	NaN	
	NaN	
	NaN	
	NaN	
	NaN	
	NaN	
	NaN	
	NaN	
	NaN	
	NaN	
	NaN	
	NaN	
	NaN	
	NaN	
	NaN	
	NaN	
	NaN	
	NaN	
	NaN	
	NaN	
	NaN	
	NaN	
	NaN	
	NaN	
	NaN	
	NaN	
	NaN	
	NaN	
	NaN	
	NaN	
	NaN	
	NaN	
	NaN	
	NaN	
	NaN	
	NaN	
	NaN	
	NaN	
	NaN	
	NaN	
	NaN	
	NaN	
	NaN	
	NaN	
	NaN	
	NaN	
	NaN	
	NaN	
	NaN	
	NaN	
	NaN	
	NaN	
	NaN	
	NaN	
	NaN	
	NaN	
	NaN	
	NaN	
	NaN	
	NaN	
	NaN	
	NaN	
	NaN	
	NaN	
	NaN	
	NaN	
	NaN	
	NaN	
	NaN	
	NaN	
	NaN	
	NaN	
	NaN	
	NaN	
	NaN	
	NaN	
	NaN	
	NaN	
