_Brightness		
	NaN	
	NaN	
	NaN	
	NaN	
	NaN	
	NaN	
	NaN	
	NaN	
	NaN	
	NaN	
	NaN	
	0.439304	
	0.397593	
	0.334483	
	0.282152	
	0.473352	
	0.612519	
	0.602116	
	0.323645	
	0.169706	
	0.171014	
	0.155202	
	0.165776	
	0.149574	
	0.142139	
	0.094864	
	0.099841	
	0.090364	
	0.104679	
	0.276798	
	0.225728	
	0.837275	
	0.932354	
	0.955673	
	0.610133	
	0.391321	
	0.409132	
	0.329733	
	0.369590	
	0.393665	
	0.563178	
	0.574027	
	0.547968	
	0.465078	
	0.630915	
	0.760828	
	0.710006	
	0.708576	
	0.695865	
	0.774008	
	0.696039	
	0.414032	
	0.494992	
	0.470350	
	0.542092	
	0.507973	
	0.446630	
	0.369967	
	0.167524	
	0.202721	
	0.251340	
	0.264342	
	0.314795	
	0.361917	
	0.364597	
	0.342455	
	0.429472	
	0.535136	
	0.534016	
	0.521490	
	0.505611	
	0.461127	
	0.405278	
	0.397670	
	0.474927	
	0.510692	
	0.494528	
	0.405704	
	0.327098	
	0.376716	
	0.298638	
	0.357383	
	0.289682	
	0.299120	
	0.314109	
	0.271327	
	NaN	
	NaN	
	NaN	
	NaN	
	NaN	
	NaN	
	NaN	
	NaN	
	NaN	
	NaN	
	NaN	
	NaN	
	NaN	
	NaN	
	NaN	
	NaN	
	NaN	
	NaN	
	NaN	
	NaN	
	NaN	
	NaN	
	NaN	
	NaN	
	NaN	
	NaN	
	NaN	
	0.986012	
	0.982678	
	0.981850	
	0.978160	
	0.970588	
	NaN	
	NaN	
	NaN	
	NaN	
	0.962904	
	0.961806	
	0.951080	
	0.963643	
	0.956563	
	0.969226	
	0.958721	
	0.952857	
	0.984959	
	0.992600	
	0.992524	
	0.989169	
	0.987595	
	0.982169	
	0.983945	
	0.977116	
	0.976522	
	0.972741	
	0.977513	
	0.973154	
	0.970919	
	0.972292	
	0.963297	
	0.956671	
	0.958933	
	0.976143	
	0.976923	
	0.991028	
	0.986663	
	0.971149	
	0.967584	
	0.965644	
	0.964028	
	0.957016	
	0.950704	
	0.962944	
	0.954557	
	0.961712	
	0.954128	
	0.986395	
	0.993913	
	0.986828	
	0.977249	
	0.973071	
	0.966025	
	0.964055	
	0.967919	
	0.953406	
	0.955505	
	0.961840	
	0.944988	
	0.953456	
	0.959777	
	0.990946	
	0.995590	
	0.985983	
	0.980963	
	0.970695	
	0.969057	
	0.968634	
	0.975105	
	0.965937	
	0.962123	
	0.962744	
	0.965786	
	0.958606	
	0.957679	
	0.985328	
	0.990413	
	0.984571	
	0.990870	
	0.987494	
	0.979615	
	0.977830	
	0.975779	
	0.974563	
	0.972882	
	0.970267	
	0.971518	
	0.975007	
	0.969838	
	0.968487	
	0.985025	
	0.983213	
	0.992472	
	0.991168	
	0.982709	
	0.972839	
	0.966041	
	0.970823	
	0.964169	
	0.967041	
	0.958177	
	0.960741	
	0.952968	
	0.960316	
	0.957963	
	0.968190	
	0.988232	
	0.991388	
	0.985356	
	0.979954	
	0.971858	
	0.970610	
	0.967197	
	0.967227	
	0.973393	
	0.960463	
	0.959805	
	0.962842	
	0.946605	
	0.960017	
	0.954430	
	0.982156	
	0.978235	
	0.988827	
	0.987614	
	0.980617	
	0.969980	
	0.970750	
	0.970740	
	0.978121	
	0.969133	
	0.971550	
	0.966037	
	0.950585	
	0.977918	
	0.989317	
	0.984264	
	0.979754	
	0.976249	
	0.969441	
	0.964845	
	0.961622	
	0.960389	
	0.972388	
	0.965500	
	0.963732	
	0.960511	
	0.966075	
	0.960767	
	0.966960	
	0.950886	
	0.988316	
	0.991283	
	0.992025	
	0.990219	
	0.983620	
	0.979143	
	0.976789	
	0.984795	
	0.977830	
	0.969259	
	0.976191	
	0.976342	
	0.975588	
	0.970210	
	0.963794	
	0.964089	
	0.970745	
	0.987989	
	0.983691	
	0.974108	
	0.972837	
	0.960802	
	0.961825	
	0.963480	
	0.955443	
	0.956431	
	0.952868	
	0.963396	
	0.951071	
	0.944777	
	0.953408	
	0.979338	
	0.976876	
	0.990369	
	0.984474	
	0.965789	
	0.960646	
	0.962253	
	0.964794	
	0.962987	
	0.967027	
	0.962693	
	0.962714	
	0.955448	
	0.954582	
	0.972676	
	0.985145	
	0.987379	
	0.989319	
	0.986991	
	0.977502	
	0.982350	
	0.971916	
	0.970759	
	0.972501	
	0.970357	
	0.973280	
	0.965944	
	0.966121	
	0.964381	
	0.973316	
	0.967605	
	0.977157	
	0.985160	
	0.990146	
	0.980945	
	0.975639	
	0.966137	
	0.973053	
	0.966024	
	0.964572	
	0.959140	
	0.961000	
	0.965371	
	0.962609	
	0.968523	
	0.982213	
	0.991077	
	0.983794	
	0.975524	
	0.976635	
	0.975190	
	0.964893	
	0.965628	
	0.965589	
	0.968105	
	0.959425	
	0.960955	
	0.958213	
	0.952311	
	0.959940	
	0.967730	
	0.987456	
	0.987712	
	0.988911	
	0.983405	
	0.972601	
	0.983471	
	0.967878	
	0.967586	
	0.970140	
	0.973858	
	0.971818	
	0.966388	
	0.959638	
	0.960975	
	0.979448	
	0.982766	
	0.989163	
	0.988209	
	0.979139	
	0.969777	
	0.969042	
	0.962984	
	0.960379	
	0.956330	
	0.966555	
	0.955686	
	0.959732	
	0.970871	
	0.987314	
	0.994679	
	0.990136	
	0.980541	
	0.972406	
	0.970796	
	0.969630	
	0.968219	
	0.966892	
	0.963382	
	0.959408	
	0.968912	
	0.946121	
	0.955270	
	0.949076	
	0.955478	
	0.948396	
	0.941594	
	0.954128	
	0.987239	
	0.991395	
	0.988096	
	0.969290	
	0.959121	
	0.966970	
	0.964368	
	0.951372	
	0.963980	
	0.970321	
	0.953152	
	0.948701	
	0.940609	
	0.951420	
	0.979039	
	0.985529	
	0.989136	
	0.990564	
	0.976057	
	0.963338	
	0.961552	
	0.963448	
	0.956375	
	0.961777	
	0.964386	
	0.964088	
	0.963913	
	0.956323	
	0.973120	
	0.990935	
	0.990135	
	0.988776	
	0.989018	
	0.985088	
	0.972164	
	0.975572	
	0.981426	
	0.971692	
	0.975560	
	0.968430	
	0.965627	
	0.970187	
	0.968847	
	0.978378	
	0.990317	
	0.983445	
	0.976724	
	0.977761	
	0.968584	
	0.961396	
	0.968293	
	0.963598	
	0.961379	
	0.957073	
	0.964957	
	0.957571	
	0.953709	
	0.948193	
	0.951801	
	0.986686	
	0.987168	
	0.984760	
	0.983650	
	0.975596	
	0.982263	
	0.974245	
	0.975204	
	0.970722	
	0.968046	
	0.967651	
	0.960726	
	0.966344	
	0.967602	
	0.959111	
	0.960362	
	0.964910	
	0.989940	
	0.990783	
	0.982995	
	0.968673	
	0.976590	
	0.969375	
	0.964492	
	0.967390	
	0.964705	
	0.949029	
	0.961171	
	0.942368	
	0.948333	
	0.949973	
	0.936522	
	0.963960	
	0.972732	
	0.985838	
	0.987803	
	0.962105	
	0.951002	
	0.950608	
	0.957523	
	0.965075	
	0.963123	
	0.955116	
	0.946506	
	0.943911	
	0.951559	
	0.951268	
	0.981261	
	0.986778	
	0.985096	
	0.989051	
	0.974363	
	0.976479	
	0.976206	
	0.980396	
	0.964922	
	0.975084	
	0.972492	
	0.968001	
	0.952270	
	0.948311	
	0.963399	
	0.955234	
	0.956921	
	0.951794	
	0.943997	
	0.985559	
	0.983073	
	0.982544	
	0.979724	
	0.963968	
	0.957164	
	0.952475	
	0.959533	
	0.952712	
	0.955036	
	0.948137	
	0.956853	
	0.950476	
	0.926611	
	0.955159	
	0.955591	
	0.955090	
	0.936294	
	0.964866	
	0.987026	
	0.979136	
	0.982210	
	0.975295	
	0.963725	
	0.970082	
	0.964203	
	0.964594	
	0.963094	
	0.951043	
	0.953274	
	0.956567	
	0.963560	
	0.955911	
	0.986811	
	0.990011	
	0.987057	
	0.990416	
	0.980663	
	0.977484	
	0.977660	
	0.975301	
	0.973498	
	0.975138	
	0.973919	
	0.965261	
	0.968162	
	0.964953	
	0.964755	
	0.983815	
	0.987642	
	0.992399	
	0.989742	
	0.979342	
	0.976708	
	0.978398	
	0.971303	
	0.974758	
	0.973448	
	0.962445	
	0.965910	
	0.957984	
	0.967279	
	0.973001	
	0.990090	
	0.991689	
	0.979964	
	0.971459	
	0.969911	
	0.970775	
	0.973844	
	0.960919	
	0.957201	
	0.953128	
	0.954837	
	0.954796	
	0.956804	
	0.956074	
	0.944687	
	0.984061	
	0.989378	
	0.988838	
	0.991046	
	0.981435	
	0.977012	
	0.978175	
	0.980870	
	0.972155	
	0.975569	
	0.973317	
	0.971209	
	0.964999	
	0.964887	
	0.960447	
	0.968035	
	0.952393	
	0.948032	
	0.953208	
	0.951864	
	0.962464	
	0.991456	
	0.991068	
	0.982844	
	0.969483	
	0.960511	
	0.965881	
	0.962057	
	0.958335	
	0.959497	
	0.960471	
	0.955685	
	0.956148	
	0.955210	
	0.960411	
	0.949634	
	0.954019	
	0.941589	
	0.949671	
	0.985796	
	0.981797	
	0.989583	
	0.992173	
	0.970102	
	0.966256	
	0.965811	
	0.968573	
	0.970037	
	0.960463	
	0.956041	
	0.957476	
	0.949942	
	0.950576	
	0.938669	
	0.934914	
	0.937271	
	0.931380	
	0.956716	
	0.987952	
	0.987325	
	0.975794	
	0.966274	
	0.946376	
	0.954283	
	0.966433	
	0.963847	
	0.965147	
	0.949021	
	0.949944	
	0.953875	
	0.946416	
	0.934931	
	0.983572	
	0.977242	
	0.988665	
	0.985829	
	0.973496	
	0.964224	
	0.961026	
	0.960529	
	0.958603	
	0.950923	
	0.956470	
	0.950811	
	0.960609	
	0.952435	
	0.957790	
	0.949510	
	0.947800	
	0.941267	
	0.944731	
	0.939721	
	0.946092	
	0.978466	
	0.989999	
	0.988961	
	0.989974	
	0.989306	
	0.979269	
	0.973428	
	0.969229	
	0.976556	
	0.974572	
	0.965330	
	0.971605	
	0.971335	
	0.985601	
	0.993285	
	0.983873	
	0.983270	
	0.981315	
	0.978346	
	0.971608	
	0.969201	
	0.964714	
	0.965859	
	0.960840	
	0.954524	
	0.959467	
	0.962595	
	0.946823	
	0.983639	
	0.987095	
	0.989445	
	0.984887	
	0.987056	
	0.984242	
	0.979025	
	0.979665	
	0.977354	
	0.972179	
	0.975808	
	0.972941	
	0.971128	
	0.977676	
	0.984933	
	0.992787	
	0.988651	
	0.981103	
	0.975936	
	0.979260	
	0.972011	
	0.974799	
	0.963852	
	0.964378	
	0.967864	
	0.965494	
	0.955476	
	0.967617	
	0.953858	
	0.989243	
	0.986683	
	0.990110	
	0.988128	
	0.981786	
	0.984250	
	0.978581	
	0.977568	
	0.973220	
	0.980910	
	0.977809	
	0.961042	
	0.970565	
	0.970932	
	0.961121	
	0.964934	
	0.990026	
	0.990133	
	0.981265	
	0.982827	
	0.971261	
	0.964245	
	0.965817	
	0.970359	
	0.968174	
	0.959093	
	0.952914	
	0.953876	
	0.957614	
	0.957112	
	0.951962	
	0.959768	
	0.980714	
	0.991423	
	0.991000	
	0.990433	
	0.984285	
	0.977711	
	0.977180	
	0.972866	
	0.970917	
	0.968542	
	0.970915	
	0.959090	
	0.962716	
	0.966385	
	0.963866	
	0.965131	
	0.969041	
	0.983903	
	0.980397	
	0.988855	
	0.986833	
	0.974151	
	0.965302	
	0.965810	
	0.968752	
	0.962899	
	0.962208	
	0.962551	
	0.960186	
	0.954968	
	0.964516	
	0.958090	
	0.983162	
	0.989317	
	0.979041	
	0.990059	
	0.977238	
	0.980320	
	0.979772	
	0.975197	
	0.975708	
	0.972828	
	0.970022	
	0.964360	
	0.966406	
	0.961987	
	0.989849	
	0.991902	
	0.987199	
	0.985025	
	0.979853	
	0.977752	
	0.970416	
	0.965318	
	0.970765	
	0.964402	
	0.959668	
	0.958524	
	0.961912	
	0.959406	
	0.952237	
	0.983818	
	0.994284	
	0.994905	
	0.987227	
	0.977638	
	0.977426	
	0.973680	
	0.968123	
	0.969421	
	0.967735	
	0.956600	
	0.958321	
	0.958507	
	0.964900	
	0.974268	
	0.992248	
	0.986210	
	0.990125	
	0.980313	
	0.982236	
	0.966345	
	0.971607	
	0.974923	
	0.969534	
	0.972249	
	0.971377	
	0.975114	
	0.958622	
	0.967890	
	0.981878	
	0.986922	
	0.992893	
	0.993323	
	0.988684	
	0.974171	
	0.974509	
	0.970531	
	0.972380	
	0.969012	
	0.969746	
	0.969506	
	0.963101	
	0.960662	
	0.984818	
	0.992756	
	0.992716	
	0.986706	
	0.976985	
	0.977877	
	0.973530	
	0.968084	
	0.957539	
	0.969730	
	0.964345	
	0.965561	
	0.958036	
	0.954209	
	0.961252	
	0.979207	
	0.987257	
	0.987117	
	0.985239	
	0.980751	
	0.976787	
	0.977652	
	0.983558	
	0.981441	
	0.979193	
	0.966526	
	0.972703	
	0.973568	
	0.965186	
	0.965960	
	0.987619	
	0.978087	
	0.983261	
	0.982448	
	0.971744	
	0.968005	
	0.962150	
	0.967443	
	0.960269	
	0.965899	
	0.963562	
	0.960918	
	0.954875	
	0.951539	
	0.949320	
	0.944614	
	0.946894	
	0.937913	
	0.945850	
	0.973822	
	0.987944	
	0.992331	
	0.987112	
	0.986478	
	0.970618	
	0.965760	
	0.968441	
	0.966738	
	0.964204	
	0.968126	
	0.966513	
	0.958278	
	0.957196	
	0.962982	
	0.982872	
	0.986143	
	0.991633	
	0.987934	
	0.975235	
	0.972055	
	0.965295	
	0.963193	
	0.964882	
	0.963292	
	0.953316	
	0.961027	
	0.959761	
	0.947308	
	0.956598	
	0.986089	
	0.985718	
	0.986382	
	0.987641	
	0.974864	
	0.981226	
	0.976595	
	0.980039	
	0.971503	
	0.970839	
	0.979565	
	0.970810	
	0.971184	
	0.964067	
	0.963107	
	0.987828	
	0.984290	
	0.981495	
	0.973078	
	0.967029	
	0.967752	
	0.978224	
	0.966018	
	0.961187	
	0.958547	
	0.961139	
	0.953393	
	0.959975	
	0.959042	
	0.952914	
	0.979392	
	0.989549	
	0.988260	
	0.990160	
	0.985468	
	0.980603	
	0.974118	
	0.979354	
	0.983656	
	0.977310	
	0.974574	
	0.973145	
	0.966557	
	0.970209	
	0.969667	
	0.974331	
	0.983221	
	0.994033	
	0.988650	
	0.981840	
	0.979869	
	0.976197	
	0.978137	
	0.978219	
	0.971824	
	0.972021	
	0.962239	
	0.964575	
	0.959400	
	0.959954	
	0.958488	
	0.961105	
	0.947318	
	0.946279	
	0.930422	
	0.975350	
	0.988158	
	0.982742	
	0.970586	
	0.963024	
	0.959802	
	0.961617	
	0.958041	
	0.959402	
	0.950369	
	0.955858	
	0.959230	
	0.954617	
	0.944561	
	0.970216	
	0.977042	
	0.977861	
	0.985871	
	0.972117	
	0.966070	
	0.967079	
	0.960765	
	0.959997	
	0.965023	
	0.963677	
	0.947131	
	0.961689	
	0.958997	
	0.951237	
	0.948316	
	0.975907	
	0.985651	
	0.982133	
	0.987068	
	0.981385	
	0.978425	
	0.976393	
	0.981542	
	0.977496	
	0.977783	
	0.974058	
	0.972122	
	0.966953	
	0.968462	
	0.974683	
	0.985509	
	0.983307	
	0.976355	
	0.977582	
	0.970355	
	0.966083	
	0.973345	
	0.967755	
	0.957466	
	0.954195	
	0.955825	
	0.947142	
	0.949642	
	0.959379	
	0.961911	
	0.985765	
	0.992977	
	0.989222	
	0.983863	
	0.976201	
	0.966984	
	0.965829	
	0.970849	
	0.962909	
	0.958003	
	0.959654	
	0.959967	
	0.959570	
	0.961943	
	0.936972	
	0.957795	
	0.950519	
	0.969053	
	0.991067	
	0.990079	
	0.981532	
	0.968415	
	0.961140	
	0.963884	
	0.950053	
	0.959659	
	0.959971	
	0.966086	
	0.961334	
	0.961365	
	0.961305	
	0.961442	
	0.950087	
	0.973882	
	0.981894	
	0.984580	
	0.990691	
	0.988414	
	0.986241	
	0.969479	
	0.972401	
	0.972699	
	0.970506	
	0.973508	
	0.960317	
	0.968245	
	0.971913	
	0.963161	
	0.971218	
	0.987115	
	0.988498	
	0.993044	
	0.990594	
	0.981586	
	0.973241	
	0.973873	
	0.970883	
	0.971555	
	0.960909	
	0.964925	
	0.970518	
	0.969998	
	0.973081	
	0.986747	
	0.992524	
	0.990709	
	0.982793	
	0.973252	
	0.971346	
	0.976868	
	0.970343	
	0.971506	
	0.972247	
	0.962105	
	0.967503	
	0.953011	
	0.954811	
	0.955005	
	0.944087	
	0.989222	
	0.987842	
	0.988512	
	0.990600	
	0.981753	
	0.977823	
	0.978394	
	0.969964	
	0.972420	
	0.965028	
	0.962260	
	0.974891	
	0.971906	
	0.965962	
	0.964272	
	0.959785	
	0.957086	
	0.937461	
	0.976673	
	0.978863	
	0.984783	
	0.985935	
	0.976255	
	0.966309	
	0.970053	
	0.965845	
	0.967741	
	0.963183	
	0.960111	
	0.951842	
	0.962383	
	0.954278	
	0.952930	
	0.973308	
	0.990699	
	0.988421	
	0.985618	
	0.970403	
	0.965212	
	0.962859	
	0.959753	
	0.968009	
	0.960794	
	0.959658	
	0.952246	
	0.944300	
	0.957961	
	0.960444	
	0.984537	
	0.979019	
	0.990945	
	0.982967	
	0.971708	
	0.965413	
	0.956721	
	0.966483	
	0.966763	
	0.957265	
	0.953496	
	0.949820	
	0.947669	
	0.981311	
	0.987927	
	0.990716	
	0.990702	
	0.986594	
	0.977827	
	0.971955	
	0.979534	
	0.968013	
	0.971259	
	0.970614	
	0.964018	
	0.965457	
	0.982736	
	0.985360	
	0.976282	
	0.975900	
	0.971444	
	0.960744	
	0.959151	
	0.958445	
	0.967652	
	0.960533	
	0.952123	
	0.952682	
	0.956899	
	0.957432	
	0.987267	
	0.987598	
	0.986133	
	0.985496	
	0.981513	
	0.972573	
	0.976782	
	0.973580	
	0.973632	
	0.974106	
	0.965640	
	0.967535	
	0.959780	
	0.971949	
	0.966072	
	0.968939	
	0.985752	
	0.992060	
	0.987050	
	0.978837	
	0.973018	
	0.975973	
	0.971230	
	0.978924	
	0.969107	
	0.969393	
	0.970023	
	0.955108	
	0.954944	
	0.956274	
	0.989807	
	0.987266	
	0.988159	
	0.985460	
	0.983264	
	0.976306	
	0.973489	
	0.974331	
	0.975000	
	0.979406	
	0.968896	
	0.970558	
	0.970250	
	0.966508	
	0.965640	
	0.964992	
	0.961907	
	0.966360	
	0.951914	
	0.987858	
	0.987136	
	0.983637	
	0.986423	
	0.970807	
	0.972956	
	0.974932	
	0.966487	
	0.971793	
	0.968745	
	0.966342	
	0.964071	
	0.964203	
	0.957262	
	0.956307	
	0.957567	
	0.966396	
	0.985472	
	0.994616	
	0.987607	
	0.983167	
	0.975355	
	0.968805	
	0.965797	
	0.965935	
	0.968311	
	0.969803	
	0.962660	
	0.954330	
	0.946621	
	0.954240	
	0.953529	
	0.984365	
	0.986639	
	0.988964	
	0.985078	
	0.985604	
	0.979986	
	0.984151	
	0.974455	
	0.974949	
	0.975889	
	0.968827	
	0.970150	
	0.972625	
	0.969397	
	0.964891	
	0.981013	
	0.989455	
	0.984934	
	0.982556	
	0.977282	
	0.971135	
	0.968475	
	0.963237	
	0.972197	
	0.964384	
	0.956822	
	0.962700	
	0.949781	
	0.953658	
	0.951461	
	0.952994	
	0.955985	
	0.955727	
	0.952241	
	0.954961	
	0.969036	
	0.988363	
	0.987682	
	0.985830	
	0.987983	
	0.979195	
	0.980299	
	0.975269	
	0.978151	
	0.976917	
	0.980610	
	0.977884	
	0.969969	
	0.961016	
	0.952907	
	0.965676	
	0.962901	
	0.973274	
	0.978676	
	0.987001	
	0.973604	
	0.960955	
	0.955962	
	0.965674	
	0.958327	
	0.954946	
	0.961995	
	0.958080	
	0.958478	
	0.952435	
	0.953755	
	0.951002	
	0.988116	
	0.984069	
	0.985829	
	0.985574	
	0.977533	
	0.978923	
	0.969767	
	0.969841	
	0.978775	
	0.974582	
	0.972243	
	0.975867	
	0.972228	
	0.959442	
	0.970051	
	0.986566	
	0.987996	
	0.983905	
	0.978194	
	0.960734	
	0.967273	
	0.960370	
	0.962133	
	0.958118	
	0.965584	
	0.950278	
	0.960208	
	0.955648	
	0.954620	
	0.940161	
	0.952274	
	0.983170	
	0.982228	
	0.979054	
	0.975415	
	0.980695	
	0.971797	
	0.971059	
	0.969788	
	0.960229	
	0.962461	
	0.951803	
	0.967505	
	0.967408	
	0.954941	
	0.955917	
	0.943904	
	0.965017	
	0.987063	
	0.986433	
	0.989432	
	0.977243	
	0.972091	
	0.970939	
	0.952266	
	0.953797	
	0.956453	
	0.934422	
	0.939995	
	0.939609	
	0.943134	
	0.962106	
	0.983041	
	0.987333	
	0.978382	
	0.965708	
	0.951762	
	0.949065	
	0.958854	
	0.939223	
	0.936211	
	0.951025	
	0.938791	
	0.942226	
	0.942388	
	0.939642	
	0.957080	
	0.944496	
	0.939815	
	0.976240	
	0.982229	
	0.981878	
	0.982988	
	0.978783	
	0.968082	
	0.964135	
	0.968379	
	0.969389	
	0.976627	
	0.948349	
	0.968428	
	0.971177	
	0.966572	
	0.965874	
	0.978443	
	0.991790	
	0.981242	
	0.984419	
	0.979646	
	0.971635	
	0.973943	
	0.969067	
	0.963025	
	0.966063	
	0.968143	
	0.968810	
	0.959110	
	0.954604	
	0.958365	
	0.988443	
	0.992133	
	0.990180	
	0.987479	
	0.983419	
	0.978988	
	0.979138	
	0.977925	
	0.972923	
	0.975605	
	0.975283	
	0.978079	
	0.973948	
	0.974498	
	0.969791	
	0.976152	
	0.970376	
	0.971342	
	0.989115	
	0.990322	
	0.982791	
	0.976230	
	0.968608	
	0.967425	
	0.965250	
	0.966695	
	0.954302	
	0.965335	
	0.957975	
	0.957750	
	0.957371	
	0.956910	
	0.947599	
	0.948505	
	0.957778	
	0.944722	
	0.950311	
	0.942800	
	0.950036	
	0.968337	
	0.987224	
	0.989419	
	0.977752	
	0.974848	
	0.957945	
	0.963731	
	0.963796	
	0.959956	
	0.963955	
	0.965606	
	0.958331	
	0.946414	
	0.958733	
	0.943703	
	0.944111	
	0.964258	
	0.972525	
	0.971718	
	0.988840	
	0.975752	
	0.963285	
	0.959246	
	0.965667	
	0.968023	
	0.957054	
	0.960526	
	0.959615	
	0.956668	
	0.959160	
	0.976521	
	0.986479	
	0.982946	
	0.975136	
	0.981815	
	0.976327	
	0.971534	
	0.976108	
	0.976406	
	0.967301	
	0.966417	
	0.966273	
	0.972366	
	0.966941	
	0.986110	
	0.980622	
	0.980035	
	0.975637	
	0.975737	
	0.971224	
	0.970611	
	0.968399	
	0.963628	
	0.959968	
	0.965782	
	0.961322	
	0.960848	
	0.957253	
	0.948045	
	0.956571	
	0.951498	
	0.957537	
	NaN	
	NaN	
	0.980254	
	0.991769	
	0.991536	
	0.987077	
	0.982499	
	0.976812	
	0.976528	
	0.984586	
	0.980993	
	0.976306	
	0.978651	
	0.975633	
	0.973924	
	0.975366	
	0.973004	
	0.983714	
	0.984751	
	0.988016	
	0.984653	
	0.974812	
	0.968704	
	0.969377	
	0.967725	
	0.972029	
	0.964206	
	NaN	
	NaN	
	0.979010	
	0.989867	
	0.986261	
	0.977462	
	0.968589	
	NaN	
	NaN	
	NaN	
	NaN	
	NaN	
	NaN	
	NaN	
	NaN	
	NaN	
	NaN	
	0.979530	
	0.982526	
	0.986323	
	0.990075	
	0.978639	
	NaN	
	NaN	
	NaN	
	NaN	
	NaN	
	NaN	
	NaN	
	NaN	
	NaN	
	NaN	
	NaN	
	0.989764	
	0.979734	
	0.989136	
	0.984671	
	0.981705	
	NaN	
	NaN	
	NaN	
	NaN	
	NaN	
	NaN	
	NaN	
	NaN	
	NaN	
	NaN	
	0.992771	
	0.990600	
	0.988833	
	NaN	
	NaN	
	NaN	
	NaN	
	NaN	
	NaN	
	NaN	
	NaN	
	NaN	
	NaN	
	NaN	
	NaN	
	NaN	
	NaN	
	NaN	
	NaN	
	NaN	
	NaN	
	NaN	
	NaN	
	NaN	
	NaN	
	NaN	
	NaN	
	NaN	
	NaN	
	NaN	
	NaN	
	NaN	
	NaN	
	NaN	
	NaN	
	NaN	
	NaN	
	NaN	
	NaN	
	NaN	
	NaN	
	NaN	
	NaN	
	NaN	
	NaN	
	NaN	
	NaN	
	NaN	
	NaN	
	NaN	
	NaN	
	NaN	
	NaN	
	NaN	
	NaN	
	NaN	
	NaN	
	NaN	
	NaN	
	NaN	
	NaN	
	NaN	
	NaN	
	NaN	
	NaN	
	NaN	
	NaN	
	NaN	
	NaN	
	NaN	
	NaN	
	NaN	
	NaN	
	NaN	
	NaN	
	NaN	
	NaN	
	NaN	
	NaN	
	NaN	
	NaN	
	NaN	
	NaN	
	NaN	
	NaN	
	NaN	
	NaN	
	NaN	
	NaN	
	NaN	
	NaN	
	NaN	
	NaN	
	NaN	
	NaN	
	NaN	
	NaN	
	NaN	
	NaN	
	NaN	
	NaN	
	NaN	
	NaN	
	NaN	
	NaN	
	NaN	
	NaN	
	NaN	
	NaN	
	NaN	
	NaN	
	NaN	
	NaN	
	NaN	
	NaN	
	NaN	
	NaN	
	NaN	
	NaN	
	NaN	
	NaN	
	NaN	
	NaN	
	NaN	
	NaN	
	NaN	
	NaN	
	NaN	
	NaN	
	NaN	
	NaN	
	NaN	
	NaN	
	NaN	
	NaN	
	NaN	
	NaN	
	NaN	
	NaN	
	NaN	
	NaN	
	NaN	
	NaN	
	NaN	
	NaN	
	NaN	
	NaN	
	NaN	
	NaN	
	NaN	
	NaN	
	NaN	
	NaN	
	NaN	
	NaN	
	NaN	
	NaN	
	NaN	
	NaN	
	NaN	
	NaN	
	NaN	
	NaN	
	NaN	
	NaN	
	NaN	
	NaN	
	NaN	
	NaN	
	NaN	
	NaN	
	NaN	
