_Mode		
	-0.133400	
	-0.096145	
	-0.112250	
	-0.143172	
	-0.152095	
	-0.113597	
	-0.171501	
	0.150710	
	0.036146	
	-0.062042	
	-0.076094	
	-0.069459	
	-0.068368	
	-0.064084	
	-0.035948	
	0.048669	
	0.186915	
	0.037742	
	-0.001508	
	-0.092810	
	0.031473	
	-0.196321	
	-0.039500	
	-0.094816	
	-0.006221	
	0.029461	
	0.173723	
	-0.070078	
	0.140453	
	-0.081299	
	-0.104251	
	-0.050699	
	-0.117659	
	0.004059	
	0.075232	
	0.007819	
	0.094643	
	-0.120861	
	0.025133	
	0.074409	
	-0.249186	
	-0.243712	
	0.096709	
	-0.001601	
	-0.095142	
	-0.093144	
	-0.065295	
	-0.021502	
	-0.131304	
	0.064788	
	0.121180	
	0.167894	
	-0.225918	
	0.033009	
	-0.170582	
	-0.338922	
	-0.013379	
	-0.105233	
	-0.062160	
	-0.085850	
	-0.279494	
	-0.002091	
	0.086684	
	-0.056726	
	-0.060564	
	-0.070424	
	0.059098	
	-0.202040	
	-0.112930	
	-0.248199	
	-0.187611	
	-0.079733	
	0.025974	
	0.054094	
	-0.114451	
	-0.168480	
	-0.220544	
	-0.124852	
	0.120887	
	-0.171303	
	-0.222330	
	-0.071107	
	-0.221937	
	0.074600	
	-0.064569	
	-0.107301	
	0.193360	
	-0.111142	
	0.033421	
	-0.237060	
	-0.083104	
	-0.159803	
	0.006933	
	0.040015	
	-0.043368	
	0.133065	
	-0.030925	
	-0.106823	
	-0.026134	
	-0.190922	
	-0.105004	
	-0.289766	
	-0.019136	
	-0.048008	
	-0.070297	
	-0.081190	
	0.177158	
	-0.025648	
	0.018041	
	0.001830	
	0.044728	
	0.087117	
	-0.109342	
	-0.079036	
	0.190426	
	0.056250	
	-0.248645	
	0.091650	
	-0.105738	
	-0.032281	
	0.046042	
	0.066066	
	-0.245394	
	-0.271512	
	-0.226209	
	-0.149771	
	-0.095762	
	-0.104633	
	-0.118039	
	-0.201046	
	-0.026925	
	-0.063315	
	-0.070536	
	-0.079161	
	0.001068	
	0.007985	
	-0.104353	
	-0.155252	
	-0.248230	
	0.044431	
	0.036590	
	-0.055903	
	-0.200982	
	-0.145359	
	-0.201583	
	0.020423	
	0.158636	
	-0.109493	
	-0.130016	
	-0.107893	
	0.145126	
	-0.223430	
	-0.055449	
	0.015945	
	-0.157935	
	-0.017105	
	-0.100443	
	0.190808	
	-0.130803	
	-0.195520	
	0.110380	
	-0.054177	
	-0.036287	
	-0.030907	
	-0.020670	
	0.106187	
	-0.025175	
	-0.071169	
	0.070564	
	0.082359	
	-0.047282	
	-0.223789	
	0.094331	
	0.019511	
	-0.126905	
	-0.084102	
	-0.195364	
	0.021679	
	-0.114548	
	0.111813	
	0.036661	
	-0.051278	
	-0.155650	
	-0.190106	
	0.004322	
	0.074153	
	-0.012642	
	0.091470	
	-0.049636	
	-0.018797	
	-0.011263	
	-0.257884	
	-0.073509	
	0.133858	
	0.091254	
	-0.166001	
	-0.160548	
	-0.052533	
	-0.056634	
	0.321596	
	0.278583	
	-0.115719	
	-0.081362	
	-0.065128	
	-0.046223	
	0.179645	
	0.182376	
	0.098950	
	-0.028945	
	0.116230	
	-0.157563	
	-0.136598	
	-0.030071	
	-0.116480	
	0.150030	
	-0.228583	
	0.090185	
	-0.112544	
	-0.025300	
	-0.105494	
	-0.015716	
	-0.330896	
	-0.168180	
	-0.137250	
	-0.085409	
	-0.143165	
	0.168339	
	0.162592	
	-0.147142	
	-0.154822	
	0.010658	
	0.056862	
	0.014995	
	0.089882	
	-0.168223	
	-0.172730	
	0.073389	
	0.138650	
	0.013282	
	0.334091	
	0.045884	
	0.029448	
	0.095241	
	-0.083895	
	-0.056086	
	-0.109664	
	0.051890	
	0.183855	
	0.090443	
	-0.199810	
	-0.168201	
	0.001002	
	-0.124785	
	0.105722	
	-0.062708	
	-0.072019	
	0.152939	
	-0.080205	
	0.234838	
	-0.131566	
	-0.066567	
	-0.019723	
	-0.054720	
	0.115542	
	-0.027783	
	0.075619	
	-0.103663	
	-0.207269	
	-0.123252	
	0.049687	
	-0.012846	
	0.093943	
	0.079288	
	-0.071166	
	0.086304	
	-0.035853	
	-0.112192	
	-0.241188	
	-0.146644	
	-0.183433	
	-0.152882	
	0.029923	
	0.000275	
	0.049143	
	0.153833	
	-0.042873	
	0.139893	
	0.207834	
	-0.033237	
	0.051659	
	-0.114671	
	0.175092	
	0.007033	
	0.041575	
	0.027463	
	0.068001	
	0.017326	
	0.016136	
	0.071560	
	-0.059942	
	0.000522	
	0.116802	
	0.108738	
	0.196491	
	0.101575	
	-0.276725	
	0.079105	
	-0.020245	
	-0.080601	
	-0.158843	
	0.056479	
	-0.069679	
	0.263512	
	-0.040816	
	-0.121873	
	0.113387	
	-0.117532	
	-0.072583	
	0.080613	
	0.074726	
	0.035188	
	-0.237102	
	-0.209882	
	-0.002199	
	-0.037445	
	-0.091739	
	-0.131235	
	-0.159870	
	-0.007887	
	-0.117936	
	0.132727	
	-0.014026	
	-0.060317	
	-0.069380	
	-0.110987	
	-0.058265	
	-0.045932	
	-0.037085	
	-0.086825	
	-0.118137	
	-0.322113	
	-0.140502	
	-0.088852	
	-0.123707	
	0.102946	
	-0.185148	
	0.081209	
	0.028742	
	0.033765	
	0.105292	
	-0.079261	
	-0.180123	
	-0.063962	
	-0.109856	
	0.069567	
	-0.047681	
	-0.121793	
	-0.092206	
	0.104325	
	-0.157127	
	0.165706	
	0.002304	
	0.157345	
	0.153936	
	-0.072631	
	-0.189677	
	-0.072414	
	-0.112330	
	-0.073639	
	-0.122225	
	-0.080486	
	-0.055398	
	-0.055498	
	-0.123855	
	-0.084527	
	-0.125873	
	0.055447	
	-0.039617	
	-0.083709	
	-0.209568	
	-0.243693	
	-0.091905	
	0.030338	
	0.040105	
	-0.196573	
	-0.191045	
	-0.212071	
	-0.145870	
	0.074844	
	-0.076826	
	-0.194312	
	-0.136830	
	-0.001451	
	-0.058605	
	-0.097174	
	-0.254676	
	-0.147791	
	-0.151966	
	-0.084096	
	-0.156740	
	-0.002003	
	-0.312512	
	-0.346152	
	-0.193304	
	0.047047	
	0.108159	
	-0.128175	
	-0.133939	
	-0.247726	
	-0.054617	
	0.097438	
	0.057529	
	-0.024415	
	-0.263838	
	-0.204100	
	0.094481	
	0.057842	
	-0.099689	
	-0.087498	
	-0.355796	
	0.357349	
	0.148839	
	0.008939	
	-0.300213	
	-0.255081	
	0.005640	
	0.038437	
	0.009566	
	0.002935	
	-0.018679	
	-0.195195	
	0.020289	
	-0.279230	
	-0.006153	
	0.215128	
	0.070416	
	0.037509	
	-0.151898	
	-0.173533	
	-0.128877	
	-0.196251	
	-0.164675	
	-0.003201	
	0.042215	
	-0.254119	
	0.132819	
	-0.208991	
	0.036431	
	-0.132809	
	0.073408	
	-0.147293	
	-0.089420	
	-0.311825	
	0.116037	
	0.141914	
	-0.177450	
	-0.292189	
	-0.068665	
	-0.054031	
	-0.090524	
	-0.070418	
	0.074760	
	-0.324499	
	-0.128895	
	-0.113694	
	0.030537	
	-0.217602	
	-0.255949	
	-0.206569	
	-0.141098	
	-0.000499	
	0.092302	
	-0.074647	
	-0.227125	
	-0.297564	
	-0.098240	
	-0.054187	
	-0.031131	
	-0.065803	
	-0.071969	
	-0.068642	
	-0.034340	
	0.035031	
	-0.063106	
	-0.082070	
	-0.058977	
	-0.040794	
	-0.033952	
	-0.046295	
	-0.021526	
	-0.039949	
	-0.016385	
	0.006213	
	-0.023814	
	-0.139442	
	-0.108323	
	-0.057460	
	-0.014313	
	0.000000	
	0.000000	
	0.000000	
	0.000000	
	0.000000	
	0.000000	
