_Mode		
	0.157574	
	0.096196	
	0.101003	
	0.114004	
	0.197772	
	-0.126368	
	-0.149524	
	-0.177453	
	-0.023892	
	-0.263727	
	-0.038637	
	-0.143253	
	-0.033847	
	0.118736	
	0.062643	
	0.008937	
	0.089804	
	-0.037186	
	0.026631	
	-0.041373	
	-0.073188	
	-0.036563	
	-0.093683	
	-0.007979	
	-0.187529	
	0.007102	
	0.056202	
	0.072099	
	0.001838	
	0.049220	
	0.015062	
	0.229884	
	0.059658	
	-0.171417	
	-0.009858	
	0.139482	
	-0.086618	
	-0.044733	
	0.067283	
	-0.255341	
	-0.070981	
	-0.047253	
	-0.057580	
	0.005837	
	-0.177038	
	0.205992	
	-0.177717	
	-0.079108	
	0.094473	
	0.070496	
	-0.185108	
	-0.276449	
	0.131771	
	-0.067335	
	0.083118	
	-0.170228	
	-0.068558	
	-0.024395	
	-0.059675	
	0.069991	
	-0.003160	
	-0.107967	
	0.027464	
	-0.068015	
	-0.047288	
	-0.082118	
	0.009714	
	-0.099469	
	-0.051435	
	-0.101325	
	-0.081149	
	0.002890	
	0.027987	
	-0.149214	
	-0.131598	
	-0.123685	
	-0.110097	
	-0.050414	
	-0.210976	
	-0.002996	
	-0.047287	
	-0.012546	
	0.044031	
	-0.089595	
	0.040099	
	0.062250	
	-0.009433	
	0.003478	
	-0.015467	
	-0.020561	
	0.046522	
	0.055009	
	-0.052358	
	-0.061663	
	-0.025019	
	0.017341	
	0.149582	
	-0.062956	
	-0.015899	
	0.090992	
	-0.065214	
	-0.089746	
	-0.058712	
	-0.154424	
	-0.084461	
	0.006007	
	-0.074513	
	-0.173026	
	-0.159565	
	-0.221911	
	0.000061	
	0.047718	
	-0.144839	
	-0.008777	
	-0.098595	
	-0.185949	
	0.051584	
	-0.091558	
	-0.067442	
	-0.144391	
	-0.072487	
	-0.040647	
	0.076024	
	-0.042474	
	0.118146	
	0.088114	
	-0.151697	
	-0.029238	
	0.011104	
	-0.151249	
	0.082975	
	-0.001566	
	0.138957	
	-0.103500	
	0.136083	
	-0.026937	
	0.010539	
	-0.080466	
	0.062119	
	-0.106989	
	-0.093143	
	-0.163339	
	0.129334	
	0.068722	
	-0.125262	
	-0.136508	
	-0.169150	
	-0.118492	
	0.026275	
	-0.051148	
	-0.267344	
	-0.065172	
	-0.069873	
	-0.016022	
	-0.005865	
	-0.175527	
	0.037740	
	0.051867	
	0.035344	
	0.189071	
	0.038766	
	-0.142688	
	-0.048246	
	0.285408	
	-0.152699	
	-0.097603	
	0.118977	
	-0.179227	
	-0.142385	
	-0.044507	
	0.018931	
	-0.113741	
	-0.061084	
	0.131682	
	-0.149818	
	0.013628	
	-0.049210	
	0.044173	
	-0.027931	
	0.055890	
	0.119132	
	-0.149891	
	-0.008263	
	-0.001055	
	-0.243162	
	-0.109091	
	-0.062636	
	0.059869	
	0.164952	
	0.049649	
	-0.016085	
	-0.071929	
	-0.058071	
	-0.219335	
	-0.008439	
	-0.109943	
	-0.043412	
	-0.137885	
	0.171639	
	-0.018340	
	-0.069525	
	-0.060924	
	0.070532	
	-0.031761	
	0.177054	
	-0.086563	
	0.102702	
	0.042451	
	-0.138934	
	0.076148	
	0.099271	
	0.070283	
	-0.088370	
	0.024318	
	-0.016907	
	0.038349	
	-0.146083	
	-0.100170	
	-0.080384	
	-0.061854	
	-0.062989	
	-0.154428	
	-0.053449	
	0.006673	
	-0.076098	
	0.105453	
	-0.071659	
	-0.056230	
	0.059480	
	-0.133766	
	-0.103548	
	-0.057556	
	-0.040640	
	-0.092646	
	0.157221	
	-0.095996	
	-0.204076	
	-0.152549	
	-0.225483	
	-0.041156	
	0.125291	
	-0.166178	
	0.000652	
	0.048418	
	-0.118094	
	0.135554	
	-0.029287	
	-0.090735	
	-0.074769	
	-0.000535	
	-0.106362	
	0.004591	
	-0.000100	
	0.084391	
	0.028608	
	-0.118869	
	0.004588	
	0.137055	
	-0.213860	
	-0.063065	
	-0.049236	
	0.060577	
	0.215285	
	0.018367	
	0.005274	
	0.053973	
	0.075769	
	0.059064	
	-0.110991	
	-0.070917	
	-0.076845	
	-0.011745	
	0.171449	
	-0.163093	
	-0.190845	
	-0.124552	
	-0.280311	
	-0.134634	
	-0.056777	
	-0.033142	
	0.197024	
	-0.065500	
	-0.058939	
	-0.169286	
	-0.096990	
	-0.107335	
	-0.103600	
	-0.120446	
	0.014670	
	-0.188797	
	-0.074943	
	0.084100	
	0.070740	
	0.048126	
	0.127253	
	-0.015437	
	0.035856	
	0.036291	
	-0.051761	
	0.025632	
	-0.023543	
	-0.049076	
	0.160554	
	-0.107387	
	-0.031758	
	-0.069225	
	0.009873	
	-0.013202	
	0.035373	
	0.224114	
	0.157472	
	0.015461	
	-0.142458	
	-0.056654	
	0.207684	
	-0.025687	
	-0.043537	
	0.137215	
	-0.208912	
	-0.156714	
	-0.189661	
	-0.146115	
	-0.113482	
	-0.045049	
	0.026035	
	-0.054289	
	0.005840	
	-0.028627	
	-0.067714	
	0.166933	
	-0.068813	
	-0.216374	
	0.001590	
	-0.116742	
	0.113863	
	0.018469	
	-0.145254	
	0.027168	
	0.102844	
	0.114686	
	-0.087850	
	-0.102633	
	0.034621	
	0.016827	
	0.003922	
	-0.088235	
	-0.013120	
	0.080614	
	0.014525	
	-0.089755	
	0.090907	
	0.036182	
	-0.035607	
	-0.150612	
	0.043289	
	0.148173	
	0.084795	
	-0.044754	
	-0.064717	
	-0.041962	
	-0.091549	
	-0.040039	
	-0.110127	
	0.065869	
	-0.099450	
	-0.037965	
	-0.058850	
	-0.014442	
	-0.012671	
	-0.255431	
	0.018246	
	-0.057009	
	-0.133135	
	-0.040615	
	0.179477	
	0.032948	
	-0.064716	
	-0.121144	
	-0.095037	
	-0.042322	
	-0.101158	
	-0.076809	
	-0.092462	
	-0.060445	
	-0.043404	
	-0.043105	
	-0.012944	
	0.053207	
	-0.139477	
	-0.154180	
	0.226462	
	-0.132613	
	0.009766	
	-0.146466	
	0.054916	
	-0.108784	
	-0.198646	
	-0.016336	
	0.039296	
	-0.078324	
	-0.130372	
	-0.093747	
	-0.017038	
	0.164786	
	-0.039709	
	0.000009	
	-0.029298	
	-0.182712	
	0.005690	
	-0.000954	
	-0.086020	
	-0.100041	
	-0.046556	
	0.019190	
	-0.099714	
	0.075837	
	-0.015204	
	0.009012	
	-0.014432	
	-0.069002	
	-0.108000	
	-0.055940	
	-0.205119	
	0.160042	
	0.086683	
	-0.040392	
	-0.147443	
	-0.082950	
	-0.096264	
	-0.231417	
	-0.066351	
	-0.080062	
	-0.045234	
	-0.026052	
	-0.063523	
	-0.135806	
	-0.094091	
	0.180682	
	0.234671	
	-0.207939	
	-0.096240	
	-0.063187	
	-0.050635	
	-0.036779	
	-0.095138	
	-0.086630	
	-0.099533	
	-0.082772	
	0.122065	
	-0.017970	
	0.166021	
	-0.210430	
