_Brightness		
	NaN	
	NaN	
	NaN	
	NaN	
	NaN	
	NaN	
	NaN	
	NaN	
	NaN	
	NaN	
	NaN	
	NaN	
	NaN	
	NaN	
	NaN	
	NaN	
	NaN	
	NaN	
	NaN	
	NaN	
	NaN	
	NaN	
	NaN	
	NaN	
	NaN	
	NaN	
	NaN	
	NaN	
	NaN	
	NaN	
	NaN	
	NaN	
	0.074051	
	0.086428	
	0.157372	
	0.045902	
	0.074321	
	0.053734	
	0.050094	
	0.062284	
	0.078666	
	0.088194	
	0.161729	
	0.180263	
	0.154936	
	0.125202	
	0.093042	
	0.089002	
	0.135575	
	0.079910	
	0.071064	
	0.071810	
	0.073874	
	0.070465	
	0.067742	
	0.167284	
	0.138416	
	0.123131	
	0.124758	
	0.113431	
	0.113881	
	0.123216	
	0.089653	
	0.081507	
	0.075568	
	0.070443	
	0.072266	
	0.110972	
	0.228905	
	0.295733	
	0.289897	
	0.257070	
	0.287632	
	0.273962	
	0.240831	
	0.196090	
	0.193851	
	0.172584	
	0.194540	
	0.225337	
	0.294993	
	0.211251	
	0.192333	
	0.168933	
	0.169515	
	0.196251	
	0.174598	
	0.295313	
	0.253418	
	0.231460	
	0.251964	
	0.224595	
	0.212145	
	0.193761	
	0.193342	
	0.184981	
	0.163652	
	0.167924	
	0.162161	
	0.175169	
	0.211197	
	0.237840	
	0.169208	
	0.151151	
	0.141172	
	0.140603	
	0.150225	
	0.324876	
	0.264745	
	0.190143	
	0.211935	
	0.217290	
	0.187903	
	0.188431	
	0.206944	
	0.208479	
	0.178782	
	0.164985	
	0.164035	
	0.202985	
	0.147071	
	0.273709	
	0.295720	
	0.243351	
	0.240351	
	0.219131	
	0.202753	
	0.264648	
	0.276760	
	0.221836	
	0.229937	
	0.206678	
	0.194400	
	0.184944	
	0.201413	
	0.145090	
	0.139463	
	0.144429	
	0.137161	
	0.131301	
	0.356717	
	0.236222	
	0.146519	
	0.111179	
	0.109498	
	0.129368	
	0.119263	
	0.109772	
	0.112583	
	0.107916	
	0.107702	
	0.116750	
	0.154344	
	0.129874	
	0.282271	
	0.255342	
	0.244692	
	0.208870	
	0.181815	
	0.184157	
	0.228705	
	0.291259	
	0.203329	
	0.194471	
	0.204894	
	0.209289	
	0.216804	
	0.258267	
	0.227963	
	0.182917	
	0.161073	
	0.148818	
	0.159704	
	0.115749	
	0.198461	
	0.261033	
	0.259156	
	0.266027	
	0.237623	
	0.167227	
	0.161202	
	0.170474	
	0.146731	
	0.162545	
	0.142861	
	0.140732	
	0.132841	
	0.108797	
	0.134120	
	0.107730	
	0.090538	
	0.083718	
	0.120111	
	0.143729	
	0.326706	
	0.178714	
	0.144584	
	0.134690	
	0.137182	
	0.128069	
	0.117823	
	0.119502	
	0.106896	
	0.118033	
	0.100716	
	0.169407	
	0.139836	
	0.151244	
	0.116774	
	0.113543	
	0.116592	
	0.114291	
	0.125521	
	0.138647	
	0.427644	
	0.268590	
	0.245408	
	0.231007	
	0.229992	
	0.222337	
	0.201338	
	0.220958	
	0.191174	
	0.152846	
	0.149299	
	0.140737	
	0.099015	
	0.119889	
	0.270301	
	0.207394	
	0.174680	
	0.184539	
	0.173795	
	0.304823	
	0.312812	
	0.261590	
	0.204581	
	0.183523	
	0.216825	
	0.209181	
	0.146630	
	0.149365	
	0.145465	
	0.175595	
	0.181350	
	0.178051	
	0.356643	
	0.283831	
	0.290666	
	0.316652	
	0.308299	
	0.338033	
	0.295717	
	0.278361	
	0.274741	
	0.261486	
	0.322970	
	0.273909	
	0.300193	
	0.306883	
	0.200763	
	0.213802	
	0.211398	
	0.207852	
	0.201129	
	0.256258	
	0.367052	
	0.255070	
	0.198335	
	0.203918	
	0.185614	
	0.230980	
	0.284289	
	0.302630	
	0.246209	
	0.229628	
	0.247319	
	0.233020	
	0.216500	
	0.443167	
	0.339055	
	0.245487	
	0.273404	
	0.265597	
	0.247058	
	0.260486	
	0.264908	
	0.234131	
	0.196176	
	0.178401	
	0.217599	
	0.357646	
	0.261414	
	0.185852	
	0.139515	
	0.136392	
	0.152046	
	0.150522	
	0.418462	
	0.288372	
	0.248953	
	0.245127	
	0.333519	
	0.340983	
	0.328400	
	0.302945	
	0.282229	
	0.282256	
	0.277493	
	0.314930	
	0.334313	
	0.298104	
	0.287532	
	0.230205	
	0.219858	
	0.292337	
	0.323187	
	0.310866	
	0.315800	
	0.489644	
	0.551250	
	0.429878	
	0.318451	
	0.277458	
	0.347088	
	0.372597	
	0.337312	
	0.245693	
	0.269216	
	0.302993	
	0.327548	
	0.344521	
	0.368207	
	0.510849	
	0.441036	
	0.392148	
	0.380754	
	0.346579	
	0.329460	
	0.450946	
	0.362545	
	0.307382	
	0.358984	
	0.305997	
	0.293625	
	0.305483	
	0.287663	
	0.250700	
	0.242657	
	0.250731	
	0.227484	
	0.255815	
	0.262183	
	0.404347	
	0.384414	
	0.454316	
	0.481167	
	0.482340	
	0.474542	
	0.477453	
	0.469281	
	0.434524	
	0.422248	
	0.398974	
	0.390474	
	0.352479	
	0.348442	
	0.321084	
	0.292962	
	0.292827	
	0.290297	
	0.281376	
	0.274834	
	0.423254	
	0.378149	
	0.277608	
	0.285266	
	0.321554	
	0.282480	
	0.322801	
	0.387994	
	0.329947	
	0.243580	
	0.221447	
	0.236397	
	0.236550	
	0.218180	
	0.453956	
	0.499449	
	0.319373	
	0.327748	
	0.300754	
	0.251116	
	0.303993	
	0.320881	
	0.301334	
	0.356105	
	0.427958	
	0.470963	
	0.522687	
	0.519094	
	0.458833	
	0.429167	
	0.399965	
	0.393935	
	0.348458	
	0.239957	
	0.251449	
	0.222457	
	0.238546	
	0.194985	
	0.211447	
	0.213916	
	0.201569	
	0.206817	
	0.178806	
	0.175977	
	0.156680	
	0.188142	
	0.202852	
	0.142222	
	0.138823	
	0.140741	
	0.148485	
	0.166814	
	0.128430	
	0.202891	
	0.181918	
	0.191389	
	0.148858	
	0.147588	
	0.158424	
	0.148961	
	0.129761	
	0.133491	
	0.111918	
	0.109854	
	0.103778	
	0.142905	
	0.179241	
	0.399476	
	0.307711	
	0.260235	
	0.251819	
	0.254660	
	0.308567	
	0.260473	
	0.248905	
	0.239627	
	0.246616	
	0.288780	
	0.231880	
	0.226847	
	0.156040	
	0.187563	
	0.157903	
	0.172338	
	0.194826	
	0.210328	
	0.253424	
	0.124956	
	0.128517	
	0.112212	
	0.117375	
	0.092576	
	0.099005	
	0.089793	
	0.085523	
	0.082280	
	0.068395	
	0.084417	
	0.085492	
	0.077833	
	0.093338	
	0.078895	
	0.087050	
	0.087795	
	0.083759	
	0.083436	
	0.058623	
	0.148176	
	0.191340	
	0.156224	
	0.156558	
	0.135197	
	0.124513	
	0.182626	
	0.126679	
	0.103085	
	0.129201	
	0.125566	
	0.126383	
	0.098161	
	0.164807	
	0.125851	
	0.126916	
	0.110205	
	0.141940	
	0.347201	
	0.218584	
	0.182098	
	0.176985	
	0.146108	
	0.143492	
	0.141121	
	0.134640	
	0.120297	
	0.089613	
	0.103745	
	0.088899	
	0.115333	
	0.094592	
	0.194416	
	0.254892	
	0.210353	
	0.169997	
	0.180533	
	0.214014	
	0.208294	
	0.222401	
	0.198273	
	0.184384	
	0.166051	
	0.169531	
	0.152142	
	0.195159	
	0.134146	
	0.130757	
	0.131346	
	0.143503	
	0.138500	
	0.302421	
	0.459510	
	0.357955	
	0.227733	
	0.207274	
	0.196305	
	0.214505	
	0.311567	
	0.302900	
	0.231609	
	0.250851	
	0.197231	
	0.169836	
	0.205885	
	0.266418	
	0.183057	
	0.159396	
	0.143447	
	0.148402	
	0.146764	
	0.265433	
	0.273419	
	0.226647	
	0.194493	
	0.186834	
	0.180681	
	0.158113	
	0.140163	
	0.127265	
	0.121166	
	0.119242	
	0.109847	
	0.115674	
	0.110341	
	0.277790	
	0.101211	
	0.099005	
	0.092701	
	0.090335	
	0.092544	
	0.091199	
	0.087640	
	0.083490	
	0.077647	
	0.081537	
	0.085696	
	0.093691	
	0.158394	
	0.096896	
	0.094429	
	0.086232	
	0.089169	
	0.093073	
	0.262721	
	0.253486	
	0.204837	
	0.147695	
	0.157692	
	0.149492	
	0.150605	
	0.205594	
	0.249189	
	0.147918	
	0.129155	
	0.119177	
	0.112873	
	0.157384	
	0.165732	
	0.172696	
	0.171251	
	0.174535	
	0.169146	
	0.219875	
	0.274382	
	0.184185	
	0.169921	
	0.156726	
	0.149382	
	0.147744	
	0.092201	
	0.089842	
	0.097744	
	0.094487	
	0.095678	
	0.087371	
	0.088579	
	0.179075	
	0.225799	
	0.150991	
	0.129321	
	0.141215	
	0.132408	
	0.134010	
	0.124550	
	0.126070	
	0.122241	
	0.110898	
	0.112748	
	0.112065	
	0.155339	
	0.180948	
	0.135357	
	0.120145	
	0.114117	
	0.117214	
	0.124539	
	0.134010	
	0.232332	
	0.189605	
	0.171115	
	0.166204	
	0.168176	
	0.170435	
	0.246935	
	0.160587	
	0.150980	
	0.140449	
	0.126335	
	0.127794	
	0.228727	
	0.282698	
	0.331902	
	0.286673	
	0.218627	
	0.218360	
	0.207020	
	0.216378	
	0.193651	
	0.167786	
	0.156896	
	0.153933	
	0.151851	
	0.145762	
	0.134063	
	0.112225	
	0.117789	
	0.126373	
	0.166431	
	0.186321	
	0.373306	
	0.203368	
	0.242652	
	0.258997	
	0.255357	
	0.250952	
	0.239404	
	0.218853	
	0.213751	
	0.210340	
	0.202511	
	0.222419	
	0.190689	
	0.244203	
	0.195617	
	0.162225	
	0.170562	
	0.154544	
	0.160562	
	0.300688	
	0.312698	
	0.246930	
	0.209229	
	0.196886	
	0.244690	
	0.235866	
	0.220238	
	0.186337	
	0.182763	
	0.190694	
	0.183682	
	0.167978	
	0.159596	
	0.142373	
	0.341934	
	0.326156	
	0.203873	
	0.206046	
	0.187538	
	0.187412	
	0.178047	
	0.156958	
	0.160602	
	0.147228	
	0.223245	
	0.241851	
	0.195407	
	0.158233	
	0.161398	
	0.143665	
	0.127051	
	0.327624	
	0.391884	
	0.276380	
	0.246064	
	0.229307	
	0.242018	
	0.233863	
	0.229781	
	0.236043	
	0.243013	
	0.233202	
	0.211178	
	0.203011	
	0.220936	
	0.225058	
	0.184460	
	0.151783	
	0.171530	
	0.165658	
	0.156938	
	0.238653	
	0.291930	
	0.225803	
	0.176880	
	0.142890	
	0.187530	
	0.201859	
	0.309466	
	0.290928	
	0.227733	
	0.223288	
	0.240006	
	0.233445	
	0.236023	
	0.235950	
	0.426088	
	0.369898	
	0.302349	
	0.273583	
	0.251795	
	0.313318	
	0.247163	
	0.227392	
	0.178780	
	0.228044	
	0.272135	
	0.241117	
	0.225866	
	0.207555	
	0.172401	
	0.170652	
	0.192707	
	0.134857	
	0.177289	
	0.120504	
	0.130000	
	0.232243	
	0.203281	
	0.192817	
	0.222347	
	0.308151	
	0.331491	
	0.333025	
	0.329512	
	0.323131	
	0.301927	
	0.292196	
	0.302918	
	0.306991	
	0.250620	
	0.214152	
	0.233322	
	0.244138	
	0.253412	
	0.274462	
	0.281251	
	0.198818	
	0.144553	
	0.164281	
	0.195616	
	0.205742	
	0.390808	
	0.326323	
	0.244747	
	0.202062	
	0.182250	
	0.194217	
	0.274382	
	0.292061	
	0.149519	
	0.185905	
	0.162957	
	0.236436	
	0.318487	
	0.298364	
	0.206227	
	0.164372	
	0.181413	
	0.159846	
	0.161449	
	0.252610	
	0.219894	
	0.179853	
	0.123433	
	0.111243	
	0.121090	
	0.142800	
	0.259642	
	0.255226	
	0.188887	
	0.159351	
	0.176847	
	0.201445	
	0.186450	
	0.221018	
	0.230746	
	0.250848	
	0.232279	
	0.216895	
	0.211992	
	0.201825	
	0.212167	
	0.253899	
	0.210927	
	0.190986	
	0.180219	
	0.163272	
	0.186648	
	0.180147	
	0.134011	
	0.144319	
	0.153568	
	0.148463	
	0.162631	
	0.214504	
	0.185432	
	0.195346	
	0.139157	
	0.135149	
	0.139595	
	0.138658	
	0.190459	
	0.397435	
	0.404549	
	0.314355	
	0.295544	
	0.302446	
	0.301640	
	0.337240	
	0.280045	
	0.236774	
	0.229966	
	0.234773	
	0.252316	
	0.259213	
	0.332340	
	0.192276	
	0.156676	
	0.169478	
	0.167773	
	0.159572	
	0.164538	
	0.220295	
	0.140889	
	0.238216	
	0.254784	
	0.286451	
	0.265012	
	0.238909	
	0.220608	
	0.196489	
	0.207679	
	0.182824	
	0.265774	
	0.412279	
	0.454814	
	0.284317	
	0.215987	
	0.235452	
	0.244172	
	0.203628	
	0.207591	
	0.330091	
	0.223346	
	0.159172	
	0.200873	
	0.750155	
	0.828973	
	0.804584	
	0.787271	
	0.438850	
	0.383721	
	0.360092	
	0.323752	
	0.305502	
	0.252097	
	0.246035	
	0.250654	
	0.235426	
	0.234202	
	0.298658	
	0.480048	
	0.542506	
	0.402621	
	0.212394	
	0.189168	
	0.215320	
	0.205857	
	0.235690	
	0.212982	
	0.188119	
	0.165912	
	0.146131	
	0.191406	
	0.280887	
	0.664602	
	0.293759	
	0.218471	
	0.179959	
	0.222651	
	0.196863	
	0.179953	
	0.170292	
	0.166359	
	0.144908	
	0.146778	
	0.127412	
	0.140508	
	0.283033	
	0.380494	
	0.323828	
	0.191866	
	0.162179	
	0.154701	
	0.149335	
	0.199981	
	0.277962	
	0.175266	
	0.193651	
	0.197236	
	0.189637	
	0.160297	
	0.249693	
	0.201463	
	0.198618	
	0.207403	
	0.197189	
	0.205529	
	0.212251	
	0.383191	
	0.342591	
	0.321579	
	0.314573	
	0.286068	
	0.269011	
	0.320425	
	0.316611	
	0.246759	
	0.264119	
	0.224388	
	0.210712	
	0.223091	
	0.414593	
	0.255059	
	0.203342	
	0.203663	
	0.213195	
	0.209168	
	0.362579	
	0.232310	
	0.213907	
	0.243397	
	0.290821	
	0.273189	
	0.281593	
	0.280675	
	0.261772	
	0.286213	
	0.206449	
	0.149436	
	0.156059	
	0.150015	
	0.158008	
	0.217530	
	0.222192	
	0.213167	
	0.191776	
	0.169447	
	0.268126	
	0.316171	
	0.280078	
	0.187711	
	0.157009	
	0.278461	
	0.731607	
	0.671163	
	0.261336	
	0.217865	
	0.226450	
	0.199615	
	0.193683	
	0.202622	
	0.211413	
	0.400627	
	0.697820	
	0.734123	
	0.729002	
	0.604892	
	0.351444	
	0.333228	
	0.325358	
	0.248597	
	0.269706	
	0.278066	
	0.291094	
	0.300214	
	0.274528	
	0.362304	
	0.330577	
	0.414604	
	0.475812	
	0.417177	
	0.287914	
	0.330313	
	0.271484	
	0.250087	
	0.234129	
	0.257253	
	0.239491	
	0.221592	
	0.202077	
	0.151607	
	0.165719	
	0.173471	
	0.173244	
	0.183803	
	0.242143	
	0.138999	
	0.102366	
	0.122620	
	0.117398	
	0.293684	
	0.256140	
	0.182978	
	0.152892	
	0.169674	
	0.179844	
	0.175565	
	0.261545	
	0.284581	
	0.187185	
	0.154826	
	0.142456	
	0.136387	
	0.133755	
	0.145336	
	0.271466	
	0.369963	
	0.300279	
	0.278389	
	0.304557	
	0.309955	
	0.334330	
	0.338212	
	0.305919	
	0.278007	
	0.273038	
	0.360599	
	0.313077	
	0.257553	
	0.224054	
	0.211289	
	0.177292	
	0.179121	
	0.230778	
	0.384531	
	0.461897	
	0.413157	
	0.356207	
	0.370242	
	0.357011	
	0.337374	
	0.317327	
	0.321602	
	0.309370	
	0.367721	
	0.429386	
	0.411735	
	0.489626	
	0.532441	
	0.435906	
	0.387021	
	0.329524	
	0.343719	
	0.337901	
	0.306717	
	0.279312	
	0.289161	
	0.303202	
	0.434500	
	0.547295	
	0.484595	
	0.512609	
	0.500634	
	0.456538	
	0.422722	
	0.415285	
	0.418777	
	0.413035	
	0.433248	
	0.427105	
	0.450227	
	0.430783	
	0.419476	
	0.416656	
	0.489879	
	0.563303	
	0.488275	
	0.486891	
	0.438952	
	0.386114	
	0.372506	
	0.353103	
	0.321478	
	0.294173	
	0.474182	
	0.677316	
	0.834017	
	0.411242	
	0.418826	
	0.398409	
	0.361447	
	0.383970	
	0.364078	
	0.340617	
	0.362417	
	0.354017	
	0.642077	
	0.832800	
	0.848623	
	0.833054	
	0.714845	
	0.481462	
	0.495231	
	0.541475	
	0.556129	
	0.492229	
	0.491416	
	0.455978	
	0.502943	
	0.495676	
	0.438427	
	0.411515	
	0.389359	
	0.372008	
	0.435180	
	0.375290	
	0.314694	
	0.344484	
	0.347482	
	0.296197	
	0.267526	
	0.249779	
	0.311618	
	0.311797	
	0.264639	
	0.277974	
	0.280850	
	0.272454	
	0.280469	
	0.265358	
	0.239563	
	0.225065	
	0.203907	
	0.214571	
	0.185535	
	0.193588	
	0.285047	
	0.677085	
	0.812430	
	0.723385	
	0.363435	
	0.342381	
	0.486931	
	0.680850	
	0.763344	
	0.733135	
	0.529814	
	0.453616	
	0.451433	
	0.502906	
	0.542550	
	0.538777	
	0.549657	
	0.550891	
	0.424837	
	0.492744	
	0.556078	
	0.591808	
	0.549528	
	0.345185	
	0.372836	
	0.362671	
	0.321607	
	0.326975	
	0.337023	
	0.352433	
	0.496316	
	0.483728	
	0.287369	
	0.305412	
	0.305757	
	0.335126	
	0.359599	
	0.331501	
	0.346777	
	0.304989	
	0.330303	
	0.407894	
	0.318315	
	0.338141	
	0.303274	
	0.337822	
	0.338643	
	0.361769	
	0.353040	
	0.295193	
	0.237208	
	0.218408	
	0.218326	
	0.235669	
	0.187109	
	0.197997	
	0.193023	
	0.209236	
	0.297011	
	0.342385	
	0.378413	
	0.316334	
	0.312573	
	0.285771	
	0.307973	
	0.289932	
	0.271093	
	0.307061	
	0.325220	
	0.274365	
	0.270271	
	0.267336	
	0.238993	
	0.196788	
	0.186663	
	0.207040	
	0.191583	
	0.189137	
	0.188118	
	0.234471	
	0.329148	
	0.239415	
	0.259277	
	0.238928	
	0.297298	
	0.423326	
	0.366638	
	0.284308	
	0.259833	
	0.256487	
	0.262649	
	0.253672	
	0.295557	
	0.295842	
	0.319108	
	0.289758	
	0.294782	
	0.300397	
	0.304912	
	0.404030	
	0.265379	
	0.252716	
	0.273900	
	0.325547	
	0.331835	
	0.335569	
	0.297527	
	0.252018	
	0.197035	
	0.210774	
	0.442361	
	0.807455	
	0.558844	
	0.265371	
	0.445571	
	0.328059	
	0.291988	
	0.301435	
	0.283360	
	0.258173	
	0.259551	
	0.289367	
	0.325802	
	0.433793	
	0.707594	
	0.777413	
	0.410698	
	0.342432	
	0.379914	
	0.384540	
	0.438978	
	0.416348	
	0.353715	
	0.302022	
	0.243393	
	0.184874	
	0.185763	
	0.183527	
	0.244397	
	0.293222	
	0.300524	
	0.313057	
	0.186558	
	0.148768	
	0.533586	
	0.813907	
	0.769315	
	0.508487	
	0.450846	
	0.459983	
	0.414241	
	0.407308	
	0.376081	
	0.357588	
	0.297926	
	0.234108	
	0.218153	
	0.186895	
	0.181271	
	0.433580	
	0.548065	
	0.442939	
	0.351436	
	0.373407	
	0.324384	
	0.341490	
	0.342387	
	0.377697	
	0.353213	
	0.337586	
	0.339442	
	0.361811	
	0.372246	
	0.351268	
	0.262536	
	0.471329	
	0.796006	
	0.765593	
	0.607607	
	0.350385	
	0.337125	
	0.300228	
	0.298689	
	0.255252	
	0.224500	
	0.211731	
	0.203400	
	0.191698	
	0.629518	
	0.790921	
	0.845404	
	0.844000	
	0.697604	
	0.355490	
	0.388398	
	0.318722	
	0.276441	
	0.296159	
	0.264480	
	0.241772	
	0.295964	
	0.281056	
	0.295133	
	0.297671	
	0.276073	
	0.255075	
	0.263118	
	0.526070	
	0.536309	
	0.529621	
	0.553291	
	0.564800	
	0.515594	
	0.523936	
	0.415954	
	0.355635	
	0.324834	
	0.329166	
	0.407320	
	0.541778	
	0.540458	
	0.431482	
	0.497532	
	0.433434	
	0.437366	
	0.456864	
	0.386260	
	0.387884	
	0.411391	
	0.403331	
	0.453070	
	0.470631	
	0.541826	
	0.439845	
	0.334415	
	0.349697	
	0.362946	
	0.345715	
	0.306603	
	0.423742	
	0.284296	
	0.248699	
	0.203518	
	0.223418	
	0.347242	
	0.460286	
	0.571091	
	0.436808	
	0.358377	
	0.346888	
	0.402290	
	0.401171	
	0.321717	
	0.390949	
	0.339205	
	0.323667	
	0.332389	
	0.361924	
	0.484724	
	0.596787	
	0.423540	
	0.181792	
	0.227689	
	0.317742	
	0.335446	
	0.294261	
	0.311585	
	0.302170	
	0.329199	
	0.526152	
	0.793796	
	0.831104	
	0.842175	
	0.785473	
	0.562621	
	0.408988	
	0.408037	
	0.387493	
	0.378290	
	0.349334	
	0.346461	
	0.313882	
	0.306207	
	0.309264	
	0.294708	
	0.343236	
	0.307869	
	0.298494	
	0.280572	
	0.309601	
	0.255175	
	0.256534	
	0.255517	
	0.401348	
	0.363478	
	0.321389	
	0.275665	
	0.278535	
	0.302591	
	0.392647	
	0.381763	
	0.285199	
	0.237403	
	0.220384	
	0.216879	
	0.219168	
	0.201987	
	0.348945	
	0.406179	
	0.375131	
	0.303691	
	0.312935	
	0.285870	
	0.292054	
	0.295573	
	0.341952	
	0.327511	
	0.305035	
	0.267900	
	0.276426	
	0.266002	
	0.258089	
	0.223001	
	0.209414	
	0.184061	
	0.265650	
	0.517430	
	0.438427	
	0.519479	
	0.476249	
	0.414300	
	0.368900	
	0.400822	
	0.430053	
	0.367492	
	0.502920	
	0.797751	
	0.817136	
	0.846403	
	0.850593	
	0.800312	
	0.404558	
	0.421716	
	0.453037	
	0.460580	
	0.460856	
	0.456875	
	0.481975	
	0.427661	
	0.346653	
	0.579651	
	0.604414	
	0.589354	
	0.433051	
	0.208613	
	0.266453	
	0.251302	
	0.255267	
	0.239323	
	0.334343	
	0.467001	
	0.337414	
	0.233280	
	0.321874	
	0.343103	
	0.338481	
	0.301375	
	0.233348	
	0.227117	
	0.195715	
	0.184997	
	0.239751	
	0.521875	
	0.511910	
	0.493495	
	0.534432	
	0.823334	
	0.820458	
	0.756990	
	0.415598	
	0.382012	
	0.276254	
	0.276587	
	0.296689	
	0.321216	
	0.316127	
	0.294122	
	0.314594	
	0.325067	
	0.353983	
	0.287453	
	0.360076	
	0.543345	
	0.583118	
	0.367920	
	0.346339	
	0.308827	
	0.341610	
	0.303235	
	0.245000	
	0.254318	
	0.289932	
	0.252701	
	0.545166	
	0.792905	
	0.796173	
	0.806931	
	0.658943	
	0.347981	
	0.348983	
	0.326740	
	0.282739	
	0.292509	
	0.308096	
	0.276806	
	0.261060	
	0.248869	
	0.252343	
	0.259820	
	0.286405	
	0.266066	
	0.271612	
	0.300373	
	0.310220	
	0.426086	
	0.472125	
	0.459689	
	0.439508	
	0.386956	
	0.326901	
	0.274213	
	0.279994	
	0.290176	
	0.458938	
	0.481611	
	0.471536	
	0.365828	
	0.359326	
	0.383034	
	0.471885	
	0.550112	
	0.491641	
	0.486565	
	0.527696	
	0.444851	
	0.752949	
	0.677007	
	0.417914	
	0.398581	
	0.387904	
	0.449901	
	0.446375	
	0.468086	
	0.439832	
	0.450566	
	0.365028	
	0.362818	
	0.340466	
	0.296784	
	0.301467	
	0.351952	
	0.359053	
	0.382590	
	0.335527	
	0.294777	
	0.282008	
	0.313552	
	0.341366	
	0.222692	
	0.209196	
	0.202874	
	0.254112	
	0.397277	
	0.513084	
	0.285513	
	0.355700	
	0.365111	
	0.413534	
	0.380589	
	0.412135	
	0.415808	
	0.372094	
	0.292139	
	0.393169	
	0.380918	
	0.412845	
	0.375003	
	0.256817	
	0.324722	
	0.335155	
	0.342776	
	0.362324	
	0.319002	
	0.301802	
	0.318507	
	0.292218	
	0.266711	
	0.222699	
	0.244348	
	0.275695	
	0.225092	
	0.160339	
	0.122933	
	0.140223	
	0.123149	
	0.120684	
	0.124884	
	0.262046	
	0.334912	
	0.225788	
	0.200122	
	0.172556	
	0.184111	
	0.341488	
	0.355954	
	0.309054	
	0.187804	
	0.126524	
	0.122792	
	0.116018	
	0.138071	
	0.178482	
	0.163509	
	0.156923	
	0.128943	
	0.161071	
	0.168202	
	0.262796	
	0.311008	
	0.301172	
	0.174933	
	0.168342	
	0.160239	
	0.144382	
	0.128867	
	0.112021	
	0.095207	
	0.094819	
	0.084398	
	0.095689	
	0.142075	
	0.285909	
	0.287312	
	0.226159	
	0.210533	
	0.219068	
	0.208169	
	0.213997	
	0.261915	
	0.243883	
	0.501678	
	0.635549	
	0.668483	
	0.712263	
	0.699095	
	0.567696	
	0.422434	
	0.469840	
	0.497379	
	0.536374	
	0.470199	
	0.484665	
	0.414900	
	0.477801	
	0.324971	
	0.310043	
	0.314280	
	0.300577	
	0.230831	
	0.277860	
	0.255429	
	0.277212	
	0.334416	
	0.359194	
	0.354089	
	0.287549	
	0.299350	
	0.370911	
	0.268260	
	0.257737	
	0.284764	
	0.254393	
	0.247710	
	0.229930	
	0.297284	
	0.298342	
	0.283436	
	0.343221	
	0.310472	
	0.343432	
	0.339348	
	0.349227	
	0.408910	
	0.782882	
	0.793249	
	0.459205	
	0.340552	
	0.300552	
	0.278383	
	0.243864	
	0.221395	
	0.232669	
	0.214181	
	0.200142	
	0.209633	
	0.201073	
	0.243959	
	0.691265	
	0.675120	
	0.399796	
	0.355134	
	0.355198	
	0.368705	
	0.350917	
	0.311551	
	0.444028	
	0.596689	
	0.703155	
	0.613285	
	0.390804	
	0.309670	
	0.298480	
	0.265856	
	0.241937	
	0.217584	
	0.205765	
	0.224431	
	0.206285	
	0.204006	
	0.316629	
	0.282153	
	0.251996	
	0.253843	
	0.247407	
	0.235395	
	0.311638	
	0.272515	
	0.214764	
	0.318709	
	0.397175	
	0.402936	
	0.373144	
	0.315174	
	0.282713	
	0.264487	
	0.269958	
	0.721399	
	0.663160	
	0.440290	
	0.380393	
	0.310721	
	0.267341	
	0.265945	
	0.258111	
	0.238140	
	0.247151	
	0.196967	
	0.198255	
	0.213791	
	0.181917	
	0.182878	
	0.252671	
	0.317960	
	0.324872	
	0.431257	
	0.750564	
	0.766071	
	0.412658	
	0.302578	
	0.406679	
	0.389482	
	0.392046	
	0.658168	
	0.868222	
	0.809346	
	0.740092	
	0.376755	
	0.371925	
	0.353187	
	0.336706	
	0.300794	
	0.270821	
	0.330128	
	0.416536	
	0.742044	
	0.819071	
	0.804169	
	0.658646	
	0.519609	
	0.449668	
	0.439655	
	0.473860	
	0.374659	
	0.425293	
	0.368001	
	0.359317	
	0.347979	
	0.433617	
	0.307778	
	0.267610	
	0.295246	
	0.221518	
	0.274525	
	0.296987	
	0.232924	
	0.248032	
	0.279264	
	0.241722	
	0.243942	
	0.239289	
	0.228698	
	0.241472	
	0.191628	
	0.151872	
	0.156657	
	0.145129	
	0.173843	
	0.192495	
	0.155066	
	0.143222	
	0.142324	
	0.175270	
	0.201538	
	0.403534	
	0.336053	
	0.250314	
	0.229459	
	0.237333	
	0.266800	
	0.298549	
	0.218869	
	0.142914	
	0.151920	
	0.155603	
	0.141761	
	0.132173	
	0.167247	
	0.292015	
	0.237228	
	0.197771	
	0.194034	
	0.225205	
	0.322097	
	0.266193	
	0.236598	
	0.214391	
	0.259747	
	0.266648	
	0.267083	
	0.291366	
	0.404118	
	0.292225	
	0.328809	
	0.421464	
	0.727637	
	0.744077	
	0.519146	
	0.384280	
	0.294759	
	0.303360	
	0.349695	
	0.396841	
	0.395930	
	0.338059	
	0.398451	
	0.407222	
	0.347128	
	0.330053	
	0.629410	
	0.651134	
	0.331448	
	0.345711	
	0.381139	
	0.363317	
	0.337009	
	0.336300	
	0.339017	
	0.315481	
	0.333777	
	0.280296	
	0.293897	
	0.363827	
	0.500872	
	0.289815	
	0.295324	
	0.226029	
	0.220860	
	0.221357	
	0.217586	
	0.211086	
	0.200346	
	0.198941	
	0.188825	
	0.176597	
	0.178622	
	0.216518	
	0.294472	
	0.271991	
	0.264502	
	0.250053	
	0.265355	
	0.248342	
	0.263018	
	0.283235	
	0.283053	
	0.396063	
	0.437973	
	0.362196	
	0.706422	
	0.710815	
	0.313430	
	0.268850	
	0.273122	
	0.269513	
	0.312551	
	0.305494	
	0.280373	
	0.293200	
	0.324564	
	0.404320	
	0.727634	
	0.755416	
	0.777379	
	0.607335	
	0.434851	
	0.391777	
	0.356008	
	0.312020	
	0.313618	
	0.356035	
	0.341658	
	0.355588	
	0.320063	
	0.279651	
	0.293937	
	0.299398	
	0.400735	
	0.402171	
	0.412572	
	0.474908	
	0.486551	
	0.492507	
	0.502814	
	0.557458	
	0.461754	
	0.354161	
	0.446036	
	0.503664	
	0.458444	
	0.429663	
	0.311761	
	0.354796	
	0.453160	
	0.462883	
	0.476259	
	0.470050	
	0.440784	
	0.461434	
	0.486637	
	0.376806	
	0.335574	
	0.334346	
	0.374286	
	0.372286	
	0.430885	
	0.396703	
	0.305666	
	0.298443	
	0.253415	
	0.221650	
	0.217092	
	0.228358	
	0.267648	
	0.289625	
	0.329150	
	0.349378	
	0.342025	
	0.326838	
	0.339067	
	0.254948	
	0.225069	
	0.376801	
	0.603337	
	0.537875	
	0.589996	
	0.522084	
	0.450896	
	0.547694	
	0.608011	
	0.489510	
	0.262478	
	0.271770	
	0.232075	
	0.203141	
	0.189472	
	0.197187	
	0.200346	
	0.221140	
	0.358017	
	0.347096	
	0.361403	
	0.422384	
	0.366601	
	0.266409	
	0.371456	
	0.328839	
	0.314523	
	0.308868	
	0.309339	
	0.277314	
	0.273145	
	0.310154	
	0.280682	
	0.330122	
	0.333031	
	0.316131	
	0.270432	
	0.318382	
	0.344243	
	0.292975	
	0.275616	
	0.252683	
	0.253717	
	0.245305	
	0.272827	
	0.302545	
	0.276785	
	0.283865	
	0.341190	
	0.375577	
	0.298024	
	0.304633	
	0.324231	
	0.288049	
	0.311726	
	0.364734	
	0.379388	
	0.403959	
	0.343182	
	0.259271	
	0.261220	
	0.286657	
	0.296656	
	0.290069	
	0.276305	
	0.236365	
	0.175186	
	0.177228	
	0.182604	
	0.239628	
	0.311822	
	0.397793	
	0.282562	
	0.287132	
	0.321616	
	0.329448	
	0.405311	
	0.364350	
	0.376263	
	0.402314	
	0.457047	
	0.454398	
	0.456813	
	0.437615	
	0.429702	
	0.452766	
	0.446159	
	0.359062	
	0.429856	
	0.493957	
	0.492636	
	0.457135	
	0.471769	
	0.389315	
	0.418000	
	0.480026	
	0.547244	
	0.508760	
	0.387615	
	0.358333	
	0.358944	
	0.456738	
	0.548557	
	0.483978	
	0.501353	
	0.456127	
	0.483102	
	0.415030	
	0.426551	
	0.484296	
	0.424671	
	0.458352	
	0.435526	
	0.440194	
	0.713744	
	0.822149	
	0.529264	
	0.374056	
	0.322285	
	0.320912	
	0.290552	
	0.313398	
	0.414447	
	0.485080	
	0.429178	
	0.420885	
	0.425489	
	0.395127	
	0.361315	
	0.329915	
	0.291433	
	0.292185	
	0.314228	
	0.737915	
	0.755153	
	0.732307	
	0.531030	
	0.520786	
	0.531726	
	0.765466	
	0.880286	
	0.845037	
	0.780660	
	0.425810	
	0.386223	
	0.405230	
	0.405436	
	0.366837	
	0.362816	
	0.332914	
	0.311574	
	0.330352	
	0.369791	
	0.383811	
	0.473357	
	0.469152	
	0.424361	
	0.456101	
	0.484126	
	0.482386	
	0.519562	
	0.549040	
	0.563791	
	0.517424	
	0.445210	
	0.428903	
	0.369505	
	0.385312	
	0.537622	
	0.448532	
	0.438117	
	0.464124	
	0.494363	
	0.505992	
	0.462897	
	0.495588	
	0.510244	
	0.388972	
	0.509781	
	0.780818	
	0.694434	
	0.449482	
	0.294709	
	0.270371	
	0.342171	
	0.404539	
	0.393555	
	0.362772	
	0.305398	
	0.333015	
	0.622609	
	0.851250	
	0.863687	
	0.880620	
	0.840590	
	0.453472	
	0.364629	
	0.277310	
	0.305152	
	0.283727	
	0.282473	
	0.250040	
	0.233373	
	0.245313	
	0.226704	
	0.238557	
	0.209466	
	0.206316	
	0.222079	
	0.222067	
	0.211834	
	0.206369	
	0.238378	
	0.269295	
	0.333117	
	0.425381	
	0.437310	
	0.748481	
	0.832751	
	0.825607	
	0.700832	
	0.614590	
	0.352229	
	0.357936	
	0.384976	
	0.329016	
	0.347423	
	0.549799	
	0.300723	
	0.326750	
	0.301437	
	0.256115	
	0.299708	
	0.291554	
	0.321340	
	0.418889	
	0.636010	
	0.785530	
	0.832149	
	0.843334	
	0.828734	
	0.659193	
	0.438974	
	0.465025	
	0.538653	
	0.672009	
	0.563615	
	0.377633	
	0.345229	
	0.347253	
	0.263860	
	0.241450	
	0.232315	
	0.258454	
	0.244673	
	0.236223	
	0.237231	
	0.237138	
	0.235006	
	0.242455	
	0.284905	
	0.241423	
	0.219268	
	0.187278	
	0.183942	
	0.181498	
	0.190019	
	0.327816	
	0.370430	
	0.261078	
	0.212919	
	0.215620	
	0.261560	
	0.299451	
	0.339112	
	0.430467	
	0.152979	
	0.142678	
	0.142519	
	0.139653	
	0.138712	
	0.329718	
	0.330175	
	0.233464	
	0.201365	
	0.178752	
	0.212119	
	0.271048	
	0.264580	
	0.201258	
	0.235391	
	0.237918	
	0.254443	
	0.290319	
	0.336492	
	0.301531	
	0.306277	
	0.280386	
	0.282916	
	0.725732	
	0.844487	
	0.678751	
	0.492755	
	0.451146	
	0.396658	
	0.394276	
	0.402006	
	0.398078	
	0.408512	
	0.418807	
	0.389452	
	0.357791	
	0.357228	
	0.340396	
	0.459337	
	0.308542	
	0.267393	
	0.260004	
	0.299303	
	0.288671	
	0.324048	
	0.368716	
	0.378596	
	0.262034	
	0.302412	
	0.460541	
	0.501532	
	0.491280	
	0.499890	
	0.430265	
	0.403502	
	0.409254	
	0.406351	
	0.362614	
	0.397598	
	0.447195	
	0.392492	
	0.647850	
	0.677973	
	0.659222	
	0.657967	
	0.518588	
	0.343296	
	0.364570	
	0.349126	
	0.369814	
	0.390424	
	0.467321	
	0.392432	
	0.397094	
	0.366978	
	0.424693	
	0.427868	
	0.592279	
	0.408861	
	0.284548	
	0.266012	
	0.261952	
	0.224215	
	0.186466	
	0.219277	
	0.244762	
	0.229478	
	0.235612	
	0.234746	
	0.267885	
	0.273100	
	0.269977	
	0.244713	
	0.240109	
	0.244989	
	0.236916	
	0.253226	
	0.274942	
	0.374971	
	0.326786	
	0.257879	
	0.281799	
	0.235371	
	0.271165	
	0.282646	
	0.302643	
	0.300512	
	0.244354	
	0.263039	
	0.230460	
	0.240176	
	0.298045	
	0.370076	
	0.339462	
	0.290600	
	0.328670	
	0.418881	
	0.515889	
	0.459532	
	0.352045	
	0.349793	
	0.336616	
	0.322468	
	0.344623	
	0.470600	
	0.498327	
	0.456310	
	0.335664	
	0.466277	
	0.564579	
	0.644547	
	0.523863	
	0.251116	
	0.391767	
	0.395540	
	0.432029	
	0.465691	
	0.451418	
	0.526080	
	0.501704	
	0.391383	
	0.346109	
	0.664181	
	0.689149	
	0.481286	
	0.450762	
	0.455906	
	0.437099	
	0.390689	
	0.358959	
	0.379738	
	0.405186	
	0.423441	
	0.416435	
	0.415854	
	0.499904	
	0.511034	
	0.606540	
	0.415269	
	0.422170	
	0.488852	
	0.550462	
	0.547626	
	0.535925	
	0.507630	
	0.539523	
	0.565850	
	0.529778	
	0.395813	
	0.430135	
	0.456464	
	0.499688	
	0.376041	
	0.383268	
	0.381651	
	0.464154	
	0.435823	
	0.532229	
	0.568813	
	0.808399	
	0.884775	
	0.873883	
	0.891463	
	0.714680	
	0.375041	
	0.354418	
	0.352095	
	0.393405	
	0.375591	
	0.378918	
	0.362052	
	0.319922	
	0.377741	
	0.368613	
	0.374607	
	0.331591	
	0.402704	
	0.402703	
	0.378775	
	0.379563	
	0.387550	
	0.360585	
	0.351505	
	0.438443	
	0.432193	
	0.381815	
	0.358322	
	0.404361	
	0.398536	
	0.390423	
	0.338825	
	0.386224	
	0.332822	
	0.300753	
	0.336630	
	0.323304	
	0.316976	
	0.345742	
	0.300579	
	0.437058	
	0.466368	
	0.379758	
	0.394820	
	0.448423	
	0.572322	
	0.565243	
	0.629390	
	0.640805	
	0.642946	
	0.569564	
	0.577966	
	0.588349	
	0.611997	
	0.430981	
	0.416612	
	0.410084	
	0.392101	
	0.490398	
	0.335483	
	0.323473	
	0.282875	
	0.318985	
	0.396965	
	0.384530	
	0.412387	
	0.414559	
	0.416559	
	0.414710	
	0.353256	
	0.376328	
	0.464718	
	0.528387	
	0.429773	
	0.397452	
	0.410220	
	0.403159	
	0.397473	
	0.422395	
	0.396990	
	0.469531	
	0.430014	
	0.510771	
	0.550864	
	0.554582	
	0.498491	
	0.261141	
	0.319371	
	0.360905	
	0.352255	
	0.367162	
	0.349195	
	0.432382	
	0.491700	
	0.418682	
	0.372130	
	0.345121	
	0.291866	
	0.406488	
	0.385950	
	0.383177	
	0.339903	
	0.326869	
	0.313806	
	0.367172	
	0.448830	
	0.360667	
	0.314059	
	0.301658	
	0.324172	
	0.294899	
	0.314386	
	0.329470	
	0.325600	
	0.289841	
	0.253860	
	0.323510	
	0.312079	
	0.301293	
	0.306558	
	0.304408	
	0.293367	
	0.329931	
	0.353752	
	0.356319	
	0.406010	
	0.333087	
	0.339104	
	0.339971	
	0.303337	
	0.320431	
	0.299328	
	0.347738	
	0.305944	
	0.323845	
	0.317921	
	0.354739	
	0.332515	
	0.355286	
	0.334601	
	0.335413	
	0.378308	
	0.380830	
	0.429197	
	0.439579	
	0.387575	
	0.431267	
	0.400669	
	0.397848	
	0.376803	
	0.377822	
	0.436552	
	0.489472	
	0.449393	
	0.477041	
	0.491861	
	0.443678	
	0.453889	
	0.514023	
	0.355958	
	0.301836	
	0.334278	
	0.426003	
	0.394872	
	0.310845	
	0.331093	
	0.366175	
	0.405136	
	0.427678	
	0.440105	
	0.405435	
	0.379366	
	0.373591	
	0.374211	
	0.411282	
	0.379020	
	0.337665	
	0.403633	
	0.444865	
	0.415889	
	0.366739	
	0.344641	
	0.368203	
	0.401627	
	0.433298	
	0.396290	
	0.320594	
	0.358608	
	0.434794	
	0.535153	
	0.502646	
	0.306523	
	0.322737	
	0.306586	
	0.303860	
	0.320022	
	0.329169	
	0.378257	
	0.476853	
	0.414428	
	0.436387	
	0.381021	
	0.345523	
	0.379556	
	0.441601	
	0.417328	
	0.415419	
	0.402873	
	0.388058	
	0.450401	
	0.460751	
	0.450685	
	0.384614	
	0.390354	
	0.389127	
	0.377022	
	0.390348	
	0.400182	
	0.357878	
	0.384594	
	0.458985	
	0.401741	
	0.333280	
	0.377818	
	0.389045	
	0.372213	
	0.383219	
	0.405373	
	0.350609	
	0.356664	
	0.386959	
	0.440202	
	0.378214	
	0.371190	
	0.385486	
	0.375890	
	0.386527	
	0.447381	
	0.341525	
	0.341806	
	0.361279	
	0.373269	
	0.343052	
	0.321718	
	0.291218	
	0.311265	
	0.356731	
	0.339177	
	0.387068	
	0.390802	
	0.431709	
	0.374202	
	0.379555	
	0.394137	
	0.437967	
	0.485125	
	0.566668	
	0.560456	
	0.612475	
	0.611352	
	0.570571	
	0.536891	
	0.524226	
	0.522993	
	0.488701	
	0.464088	
	0.362463	
	0.445630	
	0.370648	
	0.316946	
	0.346262	
	0.359158	
	0.387646	
	0.467994	
	0.431049	
	0.412270	
	0.436954	
	0.375792	
	0.410041	
	0.474718	
	0.438435	
	0.411258	
	0.387070	
	0.475680	
	0.442411	
	0.409903	
	0.437819	
	0.425597	
	0.400464	
	0.358225	
	0.372198	
	0.422641	
	0.405411	
	0.389317	
	0.432395	
	0.360459	
	0.377916	
	0.386614	
	0.421124	
	0.463644	
	0.414098	
	0.416922	
	0.401033	
	0.430776	
	0.554545	
	0.551921	
	0.503064	
	0.482632	
	0.488961	
	0.556425	
	0.547663	
	0.560410	
	0.598537	
	0.610488	
	0.563522	
	0.569318	
	0.552134	
	0.458455	
	0.485173	
	0.541350	
	0.505402	
	0.439130	
	0.341691	
	0.363069	
	0.313950	
	0.296858	
	0.329942	
	0.376830	
	0.401866	
	0.350377	
	0.358063	
	0.365615	
	0.353778	
	0.398946	
	0.407111	
	0.446297	
	0.439661	
	0.342990	
	0.383362	
	0.411894	
	0.383936	
	0.408337	
	0.463876	
	0.349338	
	0.375708	
	0.437699	
	0.468034	
	0.554375	
	0.518046	
	0.381566	
	0.346281	
	0.325685	
	0.323804	
	0.329700	
	0.369789	
	0.474788	
	0.426987	
	0.332527	
	0.359500	
	0.341963	
	0.383200	
	0.446986	
	0.492231	
	0.425133	
	0.424527	
	0.373995	
	0.418615	
	0.440289	
	0.403436	
	0.411284	
	0.382554	
	0.375702	
	0.362183	
	0.499194	
	0.387768	
	0.330928	
	0.282155	
	0.329131	
	0.269686	
	0.238488	
	0.299346	
	0.283557	
	0.298601	
	0.294981	
	0.303726	
	0.289811	
	0.296643	
	0.404721	
	0.448750	
	0.358818	
	0.315181	
	0.341162	
	0.347956	
	0.349613	
	0.394599	
	0.416377	
	0.378609	
	0.351668	
	0.318861	
	0.320119	
	0.320442	
	0.328191	
	0.324142	
	0.309296	
	0.300032	
	0.333468	
	0.308846	
	0.316154	
	0.378299	
	0.422629	
	0.368518	
	0.335133	
	0.329302	
	0.407699	
	0.413372	
	0.347198	
	0.364814	
	0.328135	
	0.322011	
	0.311967	
	0.292151	
	0.325299	
	0.300572	
	0.325972	
	0.348395	
	0.353943	
	0.351445	
	0.358523	
	0.274425	
	0.278198	
	0.283371	
	0.279734	
	0.263409	
	0.292152	
	0.307522	
	0.327939	
	0.327649	
	0.312472	
	0.340218	
	0.442248	
	0.395462	
	0.285848	
	0.277886	
	0.318101	
	0.346722	
	0.352682	
	0.320015	
	0.333611	
	0.308516	
	0.318836	
	0.374875	
	0.378690	
	0.406638	
	0.423405	
	0.325010	
	0.308124	
	0.304748	
	0.315847	
	0.336956	
	0.337173	
	0.417339	
	0.484046	
	0.427972	
	0.423431	
	0.487090	
	0.601279	
	0.593898	
	0.485251	
	0.450606	
	0.404618	
	0.422063	
	0.499049	
	0.505537	
	0.493940	
	0.523021	
	0.554508	
	0.513607	
	0.506257	
	0.537246	
	0.523294	
	0.556845	
	0.523679	
	0.477452	
	0.366069	
	0.358422	
	0.354952	
	0.342906	
	0.348063	
	0.317618	
	0.322934	
	0.345529	
	0.332370	
	0.341895	
	0.420413	
	0.393554	
	0.315942	
	0.339078	
	0.407101	
	0.399166	
	0.371172	
	0.372396	
	0.400088	
	0.341475	
	0.342986	
	0.331562	
	0.275409	
	0.315223	
	0.310496	
	0.310476	
	0.330026	
	0.315537	
	0.323077	
	0.309514	
	0.313554	
	0.350679	
	0.385932	
	0.319682	
	0.296623	
	0.332191	
	0.374573	
	0.396899	
	0.395772	
	0.360053	
	0.357772	
	0.382676	
	0.383346	
	0.381314	
	0.422993	
	0.664426	
	0.676456	
	0.700031	
	0.691952	
	0.635142	
	0.418110	
	0.377665	
	0.464083	
	0.485276	
	0.529045	
	0.503089	
	0.513925	
	0.539742	
	0.555797	
	0.564070	
	0.523557	
	0.499733	
	0.503286	
	0.539043	
	0.487246	
	0.515158	
	0.539958	
	0.499265	
	0.514114	
	0.513281	
	0.455800	
	0.431522	
	0.434608	
	0.459225	
	0.304760	
	0.269449	
	0.299366	
	0.295450	
	0.313414	
	0.303908	
	0.286511	
	0.292485	
	0.379533	
	0.447758	
	0.419893	
	0.396718	
	0.464341	
	0.476282	
	0.536981	
	0.468515	
	0.415860	
	0.442900	
	0.476905	
	0.483125	
	0.508664	
	0.459979	
	0.374278	
	0.449005	
	0.457681	
	0.344265	
	0.343827	
	0.370246	
	0.326573	
	0.313345	
	0.329234	
	0.336619	
	0.298749	
	0.294451	
	0.232353	
	0.294356	
	0.290828	
	0.335647	
	0.311036	
	0.365071	
	0.391737	
	0.454816	
	0.465665	
	0.390615	
	0.428980	
	0.417947	
	0.353542	
	0.320379	
	0.467344	
	0.462764	
	0.496520	
	0.439401	
	0.259859	
	0.257455	
	0.280798	
	0.317556	
	0.293354	
	0.289685	
	0.296676	
	0.334716	
	0.359573	
	0.487887	
	0.530587	
	0.535370	
	0.467695	
	0.373096	
	0.385401	
	0.469459	
	0.433717	
	0.403113	
	0.406750	
	0.455617	
	0.455796	
	0.501942	
	0.701483	
	0.765856	
	0.794624	
	0.812422	
	0.607349	
	0.464211	
	0.524240	
	0.530555	
	0.464455	
	0.545735	
	0.493272	
	0.443087	
	0.389260	
	0.407196	
	0.418656	
	0.372450	
	0.377471	
	0.412034	
	0.473419	
	0.493519	
	0.463702	
	0.402131	
	0.368473	
	0.342661	
	0.339795	
	0.359899	
	0.329965	
	0.328642	
	0.293025	
	0.279422	
	0.266476	
	0.315287	
	0.378101	
	0.359534	
	0.334887	
	0.290290	
	0.320124	
	0.311260	
	0.345041	
	0.396589	
	0.359786	
	0.366095	
	0.401106	
	0.406811	
	0.466629	
	0.539356	
	0.484150	
	0.481979	
	0.453886	
	0.479205	
	0.483953	
	0.533417	
	0.539295	
	0.456068	
	0.452926	
	0.457802	
	0.497379	
	0.435969	
	0.346403	
	0.326434	
	0.350455	
	0.379271	
	0.350343	
	0.359651	
	0.359303	
	0.321612	
	0.321803	
	0.295287	
	0.321023	
	0.333128	
	0.340577	
	0.374632	
	0.393738	
	0.345010	
	0.295780	
	0.313031	
	0.309152	
	0.322059	
	0.347865	
	0.278411	
	0.275405	
	0.311355	
	0.289185	
	0.354624	
	0.378381	
	0.264521	
	0.207526	
	0.183704	
	0.158001	
	0.162140	
	0.202891	
	0.404239	
	0.422561	
	0.289988	
	0.258970	
	0.244380	
	0.239689	
	0.424538	
	0.546216	
	0.374985	
	0.268637	
	0.245532	
	0.220729	
	0.290391	
	0.388391	
	0.295757	
	0.620882	
	0.788121	
	0.843041	
	0.744024	
	0.486652	
	0.261318	
	0.276823	
	0.299372	
	0.299580	
	0.315866	
	0.303855	
	0.327956	
	0.300768	
	0.339908	
	0.343994	
	0.434623	
	0.570848	
	0.453452	
	0.387280	
	0.320401	
	0.300498	
	0.360265	
	0.383430	
	0.335020	
	0.323867	
	0.242343	
	0.243094	
	0.255838	
	0.332742	
	0.382113	
	0.477757	
	0.309726	
	0.220280	
	0.170959	
	0.186147	
	0.167836	
	0.155943	
	0.231161	
	0.340834	
	0.297208	
	0.206444	
	0.197158	
	0.280951	
	0.426931	
	0.487202	
	0.291663	
	0.258522	
	0.289306	
	0.286138	
	0.287024	
	0.294033	
	0.279447	
	0.453450	
	0.706425	
	0.728409	
	0.542553	
	0.384868	
	0.293893	
	0.323022	
	0.360253	
	0.309494	
	0.342906	
	0.357731	
	0.320925	
	0.326289	
	0.389635	
	0.379139	
	0.414252	
	0.439834	
	0.475735	
	0.472210	
	0.454542	
	0.439681	
	0.474099	
	0.464191	
	0.493370	
	0.463448	
	0.377211	
	0.406514	
	0.424531	
	0.429401	
	0.380495	
	0.379484	
	0.334386	
	0.249281	
	0.256283	
	0.267545	
	0.256497	
	0.273472	
	0.299691	
	0.397713	
	0.316128	
	0.277612	
	0.337075	
	0.383594	
	0.507219	
	0.494718	
	0.453554	
	0.410932	
	0.357383	
	0.330320	
	0.347680	
	0.649015	
	0.819773	
	0.848482	
	0.836065	
	0.883164	
	0.731415	
	0.518140	
	0.580410	
	0.574250	
	0.595472	
	0.603805	
	0.565499	
	0.519967	
	0.508970	
	0.513558	
	0.532302	
	0.518873	
	0.554618	
	0.506036	
	0.553109	
	0.589510	
	0.576712	
	0.578491	
	0.575706	
	0.538774	
	0.472794	
	0.455817	
	0.490892	
	0.491003	
	0.475756	
	0.515753	
	0.524696	
	0.473626	
	0.475925	
	0.520235	
	0.490793	
	0.475756	
	0.485492	
	0.454810	
	0.446202	
	0.483752	
	0.501316	
	0.464501	
	0.517580	
	0.507200	
	0.499579	
	0.509747	
	0.417832	
	0.331613	
	0.352923	
	0.366376	
	0.400916	
	0.390155	
	0.406294	
	0.423651	
	0.422468	
	0.546975	
	0.769692	
	0.658518	
	0.407870	
	0.349082	
	0.368458	
	0.348488	
	0.340852	
	0.341548	
	0.323643	
	0.309956	
	0.335418	
	0.340745	
	0.323730	
	0.353392	
	0.385919	
	0.431250	
	0.433745	
	0.479016	
	0.509071	
	0.601005	
	0.613764	
	0.554247	
	0.500329	
	0.490585	
	0.695285	
	0.734314	
	0.618259	
	0.445715	
	0.364751	
	0.366261	
	0.338142	
	0.356915	
	0.447221	
	0.439468	
	0.430257	
	0.436624	
	0.460402	
	0.502174	
	0.524266	
	0.551365	
	0.563644	
	0.601817	
	0.502275	
	0.457845	
	0.433562	
	0.380313	
	0.377821	
	0.421009	
	0.376421	
	0.462586	
	0.601058	
	0.600915	
	0.577771	
	0.603939	
	0.592631	
	0.526580	
	0.570983	
	0.584570	
	0.554380	
	0.579632	
	0.593762	
	0.572045	
	0.600849	
	0.620481	
	0.597644	
	0.548131	
	0.592129	
	0.632064	
	0.637305	
	0.647221	
	0.624385	
	0.588305	
	0.556805	
	0.632881	
	0.628296	
	0.542150	
	0.532860	
	0.589263	
	0.588640	
	0.555515	
	0.593897	
	0.491347	
	0.539299	
	0.521954	
	0.569897	
	0.585624	
	0.567955	
	0.565066	
	0.449541	
	0.410334	
	0.388418	
	0.385530	
	0.438387	
	0.395269	
	0.512603	
	0.492833	
	0.546760	
	0.554892	
	0.535830	
	0.564419	
	0.616886	
	0.576713	
	0.554300	
	0.526747	
	0.426480	
	0.366903	
	0.402966	
	0.425456	
	0.364715	
	0.359037	
	0.337636	
	0.367246	
	0.391840	
	0.357080	
	0.345024	
	0.323666	
	0.311227	
	0.396247	
	0.320735	
	0.418100	
	0.529846	
	0.532219	
	0.477762	
	0.457452	
	0.494646	
	0.418413	
	0.458843	
	0.493255	
	0.383706	
	0.557282	
	0.686525	
	0.596266	
	0.342381	
	0.358304	
	0.364264	
	0.353127	
	0.365846	
	0.362089	
	0.339944	
	0.344141	
	0.407679	
	0.437174	
	0.425792	
	0.423474	
	0.365932	
	0.415432	
	0.460916	
	0.448151	
	0.396937	
	0.395217	
	0.382163	
	0.390003	
	0.430123	
	0.392255	
	0.352979	
	0.516500	
	0.671665	
	0.710495	
	0.517541	
	0.355943	
	0.346145	
	0.407485	
	0.412651	
	0.396000	
	0.374021	
	0.370069	
	0.416615	
	0.387315	
	0.394015	
	0.402161	
	0.389990	
	0.390739	
	0.455001	
	0.442949	
	0.370274	
	0.384238	
	0.349993	
	0.352882	
	0.369197	
	0.455753	
	0.368843	
	0.408699	
	0.372649	
	0.351361	
	0.307121	
	0.307104	
	0.302560	
	0.301207	
	0.321780	
	0.291983	
	0.307060	
	0.322907	
	0.392272	
	0.354173	
	0.374335	
	0.346628	
	0.354516	
	0.321916	
	0.443731	
	0.425588	
	0.343271	
	0.349705	
	0.341001	
	0.355457	
	0.334245	
	0.339727	
	0.358078	
	0.381381	
	0.356177	
	0.293561	
	0.336613	
	0.375926	
	0.320583	
	0.260411	
	0.270136	
	0.305970	
	0.328304	
	0.315646	
	0.361601	
	0.349691	
	0.305226	
	0.273527	
	0.268774	
	0.424538	
	0.446030	
	0.405893	
	0.325793	
	0.273316	
	0.249252	
	0.369889	
	0.428164	
	0.317417	
	0.287350	
	0.327639	
	0.282679	
	0.291867	
	0.298873	
	0.212014	
	0.238482	
	0.213760	
	0.199338	
	0.228389	
	0.221268	
	0.358069	
	0.348473	
	0.324571	
	0.336785	
	0.278962	
	0.287862	
	0.365649	
	0.445630	
	0.444625	
	0.400404	
	0.394578	
	0.389685	
	0.373300	
	0.392764	
	0.366609	
	0.345500	
	0.363323	
	0.356805	
	0.330595	
	0.319446	
	0.336297	
	0.184170	
	0.183780	
	0.177551	
	0.175312	
	0.172570	
	0.166231	
	0.169238	
	0.149081	
	0.149449	
	0.141701	
	0.141892	
	0.142186	
	0.194141	
	0.193024	
	0.147227	
	0.123451	
	0.118042	
	0.114425	
	0.129997	
	0.335440	
	0.340018	
	0.213592	
	0.196193	
	0.189949	
	0.159119	
	0.250765	
	0.217887	
	0.204544	
	0.182873	
	0.168686	
	0.144532	
	0.175443	
	0.192526	
	0.309155	
	0.381086	
	0.243842	
	0.216444	
	0.252142	
	0.312694	
	0.251222	
	0.195383	
	0.171087	
	0.151148	
	0.142683	
	0.129065	
	0.121245	
	0.105278	
	0.097990	
	0.108098	
	0.098708	
	0.116739	
	0.103783	
	0.124494	
	0.119424	
	0.097697	
	0.100926	
	0.118709	
	0.112284	
	0.091432	
	0.091675	
	0.082081	
	0.079723	
	0.082444	
	0.080467	
	0.089667	
	0.090811	
	0.177243	
	0.167339	
	0.123108	
	0.104649	
	0.097365	
	0.113181	
	0.174324	
	0.297566	
	0.272726	
	0.198549	
	0.177135	
	0.181159	
	0.238928	
	0.259633	
	0.241928	
	0.253120	
	0.225526	
	0.171365	
	0.154515	
	0.275274	
	0.314407	
	0.173202	
	0.152945	
	0.153229	
	0.236061	
	0.216887	
	0.251530	
	0.189406	
	0.150123	
	0.129691	
	0.139108	
	0.137404	
	0.135605	
	0.127991	
	0.111735	
	0.089489	
	0.100239	
	0.089515	
	0.099942	
	0.365590	
	0.097609	
	0.097512	
	0.083308	
	0.075226	
	0.078708	
	0.084756	
	0.089476	
	0.085778	
	0.080825	
	0.076752	
	0.076793	
	0.093128	
	0.167283	
	0.170198	
	0.098381	
	0.093258	
	0.083962	
	0.090859	
	0.073779	
	0.182906	
	0.282355	
	0.236689	
	0.189644	
	0.166492	
	0.149531	
	0.152819	
	0.168129	
	0.177104	
	0.182268	
	0.168270	
	0.156664	
	0.139180	
	0.148981	
	0.203079	
	0.248952	
	0.145256	
	0.139211	
	0.156279	
	0.236470	
	0.145294	
	0.153855	
	0.122560	
	0.121590	
	0.110671	
	0.102918	
	0.098674	
	0.105289	
	0.099319	
	0.081529	
	0.083473	
	0.082508	
	0.070354	
	0.336300	
	0.252915	
	0.151034	
	0.094087	
	0.090975	
	0.073451	
	0.081171	
	0.075744	
	0.074632	
	0.074821	
	0.077713	
	0.080956	
	0.080170	
	0.162320	
	0.261005	
	0.159073	
	0.137580	
	0.114303	
	0.105543	
	0.113164	
	0.317234	
	0.258300	
	0.223189	
	0.183166	
	0.204548	
	0.169015	
	0.277465	
	0.222392	
	0.137437	
	0.126990	
	0.120137	
	0.107617	
	0.101693	
	0.391768	
	0.298593	
	0.177180	
	0.156926	
	0.155375	
	0.172708	
	0.270386	
	0.227994	
	0.142035	
	0.144483	
	0.155292	
	0.133264	
	0.116743	
	0.126742	
	0.109148	
	0.083396	
	0.085297	
	0.088511	
	0.109021	
	0.268626	
	0.422118	
	0.322915	
	0.319490	
	0.328976	
	0.322446	
	0.345730	
	0.317658	
	0.295277	
	0.266192	
	0.244368	
	0.234554	
	0.305123	
	0.258743	
	0.289701	
	0.205298	
	0.169968	
	0.150693	
	0.142056	
	0.142585	
	0.132920	
	0.149100	
	0.207429	
	0.225950	
	0.165916	
	0.176597	
	0.231394	
	0.291089	
	0.276917	
	0.198895	
	0.157906	
	0.152217	
	0.148596	
	0.136330	
	0.148307	
	0.198380	
	0.297767	
	0.236649	
	0.216183	
	0.205986	
	0.184941	
	0.176338	
	0.253158	
	0.199088	
	0.185718	
	0.161958	
	0.162419	
	0.207762	
	0.269417	
	0.146709	
	0.112558	
	0.106884	
	0.117408	
	0.134350	
	0.279232	
	0.313887	
	0.189733	
	0.207112	
	0.196911	
	0.181710	
	0.174365	
	0.169565	
	0.166676	
	0.146101	
	0.149344	
	0.142819	
	0.120496	
	0.133958	
	0.152139	
	0.146799	
	0.120517	
	0.123139	
	0.129268	
	0.107561	
	0.109045	
	0.100195	
	0.217001	
	0.236162	
	0.200945	
	0.173361	
	0.158001	
	0.169509	
	0.190985	
	0.237239	
	0.182246	
	0.173516	
	0.167526	
	0.163794	
	0.156870	
	0.379064	
	0.367013	
	0.264821	
	0.246268	
	0.164540	
	0.298243	
	0.249753	
	0.232444	
	0.199943	
	0.180020	
	0.175942	
	0.185953	
	0.162706	
	0.112123	
	0.108415	
	0.100673	
	0.095012	
	0.179562	
	0.089846	
	0.225826	
	0.182782	
	0.113638	
	0.107181	
	0.098386	
	0.114849	
	0.104829	
	0.116471	
	0.097276	
	0.101178	
	0.093985	
	0.088182	
	0.110786	
	0.181122	
	0.127156	
	0.111252	
	0.121844	
	0.117409	
	0.125048	
	0.121349	
	0.315544	
	0.295818	
	0.174009	
	0.158641	
	0.175771	
	0.163822	
	0.205760	
	0.214203	
	0.175611	
	0.147003	
	0.142295	
	0.125542	
	0.128968	
	0.190803	
	0.259251	
	0.274344	
	0.228093	
	0.232772	
	0.223566	
	0.250310	
	0.255064	
	0.157319	
	0.157893	
	0.145267	
	0.140454	
	0.266196	
	0.209137	
	0.168227	
	0.129833	
	0.145527	
	0.134505	
	0.183414	
	0.318251	
	0.406156	
	0.412520	
	0.377854	
	0.286993	
	0.289396	
	0.242183	
	0.240672	
	0.214132	
	0.201845	
	0.209111	
	0.181179	
	0.193669	
	0.280507	
	0.191304	
	0.100655	
	0.102519	
	0.093818	
	0.087563	
	0.105078	
	0.211707	
	0.231947	
	0.207001	
	0.170856	
	0.169506	
	0.164808	
	0.209574	
	0.450561	
	0.257027	
	0.173450	
	0.110675	
	0.097025	
	0.095532	
	0.099615	
	0.180626	
	0.234079	
	0.172701	
	0.152302	
	0.139157	
	0.168743	
	0.324765	
	0.271764	
	0.326593	
	0.248716	
	0.226607	
	0.214250	
	0.184879	
	0.160945	
	0.149712	
	0.146046	
	0.153169	
	0.122692	
	0.104382	
	0.139990	
	0.273725	
	0.277383	
	0.302884	
	0.310601	
	0.291017	
	0.247156	
	0.247517	
	0.207108	
	0.200938	
	0.155199	
	0.180390	
	0.139726	
	0.237543	
	0.434175	
	0.470753	
	0.307508	
	0.286261	
	0.291903	
	0.282333	
	0.300215	
	0.329908	
	0.317283	
	0.299103	
	0.267855	
	0.551779	
	0.811230	
	0.819376	
	0.595070	
	0.411414	
	0.425335	
	0.384892	
	0.271515	
	0.262480	
	0.259317	
	0.222423	
	0.295038	
	0.253758	
	0.260235	
	0.310079	
	0.422619	
	0.468429	
	0.511693	
	0.303026	
	0.279607	
	0.289559	
	0.271449	
	0.306887	
	0.358449	
	0.312058	
	0.264761	
	0.288697	
	0.329733	
	0.443598	
	0.538349	
	0.270693	
	0.234659	
	0.279997	
	0.273630	
	0.246678	
	0.255466	
	0.268762	
	0.241062	
	0.221277	
	0.250974	
	0.219720	
	0.248426	
	0.312073	
	0.424239	
	0.245601	
	0.211211	
	0.233235	
	0.229921	
	0.210134	
	0.227774	
	0.327754	
	0.328498	
	0.267080	
	0.190305	
	0.225676	
	0.236981	
	0.206123	
	0.270557	
	0.260029	
	0.258199	
	0.286709	
	0.238027	
	0.280491	
	0.375757	
	0.377362	
	0.342071	
	0.334904	
	0.335941	
	0.345682	
	0.465847	
	0.370153	
	0.331948	
	0.282962	
	0.271793	
	0.281448	
	0.287623	
	0.295514	
	0.198715	
	0.225165	
	0.214833	
	0.232531	
	0.218922	
	0.279423	
	0.334199	
	0.340594	
	0.293506	
	0.221506	
	0.225225	
	0.197197	
	0.229956	
	0.239049	
	0.192113	
	0.152450	
	0.166439	
	0.180261	
	0.314950	
	0.363863	
	0.320071	
	0.277776	
	0.256295	
	0.215430	
	0.186029	
	0.183901	
	0.196396	
	0.188361	
	0.171831	
	0.587007	
	0.666812	
	0.336339	
	0.270788	
	0.294335	
	0.245217	
	0.195636	
	0.176469	
	0.184782	
	0.191063	
	0.576960	
	0.678255	
	0.704550	
	0.733696	
	0.579878	
	0.392093	
	0.449174	
	0.342108	
	0.325485	
	0.306368	
	0.309273	
	0.309910	
	0.357343	
	0.326824	
	0.285436	
	0.343023	
	0.317498	
	0.368155	
	0.378860	
	0.307775	
	0.290298	
	0.304558	
	0.314033	
	0.305378	
	0.276057	
	0.256250	
	0.240692	
	0.212189	
	0.192324	
	0.174913	
	0.239163	
	0.402847	
	0.420745	
	0.282124	
	0.204536	
	0.177274	
	0.175831	
	0.190480	
	0.179436	
	0.353834	
	0.244128	
	0.130296	
	0.167792	
	0.185750	
	0.196075	
	0.175935	
	0.107354	
	0.083845	
	0.084829	
	0.092260	
	0.090626	
	0.115775	
	0.208615	
	0.405050	
	0.264690	
	0.267554	
	0.215510	
	0.331888	
	0.451364	
	0.311712	
	0.294203	
	0.304137	
	0.293812	
	0.303867	
	0.408030	
	0.319893	
	0.279177	
	0.237666	
	0.232734	
	0.291907	
	0.242502	
	0.355696	
	0.383281	
	0.381617	
	0.316599	
	0.290390	
	0.280418	
	0.282007	
	0.289088	
	0.252831	
	0.286888	
	0.282324	
	0.330184	
	0.381137	
	0.434403	
	0.432757	
	0.360162	
	0.345092	
	0.335970	
	0.289370	
	0.260051	
	0.336423	
	0.291080	
	0.290002	
	0.390523	
	0.485005	
	0.449594	
	0.528318	
	0.467479	
	0.478625	
	0.468498	
	0.413882	
	0.369442	
	0.419812	
	0.418908	
	0.458364	
	0.443555	
	0.435287	
	0.378655	
	0.414472	
	0.502923	
	0.563395	
	0.518011	
	0.523146	
	0.444101	
	0.433851	
	0.458459	
	0.360869	
	0.320653	
	0.286578	
	0.371266	
	0.603263	
	0.837683	
	0.351472	
	0.271094	
	0.314169	
	0.372146	
	0.423418	
	0.437437	
	0.459986	
	0.448450	
	0.485802	
	0.714724	
	0.709383	
	0.737040	
	0.690731	
	0.534748	
	0.421057	
	0.460317	
	0.503867	
	0.474791	
	0.480992	
	0.492801	
	0.431244	
	0.387479	
	0.435989	
	0.478361	
	0.405796	
	0.429712	
	0.458909	
	0.397789	
	0.319248	
	0.377133	
	0.317653	
	0.317871	
	0.332409	
	0.348436	
	0.323638	
	0.282578	
	0.276330	
	0.272405	
	0.267991	
	0.460960	
	0.353026	
	0.280766	
	0.246355	
	0.225850	
	0.203326	
	0.185680	
	0.178859	
	0.153799	
	0.281944	
	0.607161	
	0.813894	
	0.664570	
	0.402378	
	0.376170	
	0.336834	
	0.432487	
	0.592472	
	0.580212	
	0.516204	
	0.406190	
	0.373877	
	0.423969	
	0.418498	
	0.425227	
	0.463147	
	0.514929	
	0.489833	
	0.431908	
	0.490611	
	0.637474	
	0.532550	
	0.371795	
	0.385349	
	0.356207	
	0.357888	
	0.336023	
	0.326539	
	0.343961	
	0.332356	
	0.356014	
	0.233800	
	0.221386	
	0.264451	
	0.293462	
	0.346401	
	0.385636	
	0.428622	
	0.360535	
	0.345787	
	0.313052	
	0.321903	
	0.414332	
	0.380870	
	0.377724	
	0.388602	
	0.362415	
	0.263335	
	0.216490	
	0.262837	
	0.247715	
	0.280378	
	0.248445	
	0.238075	
	0.305383	
	0.396676	
	0.331122	
	0.283660	
	0.289601	
	0.356047	
	0.363553	
	0.331145	
	0.315051	
	0.311499	
	0.349233	
	0.361971	
	0.365645	
	0.335925	
	0.457509	
	0.476286	
	0.336695	
	0.252796	
	0.234880	
	0.204620	
	0.196720	
	0.289274	
	0.322448	
	0.259475	
	0.261504	
	0.248813	
	0.296681	
	0.314581	
	0.195269	
	0.139482	
	0.124995	
	0.124695	
	0.115298	
	0.114814	
	0.236752	
	0.219503	
	0.210296	
	0.180127	
	0.167928	
	0.252102	
	0.428299	
	0.361683	
	0.231922	
	0.234861	
	0.253952	
	0.264233	
	0.219448	
	0.233366	
	0.248947	
	0.310965	
	0.367213	
	0.786436	
	0.723669	
	0.335142	
	0.348490	
	0.283910	
	0.312411	
	0.332459	
	0.318715	
	0.264618	
	0.318497	
	0.310526	
	0.328297	
	0.396026	
	0.714561	
	0.758996	
	0.534931	
	0.393404	
	0.405491	
	0.414103	
	0.416525	
	0.385973	
	0.379355	
	0.336592	
	0.259535	
	0.226171	
	0.224686	
	0.223921	
	0.203656	
	0.243495	
	0.291210	
	0.271935	
	0.177264	
	0.157186	
	0.240095	
	0.723121	
	0.711960	
	0.539246	
	0.396871	
	0.414370	
	0.366873	
	0.315536	
	0.421741	
	0.381675	
	0.301673	
	0.251552	
	0.225240	
	0.201078	
	0.497631	
	0.598021	
	0.505077	
	0.451296	
	0.414432	
	0.350315	
	0.292403	
	0.335612	
	0.364995	
	0.314449	
	0.339634	
	0.321628	
	0.339782	
	0.371933	
	0.405390	
	0.375288	
	0.730337	
	0.753441	
	0.587013	
	0.441195	
	0.350841	
	0.397285	
	0.327063	
	0.280422	
	0.232260	
	0.247642	
	0.246564	
	0.328496	
	0.675217	
	0.680386	
	0.765419	
	0.783681	
	0.546489	
	0.317385	
	0.343528	
	0.308538	
	0.291726	
	0.262834	
	0.280929	
	0.259498	
	0.325736	
	0.435487	
	0.318068	
	0.376636	
	0.315445	
	0.347888	
	0.501053	
	0.559756	
	0.488174	
	0.507343	
	0.482202	
	0.431566	
	0.450662	
	0.382363	
	0.354038	
	0.329431	
	0.347956	
	0.433980	
	0.547905	
	0.498974	
	0.534906	
	0.459955	
	0.368985	
	0.332208	
	0.391625	
	0.452170	
	0.304517	
	0.321540	
	0.313373	
	0.381832	
	0.556952	
	0.459685	
	0.475407	
	0.473260	
	0.367440	
	0.330031	
	0.289379	
	0.242999	
	0.240783	
	0.254837	
	0.272853	
	0.329512	
	0.354109	
	0.548669	
	0.545676	
	0.476602	
	0.390451	
	0.396787	
	0.363059	
	0.264384	
	0.205049	
	0.203388	
	0.239250	
	0.394537	
	0.486385	
	0.476133	
	0.467233	
	0.369867	
	0.270024	
	0.325551	
	0.337910	
	0.308720	
	0.289406	
	0.335744	
	0.470892	
	0.415710	
	0.692607	
	0.836030	
	0.826499	
	0.835746	
	0.808211	
	0.529212	
	0.411424	
	0.413869	
	0.386802	
	0.317730	
	0.296496	
	0.289726	
	0.293464	
	0.291508	
	0.297333	
	0.273611	
	0.276947	
	0.369153	
	0.462035	
	0.468606	
	0.353566	
	0.290209	
	0.279365	
	0.276232	
	0.326370	
	0.343386	
	0.280897	
	0.199967	
	0.169860	
	0.193363	
	0.190387	
	0.244968	
	0.342653	
	0.266469	
	0.157295	
	0.140256	
	0.153567	
	0.126321	
	0.151101	
	0.256550	
	0.260864	
	0.195598	
	0.191713	
	0.194469	
	0.293284	
	0.426753	
	0.421820	
	0.394153	
	0.418358	
	0.393467	
	0.404064	
	0.321914	
	0.282370	
	0.293079	
	0.325952	
	0.384589	
	0.529111	
	0.596930	
	0.593210	
	0.513550	
	0.426748	
	0.411001	
	0.414057	
	0.457749	
	0.429591	
	0.644662	
	0.799093	
	0.816899	
	0.792065	
	0.801730	
	0.716667	
	0.456876	
	0.461155	
	0.505362	
	0.511833	
	0.527148	
	0.512520	
	0.502329	
	0.431198	
	0.541936	
	0.660831	
	0.681315	
	0.660066	
	0.281358	
	0.218328	
	0.207937	
	0.206765	
	0.209415	
	0.226958	
	0.272122	
	0.397163	
	0.295069	
	0.274699	
	0.279981	
	0.316285	
	0.298602	
	0.304827	
	0.342772	
	0.251352	
	0.209363	
	0.181733	
	0.476692	
	0.595452	
	0.507807	
	0.572556	
	0.772212	
	0.896027	
	0.873532	
	0.781839	
	0.363442	
	0.326118	
	0.348291	
	0.321061	
	0.300197	
	0.298283	
	0.308226	
	0.353888	
	0.357969	
	0.289396	
	0.323659	
	0.455051	
	0.509498	
	0.402085	
	0.378777	
	0.325767	
	0.336382	
	0.299667	
	0.305138	
	0.296151	
	0.290919	
	0.406775	
	0.689745	
	0.775459	
	0.833184	
	0.807937	
	0.576555	
	0.350664	
	0.307169	
	0.274657	
	0.256083	
	0.255206	
	0.251367	
	0.260613	
	0.280595	
	0.264903	
	0.290134	
	0.254225	
	0.330467	
	0.310731	
	0.457072	
	0.324888	
	0.268509	
	0.315065	
	0.374082	
	0.410416	
	0.472313	
	0.405228	
	0.331330	
	0.272639	
	0.266369	
	0.558911	
	0.562368	
	0.493830	
	0.331843	
	0.278634	
	0.328657	
	0.301921	
	0.476370	
	0.487239	
	0.408705	
	0.394022	
	0.392826	
	0.365851	
	0.731416	
	0.584084	
	0.454980	
	0.378178	
	0.371178	
	0.408616	
	0.457528	
	0.448092	
	0.470775	
	0.502068	
	0.390594	
	0.393980	
	0.344344	
	0.312331	
	0.374968	
	0.409638	
	0.330802	
	0.333990	
	0.335218	
	0.298448	
	0.299464	
	0.226024	
	0.281554	
	0.323885	
	0.253526	
	0.235663	
	0.266094	
	0.335665	
	0.396169	
	0.358839	
	0.417184	
	0.428935	
	0.453117	
	0.502429	
	0.530659	
	0.427508	
	0.299319	
	0.333131	
	0.349390	
	0.419966	
	0.587725	
	0.297426	
	0.238912	
	0.270178	
	0.262427	
	0.294681	
	0.301501	
	0.319942	
	0.301811	
	0.322626	
	0.335334	
	0.285190	
	0.207388	
	0.223868	
	0.373757	
	0.342984	
	0.262380	
	0.222111	
	0.192137	
	0.185344	
	0.191369	
	0.276475	
	0.220172	
	0.331724	
	0.281248	
	0.170676	
	0.114475	
	0.223347	
	0.183350	
	0.115785	
	0.115769	
	0.107757	
	0.095674	
	0.096714	
	0.148163	
	0.260182	
	0.271857	
	0.267747	
	0.276478	
	0.304229	
	0.411347	
	0.346861	
	0.200175	
	0.192510	
	0.216560	
	0.189962	
	0.197435	
	0.398355	
	0.203775	
	0.201450	
	0.166010	
	0.130536	
	0.146246	
	0.242495	
	0.228764	
	0.198803	
	0.184188	
	0.229468	
	0.202381	
	0.210565	
	0.237774	
	0.271317	
	0.484441	
	0.631786	
	0.723500	
	0.711099	
	0.695556	
	0.530608	
	0.431121	
	0.409594	
	0.419439	
	0.362013	
	0.332077	
	0.307248	
	0.301793	
	0.324710	
	0.284142	
	0.285802	
	0.276179	
	0.212872	
	0.186352	
	0.195734	
	0.217945	
	0.286823	
	0.324803	
	0.311875	
	0.365473	
	0.358375	
	0.319391	
	0.309283	
	0.330234	
	0.268040	
	0.420326	
	0.384168	
	0.262351	
	0.283811	
	0.279927	
	0.279446	
	0.281787	
	0.370557	
	0.339011	
	0.268813	
	0.290164	
	0.613742	
	0.653961	
	0.355265	
	0.285997	
	0.234782	
	0.251968	
	0.218387	
	0.232627	
	0.202294	
	0.167338	
	0.167779	
	0.170592	
	0.158827	
	0.417761	
	0.634259	
	0.438731	
	0.295713	
	0.312960	
	0.303858	
	0.264837	
	0.473109	
	0.720150	
	0.553921	
	0.362419	
	0.325645	
	0.253078	
	0.268901	
	0.263177	
	0.305940	
	0.240526	
	0.242356	
	0.200796	
	0.218088	
	0.201686	
	0.190989	
	0.426352	
	0.319401	
	0.231249	
	0.232703	
	0.221775	
	0.294403	
	0.451118	
	0.496623	
	0.377429	
	0.353159	
	0.309278	
	0.283800	
	0.348792	
	0.302290	
	0.219094	
	0.223227	
	0.315360	
	0.707844	
	0.622607	
	0.400535	
	0.321982	
	0.256710	
	0.289984	
	0.275763	
	0.241221	
	0.265198	
	0.235988	
	0.219256	
	0.222836	
	0.213193	
	0.207737	
	0.298635	
	0.378476	
	0.413866	
	0.443354	
	0.701134	
	0.726374	
	0.469484	
	0.284710	
	0.296898	
	0.345792	
	0.359573	
	0.679401	
	0.789141	
	0.650988	
	0.451831	
	0.439048	
	0.363995	
	0.264102	
	0.258677	
	0.247897	
	0.229079	
	0.286432	
	0.581364	
	0.756608	
	0.755372	
	0.651293	
	0.499895	
	0.493778	
	0.498471	
	0.448848	
	0.398609	
	0.378242	
	0.390267	
	0.409935	
	0.403467	
	0.366784	
	0.322904	
	0.316476	
	0.228514	
	0.211600	
	0.288120	
	0.232570	
	0.225848	
	0.208108	
	0.256639	
	0.240619	
	0.265492	
	0.245313	
	0.224253	
	0.179151	
	0.158898	
	0.175839	
	0.168519	
	0.280794	
	0.448048	
	0.349175	
	0.251910	
	0.237310	
	0.259066	
	0.245742	
	0.328285	
	0.308449	
	0.238334	
	0.281270	
	0.249962	
	0.275945	
	0.290057	
	0.331403	
	0.301660	
	0.221120	
	0.196485	
	0.187400	
	0.197037	
	0.183617	
	0.273406	
	0.357810	
	0.333408	
	0.326600	
	0.294445	
	0.299515	
	0.476606	
	0.360931	
	0.327224	
	0.344748	
	0.404018	
	0.337092	
	0.338774	
	0.388687	
	0.350976	
	0.397082	
	0.614954	
	0.681570	
	0.608358	
	0.435195	
	0.345404	
	0.290497	
	0.337750	
	0.401613	
	0.407860	
	0.422714	
	0.450056	
	0.448925	
	0.477950	
	0.575923	
	0.707152	
	0.545509	
	0.381399	
	0.395714	
	0.430139	
	0.432198	
	0.385856	
	0.394584	
	0.380554	
	0.429861	
	0.343805	
	0.310185	
	0.378809	
	0.391632	
	0.438172	
	0.341218	
	0.253646	
	0.261675	
	0.290103	
	0.254312	
	0.261811	
	0.261969	
	0.323689	
	0.341506	
	0.265766	
	0.242553	
	0.270089	
	0.293987	
	0.388171	
	0.332928	
	0.263841	
	0.295116	
	0.256555	
	0.264141	
	0.355347	
	0.386410	
	0.390211	
	0.290823	
	0.429740	
	0.635953	
	0.645841	
	0.321066	
	0.308680	
	0.296870	
	0.351763	
	0.355518	
	0.364578	
	0.403564	
	0.384231	
	0.430931	
	0.578607	
	0.772652	
	0.773744	
	0.739889	
	0.532952	
	0.338143	
	0.341505	
	0.343591	
	0.315552	
	0.286588	
	0.335102	
	0.313938	
	0.304437	
	0.389686	
	0.363815	
	0.366658	
	0.364804	
	0.447402	
	0.430487	
	0.451440	
	0.468194	
	0.418797	
	0.425913	
	0.459245	
	0.415961	
	0.434918	
	0.381787	
	0.420665	
	0.364282	
	0.320639	
	0.332397	
	0.396287	
	0.426972	
	0.414306	
	0.403656	
	0.403120	
	0.396603	
	0.468831	
	0.421829	
	0.358675	
	0.338643	
	0.300083	
	0.309323	
	0.488257	
	0.476115	
	0.450752	
	0.404359	
	0.362193	
	0.326948	
	0.318320	
	0.303648	
	0.340672	
	0.352502	
	0.342028	
	0.343473	
	0.397796	
	0.481231	
	0.475973	
	0.374420	
	0.308978	
	0.300014	
	0.509918	
	0.505530	
	0.555420	
	0.449759	
	0.352260	
	0.434314	
	0.464205	
	0.291593	
	0.234647	
	0.209752	
	0.172560	
	0.167743	
	0.195831	
	0.206005	
	0.289924	
	0.398261	
	0.343602	
	0.388431	
	0.410946	
	0.441765	
	0.320795	
	0.415905	
	0.376501	
	0.300622	
	0.284549	
	0.296422	
	0.327627	
	0.316730	
	0.352438	
	0.308478	
	0.303943	
	0.314152	
	0.293342	
	0.350609	
	0.378505	
	0.305919	
	0.318275	
	0.336589	
	0.334101	
	0.327774	
	0.291947	
	0.293378	
	0.323947	
	0.293452	
	0.290250	
	0.309114	
	0.332748	
	0.357001	
	0.358957	
	0.354829	
	0.369927	
	0.383716	
	0.356911	
	0.392977	
	0.409046	
	0.366872	
	0.372041	
	0.379406	
	0.334368	
	0.386330	
	0.476427	
	0.373746	
	0.331533	
	0.325061	
	0.305703	
	0.317841	
	0.336480	
	0.396664	
	0.435273	
	0.352357	
	0.390478	
	0.415724	
	0.420042	
	0.609329	
	0.515055	
	0.426507	
	0.444317	
	0.469194	
	0.453273	
	0.468157	
	0.439699	
	0.456018	
	0.456998	
	0.350668	
	0.363411	
	0.442392	
	0.504761	
	0.540213	
	0.464089	
	0.458122	
	0.488767	
	0.493995	
	0.512690	
	0.547336	
	0.521784	
	0.475362	
	0.411901	
	0.416042	
	0.555615	
	0.566024	
	0.511106	
	0.483431	
	0.409842	
	0.387134	
	0.391741	
	0.397036	
	0.439470	
	0.431214	
	0.422131	
	0.428203	
	0.536018	
	0.809340	
	0.713707	
	0.364489	
	0.268308	
	0.324581	
	0.336492	
	0.371154	
	0.374292	
	0.442097	
	0.485827	
	0.419686	
	0.425448	
	0.438663	
	0.419814	
	0.440573	
	0.445316	
	0.397372	
	0.406175	
	0.684137	
	0.700202	
	0.683527	
	0.423634	
	0.489494	
	0.513683	
	0.756522	
	0.786039	
	0.775069	
	0.509888	
	0.401010	
	0.404956	
	0.408892	
	0.401086	
	0.358485	
	0.380105	
	0.359635	
	0.372417	
	0.354613	
	0.400548	
	0.479185	
	0.424759	
	0.457107	
	0.584135	
	0.559279	
	0.525014	
	0.526305	
	0.537177	
	0.516766	
	0.517960	
	0.503491	
	0.443962	
	0.447443	
	0.390847	
	0.430719	
	0.460753	
	0.528083	
	0.430731	
	0.465901	
	0.399552	
	0.429500	
	0.511577	
	0.509277	
	0.493169	
	0.489625	
	0.718852	
	0.609490	
	0.383146	
	0.336123	
	0.369899	
	0.381666	
	0.417447	
	0.393478	
	0.359294	
	0.320274	
	0.360863	
	0.414469	
	0.499122	
	0.702146	
	0.741471	
	0.750339	
	0.616368	
	0.408394	
	0.384901	
	0.319509	
	0.329887	
	0.365897	
	0.324845	
	0.322601	
	0.301971	
	0.286414	
	0.302605	
	0.316330	
	0.254867	
	0.296015	
	0.360514	
	0.322961	
	0.312280	
	0.294842	
	0.284490	
	0.291666	
	0.334452	
	0.397497	
	0.490590	
	0.720001	
	0.710186	
	0.554675	
	0.433536	
	0.415894	
	0.397820	
	0.464852	
	0.430193	
	0.305521	
	0.322527	
	0.464054	
	0.317594	
	0.404068	
	0.364981	
	0.340078	
	0.328331	
	0.359006	
	0.457391	
	0.424572	
	0.682249	
	0.739798	
	0.778091	
	0.770073	
	0.698116	
	0.367350	
	0.425147	
	0.596562	
	0.638736	
	0.574109	
	0.372229	
	0.388032	
	0.327166	
	0.299204	
	0.290777	
	0.248619	
	0.270341	
	0.249156	
	0.220992	
	0.215986	
	0.205280	
	0.194269	
	0.216391	
	0.252484	
	0.374214	
	0.351399	
	0.220874	
	0.231565	
	0.222535	
	0.236308	
	0.225979	
	0.227713	
	0.180614	
	0.221925	
	0.245106	
	0.260938	
	0.230121	
	0.325982	
	0.237288	
	0.188426	
	0.191890	
	0.195597	
	0.211706	
	0.241197	
	0.246625	
	0.359219	
	0.326144	
	0.321799	
	0.325194	
	0.316369	
	0.397019	
	0.477457	
	0.411811	
	0.364316	
	0.339388	
	0.328754	
	0.315021	
	0.375990	
	0.329050	
	0.251634	
	0.440663	
	0.688181	
	0.660708	
	0.516068	
	0.433624	
	0.391954	
	0.387744	
	0.474915	
	0.498676	
	0.499863	
	0.525817	
	0.434150	
	0.388975	
	0.400805	
	0.370421	
	0.432448	
	0.424712	
	0.419923	
	0.356728	
	0.339057	
	0.312504	
	0.288542	
	0.303184	
	0.355798	
	0.311010	
	0.293537	
	0.318484	
	0.439654	
	0.506745	
	0.484044	
	0.435301	
	0.403073	
	0.395559	
	0.384876	
	0.370564	
	0.377844	
	0.419044	
	0.478270	
	0.610967	
	0.648214	
	0.635864	
	0.661023	
	0.603118	
	0.414139	
	0.389858	
	0.388859	
	0.388356	
	0.396558	
	0.378193	
	0.400067	
	0.404639	
	0.359895	
	0.383241	
	0.361942	
	0.482226	
	0.365825	
	0.325009	
	0.285038	
	0.275225	
	0.287905	
	0.280163	
	0.262876	
	0.280333	
	0.289896	
	0.263679	
	0.312075	
	0.317485	
	0.328106	
	0.464565	
	0.383556	
	0.293506	
	0.255028	
	0.247822	
	0.269399	
	0.289902	
	0.307879	
	0.244745	
	0.295132	
	0.261042	
	0.254962	
	0.237970	
	0.260792	
	0.271924	
	0.227288	
	0.192648	
	0.237687	
	0.246754	
	0.238026	
	0.285923	
	0.343425	
	0.340015	
	0.317233	
	0.378584	
	0.449684	
	0.440670	
	0.459300	
	0.338795	
	0.295260	
	0.280821	
	0.322867	
	0.416162	
	0.458905	
	0.365112	
	0.541197	
	0.593524	
	0.483220	
	0.390544	
	0.318991	
	0.346983	
	0.366853	
	0.441873	
	0.449656	
	0.506705	
	0.536282	
	0.509084	
	0.414093	
	0.360583	
	0.732457	
	0.610531	
	0.463603	
	0.476454	
	0.499914	
	0.438535	
	0.375464	
	0.339827	
	0.333260	
	0.351244	
	0.367175	
	0.328029	
	0.322206	
	0.353911	
	0.496277	
	0.466420	
	0.470683	
	0.500036	
	0.530815	
	0.544227	
	0.538042	
	0.518307	
	0.540029	
	0.553151	
	0.530666	
	0.471168	
	0.389178	
	0.406763	
	0.431502	
	0.462510	
	0.440389	
	0.414171	
	0.431356	
	0.411602	
	0.451654	
	0.441246	
	0.745618	
	0.844785	
	0.836019	
	0.860949	
	0.806907	
	0.376182	
	0.349615	
	0.386949	
	0.443021	
	0.430408	
	0.380672	
	0.361301	
	0.367187	
	0.382396	
	0.392796	
	0.376670	
	0.377466	
	0.371758	
	0.333170	
	0.433618	
	0.416023	
	0.338032	
	0.359159	
	0.346167	
	0.353601	
	0.322177	
	0.333105	
	0.349301	
	0.346170	
	0.344416	
	0.318679	
	0.266878	
	0.292368	
	0.263700	
	0.255518	
	0.307481	
	0.274616	
	0.290495	
	0.283155	
	0.320967	
	0.401040	
	0.408863	
	0.384327	
	0.413226	
	0.538218	
	0.616921	
	0.647332	
	0.578869	
	0.576305	
	0.571500	
	0.570432	
	0.567865	
	0.533764	
	0.416409	
	0.395934	
	0.423752	
	0.505248	
	0.577554	
	0.315467	
	0.368152	
	0.280913	
	0.318769	
	0.355193	
	0.390347	
	0.362838	
	0.349654	
	0.364727	
	0.358540	
	0.330152	
	0.363022	
	0.347491	
	0.376578	
	0.453346	
	0.432871	
	0.436507	
	0.422794	
	0.393015	
	0.410416	
	0.435087	
	0.439496	
	0.371476	
	0.452770	
	0.612619	
	0.516646	
	0.394667	
	0.317855	
	0.296664	
	0.287584	
	0.292619	
	0.309397	
	0.305484	
	0.414039	
	0.379280	
	0.393595	
	0.384855	
	0.372265	
	0.315430	
	0.462559	
	0.452779	
	0.360229	
	0.352277	
	0.335464	
	0.341580	
	0.349532	
	0.399202	
	0.343197	
	0.334002	
	0.285525	
	0.330742	
	0.409191	
	0.367556	
	0.322679	
	0.342791	
	0.273942	
	0.275554	
	0.298973	
	0.320463	
	0.295830	
	0.288705	
	0.287960	
	0.293637	
	0.268703	
	0.316409	
	0.354588	
	0.342227	
	0.292933	
	0.275426	
	0.271531	
	0.274517	
	0.262707	
	0.300828	
	0.294698	
	0.288779	
	0.259242	
	0.253750	
	0.285702	
	0.307496	
	0.298418	
	0.270259	
	0.330815	
	0.417032	
	0.441935	
	0.485734	
	0.425630	
	0.494689	
	0.405206	
	0.430553	
	0.440633	
	0.372690	
	0.510000	
	0.523606	
	0.382900	
	0.413162	
	0.417538	
	0.387146	
	0.307301	
	0.293422	
	0.316706	
	0.276270	
	0.298578	
	0.356854	
	0.328872	
	0.337898	
	0.402765	
	0.341692	
	0.355562	
	0.345797	
	0.398348	
	0.368216	
	0.371607	
	0.389656	
	0.404818	
	0.368867	
	0.308975	
	0.309164	
	0.348340	
	0.491181	
	0.424290	
	0.364879	
	0.373691	
	0.360001	
	0.419935	
	0.371499	
	0.320314	
	0.536300	
	0.481113	
	0.413432	
	0.344901	
	0.380179	
	0.320429	
	0.362084	
	0.367139	
	0.328800	
	0.324662	
	0.318280	
	0.324367	
	0.405322	
	0.454550	
	0.331490	
	0.349958	
	0.330822	
	0.300856	
	0.468599	
	0.455606	
	0.395718	
	0.412154	
	0.395793	
	0.389592	
	0.398249	
	0.496187	
	0.405954	
	0.369018	
	0.427300	
	0.396498	
	0.317870	
	0.344919	
	0.351237	
	0.354570	
	0.311631	
	0.322350	
	0.363955	
	0.358315	
	0.411337	
	0.394701	
	0.339484	
	0.297377	
	0.355028	
	0.369241	
	0.373947	
	0.344943	
	0.341404	
	0.329622	
	0.303769	
	0.308435	
	0.327138	
	0.356549	
	0.341650	
	0.363255	
	0.360528	
	0.360085	
	0.350066	
	0.280093	
	0.284297	
	0.253428	
	0.279012	
	0.313630	
	0.306243	
	0.383667	
	0.371582	
	0.393404	
	0.381204	
	0.387088	
	0.403344	
	0.456407	
	0.522819	
	0.412549	
	0.430252	
	0.454207	
	0.480162	
	0.490794	
	0.484815	
	0.480443	
	0.440705	
	0.491111	
	0.499941	
	0.304533	
	0.361518	
	0.346671	
	0.299512	
	0.287903	
	0.307140	
	0.383662	
	0.374505	
	0.399283	
	0.435597	
	0.367470	
	0.381141	
	0.469847	
	0.398430	
	0.397981	
	0.384243	
	0.359916	
	0.370207	
	0.373408	
	0.401285	
	0.436235	
	0.496209	
	0.431531	
	0.380150	
	0.356914	
	0.393336	
	0.407108	
	0.543290	
	0.433311	
	0.339131	
	0.336404	
	0.335448	
	0.385291	
	0.389649	
	0.360333	
	0.332066	
	0.376512	
	0.344697	
	0.382855	
	0.442239	
	0.425771	
	0.464223	
	0.485042	
	0.533009	
	0.604386	
	0.614223	
	0.550778	
	0.595557	
	0.562536	
	0.437808	
	0.476254	
	0.530425	
	0.478943	
	0.481057	
	0.418284	
	0.282357	
	0.247605	
	0.256380	
	0.264457	
	0.301228	
	0.305278	
	0.300593	
	0.289634	
	0.282381	
	0.273825	
	0.293794	
	0.320764	
	0.429961	
	0.355255	
	0.330634	
	0.395873	
	0.341261	
	0.325208	
	0.311954	
	0.433452	
	0.404938	
	0.415185	
	0.433602	
	0.423870	
	0.428069	
	0.340001	
	0.266936	
	0.275519	
	0.284039	
	0.317795	
	0.261916	
	0.263172	
	0.299678	
	0.324364	
	0.296173	
	0.286370	
	0.283777	
	0.491205	
	0.415381	
	0.342986	
	0.339128	
	0.362525	
	0.360110	
	0.363473	
	0.344007	
	0.359949	
	0.373716	
	0.448498	
	0.418955	
	0.329458	
	0.411692	
	0.385199	
	0.373915	
	0.318488	
	0.299853	
	0.273711	
	0.281041	
	0.298509	
	0.310406	
	0.294757	
	0.254942	
	0.260612	
	0.284503	
	0.416931	
	0.348636	
	0.307341	
	0.291390	
	0.283504	
	0.282352	
	0.287188	
	0.277921	
	0.314355	
	0.318069	
	0.293422	
	0.277180	
	0.280137	
	0.249107	
	0.273066	
	0.253597	
	0.273265	
	0.258368	
	0.265732	
	0.287327	
	0.380192	
	0.374200	
	0.322068	
	0.351011	
	0.288623	
	0.325450	
	0.397761	
	0.326032	
	0.315898	
	0.272479	
	0.241471	
	0.282056	
	0.298905	
	0.297617	
	0.294485	
	0.327587	
	0.290295	
	0.282813	
	0.273754	
	0.335636	
	0.328351	
	0.298002	
	0.297792	
	0.294763	
	0.289406	
	0.288679	
	0.306698	
	0.310965	
	0.311560	
	0.276788	
	0.282616	
	0.328126	
	0.387110	
	0.296543	
	0.278624	
	0.271663	
	0.267924	
	0.273022	
	0.269217	
	0.276370	
	0.394125	
	0.367419	
	0.319157	
	0.289796	
	0.277800	
	0.323722	
	0.310503	
	0.287771	
	0.294549	
	0.311554	
	0.305441	
	0.315574	
	0.323816	
	0.394077	
	0.350008	
	0.351655	
	0.408738	
	0.474160	
	0.498052	
	0.404022	
	0.441875	
	0.460645	
	0.510134	
	0.487753	
	0.487583	
	0.498785	
	0.431262	
	0.432466	
	0.419595	
	0.425906	
	0.469815	
	0.461196	
	0.496231	
	0.453864	
	0.352460	
	0.359034	
	0.395274	
	0.397717	
	0.346472	
	0.378751	
	0.347213	
	0.327111	
	0.310974	
	0.355345	
	0.429047	
	0.392988	
	0.396041	
	0.326519	
	0.297072	
	0.334876	
	0.407519	
	0.403002	
	0.380289	
	0.407976	
	0.365372	
	0.352962	
	0.316919	
	0.380041	
	0.344329	
	0.286102	
	0.287418	
	0.310868	
	0.337419	
	0.304124	
	0.273097	
	0.245520	
	0.293403	
	0.283557	
	0.299004	
	0.369352	
	0.410618	
	0.374141	
	0.384501	
	0.352840	
	0.339338	
	0.342370	
	0.381125	
	0.407992	
	0.638064	
	0.680466	
	0.715041	
	0.739894	
	0.674163	
	0.468223	
	0.378158	
	0.421519	
	0.463202	
	0.440151	
	0.465207	
	0.496898	
	0.446759	
	0.465867	
	0.474015	
	0.474899	
	0.447177	
	0.506882	
	0.476629	
	0.483540	
	0.480490	
	0.488614	
	0.512548	
	0.461891	
	0.486214	
	0.504603	
	0.480550	
	0.381823	
	0.317734	
	0.317453	
	0.410215	
	0.348309	
	0.382575	
	0.309216	
	0.300590	
	0.307972	
	0.357400	
	0.346507	
	0.344682	
	0.390031	
	0.404489	
	0.341270	
	0.344140	
	0.530593	
	0.474683	
	0.410103	
	0.407685	
	0.426554	
	0.451143	
	0.471331	
	0.432209	
	0.377659	
	0.341780	
	0.383590	
	0.493161	
	0.388113	
	0.304821	
	0.285689	
	0.239697	
	0.278949	
	0.321096	
	0.303890	
	0.260527	
	0.272444	
	0.243847	
	0.221875	
	0.253208	
	0.249080	
	0.269527	
	0.357983	
	0.346896	
	0.315433	
	0.269301	
	0.268439	
	0.363163	
	0.367235	
	0.378572	
	0.285314	
	0.348098	
	0.416049	
	0.492342	
	0.449857	
	0.484457	
	0.271500	
	0.246263	
	0.219617	
	0.261030	
	0.241645	
	0.243621	
	0.274238	
	0.317230	
	0.293621	
	0.302215	
	0.304732	
	0.296585	
	0.407925	
	0.347783	
	0.261330	
	0.244776	
	0.259185	
	0.301652	
	0.396549	
	0.383013	
	0.446747	
	0.738403	
	0.788540	
	0.765865	
	0.632717	
	0.396009	
	0.433445	
	0.375621	
	0.399652	
	0.386793	
	0.368423	
	0.334345	
	0.329364	
	0.316520	
	0.300406	
	0.289083	
	0.273280	
	0.322380	
	0.409471	
	0.296265	
	0.259578	
	0.295065	
	0.291571	
	0.338387	
	0.351023	
	0.312847	
	0.327218	
	0.345383	
	0.326837	
	0.275413	
	0.362959	
	0.301996	
	0.261921	
	0.237412	
	0.295295	
	0.368971	
	0.281175	
	0.399344	
	0.439537	
	0.425547	
	0.405350	
	0.347243	
	0.377553	
	0.493707	
	0.397086	
	0.318778	
	0.328089	
	0.307238	
	0.318234	
	0.293861	
	0.303376	
	0.312908	
	0.311938	
	0.408954	
	0.420212	
	0.365507	
	0.413649	
	0.330720	
	0.328062	
	0.341455	
	0.349646	
	0.325290	
	0.291590	
	0.274108	
	0.287927	
	0.265464	
	0.246042	
	0.228913	
	0.225430	
	0.372490	
	0.384653	
	0.326599	
	0.255036	
	0.255057	
	0.273373	
	0.240556	
	0.282237	
	0.263439	
	0.305425	
	0.392421	
	0.291773	
	0.253069	
	0.319553	
	0.304887	
	0.246788	
	0.190563	
	0.154724	
	0.157914	
	0.130491	
	0.153651	
	0.194990	
	0.188726	
	0.205241	
	0.182166	
	0.197192	
	0.479194	
	0.454279	
	0.290345	
	0.208656	
	0.173238	
	0.158192	
	0.177919	
	0.233133	
	0.558124	
	0.707389	
	0.738433	
	0.713714	
	0.361009	
	0.319345	
	0.315994	
	0.320679	
	0.343743	
	0.392046	
	0.377541	
	0.396112	
	0.386034	
	0.387992	
	0.378577	
	0.460552	
	0.520765	
	0.435336	
	0.367679	
	0.341361	
	0.323614	
	0.311306	
	0.319020	
	0.306818	
	0.279897	
	0.241206	
	0.329849	
	0.253091	
	0.289895	
	0.308512	
	0.308077	
	0.314346	
	0.243742	
	0.222082	
	0.187627	
	0.200919	
	0.188539	
	0.245154	
	0.374846	
	0.346946	
	0.208094	
	0.198022	
	0.204940	
	0.261099	
	0.478904	
	0.385644	
	0.308104	
	0.266304	
	0.256280	
	0.206524	
	0.198372	
	0.199365	
	0.264731	
	0.662253	
	0.761928	
	0.688453	
	0.404901	
	0.344156	
	0.332280	
	0.306290	
	0.278943	
	0.325496	
	0.311628	
	0.333725	
	0.331160	
	0.360769	
	0.343270	
	0.338630	
	0.409306	
	0.422616	
	0.501991	
	0.474241	
	0.419632	
	0.418040	
	0.497889	
	0.491779	
	0.500060	
	0.491281	
	0.384960	
	0.387251	
	0.425153	
	0.418326	
	0.330100	
	0.346830	
	0.297004	
	0.272486	
	0.265774	
	0.232083	
	0.269833	
	0.350196	
	0.386993	
	0.297132	
	0.285763	
	0.321066	
	0.376462	
	0.383771	
	0.521847	
	0.488541	
	0.413775	
	0.367338	
	0.330668	
	0.292302	
	0.304150	
	0.730370	
	0.872179	
	0.862544	
	0.883699	
	0.900576	
	0.604541	
	0.540556	
	0.502073	
	0.526216	
	0.494422	
	0.479769	
	0.488273	
	0.470355	
	0.466476	
	0.517604	
	0.569627	
	0.596675	
	0.535669	
	0.531985	
	0.600342	
	0.541784	
	0.526025	
	0.547716	
	0.507166	
	0.466759	
	0.535235	
	0.492666	
	0.437120	
	0.402151	
	0.467501	
	0.580770	
	0.512422	
	0.448297	
	0.418827	
	0.433511	
	0.418077	
	0.424849	
	0.434001	
	0.536914	
	0.471504	
	0.465384	
	0.481908	
	0.436702	
	0.471131	
	0.529353	
	0.538501	
	0.406121	
	0.347289	
	0.312639	
	0.384820	
	0.374191	
	0.344224	
	0.386840	
	0.350919	
	0.370347	
	0.621011	
	0.770274	
	0.597009	
	0.397015	
	0.290599	
	0.345336	
	0.351604	
	0.362190	
	0.365139	
	0.325212	
	0.332744	
	0.355733	
	0.316264	
	0.300868	
	0.328514	
	0.439973	
	0.407436	
	0.377096	
	0.387866	
	0.499126	
	0.544953	
	0.571128	
	0.571001	
	0.509317	
	0.541301	
	0.571376	
	0.700205	
	0.736292	
	0.535638	
	0.311210	
	0.273277	
	0.356436	
	0.313479	
	0.320010	
	0.375169	
	0.405349	
	0.450974	
	0.480275	
	0.505429	
	0.532965	
	0.515118	
	0.580062	
	0.542018	
	0.427049	
	0.476480	
	0.495984	
	0.462885	
	0.438837	
	0.426958	
	0.461888	
	0.540103	
	0.616534	
	0.618362	
	0.601748	
	0.522196	
	0.538771	
	0.561119	
	0.578420	
	0.595426	
	0.514957	
	0.538764	
	0.530476	
	0.521417	
	0.542505	
	0.575251	
	0.566166	
	0.562290	
	0.679301	
	0.631632	
	0.662311	
	0.626456	
	0.606465	
	0.607299	
	0.674496	
	0.685005	
	0.608677	
	0.548020	
	0.585705	
	0.619072	
	0.595858	
	0.425706	
	0.455778	
	0.522785	
	0.549117	
	0.658304	
	0.574786	
	0.560164	
	0.513684	
	0.496093	
	0.419487	
	0.355883	
	0.409265	
	0.415467	
	0.421627	
	0.534287	
	0.607391	
	0.608515	
	0.685449	
	0.618044	
	0.598809	
	0.608180	
	0.604371	
	0.435662	
	0.401672	
	0.447455	
	0.441319	
	0.387105	
	0.360733	
	0.337117	
	0.356379	
	0.374221	
	0.383683	
	0.350165	
	0.379372	
	0.367651	
	0.337379	
	0.370614	
	0.406194	
	0.403613	
	0.474601	
	0.432932	
	0.379469	
	0.365343	
	0.402324	
	0.363826	
	0.380561	
	0.458031	
	0.353595	
	0.479743	
	0.699920	
	0.678378	
	0.434908	
	0.276097	
	0.303657	
	0.342766	
	0.322203	
	0.346712	
	0.355337	
	0.337381	
	0.374800	
	0.418306	
	0.432602	
	0.421710	
	0.424767	
	0.449760	
	0.370482	
	0.374267	
	0.336613	
	0.341276	
	0.370798	
	0.367008	
	0.380385	
	0.357624	
	0.351815	
	0.319643	
	0.525780	
	0.605870	
	0.706818	
	0.443645	
	0.371965	
	0.366992	
	0.397902	
	0.427701	
	0.392626	
	0.340353	
	0.347476	
	0.348033	
	0.371555	
	0.376423	
	0.429885	
	0.496616	
	0.418410	
	0.382451	
	0.349062	
	0.347654	
	0.338554	
	0.363148	
	0.481599	
	0.384011	
	0.363915	
	0.345276	
	0.361731	
	0.366287	
	0.370645	
	0.361408	
	0.283379	
	0.323504	
	0.339751	
	0.362204	
	0.423186	
	0.373365	
	0.350342	
	0.386435	
	0.337459	
	0.326142	
	0.352159	
	0.413773	
	0.356741	
	0.301286	
	0.296566	
	0.311538	
	0.355002	
	0.332964	
	0.313616	
	0.315973	
	0.316676	
	0.353329	
	0.310189	
	0.380832	
	0.341604	
	0.314681	
	0.332911	
	0.300736	
	0.312685	
	0.332153	
	0.365253	
	0.397846	
	0.342024	
	0.349764	
	0.309338	
	0.281956	
	0.351548	
	0.453204	
	0.342492	
	0.300936	
	0.304637	
	0.382996	
	0.299785	
	0.372405	
	0.395982	
	0.328694	
	0.369994	
	0.398143	
	0.346199	
	0.314747	
	0.388017	
	0.327169	
	0.279585	
	0.250184	
	0.336317	
	0.366614	
	0.369159	
	0.325592	
	0.312258	
	0.297241	
	0.296747	
	0.311089	
	0.464756	
	0.426620	
	0.331645	
	0.398162	
	0.358240	
	0.328223	
	0.401212	
	0.414690	
	0.372564	
	0.389355	
	0.482298	
	0.445682	
	0.386385	
	0.407299	
	0.354370	
	0.349031	
	0.366790	
	0.375060	
	0.400972	
	0.382778	
	0.369181	
	0.361515	
	0.331571	
	0.359628	
	0.362199	
	0.359240	
	0.548802	
	0.405124	
	0.385880	
	0.387504	
	0.394846	
	0.377986	
	0.348288	
	0.281659	
	0.442259	
	0.442355	
	0.408494	
	0.452273	
	0.516027	
	0.413395	
	0.332533	
	0.348672	
	0.314293	
	0.293977	
	0.247918	
	0.264824	
	0.417285	
	0.448391	
	0.369071	
	0.379801	
	0.408688	
	0.465442	
	0.403869	
	0.280807	
	0.274956	
	0.308201	
	0.339223	
	0.340357	
	0.334241	
	0.324194	
	0.362919	
	0.457606	
	0.441153	
	0.342953	
	0.389335	
	0.410962	
	0.330073	
	0.365337	
	0.352772	
	0.350075	
	0.344377	
	0.312907	
	0.289480	
	0.300535	
	0.256124	
	0.236426	
	0.227739	
	0.372199	
	0.389252	
	0.299147	
	0.244090	
	0.241684	
	0.248437	
	0.268007	
	0.271525	
	0.335515	
	0.441661	
	0.344429	
	0.250384	
	0.238596	
	0.328947	
	0.313939	
	0.261628	
	0.240484	
	0.205310	
	0.201695	
	0.212606	
	0.220610	
	0.309348	
	0.344191	
	0.334019	
	0.346045	
	0.273365	
	0.407293	
	0.376158	
	0.283712	
	0.257314	
	0.219544	
	0.250236	
	0.267985	
	0.282117	
	0.252565	
	0.234725	
	0.243108	
	0.179828	
	0.194886	
	0.360488	
	0.304251	
	0.264314	
	0.264996	
	0.248723	
	0.223079	
	0.240796	
	0.236931	
	0.215555	
	0.214907	
	0.200209	
	0.189165	
	0.250456	
	0.334086	
	0.305316	
	0.267558	
	0.250427	
	0.259900	
	0.212912	
	0.215919	
	0.293928	
	0.275399	
	0.286321	
	0.241908	
	0.241965	
	0.302892	
	0.462396	
	0.324094	
	0.240148	
	0.230180	
	0.233501	
	0.233872	
	0.250446	
	0.252099	
	0.231715	
	0.231148	
	0.231432	
	0.228799	
	0.318839	
	0.426874	
	0.371816	
	0.336741	
	0.260943	
	0.261101	
	0.234266	
	0.243664	
	0.248558	
	0.292988	
	0.302434	
	0.300626	
	0.394584	
	0.368693	
	0.310934	
	0.351578	
	0.330576	
	0.257041	
	0.227221	
	0.241308	
	0.215104	
	0.220597	
	0.239544	
	0.241997	
	0.220482	
	0.208304	
	0.226228	
	0.332551	
	0.276467	
	0.279672	
	0.267430	
	0.237752	
	0.231891	
	0.258575	
	0.271829	
	0.250594	
	0.279700	
	0.258434	
	0.356293	
	0.451078	
	0.413679	
	0.409011	
	0.364746	
	0.378207	
	0.318682	
	0.296210	
	0.301579	
	0.335186	
	0.346086	
	0.342696	
	0.272399	
	0.264852	
	0.275486	
	0.351597	
	0.398839	
	0.318691	
	0.277676	
	0.258917	
	0.268019	
	0.253206	
	0.244071	
	0.279627	
	0.263148	
	0.271829	
	0.438841	
	0.424454	
	0.319010	
	0.331234	
	0.309034	
	0.354289	
	0.316006	
	0.305987	
	0.299114	
	0.286077	
	0.297171	
	0.254962	
	0.249534	
	0.251774	
	0.226218	
	0.203708	
	0.234683	
	0.233113	
	0.237625	
	0.252243	
	0.240144	
	0.230370	
	0.214888	
	0.211960	
	0.212716	
	0.228985	
	0.244760	
	0.241420	
	0.233403	
	0.217191	
	0.207486	
	0.202546	
	0.226552	
	0.252610	
	0.254876	
	0.215016	
	0.197552	
	0.188658	
	0.201555	
	0.195463	
	0.201890	
	0.243225	
	0.232076	
	0.218222	
	0.190834	
	0.177149	
	0.184656	
	0.185682	
	0.188900	
	0.205403	
	0.186816	
	0.217223	
	0.206299	
	0.208308	
	0.231723	
	0.195717	
	0.226085	
	0.213709	
	0.230765	
	0.203672	
	0.193669	
	0.218274	
	0.238406	
	0.231996	
	0.236875	
	0.223703	
	0.231263	
	0.220715	
	0.207202	
	0.200060	
	0.210734	
	0.200131	
	0.189938	
	0.219111	
	0.222827	
	0.205423	
	0.233738	
	0.227101	
	0.210559	
	0.214493	
	0.203812	
	0.221293	
	0.197726	
	0.218670	
	0.212394	
	0.187594	
	0.183180	
	0.195234	
	0.209381	
	0.198450	
	0.221174	
	0.207520	
	0.211513	
	0.218207	
	0.197359	
	0.204967	
	0.198153	
	0.183253	
	0.217922	
	0.223830	
	0.232000	
	0.233411	
	0.240271	
	0.236411	
	0.212052	
	0.223752	
	0.201141	
	0.206410	
	0.197913	
	0.197142	
	0.191102	
	0.175941	
	0.205439	
	0.197845	
	0.164698	
	0.158973	
	0.181493	
	0.182962	
	0.187732	
	0.187318	
	0.204735	
	0.183199	
	0.181666	
	0.164551	
	0.149775	
	0.179936	
	0.231756	
	0.269807	
	0.256680	
	0.232230	
	0.221953	
	0.245266	
	0.240431	
	0.231989	
	0.237425	
	0.246393	
	0.222371	
	0.216393	
	0.208229	
	0.193330	
	0.234106	
	0.257158	
	0.246639	
	0.226482	
	0.185860	
	0.187060	
	0.171706	
	0.150258	
	0.166486	
	0.168639	
	0.147262	
	0.168697	
	0.141974	
	0.108783	
	0.120191	
	0.124769	
	0.108785	
	0.092183	
	0.082456	
	0.087374	
	0.075817	
	0.093045	
	0.092062	
	0.096508	
	0.097992	
	0.097175	
	0.096726	
	0.105605	
	0.129705	
	NaN	
	NaN	
	NaN	
	NaN	
	NaN	
	NaN	
	NaN	
	NaN	
	NaN	
	NaN	
	NaN	
	NaN	
	NaN	
	NaN	
	NaN	
	NaN	
	NaN	
	NaN	
	NaN	
	NaN	
	NaN	
	NaN	
	NaN	
	NaN	
	NaN	
	NaN	
	NaN	
	NaN	
	NaN	
	NaN	
	NaN	
	NaN	
	NaN	
	NaN	
	NaN	
	NaN	
	NaN	
	NaN	
	NaN	
	NaN	
	NaN	
	NaN	
	NaN	
	NaN	
	NaN	
	NaN	
	NaN	
	NaN	
	NaN	
	NaN	
	NaN	
	NaN	
	NaN	
	NaN	
	NaN	
	NaN	
	NaN	
	NaN	
	NaN	
	NaN	
	NaN	
	NaN	
	NaN	
	NaN	
	NaN	
	NaN	
	NaN	
	NaN	
	NaN	
	NaN	
	NaN	
	NaN	
	NaN	
	NaN	
	NaN	
	NaN	
	NaN	
	NaN	
	NaN	
	NaN	
	NaN	
	NaN	
	NaN	
	NaN	
	NaN	
	NaN	
	NaN	
	NaN	
	NaN	
	NaN	
	NaN	
	NaN	
	NaN	
	NaN	
	NaN	
	NaN	
	NaN	
	NaN	
	NaN	
	NaN	
	NaN	
	NaN	
	NaN	
	NaN	
	NaN	
	NaN	
	NaN	
	NaN	
	NaN	
	NaN	
	NaN	
	NaN	
	NaN	
	NaN	
	NaN	
	NaN	
	NaN	
	NaN	
	NaN	
	NaN	
