_Mode		
	-0.114673	
	-0.150968	
	-0.022692	
	0.208069	
	0.044583	
	-0.033039	
	0.028426	
	-0.195541	
	-0.100478	
	0.102751	
	-0.159610	
	-0.223101	
	-0.203371	
	-0.106172	
	-0.303688	
	-0.182355	
	0.069603	
	-0.085883	
	-0.016751	
	-0.060379	
	-0.185334	
	-0.152895	
	-0.177769	
	-0.125163	
	0.018043	
	-0.115467	
	-0.187840	
	-0.286876	
	0.113899	
	0.018807	
	0.033514	
	-0.009918	
	-0.216864	
	-0.247666	
	-0.024178	
	-0.031771	
	0.145623	
	-0.138552	
	-0.100978	
	-0.088887	
	-0.052044	
	0.001633	
	0.021617	
	-0.113343	
	-0.003845	
	-0.103422	
	-0.376953	
	0.107922	
	0.035533	
	0.153526	
	0.016300	
	0.053972	
	0.183095	
	0.191829	
	-0.078078	
	-0.001051	
	-0.100485	
	-0.015503	
	0.036665	
	0.003166	
	-0.179469	
	-0.157827	
	0.012291	
	0.185893	
	0.211692	
	0.128383	
	-0.275283	
	0.211019	
	-0.032496	
	-0.258231	
	-0.239882	
	-0.123192	
	-0.201493	
	-0.274724	
	0.087669	
	-0.181614	
	0.028413	
	-0.048955	
	-0.036351	
	-0.235945	
	-0.273991	
	-0.197323	
	-0.185083	
	-0.203497	
	-0.240925	
	-0.097811	
	-0.080745	
	-0.044812	
	-0.026200	
	-0.113227	
	-0.123970	
	0.058928	
	0.227859	
	-0.180708	
	0.258790	
	0.103159	
	-0.106133	
	-0.049913	
	0.155319	
	-0.149583	
	-0.164322	
	-0.103802	
	0.075039	
	0.041815	
	-0.219684	
	-0.004743	
	0.205671	
	0.083746	
	-0.350288	
	-0.113780	
	0.028818	
	-0.081250	
	-0.148324	
	-0.323027	
	-0.195501	
	-0.222635	
	-0.340078	
	-0.339414	
	-0.292680	
	-0.109917	
	-0.139026	
	0.206085	
	-0.055739	
	0.201141	
	0.217702	
	0.007061	
	-0.231671	
	0.011831	
	-0.164895	
	0.033858	
	-0.152830	
	0.027546	
	-0.337165	
	0.096648	
	0.037034	
	-0.063062	
	-0.100556	
	-0.065669	
	0.127153	
	0.245908	
	-0.029643	
	-0.020390	
	0.034996	
	0.002408	
	-0.117311	
	-0.238020	
	-0.284754	
	0.157152	
	0.040876	
	-0.218709	
	0.048533	
	0.097908	
	-0.134862	
	-0.156310	
	0.108760	
	-0.370241	
	-0.109907	
	-0.001279	
	-0.174234	
	-0.173124	
	-0.124335	
	-0.027478	
	-0.078392	
	-0.225316	
	-0.078333	
	-0.047876	
	-0.160053	
	-0.320104	
	-0.225789	
	-0.335151	
	-0.211690	
	0.010206	
	-0.021069	
	-0.057198	
	0.089972	
	-0.030851	
	-0.087310	
	0.068475	
	-0.057192	
	0.209931	
	0.181376	
	0.066646	
	-0.183256	
	-0.058175	
	-0.049592	
	-0.010511	
	-0.094525	
	-0.220047	
	-0.244258	
	-0.261325	
	0.034138	
	-0.056168	
	0.055062	
	-0.022598	
	0.073392	
	0.162946	
	0.036820	
	0.198278	
	0.016930	
	0.054728	
	-0.185767	
	-0.013264	
	0.009684	
	-0.041711	
	-0.125252	
	-0.239546	
	-0.373209	
	-0.202012	
	-0.172681	
	-0.326692	
	-0.318388	
	-0.108133	
	0.154590	
	-0.246689	
	0.140924	
	0.050413	
	0.111830	
	-0.151590	
	-0.072527	
	-0.195303	
	-0.162716	
	-0.186228	
	-0.068648	
	-0.079792	
	-0.084179	
	-0.072944	
	0.008551	
	-0.015123	
	0.043008	
	0.106329	
	0.089345	
	0.068217	
	0.188073	
	0.165122	
	0.027113	
	0.058717	
	-0.255648	
	0.256640	
	0.147362	
	0.128261	
	0.083451	
	-0.004263	
	-0.109960	
	0.046178	
	-0.012430	
	-0.152329	
	0.034897	
	-0.164147	
	-0.043954	
	-0.038558	
	0.120156	
	-0.026669	
	0.128175	
	0.160616	
	-0.052668	
	0.211637	
	-0.098976	
	0.060824	
	0.097403	
	0.035866	
	-0.135835	
	-0.072119	
	-0.058454	
	-0.179663	
	-0.131747	
	0.025016	
	-0.005703	
	0.041799	
	-0.039589	
	-0.095811	
	-0.170304	
	-0.078477	
	0.198002	
	-0.085998	
	0.212915	
	0.200850	
	0.174020	
	-0.150142	
	0.159315	
	-0.273599	
	-0.125833	
	-0.090667	
	-0.350435	
	-0.054127	
	-0.065243	
	-0.097009	
	0.068979	
	-0.014426	
	-0.025815	
	0.064299	
	-0.134251	
	-0.131294	
	-0.064171	
	-0.136891	
	-0.309099	
	-0.254601	
	-0.177415	
	-0.190474	
	-0.039869	
	-0.101624	
	-0.160784	
	-0.232282	
	-0.196387	
	-0.181407	
	-0.225954	
	-0.168328	
	-0.088961	
	-0.114885	
	-0.218746	
	-0.121299	
