_Brightness		
	NaN	
	NaN	
	NaN	
	NaN	
	NaN	
	NaN	
	NaN	
	NaN	
	NaN	
	NaN	
	NaN	
	NaN	
	0.098893	
	0.094688	
	0.100948	
	0.126854	
	0.133729	
	0.126997	
	0.111102	
	0.126306	
	0.129617	
	0.128804	
	0.134079	
	0.146335	
	0.166580	
	0.182896	
	0.184343	
	0.107885	
	0.093396	
	0.087630	
	0.086779	
	0.094701	
	0.082260	
	0.098661	
	0.098995	
	0.112354	
	0.155956	
	0.445226	
	0.349152	
	0.386683	
	0.469141	
	0.411416	
	0.335896	
	0.324056	
	0.306760	
	0.339593	
	0.344716	
	0.380520	
	0.284992	
	0.235242	
	0.223876	
	0.231406	
	0.185039	
	0.146760	
	0.184637	
	0.223722	
	0.230086	
	0.188044	
	0.185737	
	0.184064	
	0.178428	
	0.177394	
	0.221432	
	0.243513	
	0.229097	
	0.221296	
	0.136610	
	0.107441	
	0.125739	
	0.136787	
	0.113674	
	0.130656	
	0.128025	
	0.118450	
	0.239914	
	0.202227	
	0.198763	
	0.216886	
	0.257852	
	0.391123	
	0.345685	
	0.379099	
	0.348136	
	0.283933	
	0.281772	
	0.244927	
	0.297899	
	0.365802	
	0.317111	
	0.277561	
	0.309190	
	0.309228	
	0.289161	
	0.280078	
	0.306896	
	0.297603	
	0.253368	
	0.213871	
	0.238317	
	0.200068	
	0.211119	
	0.173763	
	0.229909	
	0.201879	
	0.153780	
	0.164289	
	0.143817	
	0.130970	
	0.158498	
	0.176123	
	0.197205	
	0.187957	
	0.233095	
	0.225796	
	0.196112	
	0.181014	
	0.125621	
	0.109350	
	0.119467	
	0.135758	
	0.257220	
	0.202819	
	0.170945	
	0.188389	
	0.214511	
	0.201099	
	0.248752	
	0.195586	
	0.153002	
	0.161762	
	0.218134	
	0.164537	
	0.178456	
	0.169948	
	0.177250	
	0.196505	
	0.265024	
	0.260875	
	0.246906	
	0.229643	
	0.198076	
	0.219256	
	0.281725	
	0.315797	
	0.345720	
	0.334390	
	0.287744	
	0.323942	
	0.323608	
	0.293280	
	0.304168	
	0.314479	
	0.388293	
	0.331928	
	0.342904	
	0.351141	
	0.341576	
	0.341555	
	0.323115	
	0.303218	
	0.226064	
	0.165172	
	0.168262	
	0.207270	
	0.231951	
	0.232299	
	0.207395	
	0.184358	
	0.149645	
	0.183576	
	0.155384	
	0.178223	
	0.181540	
	0.174008	
	0.155576	
	0.176299	
	0.203866	
	0.244084	
	0.200604	
	0.155775	
	0.160712	
	0.186840	
	0.299858	
	0.228176	
	0.200960	
	0.204215	
	0.184607	
	0.204900	
	0.200734	
	0.188357	
	0.197703	
	0.211414	
	0.250954	
	0.219676	
	0.236538	
	0.252702	
	0.218258	
	0.210329	
	0.164941	
	0.148390	
	0.143066	
	0.158251	
	0.175290	
	0.374678	
	0.312361	
	0.292923	
	0.280184	
	0.255540	
	0.212087	
	0.218623	
	0.191331	
	0.202854	
	0.212352	
	0.200541	
	0.211242	
	0.162607	
	0.166428	
	0.171233	
	0.157735	
	0.164164	
	0.153634	
	0.135905	
	0.138473	
	0.126674	
	0.144471	
	0.154987	
	0.153317	
	0.123195	
	0.116187	
	0.122001	
	0.129749	
	0.117898	
	0.144804	
	0.148776	
	0.138171	
	0.193524	
	0.218183	
	0.231623	
	0.212161	
	0.248926	
	0.223132	
	0.154589	
	0.117306	
	0.140368	
	0.363125	
	0.332741	
	0.258430	
	0.225717	
	0.189619	
	0.184970	
	0.231067	
	0.264868	
	0.248538	
	0.257055	
	0.244047	
	0.257105	
	0.240164	
	0.236517	
	0.218919	
	0.245869	
	0.244867	
	0.278819	
	0.253752	
	0.245950	
	0.259883	
	0.240205	
	0.230960	
	0.201297	
	0.198450	
	0.164368	
	0.167929	
	0.162028	
	0.145125	
	0.175277	
	0.139859	
	0.185452	
	0.225810	
	0.180616	
	0.171993	
	0.138090	
	0.155797	
	0.136530	
	0.142427	
	0.293283	
	0.269288	
	0.230126	
	0.223126	
	0.249066	
	0.231705	
	0.185077	
	0.169516	
	0.215762	
	0.221608	
	0.193249	
	0.210958	
	0.198666	
	0.177127	
	0.156768	
	0.154347	
	0.160453	
	0.147659	
	0.140291	
	0.132113	
	0.131478	
	0.132949	
	0.132480	
	0.160901	
	0.185698	
	0.181591	
	0.179741	
	0.168723	
	0.204072	
	0.155965	
	0.157823	
	0.184013	
	0.159836	
	0.178917	
	0.156195	
	0.159795	
	0.161989	
	0.159536	
	0.169679	
	0.130489	
	0.137467	
	0.127437	
	0.132182	
	0.147188	
	0.132639	
	0.160258	
	0.158755	
	0.158250	
	0.156836	
	0.155409	
	0.148637	
	0.140590	
	0.145796	
	0.130228	
	0.124800	
	0.133014	
	0.106621	
	0.127403	
	0.185893	
	0.172395	
	0.168833	
	0.151351	
	0.164580	
	0.132635	
	0.146803	
	0.153174	
	0.131675	
	0.199332	
	0.202724	
	0.168041	
	0.163361	
	0.177232	
	0.139264	
	0.138296	
	0.123376	
	0.140078	
	0.133888	
	0.111239	
	0.112645	
	0.110652	
	0.126124	
	0.114526	
	0.119363	
	0.116677	
	0.144094	
	0.104904	
	0.116227	
	0.105081	
	0.106711	
	0.103086	
	0.109389	
	0.099183	
	0.108692	
	0.090742	
	0.077141	
	0.087316	
	0.076691	
	0.085842	
	0.086445	
	0.089126	
	0.085431	
	0.101017	
	0.093489	
	0.096920	
	0.088426	
	0.112099	
	0.094349	
	0.116127	
	0.115648	
	0.107409	
	0.128772	
	0.121112	
	0.129903	
	0.130476	
	0.173644	
	0.242959	
	0.183871	
	0.189477	
	0.194781	
	0.148870	
	0.158030	
	0.160217	
	0.140089	
	0.151939	
	0.132170	
	0.143404	
	0.111697	
	0.116978	
	0.110597	
	0.115945	
	0.109847	
	0.123446	
	0.119635	
	0.118757	
	0.138567	
	0.135705	
	0.113496	
	0.108564	
	0.106613	
	0.124611	
	0.164516	
	0.137911	
	0.119575	
	0.102182	
	0.116586	
	0.109657	
	0.097080	
	0.108939	
	0.110314	
	0.111152	
	0.085146	
	0.111290	
	0.104416	
	0.112514	
	0.100996	
	0.114725	
	0.112929	
	0.128268	
	0.115552	
	0.109690	
	0.106214	
	0.106502	
	0.101959	
	0.091401	
	0.104764	
	0.097399	
	0.078497	
	0.095983	
	0.091823	
	0.096916	
	0.101408	
	0.099561	
	0.096275	
	0.101922	
	0.106299	
	0.105371	
	0.095682	
	0.104778	
	0.089275	
	0.088411	
	0.090670	
	0.091779	
	0.082802	
	0.079561	
	0.075888	
	0.092554	
	0.095042	
	0.115056	
	0.118008	
	0.131754	
	0.087101	
	0.098268	
	0.094386	
	0.100481	
	0.094827	
	0.117608	
	0.102572	
	0.105964	
	0.126044	
	0.102070	
	0.111694	
	0.095138	
	0.117667	
	0.112340	
	0.122382	
	0.128656	
	0.119102	
	0.129948	
	0.134779	
	0.125773	
	0.119073	
	0.155430	
	0.116612	
	0.109277	
	0.117046	
	0.108548	
	0.125834	
	0.121414	
	0.130465	
	0.125810	
	0.125843	
	0.116062	
	0.124467	
	0.116634	
	0.126141	
	0.122447	
	0.128458	
	0.129339	
	0.086255	
	0.081425	
	0.082017	
	0.085164	
	0.076802	
	0.073595	
	0.085073	
	0.099137	
	0.096632	
	0.098826	
	0.100729	
	0.109346	
	0.102828	
	0.112659	
	0.113703	
	0.120810	
	0.125027	
	0.124408	
	0.113971	
	0.124840	
	0.109915	
	0.114038	
	0.118526	
	0.123726	
	0.104309	
	0.102801	
	0.101061	
	0.113310	
	0.119364	
	0.123658	
	0.126965	
	0.110026	
	0.110477	
	0.103151	
	0.103195	
	0.099715	
	0.100680	
	0.103152	
	0.101766	
	0.154686	
	0.109763	
	0.099209	
	0.100856	
	0.130433	
	0.100446	
	0.101795	
	0.085604	
	0.109630	
	0.094044	
	0.098482	
	0.097383	
	0.097388	
	0.109513	
	0.104331	
	0.098577	
	0.111307	
	0.111198	
	0.104688	
	0.109297	
	0.101098	
	0.098245	
	0.110676	
	0.108239	
	0.114469	
	0.120767	
	0.108465	
	0.105027	
	0.106821	
	0.090828	
	0.149671	
	0.124544	
	0.105901	
	0.097252	
	0.100993	
	0.202095	
	0.420912	
	0.568675	
	0.707793	
	0.589412	
	0.271475	
	0.156016	
	0.192234	
	0.211770	
	0.210979	
	0.243482	
	0.270574	
	0.375579	
	0.543511	
	0.721902	
	0.658097	
	0.622238	
	0.437362	
	0.321777	
	0.485419	
	0.538732	
	0.440217	
	0.444940	
	0.505174	
	0.491417	
	0.507611	
	0.443641	
	0.457184	
	0.514632	
	0.473562	
	0.349073	
	0.347017	
	0.345119	
	0.677306	
	0.881433	
	0.805233	
	0.501436	
	0.307545	
	0.303475	
	0.362481	
	0.386392	
	0.427662	
	0.413105	
	0.450868	
	0.459377	
	0.480125	
	0.452288	
	0.471123	
	0.446279	
	0.433876	
	0.430587	
	0.436933	
	0.459381	
	0.403632	
	0.383747	
	0.405425	
	0.399597	
	0.363022	
	0.353408	
	0.325986	
	0.308089	
	0.307900	
	0.343809	
	0.310111	
	0.284079	
	0.448699	
	0.266935	
	0.213708	
	0.219070	
	0.175905	
	0.173054	
	0.196454	
	0.195637	
	0.185903	
	0.181670	
	0.187178	
	0.203873	
	0.217276	
	0.215892	
	0.203371	
	0.197981	
	0.200527	
	0.192560	
	0.192778	
	0.179497	
	0.176271	
	0.162524	
	0.159591	
	0.175513	
	0.166211	
	0.149013	
	0.149839	
	0.140138	
	0.118026	
	0.111958	
	0.112274	
	0.131615	
	0.150715	
	0.147053	
	0.133469	
	0.137475	
	0.135689	
	0.116356	
	0.116896	
	0.115897	
	0.111463	
	0.115965	
	0.124238	
	0.128722	
	0.134865	
	0.150783	
	0.153793	
	0.165768	
	0.180006	
	0.181306	
	0.179581	
	0.147476	
	0.133996	
	0.109522	
	0.075653	
	0.153855	
	0.591512	
	0.351509	
	0.134336	
	0.219362	
	0.316677	
	0.353203	
	0.444156	
	0.579835	
	0.540566	
	0.567785	
	0.603052	
	0.626684	
	0.605864	
	0.608947	
	0.626346	
	0.608412	
	0.493530	
	0.393417	
	0.412431	
	0.440842	
	0.602144	
	0.687614	
	0.667466	
	0.682572	
	0.696421	
	0.737513	
	0.693004	
	0.717569	
	0.660133	
	0.653450	
	0.621878	
	0.761259	
	0.830916	
	0.820141	
	0.707448	
	0.382594	
	0.389992	
	0.512625	
	0.527312	
	0.554381	
	0.431080	
	0.385959	
	0.395588	
	0.414177	
	0.414377	
	0.412266	
	0.403682	
	0.388401	
	0.369012	
	0.331034	
	0.305819	
	0.260545	
	0.354379	
	0.348583	
	0.281222	
	0.235732	
	0.218954	
	0.203393	
	0.197352	
	0.191210	
	0.177299	
	0.164615	
	0.160409	
	0.165739	
	0.154591	
	0.137202	
	0.149001	
	0.155758	
	0.147195	
	0.155112	
	0.139935	
	0.143949	
	0.147977	
	0.140676	
	0.115069	
	0.112701	
	0.090779	
	0.099799	
	0.095839	
	0.114981	
	0.091044	
	0.086905	
	0.077141	
	0.087990	
	0.082920	
	0.080355	
	0.075571	
	0.082495	
	0.070344	
	0.072594	
	0.131823	
	0.126723	
	0.108986	
	0.122769	
	0.105763	
	0.098439	
	0.091268	
	0.085704	
	0.090443	
	0.085378	
	0.086551	
	0.078282	
	0.075776	
	0.073825	
	0.095929	
	0.106451	
	0.114040	
	0.150328	
	0.106027	
	0.083676	
	0.092471	
	0.090009	
	0.085408	
	0.090518	
	0.087323	
	0.102386	
	0.103314	
	0.111692	
	0.182869	
	0.477734	
	0.635499	
	0.589318	
	0.358848	
	0.156803	
	0.125244	
	0.129110	
	0.117007	
	0.135624	
	0.137911	
	0.129598	
	0.126333	
	0.181830	
	0.731281	
	0.877791	
	0.916829	
	0.796518	
	0.355080	
	0.127788	
	0.143260	
	0.124691	
	0.131112	
	0.151652	
	0.157584	
	0.156162	
	0.161702	
	0.171999	
	0.191740	
	0.163947	
	0.138007	
	0.136248	
	0.165830	
	0.160751	
	0.135453	
	0.144706	
	0.152707	
	0.145425	
	0.156135	
	0.127109	
	0.106546	
	0.078481	
	0.077856	
	0.091405	
	0.094029	
	0.091015	
	0.078325	
	0.080816	
	0.129983	
	0.071727	
	0.101720	
	0.074828	
	0.087504	
	0.077160	
	0.078131	
	0.090646	
	0.101421	
	0.132189	
	0.187580	
	0.185267	
	0.168353	
	0.184034	
	0.187293	
	0.174108	
	0.168501	
	0.184671	
	0.216043	
	0.225552	
	0.244455	
	0.258203	
	0.486133	
	0.726213	
	0.599352	
	0.218833	
	0.184942	
	0.250093	
	0.253840	
	0.293519	
	0.278871	
	0.249054	
	0.205388	
	0.197576	
	0.189571	
	0.160582	
	0.174918	
	0.398647	
	0.632292	
	0.682894	
	0.595895	
	0.300500	
	0.240653	
	0.220952	
	0.296800	
	0.250414	
	0.238996	
	0.238447	
	0.254911	
	0.272893	
	0.259515	
	0.270423	
	0.233538	
	0.231345	
	0.196295	
	0.210550	
	0.174448	
	0.207270	
	0.198521	
	0.167522	
	0.183934	
	0.174346	
	0.181161	
	0.173045	
	0.164541	
	0.255402	
	0.223461	
	0.221331	
	0.199787	
	0.194772	
	0.183006	
	0.176409	
	0.168062	
	0.173923	
	0.199676	
	0.193038	
	0.197745	
	0.172753	
	0.164054	
	0.156561	
	0.166469	
	0.151604	
	0.132140	
	0.268907	
	0.288696	
	0.357889	
	0.432371	
	0.465936	
	0.506144	
	0.495239	
	0.493720	
	0.420600	
	0.391978	
	0.540026	
	0.619467	
	0.628035	
	0.625957	
	0.567909	
	0.540159	
	0.536451	
	0.469541	
	0.399117	
	0.338182	
	0.319864	
	0.284616	
	0.290382	
	0.278777	
	0.288300	
	0.287096	
	0.339527	
	0.361213	
	0.494311	
	0.500697	
	0.556281	
	0.546338	
	0.537886	
	0.541045	
	0.566321	
	0.588891	
	0.534019	
	0.609881	
	0.444879	
	0.286444	
	0.247143	
	0.262415	
	0.294860	
	0.262702	
	0.213615	
	0.217334	
	0.354768	
	0.360605	
	0.359051	
	0.407915	
	0.341316	
	0.314072	
	0.304895	
	0.313298	
	0.252659	
	0.175460	
	0.184052	
	0.197667	
	0.407105	
	0.493555	
	0.213373	
	0.157473	
	0.135500	
	0.130596	
	0.126389	
	0.132592	
	0.133963	
	0.131113	
	0.113564	
	0.116671	
	0.108948	
	0.094794	
	0.114089	
	0.121837	
	0.117423	
	0.117438	
	0.121888	
	0.111239	
	0.107940	
	0.095934	
	0.090680	
	0.099087	
	0.086168	
	0.085739	
	0.104560	
	0.100728	
	0.093952	
	0.162330	
	0.102788	
	0.113949	
	0.090353	
	0.083611	
	0.083619	
	0.077344	
	0.087979	
	0.095181	
	0.100730	
	0.128019	
	0.092499	
	0.093371	
	0.088977	
	0.088898	
	0.094228	
	0.086749	
	0.079231	
	0.078045	
	0.082012	
	0.093991	
	0.100909	
	0.108863	
	0.102741	
	0.100520	
	0.089884	
	0.136012	
	0.119774	
	0.107872	
	0.128778	
	0.425239	
	0.399624	
	0.340724	
	0.276380	
	0.249428	
	0.176519	
	0.130143	
	0.207370	
	0.278004	
	0.323314	
	0.305329	
	0.271141	
	0.230065	
	0.206886	
	0.207537	
	0.221536	
	0.230541	
	0.252547	
	0.266602	
	0.265185	
	0.244343	
	0.226874	
	0.184192	
	0.155013	
	0.142967	
	0.196116	
	0.461989	
	0.664606	
	0.230404	
	0.318974	
	0.423517	
	0.347075	
	0.347896	
	0.343562	
	0.361111	
	0.419689	
	0.346524	
	0.279065	
	0.256470	
	0.262339	
	0.313362	
	0.398219	
	0.287998	
	0.322335	
	0.321792	
	0.324579	
	0.317592	
	0.284577	
	0.337117	
	0.574664	
	0.773477	
	0.796498	
	0.686019	
	0.389656	
	0.364266	
	0.382270	
	0.373313	
	0.404209	
	0.542929	
	0.646989	
	0.670417	
	0.691705	
	0.614279	
	0.356571	
	0.330619	
	0.358335	
	0.372272	
	0.401327	
	0.413051	
	0.418922	
	0.387357	
	0.332260	
	0.205434	
	0.206721	
	0.202853	
	0.172469	
	0.161627	
	0.158063	
	0.146263	
	0.143931	
	0.156713	
	0.158128	
	0.169596	
	0.160770	
	0.151964	
	0.155381	
	0.148230	
	0.147398	
	0.138781	
	0.204521	
	0.287465	
	0.344846	
	0.297360	
	0.270069	
	0.259828	
	0.237163	
	0.206213	
	0.190859	
	0.144056	
	0.124265	
	0.115489	
	0.124180	
	0.127707	
	0.122830	
	0.124183	
	0.121986	
	0.122387	
	0.135251	
	0.130751	
	0.121612	
	0.126172	
	0.107505	
	0.152282	
	0.141921	
	0.338622	
	0.635899	
	0.827325	
	0.791791	
	0.244405	
	0.139614	
	0.176967	
	0.110055	
	0.110991	
	0.131639	
	0.153880	
	0.139995	
	0.120432	
	0.124760	
	0.138925	
	0.120193	
	0.118664	
	0.099840	
	0.102455	
	0.115198	
	0.104425	
	0.093426	
	0.083344	
	0.089793	
	0.088959	
	0.097598	
	0.110981	
	0.093867	
	0.097462	
	0.087927	
	0.079821	
	0.080318	
	0.069326	
	0.079392	
	0.084758	
	0.094130	
	0.101709	
	0.085863	
	0.074997	
	0.064264	
	0.069294	
	0.069218	
	0.070870	
	0.065922	
	0.053314	
	0.047051	
	0.040687	
	0.054651	
	0.061528	
	0.064045	
	0.063257	
	0.073858	
	0.078666	
	0.126244	
	0.085699	
	0.094341	
	0.092150	
	0.091752	
	0.092069	
	0.094232	
	0.104147	
	0.117838	
	0.201739	
	0.190309	
	0.197111	
	0.195438	
	0.199267	
	0.172442	
	0.152788	
	0.154345	
	0.145265	
	0.134340	
	0.101599	
	0.120935	
	0.101494	
	0.147001	
	0.115826	
	0.129721	
	0.113288	
	0.132157	
	0.097046	
	0.089417	
	0.127406	
	0.124638	
	0.146447	
	0.131744	
	0.108279	
	0.096614	
	0.074374	
	0.082983	
	0.081832	
	0.074403	
	0.075200	
	0.075551	
	0.121958	
	0.104960	
	0.119947	
	0.118353	
	0.108939	
	0.108984	
	0.112269	
	0.149971	
	0.245599	
	0.181015	
	0.194630	
	0.201296	
	0.186478	
	0.164680	
	0.131400	
	0.192642	
	0.165564	
	0.163852	
	0.146295	
	0.165629	
	0.161269	
	0.197470	
	0.241984	
	0.247456	
	0.176351	
	0.153733	
	0.138859	
	0.137486	
	0.114633	
	0.110067	
	0.126300	
	0.162985	
	0.153893	
	0.161000	
	0.153359	
	0.134459	
	0.149874	
	0.099025	
	0.181345	
	0.152995	
	0.128635	
	0.145617	
	0.131793	
	0.135427	
	0.150463	
	0.172917	
	0.119307	
	0.139872	
	0.138989	
	0.126618	
	0.129296	
	0.117577	
	0.130096	
	0.120681	
	0.122243	
	0.113342	
	0.106516	
	0.112266	
	0.104456	
	0.078137	
	0.097449	
	0.110448	
	0.118839	
	0.102849	
	0.105940	
	0.095551	
	0.104468	
	0.100008	
	0.103936	
	0.122679	
	0.146521	
	0.117571	
	0.132794	
	0.122793	
	0.140395	
	0.111451	
	0.121498	
	0.113656	
	0.203981	
	0.188646	
	0.193017	
	0.150969	
	0.130000	
	0.127703	
	0.109380	
	0.118419	
	0.126624	
	0.117443	
	0.136255	
	0.134398	
	0.116646	
	0.131438	
	0.123958	
	0.122351	
	0.117291	
	0.110700	
	0.115273	
	0.106976	
	0.112996	
	0.095797	
	0.114345	
	0.103916	
	0.090814	
	0.090072	
	0.075329	
	0.080675	
	0.073623	
	0.090286	
	0.092636	
	0.098047	
	0.102291	
	0.101556	
	0.118352	
	0.101348	
	0.100195	
	0.109975	
	0.105952	
	0.206592	
	0.111835	
	0.104790	
	0.093293	
	0.116613	
	0.350735	
	0.255218	
	0.219041	
	0.203788	
	0.172640	
	0.171501	
	0.213670	
	0.244794	
	0.266619	
	0.269798	
	0.233893	
	0.213475	
	0.222079	
	0.200414	
	0.212520	
	0.241352	
	0.242244	
	0.216312	
	0.197678	
	0.195545	
	0.197857	
	0.178020	
	0.184811	
	0.150334	
	0.190842	
	0.139230	
	0.150417	
	0.141982	
	0.132796	
	0.148762	
	0.150019	
	0.243362	
	0.166057	
	0.162923	
	0.136673	
	0.152380	
	0.124701	
	0.143043	
	0.152749	
	0.261770	
	0.219238	
	0.217773	
	0.212185	
	0.224214	
	0.206680	
	0.195908	
	0.189997	
	0.174997	
	0.167511	
	0.153328	
	0.155945	
	0.119668	
	0.112145	
	0.120487	
	0.102711	
	0.096572	
	0.101538	
	0.104938	
	0.111845	
	0.107728	
	0.115625	
	0.107186	
	0.112962	
	0.098726	
	0.103729	
	0.090637	
	0.097545	
	0.089304	
	0.094359	
	0.102554	
	0.147526	
	0.142336	
	0.123509	
	0.120306	
	0.139295	
	0.130403	
	0.124064	
	0.104616	
	0.106973	
	0.125775	
	0.109528	
	0.108206	
	0.110798	
	0.099346	
	0.111781	
	0.083185	
	0.097181	
	0.104287	
	0.105034	
	0.096730	
	0.108280	
	0.100231	
	0.101649	
	0.089664	
	0.099639	
	0.094607	
	0.109389	
	0.091351	
	0.089751	
	0.089954	
	0.090837	
	0.189626	
	0.135750	
	0.133290	
	0.114000	
	0.125685	
	0.096947	
	0.099881	
	0.081754	
	0.169055	
	0.182092	
	0.148392	
	0.130409	
	0.106172	
	0.126163	
	0.120948	
	0.124203	
	0.108014	
	0.092001	
	0.079421	
	0.071669	
	0.065369	
	0.077875	
	0.081204	
	0.069764	
	0.096908	
	0.096481	
	0.075758	
	0.074726	
	0.064554	
	0.056176	
	0.058372	
	0.061876	
	0.059340	
	0.077692	
	0.047282	
	0.072075	
	0.054775	
	0.057863	
	0.052282	
	0.062275	
	0.056732	
	0.056680	
	0.063853	
	0.040718	
	0.048206	
	0.050491	
	0.051334	
	0.056483	
	0.055609	
	0.055930	
	0.058439	
	0.063928	
	0.059507	
	0.071692	
	0.065243	
	0.082183	
	0.120073	
	0.115126	
	0.098194	
	0.109929	
	0.092154	
	0.098706	
	0.082034	
	0.096742	
	0.076021	
	0.088916	
	0.078520	
	0.082230	
	0.073632	
	0.079716	
	0.078215	
	0.070512	
	0.075841	
	0.089102	
	0.081867	
	0.121377	
	0.086404	
	0.054745	
	0.058376	
	0.057829	
	0.052164	
	0.058402	
	0.052393	
	0.056006	
	0.051419	
	0.046481	
	0.054095	
	0.056378	
	0.047022	
	0.052219	
	0.057010	
	0.057016	
	0.065131	
	0.067800	
	0.049469	
	0.067411	
	0.054328	
	0.048590	
	0.055273	
	0.056750	
	0.055945	
	0.075919	
	0.056013	
	0.062387	
	0.060651	
	0.051581	
	0.057694	
	0.047700	
	0.044758	
	0.051676	
	0.046271	
	0.054407	
	0.077840	
	0.105132	
	0.179347	
	0.068417	
	0.070308	
	0.077122	
	0.066076	
	0.074109	
	0.062686	
	0.064278	
	0.064988	
	0.075273	
	0.067659	
	0.075594	
	0.067045	
	0.070179	
	0.054204	
	0.049164	
	0.060826	
	0.066163	
	0.065193	
	0.057051	
	0.068529	
	0.091398	
	0.089348	
	0.120825	
	0.178616	
	0.162030	
	0.085460	
	0.090903	
	0.073820	
	0.086779	
	0.075629	
	0.060635	
	0.065717	
	0.066949	
	0.066954	
	0.073617	
	0.064119	
	0.070448	
	0.060226	
	0.073790	
	0.064782	
	0.067375	
	0.085696	
	0.085087	
	0.363088	
	0.257087	
	0.178145	
	0.152685	
	0.134034	
	0.134339	
	0.129867	
	0.119899	
	0.121742	
	0.112828	
	0.098707	
	0.111377	
	0.128980	
	0.130457	
	0.119623	
	0.136113	
	0.153329	
	0.138766	
	0.134821	
	0.117399	
	0.122617	
	0.125918	
	0.143208	
	0.120181	
	0.129498	
	0.116010	
	0.113165	
	0.110058	
	0.112775	
	0.115559	
	0.114413	
	0.125869	
	0.122147	
	0.112593	
	0.110829	
	0.122459	
	0.155257	
	0.145089	
	0.153733	
	0.180252	
	0.277553	
	0.108491	
	0.097407	
	0.121126	
	0.124163	
	0.131425	
	0.113561	
	0.115680	
	0.136505	
	0.146173	
	0.121288	
	0.145177	
	0.131920	
	0.132095	
	0.148385	
	0.140506	
	0.139190	
	0.130920	
	0.137760	
	0.117820	
	0.141165	
	0.207795	
	0.212673	
	0.252398	
	0.265258	
	0.280529	
	0.398408	
	0.497396	
	0.512322	
	0.551382	
	0.500297	
	0.409402	
	0.728006	
	0.860533	
	0.892903	
	0.905170	
	0.835631	
	0.591740	
	0.399049	
	0.455499	
	0.468468	
	0.442288	
	0.467973	
	0.444962	
	0.447583	
	0.464610	
	0.436486	
	0.357998	
	0.381614	
	0.371592	
	0.386462	
	0.246745	
	0.205759	
	0.193488	
	0.311489	
	0.358613	
	0.425109	
	0.419414	
	0.402786	
	0.441506	
	0.487085	
	0.512015	
	0.536655	
	0.582917	
	0.642521	
	0.589783	
	0.536078	
	0.559088	
	0.565829	
	0.569869	
	0.467399	
	0.402275	
	0.396863	
	0.413975	
	0.507078	
	0.508988	
	0.677062	
	0.686930	
	0.521447	
	0.384776	
	0.352944	
	0.308481	
	0.361689	
	0.322174	
	0.321258	
	0.292745	
	0.174808	
	0.163106	
	0.160466	
	0.179769	
	0.170791	
	0.169656	
	0.172442	
	0.164317	
	0.177603	
	0.193215	
	0.177883	
	0.179217	
	0.162151	
	0.170838	
	0.151632	
	0.155621	
	0.206494	
	0.228878	
	0.214126	
	0.190730	
	0.190140	
	0.151182	
	0.147028	
	0.201621	
	0.174324	
	0.182713	
	0.174548	
	0.169699	
	0.155638	
	0.149846	
	0.220257	
	0.203206	
	0.222948	
	0.227934	
	0.217811	
	0.195449	
	0.186582	
	0.166748	
	0.169816	
	0.259047	
	0.404243	
	0.475364	
	0.455890	
	0.474004	
	0.458704	
	0.583582	
	0.651167	
	0.289569	
	0.256439	
	0.240705	
	0.236975	
	0.284477	
	0.374396	
	0.345574	
	0.381277	
	0.321825	
	0.269000	
	0.281423	
	0.206464	
	0.190347	
	0.180089	
	0.194782	
	0.218321	
	0.204548	
	0.207343	
	0.240700	
	0.209889	
	0.240109	
	0.261678	
	0.249984	
	0.240285	
	0.233592	
	0.244315	
	0.228954	
	0.262199	
	0.247764	
	0.268426	
	0.243176	
	0.278179	
	0.256986	
	0.243902	
	0.238889	
	0.281532	
	0.204454	
	0.524263	
	0.812830	
	0.688699	
	0.593086	
	0.491123	
	0.289163	
	0.196222	
	0.188327	
	0.175027	
	0.181674	
	0.172823	
	0.170637	
	0.174022	
	0.176850	
	0.203399	
	0.183202	
	0.169282	
	0.164743	
	0.154926	
	0.158318	
	0.151835	
	0.186019	
	0.184048	
	0.186625	
	0.168403	
	0.150612	
	0.155259	
	0.158534	
	0.143813	
	0.152654	
	0.145390	
	0.208130	
	0.153996	
	0.151577	
	0.178771	
	0.174056	
	0.175873	
	0.173182	
	0.160184	
	0.151876	
	0.147421	
	0.181800	
	0.253378	
	0.241406	
	0.207059	
	0.207460	
	0.185004	
	0.169465	
	0.161138	
	0.163772	
	0.176494	
	0.287251	
	0.507081	
	0.442962	
	0.265545	
	0.202009	
	0.227388	
	0.277760	
	0.231722	
	0.288292	
	0.250895	
	0.283819	
	0.240784	
	0.370518	
	0.767665	
	0.786685	
	0.514763	
	0.294177	
	0.195178	
	0.217329	
	0.210569	
	0.185698	
	0.175103	
	0.179872	
	0.179491	
	0.222386	
	0.220201	
	0.257889	
	0.303221	
	0.273509	
	0.252322	
	0.270150	
	0.256584	
	0.257782	
	0.237861	
	0.214471	
	0.199733	
	0.201466	
	0.200194	
	0.223918	
	0.225533	
	0.201849	
	0.219352	
	0.206548	
	0.178312	
	0.157147	
	0.157635	
	0.176155	
	0.197317	
	0.255281	
	0.255804	
	0.225117	
	0.217575	
	0.216296	
	0.197617	
	0.202086	
	0.355456	
	0.549535	
	0.659196	
	0.398662	
	0.229445	
	0.240356	
	0.217189	
	0.240827	
	0.218441	
	0.249485	
	0.221151	
	0.188356	
	0.268959	
	0.418058	
	0.495534	
	0.526717	
	0.287806	
	0.139166	
	0.146530	
	0.150884	
	0.169358	
	0.172941	
	0.154669	
	0.151837	
	0.152661	
	0.153951	
	0.153259	
	0.146515	
	0.188049	
	0.174580	
	0.141650	
	0.144860	
	0.144525	
	0.150029	
	0.135300	
	0.133692	
	0.204641	
	0.166554	
	0.157408	
	0.151017	
	0.139759	
	0.130548	
	0.123435	
	0.145672	
	0.257444	
	0.213620	
	0.196659	
	0.211169	
	0.179358	
	0.181638	
	0.173397	
	0.160034	
	0.159049	
	0.174730	
	0.214944	
	0.207944	
	0.234903	
	0.231687	
	0.250480	
	0.251694	
	0.260136	
	0.264465	
	0.235515	
	0.220193	
	0.183941	
	0.156149	
	0.315107	
	0.636053	
	0.452126	
	0.238527	
	0.225529	
	0.224343	
	0.236940	
	0.244638	
	0.262677	
	0.241074	
	0.224520	
	0.243498	
	0.498976	
	0.654165	
	0.709145	
	0.654513	
	0.334435	
	0.305956	
	0.317622	
	0.278110	
	0.236773	
	0.220187	
	0.268832	
	0.331779	
	0.352619	
	0.434695	
	0.456225	
	0.461404	
	0.385728	
	0.344070	
	0.311621	
	0.333893	
	0.326339	
	0.290126	
	0.277839	
	0.276132	
	0.261308	
	0.242952	
	0.288110	
	0.367428	
	0.376034	
	0.378459	
	0.378487	
	0.317165	
	0.519282	
	0.694940	
	0.713557	
	0.444529	
	0.414118	
	0.427860	
	0.426151	
	0.404308	
	0.360800	
	0.360693	
	0.363786	
	0.393082	
	0.526526	
	0.600221	
	0.566087	
	0.387793	
	0.322814	
	0.319945	
	0.347990	
	0.329257	
	0.331846	
	0.347627	
	0.338346	
	0.294609	
	0.320967	
	0.295331	
	0.293208	
	0.249689	
	0.224300	
	0.166953	
	0.151300	
	0.166000	
	0.156898	
	0.175316	
	0.180453	
	0.213827	
	0.180063	
	0.154551	
	0.139328	
	0.196124	
	0.208224	
	0.169323	
	0.176926	
	0.193220	
	0.158781	
	0.146212	
	0.135119	
	0.142551	
	0.137683	
	0.134694	
	0.213040	
	0.176875	
	0.156927	
	0.135622	
	0.164617	
	0.136560	
	0.142706	
	0.139604	
	0.127998	
	0.127180	
	0.132336	
	0.146782	
	0.120668	
	0.161416	
	0.198270	
	0.235132	
	0.188175	
	0.187070	
	0.178754	
	0.163857	
	0.154660	
	0.168940	
	0.186425	
	0.197727	
	0.191446	
	0.186409	
	0.193505	
	0.194321	
	0.177416	
	0.169462	
	0.150031	
	0.157469	
	0.142197	
	0.137582	
	0.150012	
	0.295270	
	0.369524	
	0.347386	
	0.334524	
	0.319628	
	0.312095	
	0.262282	
	0.265819	
	0.277693	
	0.289584	
	0.289678	
	0.257193	
	0.250484	
	0.268900	
	0.318534	
	0.479660	
	0.748037	
	0.727584	
	0.751089	
	0.436358	
	0.397480	
	0.396115	
	0.402133	
	0.425268	
	0.352165	
	0.332445	
	0.246623	
	0.215326	
	0.281783	
	0.300489	
	0.264683	
	0.289298	
	0.278149	
	0.282727	
	0.287229	
	0.280981	
	0.210761	
	0.190681	
	0.230786	
	0.296008	
	0.340199	
	0.388729	
	0.389785	
	0.325758	
	0.307897	
	0.324038	
	0.348719	
	0.336062	
	0.352273	
	0.307005	
	0.300684	
	0.324701	
	0.313304	
	0.308244	
	0.273537	
	0.283381	
	0.283396	
	0.298767	
	0.282194	
	0.243248	
	0.190792	
	0.234842	
	0.188811	
	0.345976	
	0.592484	
	0.415799	
	0.200994	
	0.213953	
	0.233921	
	0.205331	
	0.178113	
	0.182174	
	0.175894	
	0.156965	
	0.162372	
	0.159590	
	0.175875	
	0.202079	
	0.237859	
	0.295082	
	0.486989	
	0.450963	
	0.466437	
	0.378492	
	0.205447	
	0.211631	
	0.175996	
	0.171227	
	0.144157	
	0.163239	
	0.173554	
	0.191353	
	0.187249	
	0.187303	
	0.193854	
	0.216373	
	0.164389	
	0.146246	
	0.172145	
	0.164801	
	0.153973	
	0.148943	
	0.131857	
	0.154233	
	0.160904	
	0.173069	
	0.290553	
	0.208815	
	0.202001	
	0.186994	
	0.190217	
	0.165065	
	0.156414	
	0.149871	
	0.163338	
	0.162432	
	0.171005	
	0.165062	
	0.169381	
	0.175648	
	0.183435	
	0.176250	
	0.178817	
	0.205397	
	0.185206	
	0.211107	
	0.213121	
	0.218863	
	0.210493	
	0.207488	
	0.184994	
	0.187641	
	0.187317	
	0.175616	
	0.165555	
	0.149175	
	0.169739	
	0.207379	
	0.192817	
	0.162286	
	0.194575	
	0.155983	
	0.183426	
	0.155311	
	0.190713	
	0.170803	
	0.181301	
	0.151263	
	0.185503	
	0.211344	
	0.237773	
	0.197599	
	0.193697	
	0.175155	
	0.166205	
	0.185209	
	0.164967	
	0.168705	
	0.179764	
	0.154965	
	0.163297	
	0.180080	
	0.156717	
	0.275500	
	0.196286	
	0.205413	
	0.187710	
	0.162977	
	0.183532	
	0.180217	
	0.179907	
	0.185551	
	0.174915	
	0.176891	
	0.259183	
	0.227649	
	0.215139	
	0.212684	
	0.207524	
	0.202990	
	0.195755	
	0.177931	
	0.197886	
	0.186517	
	0.186376	
	0.186034	
	0.248999	
	0.211879	
	0.192907	
	0.191779	
	0.171372	
	0.164640	
	0.154340	
	0.151797	
	0.169063	
	0.167720	
	0.181471	
	0.213353	
	0.218324	
	0.181297	
	0.192584	
	0.177023	
	0.174541	
	0.187319	
	0.195770	
	0.202452	
	0.183286	
	0.170169	
	0.171795	
	0.179018	
	0.179403	
	0.180628	
	0.172132	
	0.216480	
	0.196357	
	0.175018	
	0.166968	
	0.167766	
	0.184734	
	0.184877	
	0.190959	
	0.225405	
	0.206130	
	0.239603	
	0.301795	
	0.271040	
	0.207648	
	0.210718	
	0.215153	
	0.164359	
	0.209103	
	0.193934	
	0.219158	
	0.180282	
	0.181136	
	0.192413	
	0.209375	
	0.198358	
	0.187540	
	0.164531	
	0.174838	
	0.156073	
	0.180507	
	0.174324	
	0.174293	
	0.166601	
	0.191587	
	0.189032	
	0.235213	
	0.250135	
	0.266830	
	0.282461	
	0.306888	
	0.300726	
	0.335671	
	0.352664	
	0.345632	
	0.308137	
	0.314436	
	0.467832	
	0.612758	
	0.624711	
	0.558275	
	0.343491	
	0.335841	
	0.352541	
	0.359829	
	0.388600	
	0.363287	
	0.289822	
	0.238285	
	0.266126	
	0.409645	
	0.425135	
	0.358570	
	0.321251	
	0.337624	
	0.355827	
	0.354944	
	0.359486	
	0.325297	
	0.310324	
	0.311286	
	0.307235	
	0.314618	
	0.338714	
	0.321646	
	0.283852	
	0.275871	
	0.278276	
	0.330142	
	0.317674	
	0.346473	
	0.334194	
	0.350484	
	0.314225	
	0.272021	
	0.228368	
	0.234995	
	0.245097	
	0.248791	
	0.220118	
	0.233495	
	0.209019	
	0.212223	
	0.206494	
	0.183286	
	0.153086	
	0.176741	
	0.465947	
	0.584085	
	0.426121	
	0.443884	
	0.367740	
	0.287260	
	0.260351	
	0.261084	
	0.283695	
	0.340880	
	0.315640	
	0.266232	
	0.206851	
	0.201121	
	0.215617	
	0.231360	
	0.251053	
	0.309776	
	0.645323	
	0.782431	
	0.798536	
	0.776275	
	0.669594	
	0.472068	
	0.480186	
	0.516323	
	0.467772	
	0.422996	
	0.399957	
	0.339381	
	0.334270	
	0.338114	
	0.317967	
	0.292552	
	0.324453	
	0.411725	
	0.514594	
	0.519892	
	0.475716	
	0.409036	
	0.317088	
	0.441908	
	0.496538	
	0.420129	
	0.459459	
	0.519436	
	0.437095	
	0.346501	
	0.340029	
	0.332030	
	0.337730	
	0.290822	
	0.260339	
	0.281169	
	0.243740	
	0.210876	
	0.203341	
	0.160825	
	0.174391	
	0.221814	
	0.207531	
	0.188605	
	0.182671	
	0.198103	
	0.183741	
	0.195520	
	0.197065	
	0.181589	
	0.182095	
	0.170539	
	0.166221	
	0.159987	
	0.171815	
	0.170928	
	0.172487	
	0.190109	
	0.169242	
	0.192500	
	0.171568	
	0.184537	
	0.163250	
	0.169882	
	0.175443	
	0.175271	
	0.141006	
	0.125937	
	0.109823	
	0.115264	
	0.098217	
	0.122044	
	0.142758	
	0.175908	
	0.155542	
	0.146445	
	0.199290	
	0.216351	
	0.235001	
	0.177724	
	0.120157	
	0.118946	
	0.297871	
	0.573666	
	0.600723	
	0.566395	
	0.567744	
	0.487324	
	0.371216	
	0.333981	
	0.318877	
	0.238870	
	0.173414	
	0.180016	
	0.300120	
	0.344711	
	0.331412	
	0.379124	
	0.466029	
	0.441323	
	0.537238	
	0.743339	
	0.805134	
	0.844923	
	0.868784	
	0.809466	
	0.529313	
	0.454391	
	0.511318	
	0.534490	
	0.556923	
	0.521688	
	0.431284	
	0.485880	
	0.504221	
	0.487851	
	0.278601	
	0.310966	
	0.263265	
	0.221745	
	0.195656	
	0.216644	
	0.272317	
	0.331344	
	0.354664	
	0.308049	
	0.249098	
	0.183087	
	0.174766	
	0.203787	
	0.167601	
	0.198539	
	0.313313	
	0.317676	
	0.253928	
	0.245275	
	0.225591	
	0.284926	
	0.265660	
	0.187105	
	0.180156	
	0.150449	
	0.178224	
	0.170007	
	0.151132	
	0.171450	
	0.188857	
	0.171289	
	0.126019	
	0.124170	
	0.137628	
	0.132418	
	0.111983	
	0.116137	
	0.106141	
	0.110522	
	0.091460	
	0.092861	
	0.084646	
	0.093390	
	0.084633	
	0.077225	
	0.081295	
	0.096727	
	0.087044	
	0.101466	
	0.167919	
	0.158921	
	0.137310	
	0.143734	
	0.131756	
	0.112767	
	0.117245	
	0.100336	
	0.135766	
	0.337305	
	0.610978	
	0.692392	
	0.605803	
	0.344631	
	0.170572	
	0.156143	
	0.232245	
	0.270939	
	0.297188	
	0.261262	
	0.290969	
	0.323275	
	0.329100	
	0.291699	
	0.476085	
	0.747962	
	0.819152	
	0.695258	
	0.340408	
	0.247283	
	0.253629	
	0.304845	
	0.310323	
	0.283510	
	0.232042	
	0.229598	
	0.241648	
	0.239214	
	0.198755	
	0.172166	
	0.177743	
	0.169409	
	0.167969	
	0.162078	
	0.179179	
	0.149770	
	0.156986	
	0.157171	
	0.150663	
	0.118355	
	0.119224	
	0.108590	
	0.116421	
	0.115285	
	0.103243	
	0.127913	
	0.123197	
	0.110822	
	0.101731	
	0.107555	
	0.092067	
	0.089326	
	0.091055	
	0.090685	
	0.088963	
	0.086612	
	0.092457	
	0.078992	
	0.086049	
	0.090349	
	0.090476	
	0.090253	
	0.081469	
	0.112524	
	0.085864	
	0.114637	
	0.111130	
	0.117442	
	0.131940	
	0.128403	
	0.112811	
	0.149143	
	0.207818	
	0.215892	
	0.427572	
	0.657480	
	0.722433	
	0.530060	
	0.229133	
	0.160158	
	0.154101	
	0.146962	
	0.141992	
	0.137876	
	0.109362	
	0.122138	
	0.141568	
	0.140978	
	0.142783	
	0.422033	
	0.685214	
	0.643342	
	0.379318	
	0.178825	
	0.179636	
	0.173383	
	0.136303	
	0.126270	
	0.117950	
	0.113634	
	0.105035	
	0.117296	
	0.106033	
	0.110283	
	0.102897	
	0.109615	
	0.136535	
	0.128392	
	0.106474	
	0.106417	
	0.126855	
	0.130174	
	0.145383	
	0.117699	
	0.095751	
	0.106221	
	0.121200	
	0.121312	
	0.099062	
	0.103080	
	0.104739	
	0.096161	
	0.108861	
	0.097753	
	0.084411	
	0.084256	
	0.063323	
	0.068887	
	0.063390	
	0.074610	
	0.070274	
	0.080625	
	0.075451	
	0.076716	
	0.084249	
	0.088846	
	0.090361	
	0.102656	
	0.092939	
	0.087764	
	0.081731	
	0.082868	
	0.093149	
	0.118921	
	0.096564	
	0.102068	
	0.101196	
	0.095858	
	0.116276	
	0.114382	
	0.125886	
	0.112963	
	0.124009	
	0.121088	
	0.080225	
	0.089063	
	0.088221	
	0.102510	
	0.084193	
	0.086664	
	0.084502	
	0.079620	
	0.082915	
	0.075882	
	0.080536	
	0.069664	
	0.077716	
	0.070297	
	0.079186	
	0.071024	
	0.083437	
	0.067920	
	0.076656	
	0.071552	
	0.070315	
	0.065443	
	0.064833	
	0.081312	
	0.067486	
	0.080583	
	0.067686	
	0.069633	
	0.076297	
	0.065779	
	0.077016	
	0.077971	
	0.068796	
	0.063854	
	0.058778	
	0.070027	
	0.063491	
	0.063571	
	0.069706	
	0.077242	
	0.075463	
	0.089250	
	0.096216	
	0.105338	
	0.117394	
	0.110034	
	0.107802	
	0.107647	
	0.114226	
	0.147000	
	0.088875	
	0.108375	
	0.175697	
	0.284370	
	0.300425	
	0.257273	
	0.375218	
	0.421438	
	0.300373	
	0.237676	
	0.223228	
	0.260667	
	0.236220	
	0.259870	
	0.273566	
	0.305150	
	0.261258	
	0.166652	
	0.173635	
	0.148623	
	0.143561	
	0.160591	
	0.168843	
	0.153198	
	0.147013	
	0.149175	
	0.142628	
	0.123161	
	0.151943	
	0.131784	
	0.142016	
	0.120911	
	0.125459	
	0.126164	
	0.131081	
	0.130791	
	0.187888	
	0.129700	
	0.125307	
	0.142097	
	0.124895	
	0.137723	
	0.122196	
	0.105046	
	0.122033	
	0.115447	
	0.124368	
	0.179552	
	0.147034	
	0.165437	
	0.161051	
	0.154028	
	0.142640	
	0.133273	
	0.134906	
	0.115419	
	0.099819	
	0.104368	
	0.103412	
	0.106744	
	0.101019	
	0.102642	
	0.086190	
	0.100137	
	0.095970	
	0.073376	
	0.066975	
	0.057384	
	0.083020	
	0.050144	
	0.062026	
	0.060440	
	0.073306	
	0.061645	
	0.061475	
	0.054669	
	0.085252	
	0.080724	
	0.078508	
	0.099533	
	0.081152	
	0.091437	
	0.076390	
	0.082519	
	0.067242	
	0.081117	
	0.078053	
	0.083517	
	0.125379	
	0.089740	
	0.097211	
	0.094071	
	0.112500	
	0.108660	
	0.094301	
	0.098581	
	0.108386	
	0.106542	
	0.105311	
	0.090866	
	0.105627	
	0.080811	
	0.115249	
	0.298200	
	0.208717	
	0.229178	
	0.235780	
	0.248115	
	0.240739	
	0.224565	
	0.234563	
	0.128408	
	0.149845	
	0.118482	
	0.116148	
	0.126319	
	0.114176	
	0.166300	
	0.185444	
	0.155771	
	0.179875	
	0.205089	
	0.198236	
	0.197191	
	0.203513	
	0.198156	
	0.140279	
	0.138858	
	0.117961	
	0.114386	
	0.107356	
	0.104765	
	0.107764	
	0.117705	
	0.113790	
	0.105583	
	0.103435	
	0.123480	
	0.114203	
	0.130930	
	0.106099	
	0.100956	
	0.092413	
	0.099777	
	0.093815	
	0.108691	
	0.100713	
	0.094734	
	0.086987	
	0.104208	
	0.094659	
	0.083699	
	0.064792	
	0.059608	
	0.070230	
	0.074267	
	0.096273	
	0.084469	
	0.078241	
	0.068085	
	0.087495	
	0.072404	
	0.073425	
	0.084256	
	0.081331	
	0.092491	
	0.087982	
	0.119536	
	0.100175	
	0.113370	
	0.106629	
	0.098873	
	0.114979	
	0.122937	
	0.110205	
	0.105400	
	0.091958	
	0.106788	
	0.088772	
	0.087930	
	0.085500	
	0.089707	
	0.087218	
	0.097674	
	0.092333	
	0.096098	
	0.085113	
	0.093423	
	0.078883	
	0.083561	
	0.071772	
	0.061662	
	0.072645	
	0.057973	
	0.066029	
	0.068856	
	0.063165	
	0.078227	
	0.071167	
	0.078105	
	0.080558	
	0.072534	
	0.086217	
	0.114506	
	0.125556	
	0.105856	
	0.094697	
	0.096867	
	0.084668	
	0.090946	
	0.080562	
	0.083643	
	0.092456	
	0.086338	
	0.090781	
	0.097824	
	0.091430	
	0.072787	
	0.082459	
	0.067346	
	0.089282	
	0.081516	
	0.078253	
	0.097383	
	0.085121	
	0.102048	
	0.119753	
	0.086508	
	0.094259	
	0.098803	
	0.159254	
	0.126579	
	0.117284	
	0.096516	
	0.097284	
	0.340074	
	0.265084	
	0.251994	
	0.207137	
	0.188816	
	0.186059	
	0.182129	
	0.227033	
	0.255200	
	0.251522	
	0.216644	
	0.189838	
	0.188747	
	0.177008	
	0.188748	
	0.193449	
	0.198021	
	0.265814	
	0.213458	
	0.194959	
	0.196187	
	0.186942	
	0.165009	
	0.150754	
	0.144401	
	0.103898	
	0.097813	
	0.106517	
	0.100087	
	0.105450	
	0.096681	
	0.099849	
	0.183155	
	0.151318	
	0.118237	
	0.102233	
	0.092836	
	0.096733	
	0.096346	
	0.246312	
	0.241801	
	0.205807	
	0.194078	
	0.215574	
	0.198697	
	0.187576	
	0.138922	
	0.125494	
	0.160156	
	0.180224	
	0.181776	
	0.155001	
	0.162476	
	0.129146	
	0.272503	
	0.270167	
	0.285385	
	0.307149	
	0.258117	
	0.233854	
	0.228689	
	0.277613	
	0.213274	
	0.216515	
	0.217952	
	0.216876	
	0.220020	
	0.211283	
	0.268278	
	0.220171	
	0.223181	
	0.203067	
	0.196976	
	0.212333	
	0.212746	
	0.168036	
	0.193798	
	0.169050	
	0.183959	
	0.169608	
	0.174606	
	0.159641	
	0.165444	
	0.136064	
	0.156587	
	0.143645	
	0.178602	
	0.159808	
	0.166980	
	0.126062	
	0.134173	
	0.120895	
	0.142003	
	0.139264	
	0.172743	
	0.169805	
	0.180887	
	0.174964	
	0.163967	
	0.128939	
	0.116066	
	0.102078	
	0.092190	
	0.104488	
	0.092439	
	0.116787	
	0.093508	
	0.082082	
	0.073705	
	0.071867	
	0.064030	
	0.061120	
	0.068607	
	0.064047	
	0.069322	
	0.061985	
	0.064613	
	0.067701	
	0.066782	
	0.068628	
	0.070996	
	0.084132	
	0.064808	
	0.093220	
	0.048196	
	0.087355	
	0.076502	
	0.064482	
	0.074226	
	0.050647	
	0.060685	
	0.050244	
	0.058740	
	0.049230	
	0.044257	
	0.065857	
	0.046681	
	0.072063	
	0.059753	
	0.062268	
	0.069585	
	0.073087	
	0.085628	
	0.069509	
	0.103242	
	0.091622	
	0.092535	
	0.111508	
	0.082209	
	0.092951	
	0.087333	
	0.087641	
	0.090759	
	0.091390	
	0.095717	
	0.099932	
	0.091540	
	0.092606	
	0.084716	
	0.098209	
	0.092347	
	0.096664	
	0.101966	
	0.092570	
	0.129478	
	0.092215	
	0.164309	
	0.103298	
	0.077192	
	0.062935	
	0.048399	
	0.051664	
	0.051351	
	0.047825	
	0.051802	
	0.048785	
	0.048983	
	0.054876	
	0.044875	
	0.043798	
	0.043758	
	0.059389	
	0.050420	
	0.065209	
	0.044260	
	0.049907	
	0.047831	
	0.056067	
	0.049943	
	0.052099	
	0.052318	
	0.051313	
	0.053294	
	0.068804	
	0.062677	
	0.074278	
	0.072328	
	0.054047	
	0.055606	
	0.060332	
	0.052701	
	0.061439	
	0.055041	
	0.061258	
	0.057115	
	0.056755	
	0.056854	
	0.059613	
	0.051768	
	0.057751	
	0.078983	
	0.068728	
	0.057798	
	0.055924	
	0.070411	
	0.053705	
	0.068954	
	0.075886	
	0.080434	
	0.111058	
	0.189231	
	0.120331	
	0.074551	
	0.060752	
	0.066766	
	0.077223	
	0.058523	
	0.076098	
	0.066835	
	0.060427	
	0.066966	
	0.057688	
	0.066636	
	0.065014	
	0.064696	
	0.060637	
	0.073778	
	0.066991	
	0.064643	
	0.085523	
	0.071734	
	0.063843	
	0.061573	
	0.057567	
	0.068397	
	0.066957	
	0.069314	
	0.078005	
	0.072116	
	0.085161	
	0.077126	
	0.079433	
	0.081241	
	0.087097	
	0.080318	
	0.097079	
	0.072910	
	0.078903	
	0.059953	
	0.072333	
	0.066667	
	0.084325	
	0.074470	
	0.072591	
	0.070101	
	0.081764	
	0.086648	
	0.095443	
	0.134954	
	0.088889	
	0.080888	
	0.088015	
	0.088450	
	0.087471	
	0.084929	
	0.083802	
	0.091155	
	0.093149	
	0.092646	
	0.091766	
	0.090038	
	0.088890	
	0.098568	
	0.128720	
	0.103074	
	0.089533	
	0.103869	
	0.088983	
	0.092379	
	0.084352	
	0.082969	
	0.076519	
	0.079671	
	0.085039	
	0.083393	
	0.070665	
	0.083339	
	0.073802	
	0.075050	
	0.123022	
	0.081314	
	0.074430	
	0.075042	
	0.073638	
	0.083175	
	0.079856	
	0.079672	
	0.109427	
	0.089780	
	0.098372	
	0.149673	
	0.145703	
	0.168103	
	0.140804	
	0.084057	
	0.108133	
	0.112287	
	0.121291	
	0.152963	
	0.148472	
	0.194898	
	0.194814	
	0.202102	
	0.211116	
	0.221552	
	0.228768	
	0.204485	
	0.189601	
	0.243238	
	0.271591	
	0.222136	
	0.213071	
	0.204015	
	0.222862	
	0.206842	
	0.254534	
	0.140638	
	0.097703	
	0.102213	
	0.102833	
	0.085853	
	0.337455	
	0.315618	
	0.330299	
	0.272005	
	0.264730	
	0.253519	
	0.275164	
	0.278436	
	0.227430	
	0.217854	
	0.217173	
	0.189416	
	0.161336	
	0.199656	
	0.269710	
	0.264894	
	0.250157	
	0.276146	
	0.298804	
	0.329481	
	0.318842	
	0.307715	
	0.349178	
	0.351930	
	0.375527	
	0.377728	
	0.332555	
	0.373068	
	0.400822	
	0.794063	
	0.890029	
	0.848899	
	0.825771	
	0.603311	
	0.404602	
	0.455368	
	0.329879	
	0.273078	
	0.501756	
	0.439563	
	0.442968	
	0.465214	
	0.397260	
	0.428351	
	0.443209	
	0.491832	
	0.497248	
	0.469025	
	0.434560	
	0.392101	
	0.363314	
	0.302711	
	0.307719	
	0.307091	
	0.334564	
	0.296729	
	0.332349	
	0.431365	
	0.436007	
	0.425457	
	0.443059	
	0.412820	
	0.415710	
	0.453358	
	0.431436	
	0.432953	
	0.297497	
	0.216944	
	0.250777	
	0.232298	
	0.203303	
	0.200567	
	0.207968	
	0.166825	
	0.160648	
	0.154654	
	0.159269	
	0.145220	
	0.124174	
	0.122498	
	0.156954	
	0.136949	
	0.114619	
	0.116929	
	0.115224	
	0.112092	
	0.092730	
	0.087554	
	0.095560	
	0.084244	
	0.105258	
	0.081537	
	0.160027	
	0.187113	
	0.153646	
	0.157897	
	0.139481	
	0.114567	
	0.128212	
	0.171861	
	0.127161	
	0.152296	
	0.118222	
	0.109599	
	0.117514	
	0.091430	
	0.103561	
	0.112607	
	0.177364	
	0.115313	
	0.128313	
	0.129852	
	0.102184	
	0.124207	
	0.092983	
	0.102247	
	0.134665	
	0.139323	
	0.127828	
	0.120459	
	0.129357	
	0.131148	
	0.130584	
	0.131761	
	0.191568	
	0.241472	
	0.229066	
	0.245271	
	0.247478	
	0.419323	
	0.600191	
	0.321407	
	0.309897	
	0.324989	
	0.332975	
	0.367038	
	0.431819	
	0.458145	
	0.416262	
	0.406766	
	0.381002	
	0.442759	
	0.666685	
	0.708137	
	0.753576	
	0.691143	
	0.518303	
	0.624221	
	0.676331	
	0.677968	
	0.485390	
	0.302292	
	0.340939	
	0.319269	
	0.324789	
	0.305362	
	0.338731	
	0.352001	
	0.363518	
	0.351325	
	0.325932	
	0.297323	
	0.393166	
	0.469739	
	0.451028	
	0.390097	
	0.241247	
	0.256395	
	0.262851	
	0.248168	
	0.262866	
	0.258212	
	0.269008	
	0.260670	
	0.281386	
	0.375599	
	0.458463	
	0.331880	
	0.341237	
	0.392218	
	0.396205	
	0.305247	
	0.305899	
	0.525115	
	0.594152	
	0.602770	
	0.665503	
	0.648356	
	0.646876	
	0.626333	
	0.614016	
	0.583763	
	0.540065	
	0.295329	
	0.215294	
	0.206934	
	0.191785	
	0.220723	
	0.208950	
	0.211908	
	0.214797	
	0.234071	
	0.215790	
	0.173429	
	0.201322	
	0.204817	
	0.211176	
	0.193474	
	0.196849	
	0.211706	
	0.194113	
	0.208221	
	0.209276	
	0.209856	
	0.183466	
	0.183715	
	0.187439	
	0.164332	
	0.170410	
	0.170571	
	0.168370	
	0.152787	
	0.153581	
	0.150460	
	0.160188	
	0.214075	
	0.171144	
	0.169259	
	0.169163	
	0.156953	
	0.164804	
	0.140652	
	0.155439	
	0.138529	
	0.150794	
	0.149248	
	0.131622	
	0.153650	
	0.130077	
	0.129595	
	0.138262	
	0.140024	
	0.121647	
	0.133698	
	0.117134	
	0.116429	
	0.139192	
	0.133311	
	0.196585	
	0.350075	
	0.423448	
	0.265693	
	0.213264	
	0.212839	
	0.216371	
	0.205256	
	0.188608	
	0.206958	
	0.246390	
	0.210246	
	0.230333	
	0.535623	
	0.694462	
	0.561551	
	0.306734	
	0.255154	
	0.259101	
	0.263826	
	0.264006	
	0.261099	
	0.211931	
	0.198044	
	0.176275	
	0.195857	
	0.192893	
	0.186343	
	0.190737	
	0.229738	
	0.203861	
	0.250841	
	0.250200	
	0.230597	
	0.220671	
	0.260261	
	0.237188	
	0.227082	
	0.243789	
	0.252007	
	0.228080	
	0.240545	
	0.304548	
	0.440078	
	0.536636	
	0.294996	
	0.195104	
	0.239564	
	0.233627	
	0.243719	
	0.212625	
	0.248639	
	0.230265	
	0.256728	
	0.231218	
	0.323467	
	0.547744	
	0.588190	
	0.510687	
	0.317063	
	0.200071	
	0.201230	
	0.243305	
	0.226086	
	0.232701	
	0.202554	
	0.201521	
	0.203558	
	0.258352	
	0.247391	
	0.251827	
	0.241453	
	0.240427	
	0.255817	
	0.241313	
	0.220922	
	0.205808	
	0.280318	
	0.234106	
	0.250604	
	0.235373	
	0.248244	
	0.238368	
	0.216674	
	0.197907	
	0.187127	
	0.192998	
	0.181315	
	0.171687	
	0.139735	
	0.147789	
	0.149785	
	0.148455	
	0.161837	
	0.153516	
	0.158989	
	0.170254	
	0.257468	
	0.212179	
	0.240797	
	0.208241	
	0.200550	
	0.190576	
	0.181068	
	0.179583	
	0.169424	
	0.179823	
	0.149401	
	0.143114	
	0.141760	
	0.120271	
	0.120980	
	0.137724	
	0.127966	
	0.136995	
	0.127660	
	0.124682	
	0.120285	
	0.132835	
	0.184542	
	0.208536	
	0.252530	
	0.253001	
	0.254686	
	0.227770	
	0.291340	
	0.290695	
	0.163075	
	0.208181	
	0.288998	
	0.292961	
	0.315822	
	0.276473	
	0.246247	
	0.326598	
	0.306498	
	0.282572	
	0.234242	
	0.302144	
	0.314114	
	0.323376	
	0.369354	
	0.341986	
	0.369480	
	0.358375	
	0.353743	
	0.295817	
	0.423541	
	0.450604	
	0.352111	
	0.353692	
	0.378578	
	0.347239	
	0.329178	
	0.354573	
	0.343954	
	0.586631	
	0.725036	
	0.606683	
	0.460726	
	0.488651	
	0.504647	
	0.579437	
	0.513010	
	0.306009	
	0.269962	
	0.313366	
	0.326562	
	0.322258	
	0.334726	
	0.363824	
	0.332493	
	0.346880	
	0.335602	
	0.320587	
	0.294169	
	0.245176	
	0.174035	
	0.189983	
	0.492972	
	0.417029	
	0.180780	
	0.196320	
	0.166132	
	0.153720	
	0.147303	
	0.143874	
	0.153028	
	0.134486	
	0.129583	
	0.131191	
	0.108892	
	0.109581	
	0.127181	
	0.148648	
	0.150495	
	0.133346	
	0.129968	
	0.131481	
	0.128032	
	0.130464	
	0.138331	
	0.140784	
	0.116306	
	0.109287	
	0.181228	
	0.166725	
	0.164715	
	0.154612	
	0.143349	
	0.138503	
	0.136889	
	0.138370	
	0.141780	
	0.122051	
	0.148367	
	0.130700	
	0.146594	
	0.113151	
	0.142810	
	0.107471	
	0.123831	
	0.116123	
	0.108436	
	0.114159	
	0.098151	
	0.112704	
	0.110677	
	0.103133	
	0.110937	
	0.107295	
	0.110287	
	0.109243	
	0.120210	
	0.161916	
	0.147684	
	0.149825	
	0.132629	
	0.130973	
	0.096915	
	0.121720	
	0.112690	
	0.129644	
	0.148651	
	0.146004	
	0.153227	
	0.157560	
	0.148882	
	0.143910	
	0.110966	
	0.129153	
	0.116192	
	0.122568	
	0.120861	
	0.108823	
	0.123338	
	0.124329	
	0.139614	
	0.140390	
	0.132007	
	0.122558	
	0.138740	
	0.144511	
	0.145949	
	0.148710	
	0.156544	
	0.181451	
	0.226918	
	0.359301	
	0.417750	
	0.406554	
	0.388078	
	0.347471	
	0.308104	
	0.282800	
	0.280633	
	0.287896	
	0.266933	
	0.284168	
	0.282366	
	0.309826	
	0.302473	
	0.250658	
	0.274108	
	0.280087	
	0.261681	
	0.496487	
	0.422134	
	0.407364	
	0.361384	
	0.338453	
	0.381239	
	0.359785	
	0.420107	
	0.460598	
	0.320429	
	0.267508	
	0.608198	
	0.782275	
	0.806385	
	0.717417	
	0.454568	
	0.505155	
	0.598613	
	0.645603	
	0.648992	
	0.758704	
	0.906527	
	0.922001	
	0.934148	
	0.855689	
	0.635273	
	0.720992	
	0.702728	
	0.728310	
	0.693163	
	0.700075	
	0.633459	
	0.436395	
	0.300086	
	0.257164	
	0.238269	
	0.199780	
	0.186504	
	0.179232	
	0.168497	
	0.185580	
	0.187122	
	0.173340	
	0.170669	
	0.162717	
	0.379426	
	0.645859	
	0.590261	
	0.445881	
	0.277877	
	0.239673	
	0.238539	
	0.255623	
	0.254854	
	0.263215	
	0.309623	
	0.246780	
	0.216270	
	0.202315	
	0.247867	
	0.200538	
	0.158378	
	0.161159	
	0.201825	
	0.220273	
	0.244965	
	0.190208	
	0.190688	
	0.257927	
	0.269177	
	0.247401	
	0.205908	
	0.183970	
	0.203308	
	0.188127	
	0.193207	
	0.198693	
	0.175391	
	0.171762	
	0.174250	
	0.161683	
	0.155875	
	0.181004	
	0.205518	
	0.251908	
	0.377419	
	0.649210	
	0.563047	
	0.335879	
	0.128215	
	0.084680	
	0.082902	
	0.072081	
	0.088342	
	0.084862	
	0.083434	
	0.084023	
	0.102038	
	0.094691	
	0.079272	
	0.089225	
	0.101782	
	0.102380	
	0.131623	
	0.107202	
	0.093183	
	0.114300	
	0.103883	
	0.114151	
	0.100970	
	0.075186	
	0.065414	
	0.086477	
	0.078783	
	0.107403	
	0.096142	
	0.082880	
	0.097977	
	0.072736	
	0.074242	
	0.069810	
	0.066972	
	0.064308	
	0.067848	
	0.062710	
	0.069787	
	0.072354	
	0.077566	
	0.113519	
	0.122498	
	0.141725	
	0.107834	
	0.098989	
	0.096360	
	0.088861	
	0.075800	
	0.094769	
	0.083494	
	0.098654	
	0.167705	
	0.144154	
	0.123927	
	0.120035	
	0.102858	
	0.085112	
	0.079438	
	0.075606	
	0.084091	
	0.080530	
	0.143243	
	0.141074	
	0.103423	
	0.113629	
	0.110058	
	0.129835	
	0.106506	
	0.104289	
	0.095029	
	0.120531	
	0.150807	
	0.182976	
	0.252900	
	0.249048	
	0.255600	
	0.241869	
	0.225673	
	0.185235	
	0.200078	
	0.162534	
	0.159834	
	0.168048	
	0.182942	
	0.174662	
	0.194100	
	0.222608	
	0.288144	
	0.216722	
	0.236532	
	0.219543	
	0.197527	
	0.208181	
	0.225995	
	0.209349	
	0.235736	
	0.243831	
	0.242640	
	0.229985	
	0.245457	
	0.215679	
	0.202950	
	0.160085	
	0.143578	
	0.145381	
	0.153736	
	0.159203	
	0.167224	
	0.172384	
	0.174957	
	0.164297	
	0.190692	
	0.311695	
	0.291567	
	0.249436	
	0.238000	
	0.206975	
	0.180929	
	0.179781	
	0.176042	
	0.167351	
	0.203234	
	0.205230	
	0.292345	
	0.308140	
	0.286389	
	0.260382	
	0.217570	
	0.208905	
	0.198829	
	0.208439	
	0.202843	
	0.196313	
	0.213433	
	0.223796	
	0.227611	
	0.219446	
	0.236411	
	0.220578	
	0.220421	
	0.207940	
	0.200842	
	0.203774	
	0.215085	
	0.192423	
	0.185303	
	0.220343	
	0.195211	
	0.238913	
	0.263100	
	0.348134	
	0.268188	
	0.241092	
	0.218454	
	0.198963	
	0.185044	
	0.180579	
	0.198332	
	0.226908	
	0.221253	
	0.206328	
	0.190979	
	0.194053	
	0.161939	
	0.175267	
	0.156304	
	0.179574	
	0.188194	
	0.338443	
	0.304528	
	0.315149	
	0.343059	
	0.361684	
	0.338816	
	0.360462	
	0.399810	
	0.415524	
	0.475239	
	0.478727	
	0.396222	
	0.353432	
	0.366969	
	0.343080	
	0.454331	
	0.625037	
	0.698396	
	0.695251	
	0.705868	
	0.733630	
	0.489042	
	0.311169	
	0.338130	
	0.329778	
	0.363407	
	0.375212	
	0.378981	
	0.410622	
	0.447083	
	0.408696	
	0.293976	
	0.256223	
	0.304980	
	0.266817	
	0.304706	
	0.338969	
	0.335310	
	0.325112	
	0.301206	
	0.287168	
	0.275719	
	0.267065	
	0.272578	
	0.294517	
	0.284678	
	0.312657	
	0.294977	
	0.279570	
	0.258866	
	0.283950	
	0.262305	
	0.280624	
	0.278867	
	0.263649	
	0.298294	
	0.291617	
	0.283259	
	0.282118	
	0.243582	
	0.256278	
	0.234615	
	0.209951	
	0.207985	
	0.209516	
	0.201755	
	0.225380	
	0.221272	
	0.192436	
	0.193421	
	0.369735	
	0.590812	
	0.516779	
	0.474503	
	0.502917	
	0.393852	
	0.291661	
	0.243855	
	0.288286	
	0.316106	
	0.316121	
	0.278866	
	0.281383	
	0.241836	
	0.245017	
	0.265972	
	0.260243	
	0.400326	
	0.729388	
	0.803688	
	0.811855	
	0.737637	
	0.617549	
	0.533158	
	0.543192	
	0.469286	
	0.425553	
	0.412449	
	0.391480	
	0.368775	
	0.352696	
	0.336568	
	0.347539	
	0.379040	
	0.415448	
	0.449478	
	0.500369	
	0.463365	
	0.502025	
	0.367808	
	0.405442	
	0.494407	
	0.456836	
	0.515342	
	0.508363	
	0.448038	
	0.417268	
	0.353927	
	0.378193	
	0.309471	
	0.313057	
	0.350485	
	0.303894	
	0.303744	
	0.276167	
	0.207417	
	0.189238	
	0.203130	
	0.208336	
	0.195814	
	0.219572	
	0.181675	
	0.242511	
	0.189132	
	0.252949	
	0.284615	
	0.246818	
	0.255673	
	0.245081	
	0.219060	
	0.223360	
	0.247340	
	0.232625	
	0.228271	
	0.224491	
	0.214572	
	0.213422	
	0.191052	
	0.171288	
	0.147568	
	0.161946	
	0.165346	
	0.254322	
	0.311237	
	0.250410	
	0.236811	
	0.258868	
	0.213664	
	0.230538	
	0.181011	
	0.186168	
	0.250801	
	0.443214	
	0.629503	
	0.664184	
	0.618640	
	0.564152	
	0.507367	
	0.372034	
	0.365827	
	0.335205	
	0.284826	
	0.255334	
	0.234233	
	0.276291	
	0.315934	
	0.315104	
	0.368465	
	0.412837	
	0.412870	
	0.550086	
	0.849958	
	0.894471	
	0.905941	
	0.895761	
	0.907921	
	0.757585	
	0.467831	
	0.352890	
	0.345379	
	0.352553	
	0.385422	
	0.441091	
	0.435075	
	0.439522	
	0.464827	
	0.483982	
	0.296129	
	0.332678	
	0.309664	
	0.297874	
	0.260853	
	0.208650	
	0.239304	
	0.302209	
	0.338287	
	0.325735	
	0.263753	
	0.214640	
	0.197212	
	0.178278	
	0.184927	
	0.268156	
	0.276435	
	0.316540	
	0.305668	
	0.276980	
	0.276750	
	0.283162	
	0.231067	
	0.221973	
	0.188731	
	0.170478	
	0.178070	
	0.174725	
	0.164990	
	0.164453	
	0.258164	
	0.230415	
	0.218161	
	0.228225	
	0.184708	
	0.185678	
	0.163885	
	0.161278	
	0.145197	
	0.169107	
	0.169365	
	0.163713	
	0.167921	
	0.166805	
	0.153300	
	0.147671	
	0.190818	
	0.176283	
	0.194262	
	0.205995	
	0.196574	
	0.176546	
	0.197686	
	0.224404	
	0.215290	
	0.229538	
	0.222364	
	0.197834	
	0.206272	
	0.198811	
	0.188680	
	0.169254	
	0.193751	
	0.191650	
	0.244297	
	0.440719	
	0.589469	
	0.712338	
	0.592410	
	0.379177	
	0.235555	
	0.230917	
	0.318205	
	0.336736	
	0.333314	
	0.280517	
	0.291237	
	0.407416	
	0.336082	
	0.391397	
	0.659105	
	0.777336	
	0.764235	
	0.449490	
	0.284657	
	0.294076	
	0.312187	
	0.283394	
	0.252579	
	0.285166	
	0.277633	
	0.314977	
	0.296112	
	0.272912	
	0.277607	
	0.247108	
	0.316957	
	0.336610	
	0.362498	
	0.263925	
	0.210325	
	0.201306	
	0.209533	
	0.190994	
	0.184344	
	0.155992	
	0.155985	
	0.154746	
	0.160054	
	0.159228	
	0.139334	
	0.131629	
	0.154130	
	0.130468	
	0.136810	
	0.135374	
	0.140763	
	0.133593	
	0.144878	
	0.210829	
	0.273407	
	0.317492	
	0.350112	
	0.374241	
	0.420379	
	0.454142	
	0.515897	
	0.339373	
	0.196231	
	0.179382	
	0.189597	
	0.162489	
	0.158874	
	0.159394	
	0.138824	
	0.146397	
	0.141755	
	0.147022	
	0.189759	
	0.710525	
	0.853038	
	0.751909	
	0.266221	
	0.179422	
	0.161424	
	0.169543	
	0.161041	
	0.157618	
	0.143946	
	0.134003	
	0.133096	
	0.132806	
	0.132703	
	0.116818	
	0.110733	
	0.132418	
	0.137393	
	0.138031	
	0.132510	
	0.120487	
	0.128395	
	0.127531	
	0.117467	
	0.119762	
	0.134722	
	0.141422	
	0.115403	
	0.114859	
	0.149001	
	0.152623	
	0.127163	
	0.110134	
	0.117861	
	0.126808	
	0.094079	
	0.100956	
	0.108513	
	0.124739	
	0.110659	
	0.096373	
	0.100720	
	0.106084	
	0.100889	
	0.101803	
	0.102758	
	0.117504	
	0.122413	
	0.137716	
	0.106280	
	0.110724	
	0.112562	
	0.113828	
	0.113453	
	0.103440	
	0.118208	
	0.121441	
	0.120089	
	0.129124	
	0.125438	
	0.123097	
	0.126362	
	0.155065	
	0.166705	
	0.198029	
	0.099252	
	0.114467	
	0.098962	
	0.107929	
	0.105699	
	0.104563	
	0.093075	
	0.095547	
	0.107076	
	0.108778	
	0.111367	
	0.114900	
	0.106735	
	0.113258	
	0.110983	
	0.110117	
	0.109176	
	0.173831	
	0.135809	
	0.147926	
	0.144008	
	0.146871	
	0.142596	
	0.130995	
	0.127894	
	0.275152	
	0.241079	
	0.225990	
	0.239306	
	0.211032	
	0.183068	
	0.165750	
	0.154075	
	0.138603	
	0.135399	
	0.140581	
	0.147121	
	0.123559	
	0.136061	
	0.240154	
	0.204884	
	0.194641	
	0.200112	
	0.201680	
	0.173942	
	0.191554	
	0.143208	
	0.156436	
	0.188207	
	0.309105	
	0.295271	
	0.269888	
	0.265550	
	0.254187	
	0.225171	
	0.222051	
	0.216339	
	0.211930	
	0.210097	
	0.202391	
	0.218719	
	0.203033	
	0.185625	
	0.197092	
	0.214419	
	0.243008	
	0.238379	
	0.281759	
	0.345760	
	0.363527	
	0.381586	
	0.393031	
	0.417080	
	0.439466	
	0.384403	
	0.342322	
	0.328213	
	0.321223	
	0.300247	
	0.390832	
	0.508444	
	0.574482	
	0.634146	
	0.667604	
	0.496347	
	0.338634	
	0.380892	
	0.356181	
	0.393184	
	0.407789	
	0.372130	
	0.311597	
	0.294208	
	0.300787	
	0.274355	
	0.311810	
	0.361806	
	0.382433	
	0.391490	
	0.383717	
	0.414166	
	0.324116	
	0.344847	
	0.339153	
	0.309130	
	0.320703	
	0.325602	
	0.299724	
	0.275892	
	0.293807	
	0.296235	
	0.315395	
	0.332471	
	0.360132	
	0.367055	
	0.242346	
	0.241175	
	0.256772	
	0.265697	
	0.261292	
	0.232175	
	0.247857	
	0.215591	
	0.192273	
	0.238401	
	0.520520	
	0.617791	
	0.469629	
	0.424434	
	0.353912	
	0.276459	
	0.255399	
	0.250616	
	0.246984	
	0.233229	
	0.287714	
	0.269566	
	0.268794	
	0.281286	
	0.363016	
	0.536902	
	0.665730	
	0.694089	
	0.638027	
	0.597279	
	0.535172	
	0.504898	
	0.536631	
	0.445024	
	0.415620	
	0.396917	
	0.354911	
	0.357728	
	0.360120	
	0.346616	
	0.428974	
	0.516932	
	0.590324	
	0.543264	
	0.528936	
	0.531688	
	0.551300	
	0.624667	
	0.313532	
	0.285240	
	0.545484	
	0.501898	
	0.442259	
	0.445470	
	0.393989	
	0.349444	
	0.321414	
	0.273925	
	0.286747	
	0.343088	
	0.309627	
	0.226535	
	0.184047	
	0.264222	
	0.304835	
	0.237941	
	0.216203	
	0.217333	
	0.205955	
	0.202900	
	0.218373	
	0.197488	
	0.217651	
	0.209782	
	0.159331	
	0.166925	
	0.168487	
	0.153099	
	0.139063	
	0.148313	
	0.147110	
	0.138975	
	0.141121	
	0.135095	
	0.137698	
	0.123934	
	0.129755	
	0.143174	
	0.126720	
	0.135533	
	0.125009	
	0.123971	
	0.105712	
	0.115748	
	0.096952	
	0.123838	
	0.321465	
	0.223987	
	0.231446	
	0.192196	
	0.191013	
	0.167112	
	0.162972	
	0.151511	
	0.153206	
	0.165999	
	0.168375	
	0.190525	
	0.169488	
	0.165105	
	0.148286	
	0.149012	
	0.140381	
	0.137652	
	0.122966	
	0.128371	
	0.126608	
	0.245530	
	0.451663	
	0.659982	
	0.730202	
	0.615599	
	0.369017	
	0.394053	
	0.284304	
	0.258856	
	0.254870	
	0.274047	
	0.328364	
	0.563433	
	0.778680	
	0.796473	
	0.778659	
	0.767085	
	0.747463	
	0.604482	
	0.503278	
	0.507557	
	0.527269	
	0.560148	
	0.547631	
	0.527108	
	0.488032	
	0.503970	
	0.546032	
	0.550649	
	0.384623	
	0.341920	
	0.352688	
	0.351959	
	0.309884	
	0.273001	
	0.238487	
	0.271608	
	0.328282	
	0.312899	
	0.311050	
	0.244902	
	0.196895	
	0.192048	
	0.171802	
	0.196608	
	0.179190	
	0.196012	
	0.165899	
	0.184822	
	0.197374	
	0.332750	
	0.310599	
	0.259130	
	0.166518	
	0.188083	
	0.204577	
	0.205167	
	0.210790	
	0.214596	
	0.221693	
	0.191185	
	0.201309	
	0.208006	
	0.186717	
	0.209853	
	0.188905	
	0.194269	
	0.180635	
	0.188140	
	0.197364	
	0.164564	
	0.182327	
	0.197014	
	0.197142	
	0.212238	
	0.269693	
	0.260831	
	0.272104	
	0.302369	
	0.287272	
	0.258655	
	0.252709	
	0.243209	
	0.203127	
	0.191185	
	0.199174	
	0.375158	
	0.668091	
	0.801299	
	0.601206	
	0.366513	
	0.209362	
	0.253052	
	0.290858	
	0.333863	
	0.347914	
	0.326663	
	0.355407	
	0.355949	
	0.332075	
	0.385433	
	0.702967	
	0.804659	
	0.797766	
	0.505604	
	0.258701	
	0.300749	
	0.353524	
	0.296280	
	0.292108	
	0.301011	
	0.345612	
	0.353460	
	0.311491	
	0.254736	
	0.208165	
	0.181888	
	0.195792	
	0.201906	
	0.178530	
	0.166347	
	0.175666	
	0.176705	
	0.186674	
	0.186739	
	0.169332	
	0.173532	
	0.175710	
	0.132562	
	0.118169	
	0.123048	
	0.147526	
	0.118530	
	0.127983	
	0.122512	
	0.117487	
	0.128854	
	0.129475	
	0.133508	
	0.139802	
	0.147257	
	0.132531	
	0.119363	
	0.174781	
	0.606223	
	0.788479	
	0.778735	
	0.511219	
	0.210427	
	0.181219	
	0.182415	
	0.155681	
	0.140857	
	0.132648	
	0.151250	
	0.155637	
	0.155714	
	0.177487	
	0.190462	
	0.140933	
	0.149504	
	0.142900	
	0.153240	
	0.162589	
	0.538729	
	0.868669	
	0.874933	
	0.894853	
	0.463010	
	0.178629	
	0.151791	
	0.145646	
	0.155966	
	0.149211	
	0.137935	
	0.146699	
	0.141525	
	0.119399	
	0.122030	
	0.113071	
	0.132932	
	0.118396	
	0.131511	
	0.113934	
	0.126676	
	0.136839	
	0.108638	
	0.133570	
	0.135605	
	0.162521	
	0.142329	
	0.128094	
	0.120695	
	0.118447	
	0.116333	
	0.131952	
	0.147408	
	0.099269	
	0.106934	
	0.093293	
	0.088059	
	0.101706	
	0.101534	
	0.104334	
	0.092973	
	0.097055	
	0.094593	
	0.112719	
	0.106075	
	0.107484	
	0.100089	
	0.118209	
	0.140795	
	0.127885	
	0.124992	
	0.130479	
	0.137453	
	0.133390	
	0.128832	
	0.136635	
	0.238486	
	0.203756	
	0.225945	
	0.229397	
	0.206356	
	0.182847	
	0.164034	
	0.177874	
	0.179066	
	0.200243	
	0.143645	
	0.177388	
	0.187447	
	0.214459	
	0.223788	
	0.215759	
	0.239068	
	0.302778	
	0.250940	
	0.191325	
	0.188567	
	0.170539	
	0.156206	
	0.177080	
	0.181660	
	0.184132	
	0.227277	
	0.215863	
	0.184220	
	0.157363	
	0.128063	
	0.110129	
	0.128255	
	0.265119	
	0.404811	
	0.318538	
	0.258898	
	0.195106	
	0.183073	
	0.191617	
	0.234122	
	0.260425	
	0.283924	
	0.293377	
	0.275153	
	0.284775	
	0.277293	
	0.257451	
	0.514549	
	0.792034	
	0.794341	
	0.561402	
	0.304678	
	0.296713	
	0.310387	
	0.308931	
	0.272226	
	0.304688	
	0.312492	
	0.322495	
	0.323980	
	0.354015	
	0.348199	
	0.288106	
	0.297970	
	0.295618	
	0.244345	
	0.242052	
	0.226619	
	0.199805	
	0.234637	
	0.231053	
	0.217570	
	0.227254	
	0.223933	
	0.204017	
	0.180791	
	0.179529	
	0.172303	
	0.161139	
	0.157742	
	0.164631	
	0.193885	
	0.172204	
	0.173676	
	0.195197	
	0.181008	
	0.175732	
	0.187712	
	0.177057	
	0.175021	
	0.213696	
	0.189086	
	0.190941	
	0.190511	
	0.162508	
	0.201199	
	0.187644	
	0.159402	
	0.147576	
	0.141859	
	0.126178	
	0.122808	
	0.130513	
	0.130092	
	0.136467	
	0.133658	
	0.154606	
	0.143869	
	0.148840	
	0.151220	
	0.172409	
	0.174795	
	0.179788	
	0.172248	
	0.155578	
	0.168754	
	0.173230	
	0.179169	
	0.176510	
	0.172381	
	0.163302	
	0.172338	
	0.326568	
	0.371265	
	0.256584	
	0.254436	
	0.242264	
	0.254505	
	0.226439	
	0.218389	
	0.197856	
	0.181566	
	0.176346	
	0.160907	
	0.163403	
	0.202544	
	0.167674	
	0.190955	
	0.196516	
	0.181128	
	0.174842	
	0.181222	
	0.175460	
	0.156039	
	0.186788	
	0.174030	
	0.168988	
	0.166129	
	0.182830	
	0.168205	
	0.198236	
	0.179168	
	0.150587	
	0.145631	
	0.155619	
	0.156129	
	0.141153	
	0.146227	
	0.151065	
	0.147466	
	0.140137	
	0.139005	
	0.151478	
	0.140849	
	0.145808	
	0.144374	
	0.145318	
	0.141523	
	0.126243	
	0.141166	
	0.144231	
	0.135520	
	0.150209	
	0.148493	
	0.142077	
	0.133473	
	0.140160	
	0.126038	
	0.124825	
	0.131509	
	0.138597	
	0.142925	
	0.144528	
	0.156524	
	0.160714	
	0.168568	
	0.179346	
	0.186538	
	0.185307	
	0.166235	
	0.182866	
	0.180248	
	0.160765	
	0.178395	
	0.171273	
	0.154531	
	0.150305	
	0.168477	
	0.177140	
	0.189519	
	0.199159	
	0.184865	
	0.201182	
	0.220265	
	0.228465	
	0.232831	
	0.235331	
	0.205828	
	0.195419	
	0.184795	
	0.179712	
	0.179341	
	0.380003	
	0.671617	
	0.807468	
	0.811285	
	0.639609	
	0.339585	
	0.263832	
	0.206418	
	0.209071	
	0.226440	
	0.217271	
	0.221464	
	0.239246	
	0.237366	
	0.229979	
	0.229983	
	0.226188	
	0.233359	
	0.241090	
	0.268708	
	0.273857	
	0.254507	
	0.270442	
	0.214012	
	0.224991	
	0.235840	
	0.255268	
	0.257625	
	0.252618	
	0.225207	
	0.252761	
	0.233561	
	0.222175	
	0.245548	
	0.278780	
	0.226286	
	0.422828	
	0.802214	
	0.855498	
	0.886316	
	0.854467	
	0.542058	
	0.277793	
	0.255544	
	0.290818	
	0.272485	
	0.295834	
	0.304244	
	0.305258	
	0.267306	
	0.260727	
	0.277629	
	0.271909	
	0.260356	
	0.248592	
	0.243785	
	0.233913	
	0.238999	
	0.232353	
	0.236424	
	0.243102	
	0.220315	
	0.215697	
	0.196662	
	0.216758	
	0.223910	
	0.220730	
	0.159334	
	0.151795	
	0.175079	
	0.139599	
	0.154133	
	0.115167	
	0.157921	
	0.215079	
	0.177468	
	0.168322	
	0.176460	
	0.190912	
	0.174280	
	0.147014	
	0.142780	
	0.172090	
	0.160837	
	0.154081	
	0.135857	
	0.135283	
	0.119775	
	0.129580	
	0.122057	
	0.131382	
	0.128896	
	0.138486	
	0.135430	
	0.140172	
	0.132574	
	0.167341	
	0.164681	
	0.130565	
	0.131058	
	0.145482	
	0.141523	
	0.114098	
	0.100064	
	0.096830	
	0.102865	
	0.176006	
	0.219288	
	0.156502	
	0.152523	
	0.128037	
	0.124862	
	0.162552	
	0.143161	
	0.340992	
	0.382194	
	0.309248	
	0.297997	
	0.303887	
	0.289476	
	0.292630	
	0.315059	
	0.344136	
	0.269755	
	0.243235	
	0.227660	
	0.222353	
	0.208163	
	0.221990	
	0.470681	
	0.398028	
	0.334256	
	0.312731	
	0.289345	
	0.297243	
	0.288314	
	0.317323	
	0.360877	
	0.333872	
	0.309598	
	0.298733	
	0.266632	
	0.244974	
	0.212772	
	0.245298	
	0.258372	
	0.213864	
	0.219381	
	0.189142	
	0.200486	
	0.177166	
	0.249685	
	0.306000	
	0.244969	
	0.214002	
	0.214544	
	0.212164	
	0.215807	
	0.275396	
	0.292849	
	0.239655	
	0.248376	
	0.233927	
	0.239598	
	0.252224	
	0.463309	
	0.377706	
	0.367763	
	0.351175	
	0.350330	
	0.356953	
	0.382093	
	0.374299	
	0.356750	
	0.331703	
	0.338196	
	0.365030	
	0.323718	
	0.317222	
	0.353157	
	0.294300	
	0.301042	
	0.297133	
	0.278648	
	0.295036	
	0.274063	
	0.294299	
	0.312120	
	0.285254	
	0.267481	
	0.238706	
	0.236571	
	0.226442	
	0.349947	
	0.305326	
	0.272954	
	0.267948	
	0.273661	
	0.270760	
	0.263723	
	0.241820	
	0.255940	
	0.240845	
	0.237982	
	0.252231	
	0.219761	
	0.233824	
	0.243493	
	0.231052	
	0.201177	
	0.198518	
	0.203715	
	0.211797	
	0.198940	
	0.200775	
	0.164249	
	0.156539	
	0.138524	
	0.149568	
	0.143668	
	0.130928	
	0.154397	
	0.121532	
	0.122380	
	0.124655	
	0.118872	
	0.122228	
	0.136767	
	0.155030	
	0.216118	
	0.302359	
	0.273155	
	0.235137	
	0.240999	
	0.204937	
	0.213511	
	0.171808	
	0.167514	
	0.179322	
	0.142806	
	0.168873	
	0.150248	
	0.142550	
	0.158434	
	0.138879	
	0.131074	
	0.133787	
	0.130281	
	0.121519	
	0.130578	
	0.123546	
	0.164984	
	0.155056	
	0.132063	
	0.124405	
	0.122870	
	0.102962	
	0.120061	
	0.128620	
	0.129291	
	0.134900	
	0.128339	
	0.144722	
	0.123591	
	0.108115	
	0.103412	
	0.137098	
	0.133985	
	0.136195	
	0.138034	
	0.118758	
	0.147977	
	0.255233	
	0.220771	
	0.182548	
	0.178678	
	0.165347	
	0.136228	
	0.195862	
	0.125738	
	0.124933	
	0.116580	
	0.202540	
	0.387674	
	0.317796	
	0.277517	
	0.257018	
	0.249646	
	0.237154	
	0.268238	
	0.276762	
	0.275726	
	0.266410	
	0.250155	
	0.236686	
	0.230756	
	0.215789	
	0.222141	
	0.232241	
	0.217783	
	0.335637	
	0.246611	
	0.231300	
	0.243096	
	0.234583	
	0.222284	
	0.204833	
	0.186447	
	0.186018	
	0.156709	
	0.189845	
	0.172888	
	0.201120	
	0.203143	
	0.171020	
	0.176701	
	0.341674	
	0.316141	
	0.241878	
	0.207097	
	0.205032	
	0.169113	
	0.154025	
	0.125662	
	0.133488	
	0.317891	
	0.274487	
	0.267709	
	0.273713	
	0.277121	
	0.261252	
	0.254945	
	0.229271	
	0.238082	
	0.310138	
	0.273366	
	0.263863	
	0.263671	
	0.272548	
	0.254007	
	0.231943	
	0.214231	
	0.195712	
	0.183859	
	0.276743	
	0.263700	
	0.260927	
	0.253429	
	0.258154	
	0.270598	
	0.250618	
	0.230454	
	0.265460	
	0.265406	
	0.265149	
	0.309368	
	0.259143	
	0.257382	
	0.274175	
	0.278460	
	0.255120	
	0.252996	
	0.246102	
	0.236404	
	0.232157	
	0.257338	
	0.223050	
	0.219537	
	0.192080	
	0.186113	
	0.194946	
	0.187658	
	0.173839	
	0.201420	
	0.196132	
	0.211625	
	0.212211	
	0.223111	
	0.200329	
	0.185183	
	0.169729	
	0.185003	
	0.165130	
	0.155129	
	0.157206	
	0.134468	
	0.138878	
	0.159068	
	0.204453	
	0.171205	
	0.196914	
	0.176954	
	0.172487	
	0.202832	
	0.151002	
	0.174369	
	0.150989	
	0.168330	
	0.206158	
	0.174943	
	0.136247	
	0.152051	
	0.147368	
	0.171242	
	0.170903	
	0.164885	
	0.125031	
	0.136957	
	0.124047	
	0.111025	
	0.119512	
	0.106244	
	0.102535	
	0.114727	
	0.106723	
	0.119175	
	0.113497	
	0.160179	
	0.133582	
	0.130543	
	0.135332	
	0.118305	
	0.114667	
	0.113490	
	0.107771	
	0.109196	
	0.099412	
	0.095675	
	0.104232	
	0.130239	
	0.145044	
	0.101610	
	0.096307	
	0.103916	
	0.092867	
	0.106295	
	0.090874	
	0.097144	
	0.121868	
	0.112284	
	0.117583	
	0.113890	
	0.107985	
	0.113421	
	0.117880	
	0.109296	
	0.117173	
	0.115120	
	0.111814	
	0.111879	
	0.112234	
	0.118040	
	0.114408	
	0.120759	
	0.115882	
	0.116275	
	0.120229	
	0.127942	
	0.129021	
	0.146982	
	0.138330	
	0.137253	
	0.148427	
	0.145862	
	0.175100	
	0.168087	
	0.145984	
	0.119209	
	0.143255	
	0.122330	
	0.139392	
	0.115840	
	0.111892	
	0.117057	
	0.106746	
	0.097509	
	0.081019	
	0.085668	
	0.089052	
	0.097044	
	0.091282	
	0.087162	
	0.085116	
	0.076799	
	0.089420	
	0.103521	
	0.093449	
	0.120975	
	0.122917	
	0.109659	
	0.113862	
	0.103033	
	0.112285	
	0.103265	
	0.114620	
	0.126673	
	0.139289	
	0.101884	
	0.105771	
	0.105748	
	0.130805	
	0.271166	
	0.148915	
	0.115764	
	0.116489	
	0.120260	
	0.134150	
	0.112505	
	0.130922	
	0.125470	
	0.106765	
	0.105799	
	0.112981	
	0.125204	
	0.118897	
	0.104759	
	0.107037	
	0.127132	
	0.142718	
	0.120848	
	0.125005	
	0.118028	
	0.118792	
	0.102740	
	0.104592	
	0.108494	
	0.098849	
	0.100755	
	0.090979	
	0.110690	
	0.101952	
	0.107534	
	0.105827	
	0.108770	
	0.113148	
	0.120739	
	0.110732	
	0.121970	
	0.127268	
	0.118044	
	0.101328	
	0.096535	
	0.096205	
	0.104538	
	0.095251	
	0.114771	
	0.106933	
	0.100142	
	0.119806	
	0.125454	
	0.109806	
	0.168867	
	0.147646	
	0.143480	
	0.130703	
	0.142364	
	0.136667	
	0.165283	
	0.144778	
	0.151678	
	0.149173	
	0.136811	
	0.133983	
	0.135063	
	0.139528	
	0.146424	
	0.171095	
	0.173283	
	0.177557	
	0.170837	
	0.151538	
	0.152514	
	0.155979	
	0.183155	
	0.160860	
	0.141098	
	0.128360	
	0.126213	
	0.117377	
	0.123589	
	0.122437	
	0.134210	
	0.127760	
	0.147671	
	0.149093	
	0.181834	
	0.180668	
	0.199070	
	0.176247	
	0.193002	
	0.189420	
	0.186683	
	0.196041	
	0.201784	
	0.192693	
	0.197019	
	0.192963	
	0.199411	
	0.190399	
	0.199570	
	0.192953	
	0.192257	
	0.200291	
	0.180890	
	0.178538	
	0.155046	
	0.138348	
	0.130626	
	0.131462	
	0.142531	
	0.118384	
	0.105464	
	0.195777	
	0.141015	
	0.133815	
	0.138822	
	0.113344	
	0.099966	
	0.093899	
	0.080791	
	0.107091	
	0.081106	
	0.093735	
	0.085957	
	0.067953	
	0.077690	
	0.092794	
	0.086473	
	0.108524	
	0.092111	
	0.109921	
	0.095828	
	0.096856	
	0.091288	
	0.110319	
	0.085957	
	0.099936	
	0.080498	
	0.071792	
	0.076825	
	0.067026	
	0.071810	
	0.073149	
	0.067463	
	0.083594	
	0.069328	
	0.101745	
	0.083365	
	0.109115	
	0.087842	
	0.088852	
	0.078748	
	0.082090	
	0.081668	
	0.075191	
	0.088292	
	0.075664	
	0.083069	
	0.073065	
	0.084346	
	0.090289	
	0.101096	
	0.135573	
	0.123543	
	0.135163	
	0.137069	
	0.141823	
	0.150715	
	0.133696	
	0.139284	
	0.132627	
	0.149933	
	0.121740	
	0.122676	
	0.119931	
	0.118571	
	0.114153	
	0.113519	
	0.110421	
	0.104357	
	0.112900	
	0.114457	
	0.131177	
	0.111768	
	0.140785	
	0.132362	
	0.131700	
	0.122308	
	0.107441	
	0.113539	
	0.097779	
	0.109043	
	0.090929	
	0.112997	
	0.112333	
	0.105444	
	0.116820	
	0.111318	
	0.125291	
	0.119106	
	0.121883	
	0.114069	
	0.126731	
	0.121893	
	0.114061	
	0.115224	
	0.121129	
	0.111275	
	0.110233	
	0.108870	
	0.110797	
	0.115089	
	0.112767	
	0.124623	
	0.115947	
	0.126415	
	0.117016	
	0.121910	
	0.113710	
	0.113467	
	0.125757	
	0.105384	
	0.123389	
	0.122260	
	0.136307	
	0.117994	
	0.119954	
	0.115637	
	0.120667	
	0.127618	
	0.118933	
	0.124034	
	0.120441	
	0.118811	
	0.119899	
	0.121201	
	0.130035	
	0.135720	
	0.132471	
	0.150811	
	0.139132	
	0.146122	
	0.144207	
	0.144627	
	0.147080	
	0.138195	
	0.139176	
	0.143402	
	0.145837	
	0.154261	
	0.142102	
	0.154304	
	0.154890	
	0.153391	
	0.157351	
	0.138908	
	0.137064	
	0.147199	
	0.134330	
	0.131702	
	0.123696	
	0.136136	
	0.120410	
	0.125552	
	0.117269	
	0.120460	
	0.130500	
	0.129595	
	0.132032	
	0.122071	
	0.132100	
	0.139884	
	0.124950	
	0.127690	
	0.119479	
	0.112371	
	0.117704	
	0.120501	
	0.120045	
	0.116920	
	0.127010	
	0.121334	
	0.122183	
	0.126622	
	0.132191	
	0.129100	
	0.129505	
	0.135517	
	0.125246	
	0.134314	
	0.130531	
	0.127995	
	0.119368	
	0.121112	
	0.137490	
	0.120785	
	0.131113	
	0.126753	
	0.113930	
	0.124247	
	0.105298	
	0.106104	
	0.108909	
	0.123197	
	0.115748	
	0.130103	
	0.131157	
	0.134610	
	0.156889	
	0.123030	
	0.141187	
	0.116964	
	0.131548	
	0.130971	
	0.130417	
	0.144895	
	0.134152	
	0.151225	
	0.121951	
	0.114882	
	0.119596	
	0.131002	
	0.125252	
	0.130332	
	0.136658	
	0.125527	
	0.139307	
	0.145746	
	0.169701	
	0.166753	
	0.187276	
	0.203095	
	0.215604	
	0.278586	
	0.266246	
	0.248595	
	0.250630	
	0.227322	
	0.227423	
	0.217012	
	0.221226	
	0.221474	
	0.243021	
	0.237444	
	NaN	
	0.268065	
	NaN	
	NaN	
	NaN	
	NaN	
	NaN	
	NaN	
	NaN	
	NaN	
	NaN	
	NaN	
	NaN	
	NaN	
	NaN	
	NaN	
	NaN	
	NaN	
	NaN	
	NaN	
	NaN	
	NaN	
	NaN	
	NaN	
	NaN	
	NaN	
	NaN	
	NaN	
	NaN	
	NaN	
	NaN	
	NaN	
	NaN	
	NaN	
	NaN	
	NaN	
	NaN	
	NaN	
	NaN	
	NaN	
	NaN	
	NaN	
	NaN	
	NaN	
	NaN	
	NaN	
	NaN	
	NaN	
	NaN	
	NaN	
	NaN	
	NaN	
	NaN	
	NaN	
	NaN	
	NaN	
	NaN	
	NaN	
	NaN	
	NaN	
	NaN	
	NaN	
	NaN	
	NaN	
	NaN	
	NaN	
	NaN	
	NaN	
	NaN	
	NaN	
	NaN	
	NaN	
	NaN	
	NaN	
	NaN	
