_Mode		
	-0.028181	
	0.053119	
	0.058539	
	-0.045482	
	-0.100981	
	-0.055226	
	-0.070448	
	-0.054041	
	0.008712	
	0.148947	
	0.094121	
	-0.050774	
	-0.216977	
	0.207840	
	0.030331	
	-0.029127	
	-0.146631	
	-0.257488	
	-0.168666	
	-0.099735	
	-0.267013	
	-0.259702	
	-0.040884	
	-0.106088	
	-0.104878	
	-0.114247	
	-0.082093	
	-0.112045	
	-0.111728	
	-0.065422	
	-0.067957	
	-0.130067	
	-0.167651	
	-0.181453	
	-0.148168	
	-0.184724	
	-0.119189	
	0.096054	
	-0.293335	
	-0.296573	
	-0.225224	
	-0.139989	
	-0.228534	
	-0.256618	
	-0.337674	
	-0.258731	
	-0.182980	
	-0.196730	
	-0.167175	
	-0.176069	
	-0.146723	
	-0.163970	
	-0.153269	
	-0.106788	
	-0.108751	
	-0.108442	
	-0.105560	
	-0.107314	
	-0.105656	
	-0.321889	
	-0.104452	
	-0.091592	
	-0.072755	
	0.005132	
	-0.114584	
	-0.217192	
	-0.041593	
	-0.143538	
	-0.270889	
	-0.326968	
	-0.341760	
	-0.305757	
	-0.162919	
	-0.138919	
	0.140596	
	-0.012393	
	-0.182027	
	0.021200	
	0.056249	
	-0.143308	
	-0.105190	
	0.066579	
	0.108169	
	-0.063890	
	-0.010750	
	0.026317	
	-0.171591	
	-0.178342	
	-0.201686	
	-0.085693	
	-0.176682	
	-0.174953	
	-0.151752	
	-0.107140	
	-0.050614	
	-0.201312	
	0.186779	
	-0.063768	
	-0.005104	
	0.039066	
	-0.073491	
	-0.107123	
	-0.157080	
	0.050273	
	0.222809	
	0.036330	
	0.105201	
	0.144573	
	-0.112878	
	-0.119066	
	-0.023324	
	0.095377	
	-0.206770	
	-0.042524	
	-0.042976	
	-0.035294	
	-0.023310	
	-0.198149	
	-0.148637	
	0.082195	
	-0.022445	
	0.053034	
	0.102061	
	-0.030942	
	0.032945	
	-0.014312	
	0.104171	
	-0.156791	
	0.078106	
	-0.151744	
	-0.114031	
	-0.185777	
	-0.153790	
	0.176591	
	-0.183982	
	-0.126071	
	-0.085754	
	0.111982	
	0.007503	
	-0.084448	
	0.156748	
	0.143390	
	-0.023152	
	0.149430	
	0.059149	
	0.101529	
	-0.236001	
	-0.191866	
	-0.029263	
	-0.087133	
	-0.229098	
	-0.026560	
	0.225156	
	-0.083575	
	-0.094931	
	0.045558	
	0.025613	
	0.050109	
	0.118275	
	-0.045478	
	0.025848	
	-0.132408	
	-0.164230	
	-0.033996	
	-0.083203	
	0.036153	
	-0.073738	
	-0.079786	
	-0.127968	
	0.023910	
	-0.138568	
	0.084784	
	-0.046231	
	-0.021815	
	0.193246	
	-0.023341	
	-0.129929	
	0.012282	
	0.034775	
	0.134267	
	0.036170	
	0.000266	
	-0.032856	
	0.078627	
	0.039662	
	-0.159470	
	0.118492	
	-0.053017	
	0.052554	
	0.109580	
	0.167434	
	0.017694	
	-0.005148	
	-0.115275	
	-0.041517	
	-0.179331	
	-0.051525	
	0.087552	
	0.092795	
	0.014274	
	-0.135574	
	-0.076980	
	0.009045	
	-0.133388	
	0.028654	
	-0.107729	
	-0.106792	
	0.000183	
	-0.016194	
	0.000229	
	-0.004066	
	-0.126507	
	0.050728	
	-0.052518	
	-0.071595	
	0.148717	
	0.014349	
	-0.014783	
	-0.125141	
	0.095972	
	-0.033789	
	0.083587	
	0.121989	
	0.017480	
	-0.040980	
	-0.105261	
	0.011859	
	0.071437	
	-0.087543	
	0.043796	
	0.103071	
	-0.146442	
	-0.003502	
	0.138037	
	0.006710	
	0.037257	
	-0.137091	
	0.046649	
	0.133474	
	-0.041614	
	-0.054636	
	0.064469	
	0.201510	
	0.125791	
	0.152808	
	0.114870	
	-0.100245	
	0.032785	
	0.020908	
	0.066511	
	0.127605	
	0.067730	
	-0.157929	
	-0.070222	
	-0.173422	
	-0.061318	
	-0.069549	
	-0.036568	
	-0.015853	
	-0.069731	
	-0.020223	
	-0.020105	
	0.125701	
	-0.051296	
	0.259531	
	-0.105504	
	0.000170	
	0.134716	
	-0.160421	
	-0.052815	
	0.060822	
	-0.026374	
	-0.048111	
	0.196696	
	0.238019	
	0.127836	
	-0.187711	
	-0.126688	
	-0.050927	
	-0.076370	
	-0.044219	
	0.041103	
	0.121139	
	0.103682	
	-0.201963	
	-0.184236	
	-0.096489	
	-0.023037	
	-0.181524	
	0.025957	
	-0.057733	
	0.165177	
	-0.008180	
	0.072686	
	0.114245	
	-0.197521	
	-0.276497	
	-0.114481	
	-0.365190	
	-0.195553	
	-0.274131	
	-0.196712	
	-0.167337	
	-0.213581	
	-0.163479	
	0.072504	
	-0.007233	
	0.097385	
	0.010253	
	0.037797	
	-0.137984	
	-0.082140	
	0.152406	
	-0.038800	
	-0.168238	
	0.143896	
	0.040503	
	-0.088552	
	0.014291	
	-0.014623	
	0.236812	
	0.021287	
	-0.098379	
	0.279721	
	0.032036	
	0.025376	
	-0.012247	
	0.093095	
	0.061344	
	-0.049197	
	0.210373	
	0.001862	
	0.000331	
	0.173912	
	-0.138018	
	0.071326	
	-0.004390	
	-0.013669	
	-0.124260	
	0.039472	
	0.032257	
	-0.091406	
	0.095737	
	-0.060368	
	-0.094906	
	0.000896	
	-0.025451	
	-0.094586	
	-0.016799	
	-0.015878	
	0.160668	
	-0.109277	
	-0.045914	
	-0.024481	
	0.064770	
	-0.010975	
	-0.023668	
	-0.047690	
	-0.045800	
	-0.027510	
	0.102078	
	-0.053887	
	-0.021152	
	0.051010	
	0.141902	
	0.101381	
	-0.035264	
	-0.054246	
	0.028569	
	0.016077	
	-0.065975	
	-0.086624	
	-0.013346	
	-0.136053	
	-0.044405	
	-0.064030	
	0.088520	
	-0.037926	
	-0.156547	
	0.136097	
	0.186835	
	0.036645	
	0.018673	
	-0.009866	
	0.025789	
	0.067485	
	0.007157	
	0.064090	
	-0.019455	
	0.010321	
	-0.001500	
	-0.110854	
	-0.053670	
	0.022997	
	0.146567	
	0.051987	
	-0.176386	
	-0.278379	
	-0.219914	
	-0.303238	
	-0.211834	
	-0.240081	
	-0.012744	
	-0.062561	
	-0.042734	
	-0.026658	
	-0.094073	
	-0.069542	
	-0.032860	
	-0.156155	
	-0.116065	
	-0.061531	
	0.039910	
	0.121045	
	-0.111840	
	0.013337	
	0.040606	
	-0.085867	
	-0.297280	
	-0.344825	
	-0.372590	
	-0.045139	
	0.211807	
	0.065694	
	-0.164971	
	0.081019	
	-0.297733	
	-0.116213	
	0.021981	
	-0.019707	
	-0.267978	
	-0.123412	
	-0.143603	
	-0.068113	
	0.043965	
	-0.140628	
	-0.199988	
	-0.057837	
	0.198418	
	-0.162189	
	-0.197527	
	0.090580	
	-0.069154	
	0.147801	
	0.112827	
	0.053883	
	-0.164345	
	0.078014	
	-0.380611	
	-0.273994	
	-0.174451	
	-0.211917	
	-0.211628	
	-0.315708	
	-0.317264	
	-0.063673	
	-0.115584	
	-0.257945	
	-0.166538	
	-0.158741	
	-0.141223	
	-0.184611	
	-0.025667	
	-0.041862	
	-0.108494	
	-0.100546	
	-0.035118	
	-0.070625	
	0.118743	
	0.143380	
	-0.070761	
	0.123667	
	0.040791	
	-0.027942	
	-0.010508	
	-0.117685	
	0.098020	
	0.114595	
