_Brightness		
	NaN	
	NaN	
	NaN	
	NaN	
	NaN	
	NaN	
	NaN	
	NaN	
	NaN	
	NaN	
	NaN	
	NaN	
	NaN	
	NaN	
	NaN	
	NaN	
	NaN	
	NaN	
	NaN	
	NaN	
	NaN	
	NaN	
	NaN	
	NaN	
	0.409860	
	0.538833	
	0.686006	
	0.717731	
	0.396703	
	0.357514	
	0.437494	
	0.404250	
	0.407271	
	0.390686	
	0.367510	
	0.390933	
	0.361238	
	0.357970	
	0.331711	
	0.422342	
	0.456835	
	0.475971	
	0.455274	
	0.456690	
	0.426368	
	0.410164	
	0.446177	
	0.421312	
	0.429844	
	0.405442	
	0.420861	
	0.460797	
	0.445546	
	0.483313	
	0.446220	
	0.482703	
	0.449224	
	0.443810	
	0.367202	
	0.492201	
	0.432739	
	0.391916	
	0.432440	
	0.392088	
	0.356840	
	0.360389	
	0.370319	
	0.407549	
	0.443188	
	0.622887	
	0.662930	
	0.591075	
	0.611914	
	0.598357	
	0.562609	
	0.543809	
	0.519993	
	0.509179	
	0.506363	
	0.412781	
	0.484968	
	0.516144	
	0.529370	
	0.453339	
	0.418248	
	0.391250	
	0.420758	
	0.434992	
	0.436817	
	0.366727	
	0.463776	
	0.452907	
	0.500877	
	0.476434	
	0.479239	
	0.553500	
	0.543712	
	0.427352	
	0.416928	
	0.418964	
	0.488261	
	0.519321	
	0.482166	
	0.523398	
	0.549482	
	0.532497	
	0.559959	
	0.596480	
	0.535950	
	0.489132	
	0.442010	
	0.543430	
	0.490256	
	0.523005	
	0.532771	
	0.524378	
	0.537581	
	0.621935	
	0.551571	
	0.561104	
	0.483497	
	0.475202	
	0.506140	
	0.492192	
	0.507940	
	0.624993	
	0.588886	
	0.516086	
	0.512057	
	0.413992	
	0.395988	
	0.435978	
	0.481729	
	0.448604	
	0.482699	
	0.437129	
	0.441291	
	0.416012	
	0.410298	
	0.462962	
	0.495125	
	0.547444	
	0.606484	
	0.533455	
	0.406821	
	0.505929	
	0.458698	
	0.474967	
	0.505241	
	0.532665	
	0.537000	
	0.429460	
	0.475212	
	0.483946	
	0.486606	
	0.492048	
	0.415405	
	0.468622	
	0.468256	
	0.451037	
	0.493286	
	0.507721	
	0.429685	
	0.450838	
	0.460592	
	0.433495	
	0.347330	
	0.392245	
	0.399963	
	0.452724	
	0.449973	
	0.457592	
	0.429781	
	0.446579	
	0.506369	
	0.502091	
	0.435165	
	0.387663	
	0.398399	
	0.397418	
	0.354990	
	0.410088	
	0.521435	
	0.434487	
	0.485111	
	0.491937	
	0.444169	
	0.410820	
	0.438860	
	0.432997	
	0.478932	
	0.449198	
	0.577729	
	0.540208	
	0.403399	
	0.457747	
	0.438887	
	0.428093	
	0.396434	
	0.407959	
	0.442229	
	0.398626	
	0.389615	
	0.353889	
	0.340656	
	0.387927	
	0.409757	
	0.426419	
	0.474539	
	0.468719	
	0.485199	
	0.459753	
	0.462307	
	0.499573	
	0.484524	
	0.480818	
	0.480348	
	0.523558	
	0.565708	
	0.612330	
	0.539417	
	0.495839	
	0.466399	
	0.436218	
	0.398141	
	0.337432	
	0.476316	
	0.481584	
	0.482088	
	0.436022	
	0.450553	
	0.425681	
	0.416864	
	0.387528	
	0.338715	
	0.416070	
	0.624664	
	0.561139	
	0.531552	
	0.518608	
	0.551485	
	0.568608	
	0.577242	
	0.593211	
	0.545665	
	0.486711	
	0.553316	
	0.513969	
	0.565635	
	0.555484	
	0.529575	
	0.573171	
	0.536191	
	0.541180	
	0.521020	
	0.553689	
	0.595355	
	0.501458	
	0.506415	
	0.604836	
	0.590533	
	0.564320	
	0.462015	
	0.486798	
	0.540273	
	0.534109	
	0.444295	
	0.478346	
	0.514588	
	0.581678	
	0.554071	
	0.566178	
	0.440416	
	0.523656	
	0.497263	
	0.476811	
	0.497374	
	0.574242	
	0.539618	
	0.566417	
	0.568449	
	0.614124	
	0.534396	
	0.603602	
	0.545711	
	0.536028	
	0.467082	
	0.472885	
	0.525557	
	0.618634	
	0.547065	
	0.453544	
	0.459250	
	0.469898	
	0.455568	
	0.485254	
	0.380809	
	0.455617	
	0.398028	
	0.424864	
	0.496591	
	0.473754	
	0.517195	
	0.501918	
	0.418936	
	0.483989	
	0.423167	
	0.460308	
	0.480788	
	0.493156	
	0.538788	
	0.469117	
	0.553589	
	0.463394	
	0.494674	
	0.528387	
	0.465026	
	0.445361	
	0.427846	
	0.521167	
	0.485448	
	0.479649	
	0.412838	
	0.400317	
	0.422386	
	0.530337	
	0.471953	
	0.432603	
	0.442418	
	0.530835	
	0.434538	
	0.453111	
	0.490634	
	0.461225	
	0.504335	
	0.458098	
	0.376184	
	0.487342	
	0.439911	
	0.464689	
	0.512633	
	0.450224	
	0.402705	
	0.379663	
	0.429954	
	0.432967	
	0.444145	
	0.413147	
	0.495871	
	0.451537	
	0.480856	
	0.451609	
	0.418276	
	0.420162	
	0.429742	
	0.408898	
	0.375126	
	0.434761	
	0.491730	
	0.424715	
	0.469082	
	0.558277	
	0.479250	
	0.434289	
	0.446401	
	0.442929	
	0.437255	
	0.419331	
	0.417705	
	0.471488	
	0.499760	
	0.515350	
	0.540708	
	0.568421	
	0.594394	
	0.568395	
	0.524880	
	0.486334	
	0.524546	
	0.508106	
	0.578768	
	0.595347	
	0.591524	
	0.603289	
	0.596991	
	0.659952	
	0.662244	
	0.677611	
	0.599703	
	0.568326	
	0.574322	
	0.544820	
	0.602984	
	0.558508	
	0.627494	
	0.663330	
	0.659114	
	0.672109	
	0.664867	
	0.655861	
	0.698513	
	0.677896	
	0.730756	
	0.660278	
	0.645022	
	0.651855	
	0.577213	
	0.609670	
	0.712796	
	0.618789	
	0.617044	
	0.599088	
	0.569065	
	0.593759	
	0.566965	
	0.568992	
	0.639390	
	0.594146	
	0.578318	
	0.559908	
	0.580923	
	0.596739	
	0.511017	
	0.545224	
	0.568619	
	0.577899	
	0.561298	
	0.545027	
	0.506566	
	0.513220	
	0.504893	
	0.550371	
	0.582543	
	0.644979	
	0.591556	
	0.609359	
	0.569631	
	0.594357	
	0.697017	
	0.656993	
	0.577787	
	0.590824	
	0.472903	
	0.487591	
	0.378410	
	0.398406	
	0.453650	
	0.410555	
	0.366906	
	0.347776	
	0.350355	
	0.380309	
	0.368839	
	0.324280	
	0.284517	
	0.298520	
	0.280935	
	0.275555	
	0.296958	
	0.298629	
	0.410913	
	0.469671	
	0.435616	
	0.432127	
	0.481861	
	0.522675	
	0.514204	
	0.555993	
	0.665085	
	0.634055	
	0.525884	
	0.455840	
	0.422915	
	0.401317	
	0.438188	
	0.563306	
	0.584963	
	0.520466	
	0.449628	
	0.533894	
	0.591560	
	0.605916	
	0.575860	
	0.567558	
	0.513661	
	0.612433	
	0.527671	
	0.439386	
	0.440325	
	0.401273	
	0.374076	
	0.424100	
	0.489204	
	0.435482	
	0.448730	
	0.498737	
	0.527254	
	0.501561	
	0.537097	
	0.485408	
	0.511782	
	0.456633	
	0.467509	
	0.524040	
	0.532629	
	0.527754	
	0.505674	
	0.442994	
	0.418601	
	0.468506	
	0.493889	
	0.507649	
	0.527709	
	0.467888	
	0.491749	
	0.516233	
	0.493720	
	0.488128	
	0.391823	
	0.391459	
	0.406223	
	0.404577	
	0.405507	
	0.395892	
	0.421714	
	0.399203	
	0.384255	
	0.381708	
	0.349602	
	0.431596	
	0.453662	
	0.374770	
	0.369931	
	0.332335	
	0.316663	
	0.278124	
	0.321597	
	0.362732	
	0.351569	
	0.330148	
	0.388600	
	0.328687	
	0.330159	
	0.315340	
	0.358504	
	0.360116	
	0.367691	
	0.359183	
	0.365243	
	0.352478	
	0.389477	
	0.414461	
	0.478743	
	0.521754	
	0.595526	
	0.674653	
	0.653207	
	0.671321	
	0.504997	
	0.615212	
	0.692431	
	0.634749	
	0.678074	
	0.662971	
	0.618104	
	0.619995	
	0.551481	
	0.440586	
	0.406289	
	0.454453	
	0.455567	
	0.489598	
	0.511242	
	0.470526	
	0.479301	
	0.517854	
	0.544223	
	0.505777	
	0.503891	
	0.533994	
	0.568106	
	0.585138	
	0.525884	
	0.518092	
	0.483261	
	0.500178	
	0.527239	
	0.469271	
	0.464449	
	0.477683	
	0.450788	
	0.444638	
	0.469413	
	0.475549	
	0.519768	
	0.504527	
	0.468262	
	0.384267	
	0.393882	
	0.404341	
	0.365521	
	0.362718	
	0.399071	
	0.339806	
	0.385945	
	0.388093	
	0.375519	
	0.371552	
	0.428162	
	0.464958	
	0.388616	
	0.295445	
	0.340731	
	0.342402	
	0.347523	
	0.389062	
	0.352584	
	0.310259	
	0.327042	
	0.298142	
	0.283265	
	0.301390	
	0.291163	
	0.313994	
	0.314205	
	0.323090	
	0.327522	
	0.340949	
	0.370359	
	0.375399	
	0.447602	
	0.486850	
	0.481143	
	0.477621	
	0.476000	
	0.453685	
	0.426531	
	0.460853	
	0.482168	
	0.484946	
	0.438805	
	0.373911	
	0.438711	
	0.450004	
	0.416638	
	0.399067	
	0.415844	
	0.411339	
	0.456261	
	0.443220	
	0.380715	
	0.415479	
	0.443026	
	0.452176	
	0.464412	
	0.450593	
	0.431281	
	0.427702	
	0.464863	
	0.476263	
	0.459037	
	0.439802	
	0.505409	
	0.551739	
	0.547481	
	0.499476	
	0.481012	
	0.494523	
	0.544984	
	0.517981	
	0.527345	
	0.513026	
	0.503152	
	0.493345	
	0.411106	
	0.500006	
	0.487408	
	0.510137	
	0.513054	
	0.503961	
	0.454270	
	0.448779	
	0.437423	
	0.471105	
	0.542981	
	0.576285	
	0.560212	
	0.524577	
	0.513526	
	0.531323	
	0.445235	
	0.470043	
	0.462347	
	0.506856	
	0.360750	
	0.425981	
	0.417271	
	0.471331	
	0.411915	
	0.416354	
	0.399977	
	0.385304	
	0.362975	
	0.373326	
	0.461796	
	0.487114	
	0.500348	
	0.489153	
	0.494343	
	0.523873	
	0.485745	
	0.497533	
	0.429197	
	0.446998	
	0.450740	
	0.403340	
	0.502375	
	0.413637	
	0.411333	
	0.422627	
	0.405456	
	0.351688	
	0.330889	
	0.302726	
	0.298933	
	0.428201	
	0.513576	
	0.495314	
	0.453723	
	0.438345	
	0.359416	
	0.351550	
	0.318894	
	0.349827	
	0.410956	
	0.383368	
	0.417072	
	0.492968	
	0.469364	
	0.449048	
	0.470562	
	0.432383	
	0.419307	
	0.437033	
	0.372492	
	0.374458	
	0.360759	
	0.392949	
	0.403502	
	0.411411	
	0.357122	
	0.345288	
	0.358854	
	0.369388	
	0.363189	
	0.534606	
	0.376927	
	0.402066	
	0.474592	
	0.464443	
	0.433624	
	0.410825	
	0.727291	
	0.783934	
	0.784745	
	0.768440	
	0.751048	
	0.587866	
	0.452709	
	0.544477	
	0.512695	
	0.648185	
	0.590657	
	0.506975	
	0.482572	
	0.492047	
	0.496900	
	0.526834	
	0.557263	
	0.549431	
	0.573195	
	0.544457	
	0.483659	
	0.429759	
	0.478960	
	0.406498	
	0.365274	
	0.536260	
	0.515985	
	0.530275	
	0.499853	
	0.447824	
	0.470288	
	0.552200	
	0.467982	
	0.437693	
	0.521761	
	0.442396	
	0.507388	
	0.441194	
	0.413251	
	0.392706	
	0.381973	
	0.392830	
	0.417857	
	0.411786	
	0.398544	
	0.441085	
	0.499949	
	0.427591	
	0.427429	
	0.512017	
	0.485192	
	0.506959	
	0.420392	
	0.494202	
	0.464771	
	0.468576	
	0.475424	
	0.489168	
	0.530349	
	0.437792	
	0.485005	
	0.480738	
	0.512838	
	0.516665	
	0.547729	
	0.503276	
	0.532606	
	0.441376	
	0.467523	
	0.513499	
	0.401624	
	0.443618	
	0.597310	
	0.534427	
	0.474384	
	0.542108	
	0.502850	
	0.506667	
	0.522724	
	0.521901	
	0.482726	
	0.558090	
	0.576890	
	0.546639	
	0.462900	
	0.535666	
	0.548023	
	0.555068	
	0.473961	
	0.501089	
	0.520884	
	0.476442	
	0.573228	
	0.553201	
	0.572766	
	0.563628	
	0.557754	
	0.504901	
	0.420681	
	0.437299	
	0.467469	
	0.442234	
	0.393567	
	0.403383	
	0.391620	
	0.407704	
	0.440920	
	0.441607	
	0.469122	
	0.450106	
	0.512531	
	0.495652	
	0.544962	
	0.595785	
	0.827605	
	0.894888	
	0.889500	
	0.901909	
	0.813266	
	0.697929	
	0.557622	
	0.545912	
	0.652977	
	0.690389	
	0.577679	
	0.704937	
	0.875035	
	0.927042	
	0.931680	
	0.921284	
	0.791730	
	0.643482	
	0.589826	
	0.615707	
	0.550272	
	0.589537	
	0.667557	
	0.635586	
	0.531228	
	0.499896	
	0.527133	
	0.600267	
	0.590168	
	0.633625	
	0.562397	
	0.524326	
	0.571595	
	0.569237	
	0.477240	
	0.466384	
	0.383908	
	0.366804	
	0.375169	
	0.406685	
	0.519454	
	0.491123	
	0.437959	
	0.373824	
	0.322163	
	0.311422	
	0.381984	
	0.502881	
	0.443717	
	0.400418	
	0.394839	
	0.309202	
	0.282136	
	0.375936	
	0.379445	
	0.445852	
	0.436925	
	0.345891	
	0.331398	
	0.348549	
	0.516582	
	0.504893	
	0.823786	
	0.870368	
	0.876294	
	0.882319	
	0.821106	
	0.447404	
	0.518350	
	0.480594	
	0.531947	
	0.481459	
	0.456917	
	0.510023	
	0.564462	
	0.578926	
	0.542255	
	0.404929	
	0.345724	
	0.313830	
	0.290396	
	0.294299	
	0.456364	
	0.439755	
	0.506092	
	0.584648	
	0.604849	
	0.545587	
	0.543931	
	0.447073	
	0.551725	
	0.456298	
	0.482244	
	0.454131	
	0.380304	
	0.392608	
	0.509037	
	0.470041	
	0.480571	
	0.412904	
	0.555582	
	0.483796	
	0.429936	
	0.427793	
	0.395950	
	0.496371	
	0.414818	
	0.402387	
	0.431989	
	0.464667	
	0.357460	
	0.497180	
	0.460329	
	0.472894	
	0.456524	
	0.392562	
	0.419494	
	0.448019	
	0.455037	
	0.505082	
	0.442819	
	0.460448	
	0.515705	
	0.569702	
	0.602788	
	0.535729	
	0.500986	
	0.516559	
	0.531600	
	0.476391	
	0.402879	
	0.468742	
	0.444053	
	0.410882	
	0.417659	
	0.447621	
	0.466561	
	0.400707	
	0.447960	
	0.381658	
	0.438456	
	0.497622	
	0.448451	
	0.412544	
	0.419331	
	0.444596	
	0.453467	
	0.428761	
	0.457220	
	0.510769	
	0.452943	
	0.345736	
	0.480132	
	0.458356	
	0.460652	
	0.440561	
	0.483948	
	0.512146	
	0.490478	
	0.508434	
	0.428979	
	0.482562	
	0.338660	
	0.481544	
	0.534998	
	0.525896	
	0.503091	
	0.540963	
	0.468554	
	0.469103	
	0.445288	
	0.447779	
	0.467521	
	0.542290	
	0.580533	
	0.498541	
	0.566080	
	0.525179	
	0.499728	
	0.466637	
	0.467423	
	0.446599	
	0.378707	
	0.488993	
	0.527995	
	0.485559	
	0.430355	
	0.398051	
	0.461611	
	0.484274	
	0.476296	
	0.560277	
	0.513036	
	0.347994	
	0.484273	
	0.492550	
	0.469573	
	0.412319	
	0.405511	
	0.400547	
	0.332929	
	0.294201	
	0.299828	
	0.331883	
	0.367279	
	0.324296	
	0.323303	
	0.377812	
	0.339644	
	0.315114	
	0.360581	
	0.236318	
	0.358292	
	0.346764	
	0.505212	
	0.510728	
	0.491991	
	0.483155	
	0.413723	
	0.327547	
	0.309884	
	0.591033	
	0.786396	
	0.808122	
	0.770094	
	0.641654	
	0.641082	
	0.629416	
	0.565402	
	0.546221	
	0.585600	
	0.565253	
	0.549252	
	0.510765	
	0.394169	
	0.457333	
	0.515963	
	0.533032	
	0.593083	
	0.536549	
	0.562672	
	0.468806	
	0.371338	
	0.770664	
	0.895715	
	0.891597	
	0.888446	
	0.874489	
	0.863897	
	0.699682	
	0.526472	
	0.611663	
	0.592379	
	0.504052	
	0.420809	
	0.361051	
	0.342154	
	0.325625	
	0.369722	
	0.336739	
	0.335853	
	0.368989	
	0.337754	
	0.312921	
	0.472740	
	0.358994	
	0.414710	
	0.453377	
	0.412129	
	0.404040	
	0.423747	
	0.458712	
	0.420999	
	0.392106	
	0.340914	
	0.333428	
	0.427846	
	0.442344	
	0.371638	
	0.359245	
	0.399213	
	0.396734	
	0.337877	
	0.312861	
	0.349945	
	0.397065	
	0.452657	
	0.490959	
	0.419782	
	0.390433	
	0.346199	
	0.321031	
	0.304235	
	0.404248	
	0.333104	
	0.411330	
	0.476573	
	0.463064	
	0.378516	
	0.344972	
	0.319731	
	0.350139	
	0.315038	
	0.317931	
	0.312740	
	0.457559	
	0.423036	
	0.439217	
	0.403262	
	0.389603	
	0.354877	
	0.343821	
	0.376751	
	0.328259	
	0.343192	
	0.382599	
	0.406106	
	0.516103	
	0.470298	
	0.435682	
	0.396066	
	0.419811	
	0.445310	
	0.406699	
	0.434897	
	0.461769	
	0.487021	
	0.565415	
	0.593308	
	0.606440	
	0.630796	
	0.603262	
	0.535365	
	0.525963	
	0.509179	
	0.385431	
	0.441837	
	0.388990	
	0.342669	
	0.335713	
	0.331205	
	0.375472	
	0.391563	
	0.316397	
	0.466843	
	0.617662	
	0.407712	
	0.362418	
	0.409464	
	0.441431	
	0.344424	
	0.384255	
	0.319228	
	0.290774	
	0.390066	
	0.419138	
	0.483073	
	0.294320	
	0.099632	
	0.161845	
	0.294872	
	0.249268	
	0.214658	
	0.252054	
	0.252086	
	0.272454	
	0.289652	
	0.336484	
	0.346414	
	0.367821	
	0.462250	
	0.608847	
	0.896921	
	0.909644	
	0.865888	
	0.884083	
	0.903251	
	0.850175	
	0.761501	
	0.469750	
	0.232610	
	0.272797	
	0.293620	
	0.374497	
	0.489535	
	0.456514	
	0.393436	
	0.361762	
	0.307579	
	0.300150	
	0.305158	
	0.371809	
	0.519763	
	0.343714	
	0.363270	
	0.409741	
	0.400593	
	0.449914	
	0.507055	
	0.370833	
	0.356774	
	0.397037	
	0.406590	
	0.398070	
	0.393587	
	0.464575	
	0.457327	
	0.479633	
	0.453823	
	0.463407	
	0.482535	
	0.456457	
	0.457058	
	0.537286	
	0.500255	
	0.475567	
	0.457129	
	0.300405	
	0.313433	
	0.362562	
	0.278158	
	0.245673	
	0.219989	
	0.212286	
	0.262711	
	0.220969	
	0.205330	
	0.193406	
	0.224851	
	0.178638	
	0.209735	
	0.297860	
	0.292463	
	0.320059	
	0.301894	
	0.278645	
	0.288569	
	0.227342	
	0.229726	
	0.206506	
	0.236490	
	0.232387	
	0.328166	
	0.312325	
	0.329999	
	0.306217	
	0.272405	
	0.280277	
	0.275050	
	0.307300	
	0.280335	
	0.215632	
	0.217693	
	0.275262	
	0.243351	
	0.245478	
	0.248355	
	0.262186	
	0.250682	
	0.250858	
	0.237738	
	0.281877	
	0.317156	
	0.335076	
	0.331334	
	0.339761	
	0.331423	
	0.408301	
	0.344913	
	0.327516	
	0.303507	
	0.287641	
	0.262867	
	0.346767	
	0.316992	
	0.424666	
	0.360481	
	0.346886	
	0.345610	
	0.312271	
	0.301046	
	0.281965	
	0.231083	
	0.326935	
	0.356276	
	0.431915	
	0.372133	
	0.351634	
	0.354068	
	0.373030	
	0.334930	
	0.333180	
	0.362059	
	0.344362	
	0.292813	
	0.366094	
	0.373557	
	0.345152	
	0.333418	
	0.339996	
	0.316841	
	0.294877	
	0.339374	
	0.302223	
	0.224151	
	0.249101	
	0.277078	
	0.258102	
	0.237188	
	0.248912	
	0.233386	
	0.282250	
	0.308810	
	0.250292	
	0.368306	
	0.309473	
	0.381446	
	0.433745	
	0.459643	
	0.407239	
	0.356907	
	0.304890	
	0.291959	
	0.294468	
	0.241106	
	0.295750	
	0.260777	
	0.376194	
	0.355449	
	0.324625	
	0.287852	
	0.266608	
	0.177752	
	0.121166	
	0.146843	
	0.179547	
	0.164329	
	0.218628	
	0.636593	
	0.780672	
	0.794912	
	0.810283	
	0.790310	
	0.776895	
	0.695818	
	0.502091	
	0.351497	
	0.342918	
	0.404866	
	0.358383	
	0.352968	
	0.311679	
	0.277539	
	0.288665	
	0.301611	
	0.269870	
	0.176210	
	0.215268	
	0.208587	
	0.251984	
	0.357554	
	0.397928	
	0.438824	
	0.626705	
	0.703587	
	0.709649	
	0.684269	
	0.523984	
	0.349870	
	0.439530	
	0.372915	
	0.371786	
	0.384342	
	0.371886	
	0.338678	
	0.381440	
	0.396875	
	0.365955	
	0.359710	
	0.404178	
	0.418856	
	0.369569	
	0.411673	
	0.433713	
	0.473289	
	0.472495	
	0.461314	
	0.444196	
	0.457055	
	0.447918	
	0.525515	
	0.533634	
	0.522843	
	0.547087	
	0.489612	
	0.449176	
	0.415281	
	0.534861	
	0.508320	
	0.352055	
	0.456293	
	0.474435	
	0.449824	
	0.390897	
	0.428296	
	0.480770	
	0.441900	
	0.469163	
	0.496319	
	0.455103	
	0.350279	
	0.490805	
	0.452071	
	0.460439	
	0.444238	
	0.389635	
	0.413458	
	0.402027	
	0.405872	
	0.388593	
	0.437581	
	0.459561	
	0.406254	
	0.401087	
	0.505397	
	0.432494	
	0.349173	
	0.407011	
	0.463556	
	0.660799	
	0.435881	
	0.391500	
	0.338365	
	0.371471	
	0.359412	
	0.300206	
	0.285424	
	0.294270	
	0.289830	
	0.350600	
	0.409573	
	0.375875	
	0.349199	
	0.402773	
	0.422095	
	0.368591	
	0.564863	
	0.877241	
	0.868568	
	0.874959	
	0.888544	
	0.717626	
	0.558324	
	0.478968	
	0.408626	
	0.425172	
	0.409646	
	0.381752	
	0.385653	
	0.362467	
	0.385405	
	0.374857	
	0.375267	
	0.311568	
	0.269521	
	0.266832	
	0.289633	
	0.283243	
	0.312366	
	0.313507	
	0.279812	
	0.259008	
	0.238401	
	0.303097	
	0.291845	
	0.292738	
	0.269484	
	0.330372	
	0.326289	
	0.322162	
	0.322608	
	0.332629	
	0.276851	
	0.362128	
	0.516353	
	0.482078	
	0.470562	
	0.413985	
	0.379975	
	0.373453	
	0.365204	
	0.348761	
	0.332380	
	0.322409	
	0.265070	
	0.346554	
	0.331745	
	0.275256	
	0.252406	
	0.216566	
	0.144126	
	0.141840	
	0.155217	
	0.156071	
	0.187047	
	0.563789	
	0.742435	
	0.787376	
	0.801609	
	0.796679	
	0.785970	
	0.751488	
	0.653300	
	0.443734	
	0.275283	
	0.312328	
	0.343342	
	0.305488	
	0.328335	
	0.308367	
	0.261678	
	0.274359	
	0.251470	
	0.196558	
	0.210596	
	0.252464	
	0.270060	
	0.354647	
	0.316373	
	0.591143	
	0.747909	
	0.695770	
	0.719043	
	0.759770	
	0.474634	
	0.225165	
	0.319802	
	0.390070	
	0.334072	
	0.346757	
	0.328279	
	0.342628	
	0.340230	
	0.382135	
	0.397594	
	0.370984	
	0.321550	
	0.359031	
	0.380138	
	0.258997	
	0.315042	
	0.416234	
	0.372280	
	0.331343	
	0.429025	
	0.565031	
	0.435175	
	0.431536	
	0.503929	
	0.544178	
	0.401391	
	0.403502	
	0.468431	
	0.521396	
	0.511271	
	0.411853	
	0.360094	
	0.411877	
	0.349820	
	0.346617	
	0.411160	
	0.382147	
	0.324788	
	0.362747	
	0.425290	
	0.432996	
	0.410905	
	0.311663	
	0.380210	
	0.372708	
	0.364956	
	0.400000	
	0.365415	
	0.342971	
	0.381842	
	0.376084	
	0.428513	
	0.406888	
	0.398678	
	0.366943	
	0.393836	
	0.692970	
	0.675255	
	0.694760	
	0.667780	
	0.601772	
	0.452476	
	0.308855	
	0.363965	
	0.372560	
	0.353342	
	0.412262	
	0.411139	
	0.449689	
	0.362686	
	0.331620	
	0.351214	
	0.339607	
	0.330242	
	0.357215	
	0.373851	
	0.335350	
	0.317875	
	0.387112	
	0.406499	
	0.426269	
	0.354444	
	0.397384	
	0.390973	
	0.418229	
	0.388287	
	0.395986	
	0.375933	
	0.373953	
	0.349046	
	0.272586	
	0.267019	
	0.268450	
	0.265364	
	0.229153	
	0.241563	
	0.226953	
	0.249657	
	0.203850	
	0.202871	
	0.273987	
	0.301289	
	0.278358	
	0.317489	
	0.289091	
	0.289353	
	0.351982	
	0.302364	
	0.328165	
	0.328516	
	0.339670	
	0.382856	
	0.354799	
	0.359691	
	0.382442	
	0.480745	
	0.437679	
	0.360584	
	0.374598	
	0.369692	
	0.402316	
	0.400499	
	0.380739	
	0.398828	
	0.421100	
	0.304578	
	0.444785	
	0.395282	
	0.384826	
	0.353754	
	0.339387	
	0.282885	
	0.221349	
	0.199551	
	0.223191	
	0.261464	
	0.275105	
	0.302282	
	0.260767	
	0.223232	
	0.202955	
	0.238964	
	0.213151	
	0.291506	
	0.565774	
	0.362119	
	0.469804	
	0.474678	
	0.405076	
	0.399107	
	0.460750	
	0.461576	
	0.530394	
	0.446539	
	0.447290	
	0.473507	
	0.377996	
	0.524943	
	0.537500	
	0.462652	
	0.549279	
	0.579285	
	0.765396	
	0.887982	
	0.868881	
	0.686099	
	0.412099	
	0.423674	
	0.426305	
	0.462697	
	0.467016	
	0.424898	
	0.410925	
	0.381172	
	0.370558	
	0.394159	
	0.389474	
	0.371632	
	0.377007	
	0.338087	
	0.295697	
	0.240164	
	0.419822	
	0.760043	
	0.797247	
	0.804602	
	0.778405	
	0.665787	
	0.398657	
	0.347007	
	0.315102	
	0.312137	
	0.300083	
	0.257615	
	0.233129	
	0.421877	
	0.594279	
	0.360476	
	0.254545	
	0.185867	
	0.183297	
	0.217588	
	0.180133	
	0.189274	
	0.237448	
	0.342159	
	0.422567	
	0.300313	
	0.329509	
	0.416416	
	0.398361	
	0.414440	
	0.461365	
	0.444314	
	0.306989	
	0.271030	
	0.285755	
	0.342914	
	0.323324	
	0.314149	
	0.329736	
	0.320891	
	0.378223	
	0.375052	
	0.250217	
	0.288788	
	0.282824	
	0.336425	
	0.358456	
	0.386920	
	0.429699	
	0.447987	
	0.390694	
	0.306448	
	0.797272	
	0.857510	
	0.715355	
	0.325386	
	0.440691	
	0.455351	
	0.479746	
	0.413803	
	0.410043	
	0.365937	
	0.337608	
	0.336526	
	0.413675	
	0.392045	
	0.354252	
	0.478553	
	0.397949	
	0.418926	
	0.443036	
	0.379381	
	0.430693	
	0.523307	
	0.526818	
	0.491470	
	0.456042	
	0.474946	
	0.558607	
	0.525063	
	0.475900	
	0.468105	
	0.399303	
	0.468940	
	0.470311	
	0.516990	
	0.478104	
	0.475679	
	0.514681	
	0.525725	
	0.465338	
	0.443482	
	0.446446	
	0.427030	
	0.411468	
	0.425928	
	0.495436	
	0.494226	
	0.499712	
	0.398223	
	0.362315	
	0.369745	
	0.356930	
	0.422765	
	0.403089	
	0.349439	
	0.305538	
	0.245732	
	0.325606	
	0.449892	
	0.465067	
	0.494167	
	0.460739	
	0.468638	
	0.454010	
	0.449239	
	0.475306	
	0.447433	
	0.393920	
	0.539278	
	0.547138	
	0.446599	
	0.447708	
	0.435357	
	0.323726	
	0.243260	
	0.175877	
	0.290106	
	0.398057	
	0.417625	
	0.469732	
	0.507476	
	0.401929	
	0.350017	
	0.343605	
	0.352081	
	0.285058	
	0.243109	
	0.214933	
	0.222572	
	0.272464	
	0.259057	
	0.284692	
	0.514426	
	0.834003	
	0.888865	
	0.879168	
	0.714215	
	0.344727	
	0.466655	
	0.478442	
	0.457623	
	0.535741	
	0.501075	
	0.427160	
	0.462818	
	0.445007	
	0.444275	
	0.545228	
	0.546657	
	0.428928	
	0.417180	
	0.499215	
	0.460483	
	0.456528	
	0.439869	
	0.493193	
	0.427427	
	0.474979	
	0.569962	
	0.638983	
	0.522449	
	0.581466	
	0.546170	
	0.622130	
	0.453025	
	0.618683	
	0.636182	
	0.528625	
	0.389128	
	0.398235	
	0.462182	
	0.575001	
	0.441365	
	0.464585	
	0.425241	
	0.413120	
	0.422890	
	0.428781	
	0.485827	
	0.389326	
	0.427659	
	0.470718	
	0.507392	
	0.477334	
	0.431794	
	0.434339	
	0.502161	
	0.550428	
	0.481084	
	0.496091	
	0.545587	
	0.453352	
	0.435075	
	0.494496	
	0.425750	
	0.430990	
	0.473913	
	0.444464	
	0.465499	
	0.434572	
	0.395868	
	0.407057	
	0.419823	
	0.442885	
	0.374531	
	0.432497	
	0.432721	
	0.356099	
	0.371704	
	0.385026	
	0.431996	
	0.455820	
	0.378859	
	0.400444	
	0.457200	
	0.338668	
	0.504779	
	0.476244	
	0.532998	
	0.396798	
	0.440175	
	0.350308	
	0.420743	
	0.427270	
	0.425697	
	0.501315	
	0.542240	
	0.364288	
	0.572275	
	0.451860	
	0.373361	
	0.394150	
	0.434318	
	0.503958	
	0.486163	
	0.466378	
	0.503899	
	0.494001	
	0.481268	
	0.566965	
	0.499599	
	0.413859	
	0.447123	
	0.468180	
	0.414560	
	0.475563	
	0.400727	
	0.442549	
	0.541790	
	0.526070	
	0.382545	
	0.333804	
	0.477406	
	0.472996	
	0.472399	
	0.487492	
	0.514901	
	0.467356	
	0.457008	
	0.396906	
	0.425015	
	0.379940	
	0.354516	
	0.450330	
	0.432093	
	0.466368	
	0.477255	
	0.453260	
	0.395843	
	0.424671	
	0.470111	
	0.467993	
	0.369760	
	0.400579	
	0.458052	
	0.485108	
	0.415017	
	0.469692	
	0.408939	
	0.369105	
	0.309188	
	0.375555	
	0.432834	
	0.334744	
	0.450583	
	0.485023	
	0.450073	
	0.463703	
	0.478638	
	0.432015	
	0.469483	
	0.451833	
	0.401116	
	0.405985	
	0.484444	
	0.572204	
	0.556156	
	0.478173	
	0.481229	
	0.570177	
	0.849356	
	0.938390	
	0.917736	
	0.730431	
	0.360503	
	0.304000	
	0.405822	
	0.413981	
	0.376638	
	0.351578	
	0.301963	
	0.288461	
	0.355370	
	0.287258	
	0.224821	
	0.228585	
	0.234679	
	0.256939	
	0.198633	
	0.237514	
	0.246978	
	0.226328	
	0.254190	
	0.274687	
	0.231446	
	0.243215	
	0.249652	
	0.295080	
	0.367186	
	0.457716	
	0.478531	
	0.411236	
	0.354083	
	0.372031	
	0.414183	
	0.545407	
	0.659845	
	0.551187	
	0.537572	
	0.560534	
	0.548506	
	0.643442	
	0.841192	
	0.909299	
	0.892581	
	0.453713	
	0.360935	
	0.356614	
	0.418483	
	0.377452	
	0.348722	
	0.408525	
	0.385979	
	0.333937	
	0.348520	
	0.397756	
	0.382418	
	0.344514	
	0.381042	
	0.354900	
	0.421110	
	0.401374	
	0.363184	
	0.319678	
	0.359350	
	0.453912	
	0.388359	
	0.354135	
	0.283626	
	0.391219	
	0.426543	
	0.412321	
	0.317285	
	0.343199	
	0.316373	
	0.336488	
	0.362374	
	0.324324	
	0.381553	
	0.474212	
	0.421858	
	0.360987	
	0.413240	
	0.583839	
	0.507900	
	0.510114	
	0.508716	
	0.464435	
	0.364888	
	0.381830	
	0.340316	
	0.369958	
	0.352700	
	0.323758	
	0.300934	
	0.243003	
	0.309746	
	0.271080	
	0.200161	
	0.210143	
	0.241596	
	0.276458	
	0.237120	
	0.236026	
	0.295490	
	0.420851	
	0.643785	
	0.882788	
	0.880216	
	0.878002	
	0.640850	
	0.508896	
	0.509950	
	0.538130	
	0.556477	
	0.566422	
	0.552940	
	0.608358	
	0.558105	
	0.580639	
	0.550467	
	0.529717	
	0.556167	
	0.548445	
	0.588608	
	0.578779	
	0.546845	
	0.630300	
	0.585451	
	0.567682	
	0.451737	
	0.416860	
	0.415551	
	0.461503	
	0.411415	
	0.431208	
	0.407305	
	0.463422	
	0.406111	
	0.419553	
	0.371854	
	0.419217	
	0.470470	
	0.364641	
	0.323804	
	0.393317	
	0.367622	
	0.354793	
	0.294526	
	0.280066	
	0.316806	
	0.356965	
	0.330784	
	0.290796	
	0.368100	
	0.369607	
	0.336157	
	0.368862	
	0.351155	
	0.375678	
	0.376400	
	0.430619	
	0.381419	
	0.432241	
	0.499993	
	0.421954	
	0.435350	
	0.623182	
	0.859496	
	0.908718	
	0.924136	
	0.701198	
	0.444978	
	0.382664	
	0.452183	
	0.442850	
	0.425307	
	0.406675	
	0.427749	
	0.384726	
	0.346766	
	0.335529	
	0.348887	
	0.362557	
	0.332102	
	0.288605	
	0.295254	
	0.295740	
	0.418872	
	0.506851	
	0.494974	
	0.458841	
	0.424317	
	0.433961	
	0.472980	
	0.430229	
	0.469999	
	0.490255	
	0.496004	
	0.464307	
	0.436809	
	0.428186	
	0.420507	
	0.270841	
	0.261931	
	0.294775	
	0.297556	
	0.308026	
	0.354063	
	0.373397	
	0.533430	
	0.694214	
	0.656756	
	0.439220	
	0.401296	
	0.329047	
	0.407664	
	0.418329	
	0.432627	
	0.441169	
	0.663528	
	0.823474	
	0.761329	
	0.744315	
	0.777797	
	0.653560	
	0.511125	
	0.430650	
	0.440333	
	0.435764	
	0.313314	
	0.338800	
	0.380985	
	0.347959	
	0.338919	
	0.495021	
	0.494703	
	0.439879	
	0.409547	
	0.519057	
	0.576652	
	0.493904	
	0.396600	
	0.431969	
	0.475329	
	0.447352	
	0.383647	
	0.417411	
	0.427222	
	0.358581	
	0.603423	
	0.895995	
	0.948015	
	0.939050	
	0.763379	
	0.389181	
	0.442998	
	0.413575	
	0.395391	
	0.402359	
	0.423821	
	0.372467	
	0.352440	
	0.372944	
	0.313588	
	0.318637	
	0.273923	
	0.306891	
	0.304890	
	0.272995	
	0.255883	
	0.261846	
	0.252170	
	0.269287	
	0.402074	
	0.318420	
	0.439048	
	0.405703	
	0.400115	
	0.380573	
	0.350833	
	0.385616	
	0.439102	
	0.363670	
	0.285463	
	0.268383	
	0.290303	
	0.271970	
	0.300472	
	0.328084	
	0.354228	
	0.399388	
	0.394206	
	0.410660	
	0.404633	
	0.388829	
	0.552800	
	0.291122	
	0.259195	
	0.254533	
	0.223752	
	0.232977	
	0.213681	
	0.197241	
	0.237884	
	0.279796	
	0.263764	
	0.237403	
	0.209171	
	0.223203	
	0.244377	
	0.257938	
	0.205619	
	0.205182	
	0.195417	
	0.240211	
	0.340916	
	0.482600	
	0.504428	
	0.208767	
	0.189493	
	0.166884	
	0.198148	
	0.172689	
	0.191290	
	0.185534	
	0.164543	
	0.174613	
	0.152091	
	0.149923	
	0.130038	
	0.130379	
	0.121278	
	0.133673	
	0.102645	
	0.127785	
	0.255316	
	0.390652	
	0.305556	
	0.287486	
	0.299847	
	0.434843	
	0.386987	
	0.354081	
	0.280232	
	0.237959	
	0.235763	
	0.232063	
	0.234011	
	0.228185	
	0.212661	
	0.241729	
	0.196776	
	0.197411	
	0.162864	
	0.161874	
	0.145219	
	0.165977	
	0.157123	
	0.158054	
	0.201844	
	0.214660	
	0.217897	
	0.198256	
	0.162102	
	0.209444	
	0.200500	
	0.213591	
	0.217461	
	0.281756	
	0.307818	
	0.389201	
	0.514218	
	0.418131	
	0.408694	
	0.300177	
	0.256170	
	0.231431	
	0.246331	
	0.228828	
	0.422877	
	0.385479	
	0.353712	
	0.382778	
	0.402416	
	0.402146	
	0.313823	
	0.274201	
	0.196390	
	0.223700	
	0.238959	
	0.282955	
	0.253693	
	0.224079	
	0.211369	
	0.219097	
	0.223823	
	0.233560	
	0.204184	
	0.185226	
	0.206303	
	0.261191	
	0.323638	
	0.380474	
	0.356714	
	0.339800	
	0.401188	
	0.305038	
	0.287514	
	0.267818	
	0.260764	
	0.302594	
	0.274690	
	0.228352	
	0.206053	
	0.231608	
	0.243139	
	0.206866	
	0.199431	
	0.180094	
	0.243523	
	0.347473	
	0.479609	
	0.326215	
	0.406937	
	0.352928	
	0.329348	
	0.295338	
	0.265995	
	0.267971	
	0.241594	
	0.223334	
	0.231797	
	0.249130	
	0.260125	
	0.208981	
	0.191624	
	0.180054	
	0.135980	
	0.151661	
	0.161765	
	0.177167	
	0.153831	
	0.179941	
	0.241423	
	0.280039	
	0.244712	
	0.260114	
	0.295294	
	0.264776	
	0.322414	
	0.365974	
	0.536022	
	0.388805	
	0.303604	
	0.483304	
	0.482277	
	0.454647	
	0.374553	
	0.347301	
	0.291330	
	0.284885	
	0.266365	
	0.412600	
	0.404785	
	0.303685	
	0.368433	
	0.366587	
	0.377522	
	0.355771	
	0.340901	
	0.282192	
	0.227372	
	0.235842	
	0.276447	
	0.322718	
	0.291629	
	0.300622	
	0.403998	
	0.417133	
	0.393762	
	0.627637	
	0.782938	
	0.783653	
	0.806342	
	0.578351	
	0.504179	
	0.438960	
	0.402267	
	0.351934	
	0.328309	
	0.321889	
	0.293978	
	0.306934	
	0.325132	
	0.321542	
	0.410920	
	0.423437	
	0.420090	
	0.442284	
	0.423439	
	0.438880	
	0.431151	
	0.448023	
	0.373685	
	0.386952	
	0.451510	
	0.439749	
	0.386147	
	0.367820	
	0.350259	
	0.358282	
	0.319535	
	0.308059	
	0.303706	
	0.312304	
	0.293244	
	0.275289	
	0.273323	
	0.272945	
	0.314277	
	0.291415	
	0.285815	
	0.324287	
	0.298328	
	0.284333	
	0.296085	
	0.268869	
	0.344750	
	0.347969	
	0.350975	
	0.318256	
	0.307977	
	0.309864	
	0.277999	
	0.377848	
	0.377324	
	0.323344	
	0.374126	
	0.362778	
	0.376792	
	0.303337	
	0.276981	
	0.242971	
	0.236556	
	0.256299	
	0.334728	
	0.390062	
	0.313363	
	0.440118	
	0.431629	
	0.397952	
	0.336929	
	0.348946	
	0.302545	
	0.323039	
	0.310039	
	0.330308	
	0.342345	
	0.350487	
	0.324332	
	0.313990	
	0.368746	
	0.375512	
	0.321129	
	0.555922	
	0.863781	
	0.832599	
	0.766576	
	0.584231	
	0.566851	
	0.370904	
	0.366604	
	0.386642	
	0.339851	
	0.337547	
	0.332382	
	0.355287	
	0.318978	
	0.318911	
	0.326495	
	0.314893	
	0.354943	
	0.318176	
	0.297809	
	0.311701	
	0.429599	
	0.465551	
	0.508109	
	0.450079	
	0.291145	
	0.403421	
	0.432458	
	0.395845	
	0.399429	
	0.418915	
	0.399184	
	0.275489	
	0.255559	
	0.219525	
	0.264122	
	0.307372	
	0.291628	
	0.322776	
	0.292847	
	0.301522	
	0.284236	
	0.262640	
	0.256579	
	0.291806	
	0.262508	
	0.191251	
	0.241862	
	0.374575	
	0.322392	
	0.349882	
	0.484293	
	0.600790	
	0.581370	
	0.580933	
	0.581980	
	0.576102	
	0.461862	
	0.374619	
	0.728475	
	0.946068	
	0.960467	
	0.974333	
	0.960846	
	0.821319	
	0.436701	
	0.481286	
	0.468227	
	0.532028	
	0.562325	
	0.486439	
	0.428950	
	0.446269	
	0.453861	
	0.441994	
	0.522581	
	0.471051	
	0.457248	
	0.547701	
	0.488457	
	0.412126	
	0.303273	
	0.309048	
	0.440673	
	0.438631	
	0.338000	
	0.250533	
	0.237748	
	0.352624	
	0.281992	
	0.256214	
	0.246839	
	0.245371	
	0.217050	
	0.216663	
	0.210574	
	0.257355	
	0.294441	
	0.279510	
	0.296379	
	0.230828	
	0.234450	
	0.228344	
	0.179795	
	0.174332	
	0.243199	
	0.261508	
	0.264127	
	0.283442	
	0.291040	
	0.279576	
	0.264324	
	0.265259	
	0.343693	
	0.330718	
	0.334450	
	0.317942	
	0.333297	
	0.388598	
	0.457467	
	0.455999	
	0.412400	
	0.397933	
	0.331827	
	0.386486	
	0.355970	
	0.318412	
	0.329662	
	0.350270	
	0.357862	
	0.335540	
	0.302846	
	0.342631	
	0.419949	
	0.533404	
	0.400480	
	0.206311	
	0.272415	
	0.292820	
	0.325677	
	0.356014	
	0.404784	
	0.385932	
	0.423869	
	0.425943	
	0.356608	
	0.415870	
	0.458029	
	0.393321	
	0.313022	
	0.404469	
	0.344092	
	0.332548	
	0.316903	
	0.305471	
	0.289286	
	0.278174	
	0.282420	
	0.285679	
	0.334066	
	0.272748	
	0.275196	
	0.272684	
	0.283037	
	0.293209	
	0.357694	
	0.323331	
	0.242270	
	0.321937	
	0.453471	
	0.408665	
	0.441316	
	0.455273	
	0.450232	
	0.406025	
	0.418790	
	0.414278	
	0.435208	
	0.445986	
	0.487389	
	0.392452	
	0.413037	
	0.397427	
	0.391114	
	0.342395	
	0.334917	
	0.408557	
	0.647271	
	0.666597	
	0.445812	
	0.357067	
	0.351383	
	0.440733	
	0.426654	
	0.402581	
	0.307166	
	0.355734	
	0.428864	
	0.426362	
	0.432213	
	0.453943	
	0.448892	
	0.504005	
	0.436777	
	0.429312	
	0.435361	
	0.507884	
	0.462542	
	0.396958	
	0.473832	
	0.524484	
	0.553010	
	0.545831	
	0.576537	
	0.600437	
	0.605112	
	0.530049	
	0.447090	
	0.329413	
	0.446136	
	0.548475	
	0.556486	
	0.517607	
	0.482222	
	0.388166	
	0.320905	
	0.367379	
	0.514821	
	0.835215	
	0.838506	
	0.360739	
	0.463619	
	0.435590	
	0.303428	
	0.447729	
	0.466422	
	0.452412	
	0.379739	
	0.523648	
	0.664824	
	0.713184	
	0.691446	
	0.596167	
	0.375206	
	0.357071	
	0.328727	
	0.302307	
	0.319786	
	0.402630	
	0.354207	
	0.413061	
	0.449070	
	0.678118	
	0.730534	
	0.442083	
	0.417742	
	0.377908	
	0.314476	
	0.334980	
	0.357096	
	0.379949	
	0.385095	
	0.387558	
	0.380815	
	0.360659	
	0.319045	
	0.292946	
	0.276896	
	0.225310	
	0.295173	
	0.292047	
	0.238114	
	0.254554	
	0.340296	
	0.341853	
	0.300524	
	0.355558	
	0.356224	
	0.332760	
	0.313473	
	0.323543	
	0.307025	
	0.284970	
	0.306621	
	0.267718	
	0.261640	
	0.286900	
	0.311227	
	0.318454	
	0.301480	
	0.292014	
	0.302024	
	0.309203	
	0.313712	
	0.324535	
	0.357537	
	0.400822	
	0.392002	
	0.312928	
	0.406055	
	0.436881	
	0.413882	
	0.457809	
	0.423873	
	0.432237	
	0.328805	
	0.427506	
	0.469583	
	0.454334	
	0.394429	
	0.370564	
	0.342570	
	0.353460	
	0.304727	
	0.305087	
	0.401881	
	0.334543	
	0.418022	
	0.386927	
	0.409765	
	0.377307	
	0.291276	
	0.332299	
	0.365862	
	0.418430	
	0.463916	
	0.432144	
	0.405375	
	0.405668	
	0.418440	
	0.425504	
	0.425651	
	0.422287	
	0.439627	
	0.423366	
	0.449881	
	0.400847	
	0.316292	
	0.435355	
	0.361070	
	0.362713	
	0.340579	
	0.364988	
	0.310293	
	0.276669	
	0.274236	
	0.270054	
	0.342894	
	0.326704	
	0.353426	
	0.356877	
	0.323311	
	0.345123	
	0.315586	
	0.358611	
	0.330111	
	0.374698	
	0.382037	
	0.373818	
	0.431451	
	0.460883	
	0.410881	
	0.357545	
	0.367974	
	0.362562	
	0.379159	
	0.320104	
	0.360968	
	0.407872	
	0.460105	
	0.467813	
	0.421194	
	0.420432	
	0.395476	
	0.350199	
	0.328909	
	0.360073	
	0.425161	
	0.389605	
	0.415459	
	0.335462	
	0.337315	
	0.368135	
	0.407037	
	0.438503	
	0.405520	
	0.388563	
	0.398811	
	0.346171	
	0.320391	
	0.358346	
	0.332490	
	0.287889	
	0.262379	
	0.268303	
	0.288114	
	0.304514	
	0.401782	
	0.580124	
	0.554227	
	0.508112	
	0.489373	
	0.437758	
	0.422849	
	0.411534	
	0.442767	
	0.465416	
	0.407651	
	0.456953	
	0.398067	
	0.517380	
	0.534185	
	0.468829	
	0.476518	
	0.538769	
	0.444272	
	0.365748	
	0.318134	
	0.276497	
	0.322408	
	0.393673	
	0.418809	
	0.416588	
	0.471100	
	0.374008	
	0.385956	
	0.419645	
	0.444207	
	0.444516	
	0.477579	
	0.473871	
	0.457115	
	0.474480	
	0.512324	
	0.496945	
	0.543100	
	0.472842	
	0.481422	
	0.447445	
	0.420060	
	0.454755	
	0.446175	
	0.445387	
	0.476834	
	0.539377	
	0.496501	
	0.497456	
	0.511617	
	0.496052	
	0.463393	
	0.527618	
	0.529551	
	0.526195	
	0.409272	
	0.430577	
	0.577038	
	0.559886	
	0.483715	
	0.433922	
	0.501850	
	0.521436	
	0.497055	
	0.525131	
	0.564362	
	0.556553	
	0.475006	
	0.478620	
	0.451059	
	0.406395	
	0.467094	
	0.428561	
	0.639030	
	0.536077	
	0.488305	
	0.516265	
	0.519880	
	0.422057	
	0.458803	
	0.502633	
	0.540105	
	0.436060	
	0.357739	
	0.425208	
	0.519475	
	0.482644	
	0.484796	
	0.435337	
	0.496549	
	0.440076	
	0.458887	
	0.461292	
	0.398811	
	0.490599	
	0.420587	
	0.569199	
	0.441380	
	0.406911	
	0.424541	
	0.449486	
	0.427211	
	0.415845	
	0.431986	
	0.506832	
	0.479817	
	0.515685	
	0.456810	
	0.405590	
	0.424564	
	0.388264	
	0.376420	
	0.414073	
	0.390007	
	0.493384	
	0.442475	
	0.438601	
	0.445568	
	0.408457	
	0.389108	
	0.396721	
	0.337522	
	0.372157	
	0.371135	
	0.535962	
	0.471926	
	0.399262	
	0.440370	
	0.397319	
	0.377772	
	0.466953	
	0.491690	
	0.427123	
	0.377517	
	0.363899	
	0.400465	
	0.475633	
	0.470775	
	0.484605	
	0.496110	
	0.471188	
	0.459529	
	0.462473	
	0.447158	
	0.422626	
	0.464506	
	0.426523	
	0.478112	
	0.492646	
	0.477729	
	0.491826	
	0.467156	
	0.475204	
	0.473165	
	0.581223	
	0.472924	
	0.398323	
	0.459356	
	0.394073	
	0.437917	
	0.437247	
	0.372363	
	0.375327	
	0.426659	
	0.338073	
	0.320311	
	0.458143	
	0.533524	
	0.492967	
	0.496335	
	0.548983	
	0.563384	
	0.480755	
	0.520515	
	0.549872	
	0.516215	
	0.486494	
	0.518822	
	0.456054	
	0.486023	
	0.529245	
	0.495985	
	0.500597	
	0.496155	
	0.462843	
	0.497854	
	0.500224	
	0.433097	
	0.521926	
	0.452686	
	0.430179	
	0.499957	
	0.494682	
	0.599478	
	0.449443	
	0.571672	
	0.628478	
	0.467683	
	0.478502	
	0.485280	
	0.554133	
	0.567951	
	0.554369	
	0.582613	
	0.522912	
	0.420183	
	0.550384	
	0.547316	
	0.506162	
	0.518712	
	0.527309	
	0.409234	
	0.543557	
	0.590787	
	0.457772	
	0.464950	
	0.605232	
	0.579376	
	0.556666	
	0.515346	
	0.526440	
	0.469202	
	0.518307	
	0.491262	
	0.401406	
	0.491915	
	0.429826	
	0.527104	
	0.438810	
	0.440664	
	0.415501	
	0.436603	
	0.412264	
	0.341714	
	0.479297	
	0.596517	
	0.533783	
	0.429613	
	0.449553	
	0.477262	
	0.585314	
	0.494051	
	0.402526	
	0.489400	
	0.552343	
	0.519583	
	0.453431	
	0.481950	
	0.421612	
	0.488588	
	0.494279	
	0.441045	
	0.521244	
	0.444932	
	0.447951	
	0.499474	
	0.542523	
	0.544557	
	0.387460	
	0.302911	
	0.421461	
	0.482752	
	0.542192	
	0.477154	
	0.416380	
	0.465945	
	0.452581	
	0.372352	
	0.427514	
	0.393200	
	0.402465	
	0.461907	
	0.482177	
	0.445090	
	0.367223	
	0.342964	
	0.358913	
	0.452700	
	0.432371	
	0.368043	
	0.473657	
	0.462656	
	0.479950	
	0.432868	
	0.355489	
	0.330676	
	0.329087	
	0.319199	
	0.377908	
	0.338432	
	0.456368	
	0.366549	
	0.482439	
	0.457202	
	0.409027	
	0.390663	
	0.374956	
	0.320542	
	0.334786	
	0.318818	
	0.398740	
	0.440994	
	0.469119	
	0.456393	
	0.499042	
	0.479186	
	0.514320	
	0.471280	
	0.558503	
	0.498464	
	0.537948	
	0.544938	
	0.625733	
	0.711829	
	0.725346	
	0.691349	
	0.750289	
	0.715165	
	0.704865	
	0.737616	
	0.779154	
	0.726695	
	0.653661	
	0.746728	
	0.662316	
	0.730515	
	0.713952	
	0.715811	
	0.774590	
	0.698192	
	0.634963	
	0.708589	
	0.713076	
	0.781348	
	0.751941	
	0.673170	
	0.713117	
	0.795957	
	0.721030	
	0.708921	
	0.674321	
	0.729985	
	0.625285	
	0.584048	
	0.615353	
	0.635071	
	0.586230	
	0.642972	
	0.753985	
	0.760262	
	0.620562	
	0.634764	
	0.635178	
	0.576843	
	0.719036	
	0.689625	
	0.657001	
	0.643747	
	0.632529	
	0.478189	
	0.530358	
	0.667424	
	0.704639	
	0.685660	
	0.623986	
	0.611266	
	0.674771	
	0.633870	
	0.649928	
	0.622601	
	0.549037	
	0.587787	
	0.621606	
	0.648382	
	0.500692	
	0.382957	
	0.450178	
	0.490167	
	0.440264	
	0.448468	
	0.485278	
	0.439359	
	0.388337	
	0.419557	
	0.430563	
	0.351604	
	0.334500	
	0.397857	
	0.391422	
	0.461909	
	0.432522	
	0.463549	
	0.521522	
	0.501063	
	0.557413	
	0.563947	
	0.631134	
	0.706785	
	0.623746	
	0.513284	
	0.528794	
	0.583674	
	0.710014	
	0.608868	
	0.493674	
	0.593431	
	0.616275	
	0.579537	
	0.616914	
	0.583025	
	0.571458	
	0.529570	
	0.551892	
	0.634727	
	0.639697	
	0.569098	
	0.543527	
	0.549355	
	0.556111	
	0.578657	
	0.577270	
	0.539592	
	0.539489	
	0.564872	
	0.587292	
	0.505912	
	0.499029	
	0.500975	
	0.582252	
	0.588215	
	0.585596	
	0.504576	
	0.421663	
	0.368269	
	0.369630	
	0.391325	
	0.474225	
	0.466742	
	0.511444	
	0.496839	
	0.435421	
	0.447577	
	0.431317	
	0.551085	
	0.466542	
	0.432218	
	0.485167	
	0.516744	
	0.463016	
	0.417095	
	0.458103	
	0.450105	
	0.419329	
	0.370264	
	0.309216	
	0.321621	
	0.352613	
	0.467990	
	0.413773	
	0.324564	
	0.419701	
	0.432924	
	0.400265	
	0.377156	
	0.364621	
	0.318968	
	0.315053	
	0.295366	
	0.275494	
	0.318801	
	0.279761	
	0.324041	
	0.281200	
	0.269575	
	0.305502	
	0.352167	
	0.351500	
	0.372801	
	0.395684	
	0.377135	
	0.373784	
	0.374932	
	0.346272	
	0.386803	
	0.393558	
	0.431554	
	0.503219	
	0.616395	
	0.640335	
	0.629683	
	0.600317	
	0.552659	
	0.550952	
	0.619380	
	0.548595	
	0.618458	
	0.629550	
	0.714181	
	0.656399	
	0.470331	
	0.394740	
	0.460726	
	0.469356	
	0.502124	
	0.466800	
	0.453718	
	0.487132	
	0.514092	
	0.526705	
	0.538739	
	0.527528	
	0.518852	
	0.545391	
	0.545572	
	0.493296	
	0.510853	
	0.497676	
	0.457829	
	0.436210	
	0.460627	
	0.465094	
	0.467133	
	0.438206	
	0.444361	
	0.423455	
	0.386533	
	0.419476	
	0.420501	
	0.453546	
	0.455971	
	0.456146	
	0.451424	
	0.433596	
	0.481596	
	0.477894	
	0.446799	
	0.411360	
	0.424544	
	0.435841	
	0.456838	
	0.453395	
	0.487880	
	0.399799	
	0.294073	
	0.408375	
	0.394138	
	0.353486	
	0.389850	
	0.388039	
	0.378553	
	0.393844	
	0.373430	
	0.371480	
	0.387228	
	0.409729	
	0.429282	
	0.397766	
	0.390666	
	0.366444	
	0.370577	
	0.337922	
	0.338300	
	0.312872	
	0.329075	
	0.374195	
	0.439487	
	0.439553	
	0.441163	
	0.473865	
	0.546022	
	0.529655	
	0.429474	
	0.373669	
	0.374631	
	0.339244	
	0.451551	
	0.435488	
	0.429679	
	0.496903	
	0.477125	
	0.444102	
	0.448421	
	0.408521	
	0.479215	
	0.487406	
	0.445293	
	0.539901	
	0.534078	
	0.522912	
	0.518310	
	0.514419	
	0.504962	
	0.525669	
	0.544384	
	0.504951	
	0.549612	
	0.568084	
	0.613991	
	0.511377	
	0.498364	
	0.459800	
	0.539098	
	0.493362	
	0.505518	
	0.505945	
	0.432549	
	0.491653	
	0.510673	
	0.531515	
	0.566840	
	0.584070	
	0.552086	
	0.542302	
	0.507979	
	0.437146	
	0.435853	
	0.542159	
	0.549825	
	0.519761	
	0.571899	
	0.510330	
	0.508620	
	0.447654	
	0.425776	
	0.491239	
	0.521699	
	0.382396	
	0.407143	
	0.439586	
	0.471057	
	0.419571	
	0.379362	
	0.341047	
	0.389490	
	0.465963	
	0.451846	
	0.526512	
	0.506081	
	0.449441	
	0.450224	
	0.485964	
	0.423598	
	0.524225	
	0.509671	
	0.471663	
	0.516709	
	0.463100	
	0.514528	
	0.475982	
	0.446458	
	0.448433	
	0.501076	
	0.511463	
	0.461235	
	0.411182	
	0.347987	
	0.443506	
	0.415839	
	0.504256	
	0.480389	
	0.490773	
	0.468127	
	0.459738	
	0.455850	
	0.377837	
	0.405799	
	0.425415	
	0.327402	
	0.378746	
	0.459772	
	0.461610	
	0.470560	
	0.475291	
	0.415866	
	0.402219	
	0.397722	
	0.328076	
	0.363857	
	0.410148	
	0.395587	
	0.401142	
	0.378669	
	0.376509	
	0.400789	
	0.373795	
	0.392986	
	0.382555	
	0.465161	
	0.491957	
	0.505078	
	0.512860	
	0.488808	
	0.485115	
	0.706930	
	0.825304	
	0.874201	
	0.872122	
	0.867707	
	0.799868	
	0.710868	
	0.459799	
	0.551868	
	0.649041	
	0.632958	
	0.634341	
	0.624418	
	0.659199	
	0.563946	
	0.506405	
	0.544326	
	0.527317	
	0.515062	
	0.494907	
	0.396746	
	0.380783	
	0.426130	
	0.336064	
	0.315509	
	0.409064	
	0.494229	
	0.380800	
	0.343917	
	0.455119	
	0.468599	
	0.419706	
	0.528001	
	0.372369	
	0.348861	
	0.390689	
	0.538041	
	0.431829	
	0.362535	
	0.452023	
	0.473143	
	0.343972	
	0.486184	
	0.364203	
	0.366169	
	0.465601	
	0.345462	
	0.320653	
	0.444666	
	0.458923	
	0.450231	
	0.519140	
	0.403617	
	0.400575	
	0.452190	
	0.455337	
	0.393448	
	0.445332	
	0.458951	
	0.448900	
	0.431707	
	0.404710	
	0.466845	
	0.544253	
	0.535140	
	0.452687	
	0.409512	
	0.331037	
	0.368057	
	0.475478	
	0.472873	
	0.388101	
	0.442861	
	0.399085	
	0.387047	
	0.397953	
	0.408589	
	0.384564	
	0.404706	
	0.408788	
	0.495277	
	0.412796	
	0.439600	
	0.403046	
	0.471600	
	0.472430	
	0.487054	
	0.429417	
	0.428369	
	0.453406	
	0.481134	
	0.455532	
	0.471486	
	0.481838	
	0.516974	
	0.524123	
	0.455565	
	0.473778	
	0.486664	
	0.444039	
	0.492798	
	0.535941	
	0.436594	
	0.436275	
	0.473932	
	0.431643	
	0.393944	
	0.431222	
	0.442994	
	0.497525	
	0.528945	
	0.562711	
	0.527320	
	0.595898	
	0.773717	
	0.934490	
	0.947280	
	0.939968	
	0.843912	
	0.581010	
	0.543735	
	0.532157	
	0.537542	
	0.510575	
	0.578897	
	0.676003	
	0.882690	
	0.879506	
	0.872355	
	0.866873	
	0.713899	
	0.616933	
	0.593456	
	0.541622	
	0.645608	
	0.707080	
	0.677197	
	0.684869	
	0.568905	
	0.509558	
	0.649418	
	0.568486	
	0.567666	
	0.580424	
	0.566211	
	0.564022	
	0.536035	
	0.564222	
	0.546771	
	0.547661	
	0.516056	
	0.558155	
	0.351888	
	0.327225	
	0.380139	
	0.378656	
	0.407190	
	0.520451	
	0.369481	
	0.336455	
	0.328127	
	0.304988	
	0.350328	
	0.375910	
	0.338591	
	0.327628	
	0.241178	
	0.281754	
	0.288434	
	0.389144	
	0.330994	
	0.289326	
	0.358844	
	0.423023	
	0.457146	
	0.398040	
	0.750347	
	0.884391	
	0.896080	
	0.910336	
	0.908466	
	0.782506	
	0.518752	
	0.433626	
	0.359573	
	0.484648	
	0.473422	
	0.466401	
	0.470362	
	0.414294	
	0.406006	
	0.469650	
	0.387660	
	0.318025	
	0.309336	
	0.281143	
	0.384329	
	0.409373	
	0.412338	
	0.488605	
	0.445640	
	0.430194	
	0.453450	
	0.424656	
	0.409623	
	0.437007	
	0.431046	
	0.444784	
	0.506701	
	0.547377	
	0.502056	
	0.530893	
	0.502627	
	0.351578	
	0.376134	
	0.467220	
	0.496689	
	0.525375	
	0.463264	
	0.389659	
	0.377113	
	0.367635	
	0.392355	
	0.488398	
	0.422591	
	0.434408	
	0.454614	
	0.482438	
	0.434886	
	0.405647	
	0.376968	
	0.353667	
	0.360845	
	0.464092	
	0.431891	
	0.450797	
	0.474984	
	0.462498	
	0.482663	
	0.457761	
	0.508193	
	0.566488	
	0.548629	
	0.436209	
	0.361976	
	0.315463	
	0.449613	
	0.445525	
	0.464405	
	0.429113	
	0.405609	
	0.438004	
	0.386920	
	0.337172	
	0.276503	
	0.386252	
	0.378448	
	0.396259	
	0.386401	
	0.470479	
	0.458960	
	0.396554	
	0.420803	
	0.375224	
	0.396066	
	0.399626	
	0.392823	
	0.382816	
	0.450090	
	0.449885	
	0.448206	
	0.460120	
	0.366510	
	0.394968	
	0.368493	
	0.444095	
	0.443740	
	0.431284	
	0.316645	
	0.405023	
	0.405451	
	0.380323	
	0.424893	
	0.429087	
	0.430382	
	0.419852	
	0.391593	
	0.505472	
	0.504489	
	0.493158	
	0.481579	
	0.523620	
	0.584377	
	0.516694	
	0.522402	
	0.475606	
	0.472396	
	0.422988	
	0.442084	
	0.468689	
	0.485397	
	0.449876	
	0.416552	
	0.412610	
	0.432690	
	0.383426	
	0.409651	
	0.521048	
	0.394741	
	0.475592	
	0.472915	
	0.444109	
	0.427344	
	0.425604	
	0.378079	
	0.299290	
	0.292300	
	0.299825	
	0.359623	
	0.366617	
	0.393903	
	0.363470	
	0.317786	
	0.343789	
	0.363745	
	0.366033	
	0.365283	
	0.318976	
	0.415343	
	0.459478	
	0.563990	
	0.446212	
	0.455086	
	0.441771	
	0.402751	
	0.288335	
	0.628343	
	0.835659	
	0.901520	
	0.919601	
	0.923811	
	0.742586	
	0.545738	
	0.503864	
	0.473869	
	0.427355	
	0.440293	
	0.489002	
	0.513556	
	0.520935	
	0.462163	
	0.357712	
	0.384408	
	0.451102	
	0.473424	
	0.488315	
	0.403202	
	0.399478	
	0.224540	
	0.628153	
	0.903321	
	0.913300	
	0.923048	
	0.912829	
	0.875219	
	0.736988	
	0.428999	
	0.534305	
	0.529857	
	0.487117	
	0.394624	
	0.349710	
	0.325766	
	0.312235	
	0.296358	
	0.307075	
	0.287935	
	0.244527	
	0.240857	
	0.252738	
	0.289171	
	0.451328	
	0.472019	
	0.524155	
	0.452891	
	0.416174	
	0.429480	
	0.398966	
	0.451665	
	0.352460	
	0.462093	
	0.424070	
	0.460078	
	0.433304	
	0.397857	
	0.343681	
	0.372958	
	0.341666	
	0.323836	
	0.281081	
	0.345109	
	0.425800	
	0.469052	
	0.481917	
	0.412690	
	0.347147	
	0.322429	
	0.330026	
	0.300934	
	0.289679	
	0.287204	
	0.397866	
	0.484343	
	0.452215	
	0.355597	
	0.315667	
	0.298833	
	0.282230	
	0.354844	
	0.282267	
	0.265031	
	0.405861	
	0.501302	
	0.489784	
	0.376326	
	0.343204	
	0.343384	
	0.337051	
	0.358185	
	0.396913	
	0.336331	
	0.444151	
	0.517884	
	0.559441	
	0.516437	
	0.444437	
	0.463569	
	0.448072	
	0.402090	
	0.466692	
	0.527280	
	0.558861	
	0.534142	
	0.551593	
	0.550402	
	0.607154	
	0.609736	
	0.585975	
	0.552878	
	0.520790	
	0.304884	
	0.276790	
	0.284709	
	0.325090	
	0.308271	
	0.321996	
	0.357993	
	0.445606	
	0.386535	
	0.282164	
	0.467833	
	0.542842	
	0.371475	
	0.361513	
	0.315364	
	0.312154	
	0.348792	
	0.353795	
	0.227654	
	0.473148	
	0.476594	
	0.473825	
	0.449098	
	0.238465	
	0.215865	
	0.163994	
	0.197072	
	0.276417	
	0.270108	
	0.282144	
	0.260524	
	0.280169	
	0.286625	
	0.341951	
	0.440175	
	0.409929	
	0.432869	
	0.544257	
	0.861977	
	0.887297	
	0.900809	
	0.872216	
	0.905028	
	0.891140	
	0.840776	
	0.610896	
	0.373560	
	0.301584	
	0.293814	
	0.326848	
	0.281096	
	0.289101	
	0.278002	
	0.264703	
	0.254509	
	0.266937	
	0.248522	
	0.315821	
	0.241986	
	0.304245	
	0.408040	
	0.276011	
	0.352349	
	0.442303	
	0.349117	
	0.312572	
	0.374027	
	0.333698	
	0.409575	
	0.398096	
	0.400049	
	0.349500	
	0.353044	
	0.310041	
	0.325545	
	0.411433	
	0.409636	
	0.438454	
	0.366325	
	0.452316	
	0.501237	
	0.484470	
	0.424737	
	0.367624	
	0.329127	
	0.308529	
	0.302131	
	0.257520	
	0.215572	
	0.233168	
	0.209537	
	0.206190	
	0.189219	
	0.203827	
	0.157150	
	0.152809	
	0.193782	
	0.259226	
	0.330811	
	0.354773	
	0.371629	
	0.305531	
	0.320353	
	0.244778	
	0.215516	
	0.191128	
	0.219052	
	0.256443	
	0.391764	
	0.321294	
	0.372694	
	0.344361	
	0.279050	
	0.291523	
	0.286508	
	0.249480	
	0.229993	
	0.210275	
	0.193283	
	0.316222	
	0.323289	
	0.274292	
	0.258249	
	0.283534	
	0.268386	
	0.232655	
	0.260444	
	0.279159	
	0.335504	
	0.348839	
	0.362785	
	0.379924	
	0.353373	
	0.331779	
	0.355132	
	0.328912	
	0.308738	
	0.270672	
	0.317675	
	0.282351	
	0.361178	
	0.367305	
	0.350081	
	0.357923	
	0.345591	
	0.369308	
	0.326449	
	0.313753	
	0.327714	
	0.307249	
	0.309439	
	0.297240	
	0.355789	
	0.372860	
	0.323277	
	0.286633	
	0.248243	
	0.222368	
	0.253460	
	0.215378	
	0.224314	
	0.288431	
	0.253638	
	0.384353	
	0.364451	
	0.379872	
	0.354557	
	0.286073	
	0.227344	
	0.224131	
	0.247041	
	0.262924	
	0.235186	
	0.206107	
	0.224757	
	0.239366	
	0.286376	
	0.293222	
	0.279083	
	0.209230	
	0.237449	
	0.296573	
	0.330444	
	0.379889	
	0.408293	
	0.364194	
	0.326807	
	0.289860	
	0.247335	
	0.234122	
	0.258568	
	0.314710	
	0.283494	
	0.309707	
	0.278355	
	0.279179	
	0.256746	
	0.240543	
	0.185830	
	0.146095	
	0.157268	
	0.173168	
	0.152442	
	0.152543	
	0.384261	
	0.757295	
	0.837363	
	0.863464	
	0.865818	
	0.849852	
	0.820419	
	0.775147	
	0.596922	
	0.370218	
	0.427697	
	0.378201	
	0.332063	
	0.330630	
	0.319436	
	0.300918	
	0.303602	
	0.254865	
	0.210902	
	0.197022	
	0.205224	
	0.207761	
	0.267591	
	0.306039	
	0.363682	
	0.377544	
	0.558417	
	0.805280	
	0.789270	
	0.671285	
	0.536391	
	0.396419	
	0.413401	
	0.332080	
	0.279363	
	0.257452	
	0.226709	
	0.242708	
	0.231774	
	0.273450	
	0.266862	
	0.250126	
	0.259901	
	0.256209	
	0.252355	
	0.220561	
	0.228863	
	0.232817	
	0.233514	
	0.234498	
	0.244763	
	0.289430	
	0.300882	
	0.296324	
	0.311073	
	0.343361	
	0.311841	
	0.369462	
	0.365912	
	0.356026	
	0.492440	
	0.407414	
	0.324825	
	0.360444	
	0.354657	
	0.361268	
	0.362766	
	0.381431	
	0.364859	
	0.337626	
	0.294531	
	0.378272	
	0.418613	
	0.396618	
	0.428294	
	0.375000	
	0.324340	
	0.291781	
	0.285169	
	0.295093	
	0.269452	
	0.295803	
	0.270842	
	0.364414	
	0.361092	
	0.339176	
	0.390183	
	0.418595	
	0.438564	
	0.324771	
	0.357207	
	0.373199	
	0.593845	
	0.407795	
	0.493411	
	0.348122	
	0.325212	
	0.340923	
	0.330129	
	0.327223	
	0.307029	
	0.331150	
	0.275582	
	0.326003	
	0.356830	
	0.324766	
	0.347591	
	0.389440	
	0.435797	
	0.434306	
	0.766635	
	0.831299	
	0.844104	
	0.798931	
	0.698861	
	0.681716	
	0.682802	
	0.461976	
	0.368744	
	0.417962	
	0.432931	
	0.434473	
	0.389019	
	0.352396	
	0.299373	
	0.322847	
	0.347261	
	0.303432	
	0.281210	
	0.289446	
	0.279179	
	0.276202	
	0.272106	
	0.275389	
	0.271844	
	0.339141	
	0.303482	
	0.328542	
	0.324002	
	0.310443	
	0.285535	
	0.324668	
	0.351313	
	0.444358	
	0.401158	
	0.445300	
	0.458282	
	0.392604	
	0.366146	
	0.303846	
	0.276718	
	0.274535	
	0.264260	
	0.258268	
	0.339241	
	0.395990	
	0.310834	
	0.340302	
	0.289830	
	0.282123	
	0.257199	
	0.221018	
	0.205169	
	0.183529	
	0.184052	
	0.210053	
	0.159486	
	0.134417	
	0.453014	
	0.804847	
	0.849550	
	0.871118	
	0.871827	
	0.839716	
	0.811344	
	0.743290	
	0.542614	
	0.385728	
	0.401652	
	0.382251	
	0.359818	
	0.355593	
	0.331630	
	0.344232	
	0.311929	
	0.189645	
	0.190001	
	0.248963	
	0.228809	
	0.262038	
	0.248940	
	0.269094	
	0.291104	
	0.548197	
	0.715534	
	0.727204	
	0.700439	
	0.596135	
	0.344281	
	0.276313	
	0.294130	
	0.319552	
	0.323300	
	0.308655	
	0.313607	
	0.380199	
	0.408284	
	0.369767	
	0.398921	
	0.424258	
	0.374499	
	0.475258	
	0.496914	
	0.394032	
	0.373521	
	0.423920	
	0.399708	
	0.365388	
	0.432784	
	0.480032	
	0.521036	
	0.430384	
	0.437236	
	0.533198	
	0.439623	
	0.360835	
	0.495245	
	0.516235	
	0.332427	
	0.444011	
	0.502749	
	0.479073	
	0.411006	
	0.435334	
	0.440703	
	0.382881	
	0.361077	
	0.390165	
	0.490851	
	0.340119	
	0.389648	
	0.388465	
	0.376215	
	0.370049	
	0.355723	
	0.385208	
	0.343909	
	0.312543	
	0.335509	
	0.450825	
	0.412702	
	0.376199	
	0.527983	
	0.705642	
	0.700093	
	0.695095	
	0.670382	
	0.666901	
	0.544264	
	0.646931	
	0.365518	
	0.392313	
	0.433075	
	0.411112	
	0.413916	
	0.312010	
	0.311623	
	0.303814	
	0.319239	
	0.293884	
	0.289585	
	0.321108	
	0.339770	
	0.359008	
	0.319606	
	0.327935	
	0.329705	
	0.273373	
	0.337686	
	0.424982	
	0.446523	
	0.347369	
	0.360535	
	0.366890	
	0.363332	
	0.327457	
	0.275810	
	0.244469	
	0.217581	
	0.237793	
	0.245376	
	0.227104	
	0.228984	
	0.213600	
	0.184419	
	0.226781	
	0.244586	
	0.314700	
	0.357363	
	0.330238	
	0.289061	
	0.253977	
	0.268912	
	0.270911	
	0.250153	
	0.295575	
	0.309357	
	0.268698	
	0.322743	
	0.391175	
	0.403427	
	0.356893	
	0.453132	
	0.449182	
	0.400834	
	0.324388	
	0.286160	
	0.275581	
	0.262417	
	0.243134	
	0.304168	
	0.420054	
	0.380103	
	0.397313	
	0.364652	
	0.352338	
	0.343353	
	0.279739	
	0.274374	
	0.221910	
	0.212441	
	0.220772	
	0.195663	
	0.201606	
	0.238682	
	0.216576	
	0.220636	
	0.205666	
	0.226916	
	0.259762	
	0.255457	
	0.408948	
	0.436635	
	0.414382	
	0.446886	
	0.400661	
	0.384412	
	0.405834	
	0.408256	
	0.424544	
	0.388018	
	0.355322	
	0.331794	
	0.288218	
	0.386664	
	0.437910	
	0.496928	
	0.452768	
	0.521389	
	0.428144	
	0.753928	
	0.855405	
	0.838255	
	0.595623	
	0.468275	
	0.456119	
	0.478796	
	0.467802	
	0.450335	
	0.431660	
	0.404397	
	0.419167	
	0.470358	
	0.463888	
	0.427859	
	0.361308	
	0.374645	
	0.331234	
	0.223177	
	0.313246	
	0.748923	
	0.810182	
	0.814347	
	0.817075	
	0.689854	
	0.442938	
	0.433182	
	0.376052	
	0.317289	
	0.278369	
	0.264606	
	0.281123	
	0.533921	
	0.669684	
	0.355982	
	0.278692	
	0.240180	
	0.237885	
	0.213542	
	0.221824	
	0.191627	
	0.264775	
	0.373207	
	0.351578	
	0.341976	
	0.391562	
	0.420301	
	0.461690	
	0.459150	
	0.516583	
	0.529914	
	0.396985	
	0.305602	
	0.276218	
	0.396750	
	0.393461	
	0.384145	
	0.335507	
	0.378478	
	0.385203	
	0.297754	
	0.285459	
	0.300343	
	0.326155	
	0.341618	
	0.333765	
	0.410386	
	0.450194	
	0.425973	
	0.365005	
	0.326807	
	0.774284	
	0.851994	
	0.584660	
	0.331277	
	0.417710	
	0.482689	
	0.422001	
	0.461767	
	0.409970	
	0.349041	
	0.322686	
	0.292791	
	0.278948	
	0.354945	
	0.497833	
	0.423950	
	0.411021	
	0.443110	
	0.441891	
	0.430599	
	0.451468	
	0.434451	
	0.445814	
	0.499676	
	0.455210	
	0.398805	
	0.499403	
	0.548770	
	0.485220	
	0.507352	
	0.436974	
	0.434060	
	0.455965	
	0.520047	
	0.475026	
	0.540692	
	0.554799	
	0.479144	
	0.425126	
	0.371756	
	0.392205	
	0.379011	
	0.393017	
	0.449910	
	0.472853	
	0.457867	
	0.474279	
	0.520303	
	0.489328	
	0.424020	
	0.428316	
	0.444504	
	0.407572	
	0.407658	
	0.369733	
	0.273911	
	0.290125	
	0.324880	
	0.408427	
	0.446509	
	0.525392	
	0.524553	
	0.533436	
	0.443248	
	0.507601	
	0.498785	
	0.521941	
	0.495748	
	0.548408	
	0.551680	
	0.487829	
	0.492637	
	0.463709	
	0.413124	
	0.425765	
	0.292003	
	0.184767	
	0.302913	
	0.474826	
	0.430293	
	0.494970	
	0.551701	
	0.464869	
	0.377906	
	0.336791	
	0.382337	
	0.305529	
	0.257230	
	0.298465	
	0.285937	
	0.312450	
	0.282404	
	0.378683	
	0.691299	
	0.877637	
	0.879162	
	0.860767	
	0.545471	
	0.370072	
	0.397452	
	0.435954	
	0.430005	
	0.409158	
	0.424312	
	0.435707	
	0.460964	
	0.521818	
	0.425884	
	0.484760	
	0.422459	
	0.434253	
	0.433834	
	0.413295	
	0.513089	
	0.437930	
	0.459998	
	0.486865	
	0.501801	
	0.356115	
	0.443065	
	0.484619	
	0.464941	
	0.413579	
	0.475982	
	0.603114	
	0.538112	
	0.546866	
	0.438011	
	0.454971	
	0.457581	
	0.440883	
	0.478843	
	0.417918	
	0.486295	
	0.475586	
	0.385249	
	0.431877	
	0.454256	
	0.475404	
	0.445907	
	0.390799	
	0.511359	
	0.400386	
	0.456626	
	0.369581	
	0.419694	
	0.463558	
	0.433738	
	0.513356	
	0.582089	
	0.498694	
	0.452787	
	0.448000	
	0.546601	
	0.553777	
	0.418914	
	0.502723	
	0.579098	
	0.591533	
	0.556406	
	0.422767	
	0.481585	
	0.472029	
	0.392674	
	0.447027	
	0.475960	
	0.448490	
	0.467950	
	0.421793	
	0.466484	
	0.546567	
	0.504623	
	0.528017	
	0.541193	
	0.575264	
	0.430497	
	0.456532	
	0.582023	
	0.548696	
	0.474293	
	0.544727	
	0.525807	
	0.428184	
	0.462041	
	0.454810	
	0.484588	
	0.508025	
	0.420689	
	0.378607	
	0.459748	
	0.545687	
	0.539785	
	0.456079	
	0.416658	
	0.426904	
	0.423526	
	0.455398	
	0.391529	
	0.462527	
	0.481371	
	0.411461	
	0.528089	
	0.519258	
	0.401616	
	0.465039	
	0.446758	
	0.496856	
	0.526034	
	0.466504	
	0.409187	
	0.489495	
	0.531983	
	0.456576	
	0.434283	
	0.475445	
	0.420819	
	0.456246	
	0.434904	
	0.431364	
	0.473719	
	0.471326	
	0.485789	
	0.493534	
	0.449570	
	0.460798	
	0.451692	
	0.466186	
	0.459936	
	0.450909	
	0.393515	
	0.404187	
	0.421999	
	0.376218	
	0.403258	
	0.442558	
	0.382285	
	0.376395	
	0.337183	
	0.309896	
	0.275941	
	0.301379	
	0.331584	
	0.420194	
	0.470432	
	0.376381	
	0.474149	
	0.417449	
	0.404605	
	0.399730	
	0.373732	
	0.352804	
	0.330554	
	0.356349	
	0.381117	
	0.481526	
	0.516415	
	0.369830	
	0.396799	
	0.430558	
	0.673317	
	0.888844	
	0.939287	
	0.914276	
	0.641172	
	0.357924	
	0.315196	
	0.366638	
	0.355461	
	0.349057	
	0.309588	
	0.308872	
	0.267222	
	0.260374	
	0.277215	
	0.231151	
	0.228380	
	0.229154	
	0.278996	
	0.235849	
	0.246771	
	0.272337	
	0.258996	
	0.275370	
	0.234712	
	0.221990	
	0.276542	
	0.278020	
	0.319451	
	0.312525	
	0.424865	
	0.507628	
	0.449680	
	0.355342	
	0.438938	
	0.403075	
	0.504681	
	0.573674	
	0.542916	
	0.506051	
	0.445121	
	0.499351	
	0.756845	
	0.862753	
	0.918243	
	0.838643	
	0.368143	
	0.404719	
	0.367585	
	0.350141	
	0.352417	
	0.372611	
	0.388246	
	0.326457	
	0.337972	
	0.381850	
	0.353391	
	0.360472	
	0.431943	
	0.370985	
	0.353741	
	0.353917	
	0.370930	
	0.371557	
	0.332024	
	0.325165	
	0.421838	
	0.405099	
	0.403594	
	0.380512	
	0.358079	
	0.369931	
	0.372478	
	0.376555	
	0.358747	
	0.350706	
	0.389703	
	0.401736	
	0.443776	
	0.470833	
	0.567874	
	0.474584	
	0.370943	
	0.392274	
	0.612345	
	0.671548	
	0.604981	
	0.584432	
	0.557166	
	0.381752	
	0.394266	
	0.422517	
	0.342679	
	0.337026	
	0.312104	
	0.291085	
	0.315669	
	0.310024	
	0.253690	
	0.258342	
	0.252249	
	0.281150	
	0.298096	
	0.277286	
	0.312149	
	0.395481	
	0.368802	
	0.755372	
	0.871082	
	0.876771	
	0.781450	
	0.551733	
	0.471598	
	0.493568	
	0.513701	
	0.497036	
	0.522817	
	0.485636	
	0.551161	
	0.579107	
	0.576873	
	0.546454	
	0.506180	
	0.522043	
	0.492535	
	0.504438	
	0.582662	
	0.636652	
	0.659598	
	0.668138	
	0.608663	
	0.456709	
	0.422332	
	0.456606	
	0.427231	
	0.423329	
	0.475719	
	0.410765	
	0.383907	
	0.381650	
	0.404992	
	0.384359	
	0.442527	
	0.406755	
	0.394876	
	0.368008	
	0.432642	
	0.309918	
	0.287861	
	0.204266	
	0.232220	
	0.349737	
	0.366607	
	0.361043	
	0.385383	
	0.411191	
	0.348793	
	0.310661	
	0.379048	
	0.397499	
	0.382322	
	0.391652	
	0.440049	
	0.497202	
	0.564368	
	0.477449	
	0.489235	
	0.577635	
	0.818060	
	0.927835	
	0.917450	
	0.566634	
	0.469931	
	0.450779	
	0.440198	
	0.412539	
	0.341584	
	0.383041	
	0.385607	
	0.378114	
	0.357000	
	0.350611	
	0.353160	
	0.336528	
	0.322078	
	0.271790	
	0.323451	
	0.262020	
	0.285464	
	0.342565	
	0.442882	
	0.384469	
	0.327093	
	0.303189	
	0.294869	
	0.313359	
	0.368160	
	0.334452	
	0.366866	
	0.307280	
	0.335270	
	0.343201	
	0.325130	
	0.246162	
	0.183494	
	0.196745	
	0.232922	
	0.213963	
	0.288441	
	0.327693	
	0.462071	
	0.681050	
	0.630771	
	0.328027	
	0.313338	
	0.290143	
	0.294649	
	0.332441	
	0.359651	
	0.349075	
	0.392148	
	0.748461	
	0.748939	
	0.683976	
	0.657845	
	0.586267	
	0.372099	
	0.362015	
	0.359756	
	0.334848	
	0.303193	
	0.261635	
	0.323160	
	0.347209	
	0.253377	
	0.266385	
	0.393778	
	0.332732	
	0.340592	
	0.402814	
	0.498316	
	0.399680	
	0.314991	
	0.362469	
	0.423607	
	0.380348	
	0.439539	
	0.387605	
	0.340299	
	0.504711	
	0.813987	
	0.917548	
	0.946417	
	0.935493	
	0.793116	
	0.412393	
	0.381347	
	0.448848	
	0.398167	
	0.360306	
	0.393434	
	0.376896	
	0.343385	
	0.332864	
	0.286132	
	0.245590	
	0.276779	
	0.227527	
	0.266181	
	0.233915	
	0.267435	
	0.290863	
	0.265279	
	0.262918	
	0.280084	
	0.422637	
	0.368806	
	0.443486	
	0.406568	
	0.407109	
	0.424356	
	0.407646	
	0.445927	
	0.444588	
	0.403656	
	0.390665	
	0.432239	
	0.436008	
	0.398621	
	0.370293	
	0.369773	
	0.415755	
	0.351392	
	0.379367	
	0.394092	
	0.385991	
	0.415805	
	0.560362	
	0.260476	
	0.256733	
	0.248747	
	0.229756	
	0.208478	
	0.183249	
	0.185820	
	0.209287	
	0.211107	
	0.230698	
	0.203186	
	0.196172	
	0.187100	
	0.215006	
	0.234620	
	0.242282	
	0.209700	
	0.224525	
	0.308750	
	0.341495	
	0.387659	
	0.351841	
	0.211331	
	0.196404	
	0.155460	
	0.166527	
	0.163484	
	0.139805	
	0.132675	
	0.129391	
	0.176883	
	0.135827	
	0.139483	
	0.137937	
	0.140497	
	0.127965	
	0.098926	
	0.107346	
	0.221056	
	0.340298	
	0.431988	
	0.473465	
	0.438783	
	0.298090	
	0.380061	
	0.377757	
	0.327248	
	0.285694	
	0.269900	
	0.242120	
	0.244406	
	0.226066	
	0.224584	
	0.217192	
	0.206761	
	0.204354	
	0.173476	
	0.197229	
	0.170472	
	0.162521	
	0.172582	
	0.146678	
	0.170442	
	0.179573	
	0.233636	
	0.200477	
	0.212634	
	0.243585	
	0.222543	
	0.205760	
	0.219988	
	0.223489	
	0.304367	
	0.440176	
	0.340141	
	0.451671	
	0.363831	
	0.310740	
	0.297092	
	0.259522	
	0.215296	
	0.244412	
	0.224021	
	0.341691	
	0.413233	
	0.349861	
	0.409691	
	0.381280	
	0.331360	
	0.286227	
	0.290348	
	0.231411	
	0.224917	
	0.254500	
	0.246508	
	0.236321	
	0.236525	
	0.240099	
	0.233173	
	0.198660	
	0.229506	
	0.199263	
	0.160492	
	0.208042	
	0.316163	
	0.318297	
	0.363997	
	0.322306	
	0.346868	
	0.313663	
	0.322491	
	0.310538	
	0.269961	
	0.236947	
	0.248676	
	0.308472	
	0.340495	
	0.292216	
	0.261432	
	0.237066	
	0.214323	
	0.265294	
	0.219267	
	0.202664	
	0.344914	
	0.468235	
	0.376959	
	0.338652	
	0.327194	
	0.316968	
	0.267771	
	0.227470	
	0.198402	
	0.212326	
	0.245826	
	0.218333	
	0.198020	
	0.201423	
	0.195005	
	0.170203	
	0.195252	
	0.163645	
	0.148487	
	0.180711	
	0.156242	
	0.190371	
	0.166214	
	0.225959	
	0.233615	
	0.253767	
	0.319529	
	0.264152	
	0.265734	
	0.300216	
	0.360523	
	0.434438	
	0.397774	
	0.448242	
	0.531846	
	0.465037	
	0.421323	
	0.392333	
	0.368244	
	0.327209	
	0.325842	
	0.317213	
	0.357335	
	0.324873	
	0.370263	
	0.407945	
	0.405126	
	0.354838	
	0.331332	
	0.294474	
	0.220296	
	0.240126	
	0.212053	
	0.226571	
	0.268848	
	0.273546	
	0.255372	
	0.327009	
	0.337237	
	0.364197	
	0.517379	
	0.785555	
	0.698282	
	0.578467	
	0.541990	
	0.503304	
	0.486700	
	0.390989	
	0.395005	
	0.401232	
	0.392126	
	0.347636	
	0.262607	
	0.225609	
	0.255986	
	0.331693	
	0.335493	
	0.345235	
	0.393645	
	0.421631	
	0.406483	
	0.332516	
	0.375235	
	0.393114	
	0.403275	
	0.440644	
	0.309423	
	0.410279	
	0.347253	
	0.291400	
	0.284312	
	0.263345	
	0.303854	
	0.253478	
	0.304300	
	0.264609	
	0.241940	
	0.250341	
	0.281220	
	0.261111	
	0.229838	
	0.253647	
	0.252554	
	0.240188	
	0.238963	
	0.246970	
	0.260001	
	0.315997	
	0.332547	
	0.314006	
	0.319320	
	0.301452	
	0.283130	
	0.277867	
	0.304732	
	0.357752	
	0.335680	
	0.365963	
	0.346112	
	0.325224	
	0.293092	
	0.250873	
	0.249599	
	0.245444	
	0.210074	
	0.262915	
	0.342544	
	0.381416	
	0.394148	
	0.353449	
	0.327798	
	0.349275	
	0.341335	
	0.303027	
	0.326126	
	0.353444	
	0.338591	
	0.315135	
	0.330766	
	0.277735	
	0.266801	
	0.292294	
	0.291486	
	0.276029	
	0.429127	
	0.879404	
	0.805584	
	0.706776	
	0.617050	
	0.485792	
	0.407142	
	0.374397	
	0.404059	
	0.353036	
	0.343097	
	0.330000	
	0.347818	
	0.322744	
	0.320643	
	0.276061	
	0.337841	
	0.361585	
	0.342308	
	0.402708	
	0.521132	
	0.474805	
	0.464273	
	0.373156	
	0.408550	
	0.372247	
	0.422244	
	0.413755	
	0.370325	
	0.356317	
	0.330124	
	0.272962	
	0.236864	
	0.221731	
	0.274065	
	0.305508	
	0.278094	
	0.290539	
	0.259498	
	0.242822	
	0.251469	
	0.236931	
	0.224681	
	0.215645	
	0.198149	
	0.194719	
	0.312570	
	0.307059	
	0.307292	
	0.309500	
	0.464155	
	0.457761	
	0.479561	
	0.566837	
	0.598971	
	0.582753	
	0.553536	
	0.522463	
	0.469516	
	0.420216	
	0.830838	
	0.953549	
	0.963622	
	0.961081	
	0.870203	
	0.536442	
	0.398223	
	0.420394	
	0.410974	
	0.365559	
	0.373288	
	0.397133	
	0.405159	
	0.416903	
	0.393363	
	0.429105	
	0.407798	
	0.436374	
	0.504355	
	0.490542	
	0.402161	
	0.299649	
	0.313184	
	0.371959	
	0.231705	
	0.292640	
	0.279512	
	0.269549	
	0.308972	
	0.290246	
	0.293327	
	0.262767	
	0.229759	
	0.228274	
	0.234265	
	0.267949	
	0.282318	
	0.245278	
	0.302442	
	0.305458	
	0.333409	
	0.290693	
	0.191031	
	0.166592	
	0.166359	
	0.228652	
	0.288144	
	0.313053	
	0.262226	
	0.317760	
	0.290162	
	0.315283	
	0.296769	
	0.303323	
	0.349508	
	0.332949	
	0.379568	
	0.361631	
	0.450874	
	0.317931	
	0.331484	
	0.298498	
	0.308801	
	0.386873	
	0.323783	
	0.370023	
	0.328603	
	0.328867	
	0.343757	
	0.366104	
	0.353065	
	0.349868	
	0.359151	
	0.427745	
	0.422638	
	0.397430	
	0.326123	
	0.320998	
	0.345268	
	0.372691	
	0.382920	
	0.377430	
	0.373691	
	0.440837	
	0.433868	
	0.380720	
	0.373594	
	0.404298	
	0.412325	
	0.367706	
	0.424407	
	0.337075	
	0.337722	
	0.311947	
	0.266186	
	0.248007	
	0.264856	
	0.263249	
	0.256765	
	0.266670	
	0.304717	
	0.242209	
	0.238985	
	0.251068	
	0.260041	
	0.325451	
	0.307915	
	0.286338	
	0.343261	
	0.428307	
	0.419099	
	0.458895	
	0.460819	
	0.404040	
	0.411748	
	0.464124	
	0.476017	
	0.475511	
	0.414040	
	0.450795	
	0.399852	
	0.374612	
	0.360652	
	0.348136	
	0.363126	
	0.356762	
	0.389655	
	0.510634	
	0.656372	
	0.549184	
	0.363569	
	0.349263	
	0.360662	
	0.441238	
	0.414556	
	0.461012	
	0.419253	
	0.410932	
	0.401821	
	0.404716	
	0.426696	
	0.445179	
	0.466028	
	0.410049	
	0.462595	
	0.484713	
	0.497219	
	0.418274	
	0.387340	
	0.345307	
	0.420323	
	0.477925	
	0.523203	
	0.556177	
	0.585451	
	0.589828	
	0.523032	
	0.521095	
	0.458938	
	0.365005	
	0.312658	
	0.473117	
	0.557934	
	0.525089	
	0.586129	
	0.509431	
	0.409303	
	0.269590	
	0.319007	
	0.552928	
	0.649610	
	0.605973	
	0.404831	
	0.399664	
	0.408321	
	0.437106	
	0.506668	
	0.398743	
	0.426798	
	0.669003	
	0.708074	
	0.731403	
	0.739300	
	0.607703	
	0.347067	
	0.369959	
	0.366191	
	0.365728	
	0.371960	
	0.332152	
	0.345607	
	0.565944	
	0.715064	
	0.693839	
	0.529851	
	0.412733	
	0.366514	
	0.340430	
	0.404166	
	0.400632	
	0.357136	
	0.381186	
	0.376139	
	0.318725	
	0.302591	
	0.348157	
	0.296388	
	0.319398	
	0.325811	
	0.236278	
	0.226245	
	0.198313	
	0.264315	
	0.339117	
	0.245152	
	0.354740	
	0.369495	
	0.362151	
	0.388109	
	0.325005	
	0.310912	
	0.326224	
	0.292254	
	0.268216	
	0.246673	
	0.337911	
	0.346043	
	0.341960	
	0.358373	
	0.310886	
	0.275388	
	0.383565	
	0.371174	
	0.315087	
	0.336521	
	0.391878	
	0.389566	
	0.372125	
	0.366723	
	0.453087	
	0.406429	
	0.370275	
	0.425854	
	0.312200	
	0.332308	
	0.395442	
	0.436745	
	0.395326	
	0.377505	
	0.416040	
	0.393604	
	0.358065	
	0.372970	
	0.407003	
	0.442279	
	0.326518	
	0.487336	
	0.448366	
	0.430716	
	0.415916	
	0.369059	
	0.317170	
	0.324856	
	0.318381	
	0.364514	
	0.413059	
	0.400624	
	0.345863	
	0.340177	
	0.391469	
	0.341832	
	0.378530	
	0.352523	
	0.362393	
	0.341440	
	0.443632	
	0.297551	
	0.303268	
	0.403086	
	0.341214	
	0.314019	
	0.430199	
	0.381339	
	0.425177	
	0.368732	
	0.378520	
	0.365956	
	0.395873	
	0.390938	
	0.310565	
	0.317668	
	0.316683	
	0.320895	
	0.356208	
	0.357386	
	0.456526	
	0.475539	
	0.380210	
	0.437563	
	0.404388	
	0.385055	
	0.389973	
	0.388190	
	0.416069	
	0.392158	
	0.396618	
	0.456209	
	0.534001	
	0.548711	
	0.469789	
	0.420934	
	0.485571	
	0.494580	
	0.453145	
	0.511606	
	0.473379	
	0.409104	
	0.373879	
	0.381229	
	0.464613	
	0.382915	
	0.410518	
	0.428705	
	0.380697	
	0.373050	
	0.391421	
	0.355230	
	0.304665	
	0.331679	
	0.408592	
	0.449678	
	0.390940	
	0.455504	
	0.400976	
	0.378446	
	0.330834	
	0.283812	
	0.315986	
	0.332935	
	0.322367	
	0.450054	
	0.490039	
	0.457776	
	0.443367	
	0.437305	
	0.459434	
	0.385699	
	0.314159	
	0.303479	
	0.337682	
	0.371052	
	0.433525	
	0.408882	
	0.392575	
	0.425986	
	0.346779	
	0.326053	
	0.304145	
	0.313252	
	0.339001	
	0.349017	
	0.437802	
	0.487255	
	0.516056	
	0.448124	
	0.390971	
	0.383369	
	0.393764	
	0.404373	
	0.467923	
	0.494591	
	0.470170	
	0.496689	
	0.543874	
	0.544833	
	0.603902	
	0.613950	
	0.671525	
	0.701377	
	0.628784	
	0.645274	
	0.622413	
	0.527250	
	0.449284	
	0.479236	
	0.513640	
	0.527925	
	0.555960	
	0.488184	
	0.505903	
	0.501752	
	0.526460	
	0.579808	
	0.540665	
	0.546590	
	0.651815	
	0.563489	
	0.483376	
	0.503930	
	0.561081	
	0.539473	
	0.549447	
	0.569954	
	0.515896	
	0.580801	
	0.623475	
	0.551373	
	0.523790	
	0.543384	
	0.593738	
	0.529986	
	0.600492	
	0.610531	
	0.629968	
	0.547180	
	0.513850	
	0.497311	
	0.501001	
	0.475227	
	0.512684	
	0.566904	
	0.481101	
	0.491725	
	0.515625	
	0.484213	
	0.573122	
	0.509609	
	0.536198	
	0.537657	
	0.492354	
	0.492460	
	0.511449	
	0.533306	
	0.577374	
	0.513126	
	0.503587	
	0.532973	
	0.487971	
	0.464696	
	0.508943	
	0.529880	
	0.515692	
	0.489476	
	0.573406	
	0.579282	
	0.472862	
	0.527279	
	0.483124	
	0.448389	
	0.437534	
	0.441904	
	0.472527	
	0.394260	
	0.532783	
	0.581047	
	0.463437	
	0.490524	
	0.465787	
	0.436423	
	0.465305	
	0.446466	
	0.398775	
	0.419533	
	0.433847	
	0.566066	
	0.565912	
	0.454416	
	0.514777	
	0.481020	
	0.455633	
	0.438796	
	0.432822	
	0.448237	
	0.394996	
	0.404704	
	0.365553	
	0.360334	
	0.447156	
	0.522564	
	0.569665	
	0.516055	
	0.486906	
	0.482854	
	0.542361	
	0.571667	
	0.541354	
	0.595193	
	0.545906	
	0.574365	
	0.595893	
	0.599177	
	0.541478	
	0.522060	
	0.501198	
	0.513813	
	0.615769	
	0.513430	
	0.564735	
	0.640236	
	0.639024	
	0.584076	
	0.557446	
	0.495401	
	0.495234	
	0.469374	
	0.509716	
	0.545208	
	0.489798	
	0.501775	
	0.636907	
	0.503863	
	0.546901	
	0.612853	
	0.567502	
	0.590123	
	0.513169	
	0.474532	
	0.426181	
	0.478471	
	0.369783	
	0.387271	
	0.460237	
	0.453711	
	0.455244	
	0.436775	
	0.431231	
	0.448361	
	0.441198	
	0.423584	
	0.476883	
	0.454266	
	0.433294	
	0.412856	
	0.402557	
	0.426474	
	0.440626	
	0.460266	
	0.480659	
	0.482556	
	0.505515	
	0.513959	
	0.491657	
	0.470220	
	0.511412	
	0.515688	
	0.510728	
	0.515303	
	0.532364	
	0.498424	
	0.494361	
	0.464757	
	0.479615	
	0.502619	
	0.536310	
	0.496486	
	0.503146	
	0.459483	
	0.451190	
	0.478056	
	0.502486	
	0.467074	
	0.449864	
	0.458454	
	0.492775	
	0.519345	
	0.451843	
	0.463420	
	0.482421	
	0.497173	
	0.470434	
	0.454376	
	0.446086	
	0.433718	
	0.459542	
	0.500808	
	0.501291	
	0.457468	
	0.485981	
	0.471950	
	0.420458	
	0.421970	
	0.399456	
	0.496411	
	0.476094	
	0.523589	
	0.550106	
	0.559553	
	0.533383	
	0.578592	
	0.566356	
	0.536420	
	0.559730	
	0.556674	
	0.511361	
	0.493508	
	0.509980	
	0.532965	
	0.551304	
	0.572245	
	0.559756	
	0.536146	
	0.560693	
	0.549658	
	0.537795	
	0.513341	
	0.519404	
	0.553994	
	0.537537	
	0.497107	
	0.445040	
	0.430752	
	0.463326	
	0.489448	
	0.493820	
	0.490344	
	0.474242	
	0.468197	
	0.491706	
	0.468648	
	0.468198	
	0.475150	
	0.455524	
	0.496983	
	0.494192	
	0.499725	
	0.502087	
	0.487756	
	0.454349	
	0.444670	
	0.419425	
	0.487957	
	0.483297	
	0.467372	
	0.449559	
	0.419538	
	0.407275	
	0.387311	
	0.394144	
	0.428031	
	0.410817	
	0.464877	
	0.460531	
	0.452537	
	0.471020	
	0.426832	
	0.410654	
	0.416395	
	0.418393	
	0.423820	
	0.426892	
	0.427702	
	0.433373	
	0.408491	
	0.457178	
	0.452806	
	0.443397	
	0.466519	
	0.449292	
	0.430807	
	0.420402	
	0.437204	
	0.471879	
	0.481943	
	0.497724	
	0.491559	
	0.472820	
	0.462810	
	0.455152	
	0.481651	
	0.484784	
	0.492704	
	0.487722	
	0.485672	
	0.449786	
	0.463042	
	0.434089	
	0.443471	
	0.490438	
	0.484410	
	0.447722	
	0.496498	
	0.476851	
	0.429338	
	0.452389	
	0.496301	
	0.500938	
	0.511545	
	0.533999	
	0.529962	
	0.515535	
	0.533652	
	0.561488	
	0.538851	
	0.557694	
	0.558688	
	0.549506	
	0.595915	
	0.561266	
	0.559904	
	0.570343	
	0.563094	
	0.568393	
	0.570038	
	0.503264	
	0.504879	
	0.483151	
	0.496308	
	0.526367	
	0.546669	
	0.543530	
	0.539008	
	0.510488	
	0.527607	
	0.506250	
	0.526460	
	0.507861	
	0.517058	
	0.522928	
	0.470239	
	0.463489	
	0.453258	
	0.437755	
	0.431999	
	0.487587	
	0.469528	
	0.431828	
	0.432854	
	0.438990	
	0.419153	
	0.403191	
	0.443897	
	0.402345	
	0.438403	
	0.437680	
	0.415519	
	0.428558	
	0.397614	
	0.370160	
	0.348158	
	0.401189	
	0.432631	
	0.399315	
	0.393586	
	0.398449	
	0.429479	
	0.486376	
	0.478011	
	0.426149	
	0.421055	
	0.415579	
	0.395110	
	0.381908	
	0.363306	
	0.368163	
	0.379526	
	0.393880	
	0.425290	
	0.425212	
	0.483154	
	0.473132	
	0.494886	
	0.509497	
	0.473583	
	0.451126	
	0.517263	
	0.505354	
	0.461837	
	0.501107	
	0.520506	
	0.523388	
	0.522182	
	0.568306	
	NaN	
	NaN	
	NaN	
	NaN	
	NaN	
	NaN	
	NaN	
	NaN	
	NaN	
	NaN	
	NaN	
	NaN	
	NaN	
	NaN	
	NaN	
	NaN	
	NaN	
	NaN	
	NaN	
	NaN	
	NaN	
	NaN	
	NaN	
	NaN	
	NaN	
	NaN	
	NaN	
	NaN	
	NaN	
	NaN	
	NaN	
	NaN	
	NaN	
	NaN	
	NaN	
	NaN	
	NaN	
	NaN	
	NaN	
	NaN	
	NaN	
	NaN	
	NaN	
	NaN	
	NaN	
	NaN	
	NaN	
	NaN	
	NaN	
	NaN	
	NaN	
	NaN	
	NaN	
	NaN	
	NaN	
	NaN	
	NaN	
