_Key	_Keyclarity	_Keystrength		
	9.000000	0.453427	8.000000	
	9.000000	0.624139	8.000000	
	2.000000	0.747230	1.000000	
	6.000000	0.644560	5.000000	
	2.000000	0.809037	1.000000	
	2.000000	0.795100	1.000000	
	10.000000	0.703587	9.000000	
	10.000000	0.469804	9.000000	
	6.000000	0.414545	5.000000	
	11.000000	0.592120	10.000000	
	11.000000	0.812806	10.000000	
	11.000000	0.756357	10.000000	
	11.000000	0.952026	10.000000	
	2.000000	0.627473	1.000000	
	2.000000	0.590861	1.000000	
	11.000000	0.625896	10.000000	
	7.000000	0.646799	6.000000	
	4.000000	0.732709	3.000000	
	4.000000	0.925456	3.000000	
	4.000000	0.866125	3.000000	
	9.000000	0.730396	8.000000	
	2.000000	0.738182	1.000000	
	9.000000	0.640102	8.000000	
	2.000000	0.680243	1.000000	
	2.000000	0.621397	1.000000	
	2.000000	0.805426	1.000000	
	6.000000	0.618740	5.000000	
	12.000000	0.527810	11.000000	
	5.000000	0.581404	4.000000	
	9.000000	0.643906	8.000000	
	9.000000	0.600458	8.000000	
	11.000000	0.567559	10.000000	
	11.000000	0.506514	10.000000	
	9.000000	0.483924	8.000000	
	11.000000	0.575407	10.000000	
	7.000000	0.650747	6.000000	
	11.000000	0.779456	10.000000	
	4.000000	0.721512	3.000000	
	7.000000	0.582945	6.000000	
	7.000000	0.724472	6.000000	
	7.000000	0.635171	6.000000	
	7.000000	0.832127	6.000000	
	7.000000	0.814657	6.000000	
	7.000000	0.635661	6.000000	
	9.000000	0.800812	8.000000	
	9.000000	0.675945	8.000000	
	9.000000	0.572173	8.000000	
	9.000000	0.718157	8.000000	
	9.000000	0.822688	8.000000	
	6.000000	0.851357	5.000000	
	6.000000	0.533217	5.000000	
	2.000000	0.865281	1.000000	
	2.000000	0.753915	1.000000	
	2.000000	0.690364	1.000000	
	2.000000	0.695503	1.000000	
	2.000000	0.797099	1.000000	
	2.000000	0.795001	1.000000	
	2.000000	0.677935	1.000000	
	2.000000	0.666639	1.000000	
	2.000000	0.572228	1.000000	
	9.000000	0.600338	8.000000	
	10.000000	0.439711	9.000000	
	4.000000	0.365919	3.000000	
	7.000000	0.543845	6.000000	
	11.000000	0.785803	10.000000	
	11.000000	0.826090	10.000000	
	11.000000	0.839452	10.000000	
	4.000000	0.632828	3.000000	
	2.000000	0.818793	1.000000	
	2.000000	0.666985	1.000000	
	11.000000	0.883808	10.000000	
	4.000000	0.774453	3.000000	
	4.000000	0.894417	3.000000	
	7.000000	0.558028	6.000000	
	9.000000	0.763529	8.000000	
	6.000000	0.616314	5.000000	
	9.000000	0.793980	8.000000	
	9.000000	0.848810	8.000000	
	2.000000	0.658408	1.000000	
	2.000000	0.589150	1.000000	
	6.000000	0.652148	5.000000	
	9.000000	0.596125	8.000000	
	9.000000	0.667794	8.000000	
	9.000000	0.681642	8.000000	
	9.000000	0.615771	8.000000	
	9.000000	0.449498	8.000000	
	9.000000	0.505692	8.000000	
	9.000000	0.576378	8.000000	
	9.000000	0.594696	8.000000	
	9.000000	0.579747	8.000000	
	4.000000	0.822222	3.000000	
	4.000000	0.836180	3.000000	
	7.000000	0.572382	6.000000	
	7.000000	0.584098	6.000000	
	7.000000	0.572069	6.000000	
	4.000000	0.669375	3.000000	
	4.000000	0.743859	3.000000	
	9.000000	0.643054	8.000000	
	9.000000	0.787377	8.000000	
	7.000000	0.550702	6.000000	
	9.000000	0.605551	8.000000	
	9.000000	0.675491	8.000000	
	7.000000	0.504720	6.000000	
	7.000000	0.521795	6.000000	
	2.000000	0.782961	1.000000	
	2.000000	0.829087	1.000000	
	6.000000	0.645200	5.000000	
	11.000000	0.596788	10.000000	
	2.000000	0.654834	1.000000	
	2.000000	0.777148	1.000000	
	7.000000	0.645169	6.000000	
	7.000000	0.714138	6.000000	
	7.000000	0.630685	6.000000	
	9.000000	0.581198	8.000000	
	9.000000	0.745655	8.000000	
	9.000000	0.759861	8.000000	
	2.000000	0.814790	1.000000	
	2.000000	0.823478	1.000000	
	2.000000	0.771833	1.000000	
	2.000000	0.805656	1.000000	
	9.000000	0.592364	8.000000	
	9.000000	0.589421	8.000000	
	7.000000	0.578245	6.000000	
	7.000000	0.677014	6.000000	
	7.000000	0.636146	6.000000	
	7.000000	0.655396	6.000000	
	9.000000	0.813844	8.000000	
	9.000000	0.759703	8.000000	
	9.000000	0.704560	8.000000	
	2.000000	0.815700	1.000000	
	2.000000	0.861049	1.000000	
	2.000000	0.716220	1.000000	
	2.000000	0.836445	1.000000	
	9.000000	0.583339	8.000000	
	9.000000	0.586725	8.000000	
	7.000000	0.636864	6.000000	
	7.000000	0.820417	6.000000	
	7.000000	0.635275	6.000000	
	7.000000	0.562841	6.000000	
	9.000000	0.759019	8.000000	
	9.000000	0.784475	8.000000	
	6.000000	0.717894	5.000000	
	6.000000	0.663269	5.000000	
	6.000000	0.836036	5.000000	
	11.000000	0.886180	10.000000	
	11.000000	0.810004	10.000000	
	11.000000	0.858748	10.000000	
	4.000000	0.685727	3.000000	
	4.000000	0.806472	3.000000	
	7.000000	0.585336	6.000000	
	4.000000	0.928774	3.000000	
	4.000000	0.845563	3.000000	
	7.000000	0.625714	6.000000	
	7.000000	0.632924	6.000000	
	6.000000	0.587599	5.000000	
	7.000000	0.520181	6.000000	
	9.000000	0.578538	8.000000	
	5.000000	0.522129	4.000000	
	10.000000	0.544228	9.000000	
	12.000000	0.304299	11.000000	
	9.000000	0.604032	8.000000	
	2.000000	0.808840	1.000000	
	2.000000	0.736526	1.000000	
	2.000000	0.834875	1.000000	
	2.000000	0.429726	1.000000	
	10.000000	0.368029	9.000000	
	10.000000	0.415426	9.000000	
	6.000000	0.498713	5.000000	
	11.000000	0.791537	10.000000	
	11.000000	0.798790	10.000000	
	11.000000	0.887506	10.000000	
	2.000000	0.632409	1.000000	
	2.000000	0.610296	1.000000	
	11.000000	0.636559	10.000000	
	7.000000	0.682259	6.000000	
	4.000000	0.811295	3.000000	
	4.000000	0.936037	3.000000	
	4.000000	0.816479	3.000000	
	9.000000	0.844720	8.000000	
	2.000000	0.705882	1.000000	
	9.000000	0.660611	8.000000	
	2.000000	0.794434	1.000000	
	2.000000	0.760010	1.000000	
	2.000000	0.674608	1.000000	
	12.000000	0.477039	11.000000	
	9.000000	0.616415	8.000000	
	9.000000	0.678446	8.000000	
	9.000000	0.698295	8.000000	
	11.000000	0.565275	10.000000	
	11.000000	0.466305	10.000000	
	11.000000	0.327556	10.000000	
	11.000000	0.479524	10.000000	
	7.000000	0.641343	6.000000	
	11.000000	0.744672	10.000000	
	4.000000	0.835988	3.000000	
	4.000000	0.752110	3.000000	
	7.000000	0.582781	6.000000	
	7.000000	0.572699	6.000000	
	7.000000	0.628496	6.000000	
	7.000000	0.644011	6.000000	
	7.000000	0.757462	6.000000	
	9.000000	0.678663	8.000000	
	9.000000	0.761984	8.000000	
	9.000000	0.686194	8.000000	
	9.000000	0.696632	8.000000	
	9.000000	0.784775	8.000000	
	9.000000	0.765814	8.000000	
	6.000000	0.604444	5.000000	
	2.000000	0.767078	1.000000	
	2.000000	0.875465	1.000000	
	2.000000	0.824726	1.000000	
	2.000000	0.705963	1.000000	
	2.000000	0.838794	1.000000	
	2.000000	0.783678	1.000000	
	2.000000	0.625547	1.000000	
	9.000000	0.741582	8.000000	
	9.000000	0.785828	8.000000	
	9.000000	0.726167	8.000000	
	9.000000	0.772075	8.000000	
	9.000000	0.781631	8.000000	
	9.000000	0.813132	8.000000	
	6.000000	0.620781	5.000000	
	2.000000	0.844664	1.000000	
	2.000000	0.845032	1.000000	
	2.000000	0.721934	1.000000	
	2.000000	0.766538	1.000000	
	2.000000	0.869155	1.000000	
	2.000000	0.778144	1.000000	
	2.000000	0.761717	1.000000	
	9.000000	0.787652	8.000000	
	9.000000	0.753980	8.000000	
	9.000000	0.714095	8.000000	
	9.000000	0.663275	8.000000	
	9.000000	0.800733	8.000000	
	9.000000	0.753748	8.000000	
	9.000000	0.831425	8.000000	
	9.000000	0.765082	8.000000	
	2.000000	0.737848	1.000000	
	2.000000	0.670653	1.000000	
	2.000000	0.850851	1.000000	
	2.000000	0.725891	1.000000	
	2.000000	0.793247	1.000000	
	2.000000	0.731314	1.000000	
	2.000000	0.752939	1.000000	
	2.000000	0.798926	1.000000	
	2.000000	0.839790	1.000000	
	2.000000	0.851373	1.000000	
	2.000000	0.821547	1.000000	
	2.000000	0.869292	1.000000	
	2.000000	0.866810	1.000000	
	2.000000	0.851001	1.000000	
	2.000000	0.860911	1.000000	
	2.000000	0.842741	1.000000	
	2.000000	0.842225	1.000000	
	2.000000	0.786820	1.000000	
	2.000000	0.853325	1.000000	
	2.000000	0.830320	1.000000	
	2.000000	0.762379	1.000000	
	1.000000	0.000000	0.000000	
	1.000000	0.000000	0.000000	
	1.000000	0.000000	0.000000	
	1.000000	0.000000	0.000000	
