_Mode		
	0.110635	
	-0.304596	
	-0.197882	
	0.207146	
	0.122821	
	0.199839	
	0.191965	
	-0.205036	
	-0.033383	
	0.033458	
	0.110542	
	0.010649	
	0.091005	
	0.082962	
	0.134759	
	0.139805	
	-0.001991	
	0.111345	
	-0.098160	
	-0.186759	
	0.070360	
	-0.188766	
	0.021669	
	-0.182620	
	-0.215713	
	0.123316	
	0.128395	
	0.029913	
	0.199836	
	-0.065471	
	0.122029	
	0.129915	
	0.153354	
	0.182462	
	0.034445	
	0.033465	
	0.131331	
	-0.135929	
	-0.159444	
	-0.096040	
	0.170078	
	0.097267	
	0.050934	
	0.215573	
	0.109380	
	0.055658	
	0.147336	
	0.236173	
	0.279308	
	0.214539	
	-0.057973	
	-0.062458	
	-0.057705	
	0.056221	
	-0.006472	
	-0.053165	
	-0.153697	
	-0.174606	
	-0.123208	
	-0.142807	
	-0.044177	
	-0.135229	
	-0.080269	
	-0.043959	
	-0.011861	
	-0.102840	
	-0.028673	
	0.004874	
	-0.055603	
	-0.152960	
	-0.259035	
	-0.267125	
	-0.023865	
	-0.150160	
	-0.143033	
	-0.194773	
	-0.160718	
	0.084984	
	-0.158477	
	-0.080905	
	-0.033819	
	-0.148545	
	-0.030251	
	0.017879	
	0.111006	
	0.033764	
	0.077463	
	-0.137343	
	-0.116293	
	0.112997	
	-0.044521	
	0.189170	
	-0.011497	
	-0.108835	
	-0.304243	
	-0.132161	
	-0.077168	
	-0.103715	
	0.061664	
	-0.054203	
	0.267211	
	0.074772	
	0.087125	
	-0.186742	
	-0.336474	
	-0.015685	
	-0.152779	
	-0.016682	
	-0.262822	
	-0.142175	
	0.013933	
	-0.198288	
	-0.142515	
	-0.214021	
	-0.094934	
	0.151859	
	-0.057847	
	-0.086151	
	-0.037337	
	-0.382084	
	-0.206768	
	0.013922	
	0.124044	
	-0.039059	
	0.082995	
	0.083611	
	0.165746	
	0.078983	
	0.108079	
	0.141177	
	0.068869	
	0.172839	
	0.055261	
	0.115019	
	-0.016982	
	-0.027283	
	-0.179336	
	0.012883	
	-0.217254	
	0.027212	
	0.113347	
	-0.034300	
	-0.128012	
	-0.056289	
	-0.103905	
	-0.104289	
	0.035606	
	-0.049564	
	-0.184882	
	-0.127363	
	-0.259848	
	-0.016201	
	-0.055789	
	-0.126628	
	-0.161694	
	-0.302650	
	-0.195165	
	-0.079005	
	-0.064790	
	-0.182747	
	-0.182191	
	0.167541	
	-0.103175	
	-0.175458	
	-0.053344	
	-0.045592	
	0.145976	
	0.108634	
	-0.093882	
	0.078633	
	-0.010774	
	-0.051545	
	-0.287556	
	-0.216033	
	-0.104695	
	-0.193564	
	-0.039018	
	-0.032331	
	0.178596	
	-0.103897	
	-0.087864	
	-0.206011	
	-0.173573	
	0.070319	
	-0.084740	
	-0.039544	
	-0.205701	
	-0.103197	
	0.075905	
	0.089095	
	-0.156748	
	0.186470	
	-0.034447	
	0.136323	
	-0.150001	
	-0.088836	
	0.057859	
	-0.108905	
	-0.056852	
	0.048404	
	0.062576	
	0.203233	
	0.216083	
	0.048611	
	-0.135677	
	-0.265732	
	-0.304152	
	-0.165190	
	-0.110254	
	-0.146892	
	-0.098755	
	0.055385	
	0.070303	
	-0.137017	
	-0.167875	
	0.046716	
	0.085910	
	0.151524	
	0.164479	
	-0.307769	
	0.219942	
	-0.170298	
	0.053956	
	0.258802	
	0.215521	
	0.234828	
	0.106002	
	-0.074827	
	-0.006530	
	0.108232	
	0.035517	
	-0.029295	
	-0.034147	
	0.111211	
	0.168356	
	0.073044	
	0.178513	
	0.129280	
	0.073126	
	0.071270	
	0.130716	
	0.285619	
	0.226144	
	0.212306	
	0.111353	
	0.203638	
	0.213091	
	0.100063	
	0.241047	
	-0.004280	
	-0.084513	
	-0.103393	
	0.051809	
	-0.039222	
	-0.169089	
	-0.074992	
	-0.210401	
	-0.147592	
	-0.049123	
	-0.108838	
	-0.155483	
	-0.069489	
	0.024416	
	-0.172651	
	0.006058	
	0.005592	
	-0.024806	
	-0.121285	
	-0.245709	
	-0.147890	
	-0.109926	
	-0.160517	
	-0.034907	
	0.053757	
	-0.045595	
	-0.255634	
	-0.117677	
	0.061185	
	-0.097313	
	-0.112404	
	-0.063514	
	-0.047580	
	0.043733	
	0.005766	
	-0.098967	
	-0.072396	
	-0.139851	
	0.123985	
	-0.082415	
	-0.009695	
	-0.214538	
	-0.122240	
	-0.008535	
	-0.168316	
	0.210304	
	0.178868	
	0.158683	
	0.088316	
	-0.079048	
	-0.255866	
	-0.219862	
	-0.142979	
	-0.095322	
	-0.279719	
	-0.221852	
	-0.143966	
	-0.101048	
	-0.180780	
	-0.132735	
	-0.044602	
	0.131795	
	0.076877	
	-0.039554	
	-0.087319	
	-0.238526	
	-0.109728	
	-0.007509	
	0.037262	
	-0.011558	
	0.097804	
	0.098727	
	0.020788	
	0.085622	
	0.099806	
	0.035650	
	0.002671	
	-0.130901	
	-0.084442	
	0.048596	
	-0.008393	
	-0.080205	
	-0.089334	
	-0.152926	
	-0.101721	
	-0.050390	
	-0.076369	
	-0.143905	
	-0.104631	
	-0.026394	
	-0.146999	
	0.031451	
	0.016335	
	-0.138711	
	-0.098536	
	-0.212751	
	0.042210	
	-0.125876	
	0.009814	
	-0.145119	
	-0.196885	
	-0.023227	
	-0.212276	
	-0.042579	
	0.255033	
	-0.031160	
	-0.001833	
	0.113365	
	0.005129	
	-0.005245	
	-0.045086	
	-0.116573	
	-0.040778	
	0.207185	
	0.086766	
	0.008691	
	-0.070328	
	-0.111453	
	-0.038623	
	-0.009919	
	-0.184342	
	0.108175	
	-0.004244	
	0.193357	
	0.021880	
	-0.120794	
	-0.250489	
	-0.228080	
	-0.031261	
	-0.178006	
	-0.266834	
	-0.248345	
	-0.063939	
	-0.093352	
	-0.198776	
	-0.076223	
	-0.092941	
	0.014215	
	-0.127260	
	-0.153042	
	-0.047812	
	-0.333600	
	-0.091879	
	0.013220	
	0.046957	
	-0.048833	
	0.096004	
	0.174501	
	0.176760	
	0.089171	
	0.124215	
	0.041873	
	0.031464	
	-0.036935	
	0.012297	
	-0.071648	
	-0.003586	
	-0.168240	
	-0.075294	
	-0.126262	
	0.008804	
	0.070267	
	0.171887	
	-0.093667	
	-0.141210	
	-0.013804	
	-0.047111	
	-0.054918	
	-0.013812	
	-0.139953	
	-0.211069	
	-0.314849	
	-0.111929	
	-0.170673	
	-0.138926	
	-0.212737	
	-0.096940	
	-0.233107	
	-0.153095	
	-0.273815	
	-0.198594	
	0.030946	
	-0.018244	
	-0.168741	
	-0.303114	
	-0.059691	
	0.161285	
	-0.047925	
	-0.025139	
	0.051887	
	0.178453	
	-0.167991	
	-0.091270	
	-0.249116	
	-0.039608	
	-0.236075	
	0.125440	
	0.073325	
	-0.135979	
	0.128488	
	-0.299194	
	-0.183848	
	-0.180127	
	-0.132446	
	-0.189501	
	-0.204302	
	-0.298627	
	0.148386	
	-0.107679	
	-0.203012	
	-0.154747	
	0.230326	
	0.152888	
	-0.171940	
	-0.118960	
	0.008182	
	-0.276067	
	-0.022875	
	0.014376	
	0.047187	
	0.093254	
	0.253360	
	0.166830	
	-0.044906	
	-0.019158	
	0.112059	
	0.237881	
	0.068526	
	-0.154077	
	-0.301676	
	-0.360390	
	-0.272076	
	-0.223063	
	0.007023	
	0.045234	
	-0.148777	
	-0.004575	
	0.187800	
	0.161674	
	-0.053136	
	0.216227	
	0.129038	
	0.062039	
	0.023930	
	-0.077922	
	0.045155	
	0.025018	
	-0.007702	
	0.111207	
	0.161804	
	0.110496	
	0.009035	
	0.043313	
	0.163098	
	0.169352	
	0.273803	
	0.245172	
	0.174367	
	0.305276	
	0.227203	
	0.239195	
	0.217609	
	0.087599	
	0.127323	
	-0.206807	
	-0.118136	
	0.032468	
	-0.129607	
	-0.095605	
	-0.028533	
	-0.004212	
	-0.105601	
	-0.031623	
