_Mode		
	-0.165268	
	-0.132747	
	-0.099203	
	-0.110328	
	-0.225712	
	0.097189	
	-0.078112	
	-0.071869	
	0.023223	
	0.148589	
	-0.069264	
	-0.107547	
	-0.053060	
	-0.018945	
	0.042714	
	-0.040078	
	-0.112396	
	0.007916	
	0.068051	
	-0.083864	
	0.125596	
	-0.038332	
	0.147288	
	-0.070964	
	-0.106213	
	0.170136	
	0.065457	
	0.060498	
	0.125840	
	-0.004060	
	-0.043098	
	0.138850	
	0.031999	
	-0.099322	
	-0.082903	
	-0.086579	
	-0.104379	
	0.103549	
	-0.113588	
	0.123169	
	-0.107066	
	0.029288	
	0.060679	
	0.203665	
	-0.098991	
	-0.035695	
	-0.037199	
	0.028434	
	-0.015939	
	0.009998	
	-0.026374	
	-0.036812	
	0.114513	
	-0.106809	
	0.104616	
	-0.043006	
	-0.244499	
	0.234352	
	0.034228	
	-0.011305	
	0.084701	
	-0.106238	
	-0.103164	
	0.104140	
	-0.070792	
	-0.193012	
	-0.014823	
	-0.145434	
	-0.109722	
	0.017537	
	0.006693	
	0.016434	
	0.003947	
	-0.072054	
	-0.071757	
	-0.151445	
	-0.044797	
	-0.092268	
	0.119650	
	0.034324	
	0.020430	
	0.046586	
	-0.030769	
	0.017872	
	0.001319	
	0.001034	
	0.071161	
	0.103542	
	0.225011	
	-0.065095	
	0.062378	
	-0.088572	
	-0.023090	
	0.030793	
	0.060454	
	-0.094554	
	0.011027	
	-0.007987	
	-0.043784	
	0.095036	
	-0.092063	
	0.010061	
	-0.100983	
	0.038830	
	0.018829	
	-0.276379	
	0.097930	
	0.073754	
	-0.094114	
	-0.000973	
	-0.042564	
	-0.001587	
	-0.011887	
	0.089989	
	-0.259053	
	0.116853	
	-0.204108	
	-0.118629	
	-0.091406	
	0.085489	
	-0.255896	
	-0.131677	
	0.058900	
	0.027370	
	0.150092	
	-0.142559	
	0.079543	
	-0.109436	
	0.079797	
	-0.007209	
	0.081214	
	-0.036372	
	-0.033469	
	-0.103136	
	0.144695	
	0.058185	
	-0.035563	
	-0.088925	
	0.083194	
	-0.148741	
	-0.120753	
	-0.034509	
	-0.183793	
	-0.004617	
	-0.088325	
	0.131964	
	-0.092195	
	-0.033842	
	-0.178695	
	0.031730	
	0.127437	
	0.001140	
	-0.063285	
	-0.019948	
	-0.038274	
	-0.014695	
	0.215123	
	0.060762	
	0.154928	
	0.083288	
	-0.008986	
	0.091990	
	-0.204141	
	-0.202458	
	-0.113229	
	-0.038466	
	-0.098127	
	-0.099940	
	-0.030578	
	-0.074787	
	0.082279	
	-0.198661	
	0.055050	
	-0.305091	
	0.106462	
	-0.055810	
	0.006372	
	0.111237	
	-0.028857	
	-0.054024	
	-0.023162	
	-0.037052	
	-0.091150	
	0.042628	
	-0.173407	
	-0.134214	
	-0.010780	
	0.040370	
	-0.073556	
	0.031490	
	-0.137733	
	-0.030759	
	0.094346	
	-0.031263	
	0.078730	
	0.045451	
	0.098085	
	0.116688	
	-0.006086	
	-0.214762	
	-0.076774	
	-0.033637	
	0.006925	
	0.032535	
	-0.064945	
	-0.053863	
	-0.053711	
	-0.099063	
	0.056822	
	-0.050264	
	-0.034322	
	0.055957	
	0.159070	
	0.208940	
	0.088221	
	0.052575	
	0.038743	
	0.168284	
	0.062832	
	0.180606	
	-0.134968	
	0.084474	
	-0.086501	
	-0.020918	
	-0.084659	
	-0.002964	
	0.108495	
	-0.189225	
	0.086863	
	0.056022	
	0.125343	
	-0.052349	
	0.016501	
	-0.011350	
	-0.100907	
	-0.059663	
	-0.024766	
	-0.219032	
	0.078621	
	-0.149074	
	-0.031681	
	0.076243	
	0.145236	
	-0.168685	
	-0.080126	
	0.064870	
	-0.240161	
	-0.108856	
	-0.087336	
	-0.059622	
	-0.108857	
	-0.007432	
	-0.226886	
	-0.119792	
	0.016108	
	0.051549	
	0.167360	
	-0.060732	
	0.002052	
	-0.035083	
	-0.176739	
	0.150492	
	-0.026717	
	0.049152	
	-0.035018	
	-0.080536	
	0.039223	
	-0.043650	
	-0.176224	
	-0.183979	
	0.102428	
	-0.163027	
	-0.000474	
	-0.074536	
	0.031975	
	-0.196526	
	0.051171	
	0.133234	
	0.002663	
	-0.053360	
	-0.193264	
	0.111727	
	0.119829	
	-0.029523	
	-0.128862	
	0.024656	
	-0.205808	
	0.066917	
	-0.139382	
	-0.083057	
	0.013618	
	-0.042407	
	-0.212842	
	0.113804	
	-0.071853	
	-0.038679	
	-0.007924	
	-0.142074	
	0.021680	
	-0.088944	
	0.113086	
	0.030125	
	-0.039326	
	-0.187981	
	-0.021714	
	-0.038856	
	0.079949	
	-0.155689	
	0.072264	
	0.067019	
	-0.029228	
	-0.157607	
	-0.116987	
	0.081249	
	0.153172	
	-0.018142	
	-0.061760	
	0.002832	
	-0.094892	
	0.029172	
	0.099833	
	0.004132	
	-0.006274	
	0.077186	
	-0.133022	
	-0.007377	
	0.041427	
	-0.021137	
	0.164501	
	-0.019119	
	0.000014	
	-0.132320	
	-0.063276	
	-0.032546	
	0.182657	
	-0.019401	
	0.063457	
	0.053665	
	0.069587	
	-0.143530	
	0.112488	
	-0.054976	
	0.122069	
	0.107456	
	-0.145393	
	-0.042918	
	0.077539	
	-0.105246	
	0.100014	
	0.068143	
	-0.010918	
	-0.077978	
	-0.031181	
	-0.094591	
	-0.122118	
	-0.111436	
	-0.117853	
	0.159002	
	-0.114856	
	-0.172248	
	0.070294	
	0.068775	
	-0.043882	
	0.000309	
	-0.026753	
	0.279161	
	-0.075156	
	0.059673	
	0.142733	
	0.098832	
	0.137369	
	-0.025293	
	0.064347	
	0.181975	
	0.078399	
	-0.043163	
	-0.037783	
	-0.051502	
	-0.021785	
	-0.190657	
	-0.032491	
	-0.083170	
	-0.057379	
	-0.033803	
	0.156539	
	-0.049473	
	-0.182749	
	-0.172235	
	0.009454	
	0.148177	
	-0.127646	
	-0.077484	
	-0.115674	
	-0.016003	
	-0.289094	
	-0.068588	
	-0.223803	
	-0.051459	
	0.241971	
	0.009565	
	-0.153923	
	-0.053471	
	-0.037234	
	0.101950	
	-0.000510	
	-0.063077	
	0.041401	
	-0.083384	
	-0.022172	
	0.085092	
	0.044447	
	-0.023738	
	0.037704	
	-0.066493	
	-0.035705	
	-0.098204	
	-0.060019	
	-0.078201	
	-0.081216	
	-0.024650	
	-0.105411	
	0.024325	
	-0.103060	
	-0.026091	
	-0.086637	
