_Mode		
	-0.134367	
	0.002648	
	-0.053147	
	-0.056845	
	-0.048986	
	-0.067035	
	-0.078845	
	-0.095845	
	-0.090215	
	-0.096913	
	-0.252767	
	-0.112046	
	-0.173569	
	-0.070704	
	-0.210664	
	-0.093463	
	0.106051	
	-0.054791	
	-0.109150	
	-0.064860	
	0.021483	
	-0.061437	
	0.133310	
	0.076673	
	-0.220120	
	-0.082120	
	-0.003173	
	0.152934	
	-0.042949	
	-0.121221	
	-0.020717	
	0.110672	
	0.024354	
	-0.045958	
	-0.022278	
	-0.288716	
	0.124935	
	-0.146572	
	0.037971	
	0.088714	
	-0.155229	
	-0.010536	
	-0.103312	
	-0.079654	
	0.071725	
	-0.026854	
	-0.165051	
	-0.083981	
	-0.039300	
	-0.055070	
	-0.150912	
	-0.047855	
	0.185392	
	-0.103114	
	-0.170929	
	-0.017220	
	-0.135492	
	0.036824	
	0.147729	
	-0.047324	
	0.212868	
	0.025917	
	-0.129643	
	-0.151470	
	-0.036510	
	-0.207283	
	-0.110389	
	0.005459	
	0.075784	
	0.058659	
	-0.108739	
	-0.083411	
	-0.011720	
	-0.157187	
	-0.245822	
	-0.072841	
	-0.110349	
	-0.228037	
	0.169318	
	0.026508	
	-0.029202	
	-0.106468	
	-0.048014	
	-0.098984	
	-0.107881	
	-0.031021	
	-0.152782	
	0.069854	
	-0.148522	
	0.062719	
	-0.261475	
	-0.156586	
	-0.305013	
	-0.273032	
	-0.295638	
	-0.105619	
	0.049821	
	-0.039659	
	-0.006750	
	-0.056222	
	-0.080032	
	0.234518	
	0.024717	
	-0.097966	
	-0.127305	
	-0.135364	
	-0.119759	
	-0.268029	
	-0.123381	
	-0.090745	
	-0.107112	
	0.240036	
	-0.124515	
	-0.149790	
	0.248940	
	-0.174816	
	-0.109617	
	-0.106267	
	-0.097235	
	-0.088496	
	0.080422	
	-0.029462	
	-0.011973	
	-0.019729	
	-0.009333	
	-0.037498	
	0.061487	
	0.199591	
	-0.079053	
	-0.205436	
	-0.275720	
	-0.001603	
	0.063286	
	0.041123	
	-0.097610	
	-0.087559	
	0.081270	
	0.136105	
	-0.032360	
	0.022867	
	-0.142096	
	0.038862	
	-0.150318	
	-0.130997	
	-0.094098	
	-0.239480	
	-0.273629	
	0.030135	
	0.059054	
	-0.127348	
	-0.018022	
	-0.049713	
	0.089084	
	0.018075	
	0.063743	
	-0.076707	
	-0.075620	
	-0.087447	
	-0.142639	
	-0.173331	
	-0.185890	
	-0.036197	
	-0.107170	
	-0.201980	
	0.092801	
	-0.176296	
	-0.168180	
	0.213936	
	-0.160819	
	-0.100048	
	-0.061218	
	-0.092381	
	-0.085688	
	0.094804	
	-0.157016	
	-0.023810	
	-0.181843	
	-0.206067	
	-0.139865	
	-0.070868	
	0.176662	
	-0.182207	
	-0.105859	
	-0.008920	
	0.001318	
	0.060874	
	0.051943	
	-0.026110	
	-0.034336	
	-0.122422	
	0.063288	
	-0.239419	
	-0.247812	
	0.128328	
	-0.085556	
	-0.284565	
	-0.112253	
	-0.096639	
	-0.008476	
	-0.084720	
	0.067983	
	-0.066344	
	-0.008496	
	-0.040829	
	0.037146	
	0.080335	
	-0.188352	
	-0.147111	
	0.166630	
	0.126197	
	-0.058035	
	0.154082	
	0.193792	
	-0.011547	
	-0.055475	
	-0.084925	
	0.020734	
	-0.018235	
	0.026020	
	0.079492	
	-0.101281	
	-0.304300	
	-0.336512	
	-0.225291	
	0.073767	
	-0.178096	
	-0.073902	
	-0.054007	
	0.043292	
	0.149163	
	-0.010979	
	-0.274047	
	-0.180843	
	0.004993	
	-0.047490	
	-0.064607	
	-0.047035	
	0.004057	
	-0.102246	
	-0.077988	
	0.062775	
	-0.052314	
	-0.199444	
	-0.119601	
	-0.069032	
	-0.025603	
	-0.043775	
	0.034218	
	0.024799	
	0.097746	
	-0.099084	
	-0.060838	
	-0.104828	
	0.121378	
	0.182876	
	0.180360	
	-0.040971	
	-0.081820	
	-0.095858	
	-0.233697	
	-0.253556	
	-0.098980	
	-0.055021	
	-0.097655	
	-0.045823	
	-0.072003	
	-0.137866	
	-0.387515	
	-0.276766	
	-0.077624	
	-0.158026	
	-0.167643	
	-0.173162	
	-0.255426	
	0.144414	
	-0.124988	
	0.252531	
	0.118374	
	-0.092940	
	-0.134978	
	0.037496	
	0.071885	
	0.089779	
	0.182179	
	0.250406	
	0.139423	
	0.222826	
	0.070926	
	0.170625	
	0.052701	
	-0.072016	
	-0.184046	
	-0.037970	
	-0.125229	
	-0.072224	
	-0.004713	
	-0.157192	
	-0.189098	
	-0.215676	
	0.248305	
	-0.167400	
	-0.051209	
	-0.063049	
	0.055886	
	0.074869	
	-0.029787	
	-0.225995	
	-0.186114	
	0.008134	
	-0.068986	
	-0.149464	
	-0.159662	
	-0.032447	
	-0.217708	
	-0.180690	
	0.072559	
	-0.222459	
	-0.245656	
	-0.198936	
	-0.096919	
	-0.008832	
	-0.040117	
	0.022570	
	-0.072563	
	-0.103274	
	-0.084439	
	0.131592	
	-0.074118	
	-0.033746	
	-0.154876	
	0.141870	
	-0.083226	
	-0.077318	
	-0.117009	
	-0.071011	
	-0.073529	
	0.028654	
	-0.004658	
	-0.117714	
	-0.087047	
	-0.111639	
	-0.121206	
	-0.064349	
	0.113655	
	-0.235063	
	0.092046	
	0.129816	
	-0.098645	
	-0.072824	
	0.042825	
	-0.045003	
	0.074875	
	-0.083731	
	-0.007937	
	-0.005996	
	-0.156737	
	-0.024177	
	-0.173246	
	-0.146343	
	-0.268994	
	-0.259147	
	-0.205691	
	0.108794	
	0.016413	
	-0.010129	
	0.008746	
	0.090221	
	-0.016038	
	0.152271	
	-0.119788	
	-0.122220	
	-0.131554	
	-0.130471	
	-0.200574	
	0.149608	
	-0.096437	
	-0.138461	
	0.122902	
	-0.164790	
	-0.139625	
	0.210605	
	-0.122632	
	-0.130854	
	-0.201629	
	-0.150203	
	-0.133589	
	-0.113161	
	0.025608	
	-0.048520	
	-0.036538	
	-0.098437	
	-0.093712	
	-0.103840	
	-0.119725	
	0.005107	
	-0.100449	
	0.220247	
	-0.067173	
	0.069311	
	0.063203	
	-0.031026	
	-0.078475	
	-0.014604	
	-0.022859	
	-0.025253	
	-0.026934	
	-0.195270	
	-0.050090	
	0.131137	
	0.077818	
	-0.203546	
	-0.147826	
	-0.015210	
	-0.080922	
	-0.088979	
	0.102441	
	-0.032192	
	0.226941	
	0.107988	
	-0.077146	
	-0.006117	
	0.085052	
	0.109176	
	-0.229716	
	-0.219729	
	0.030150	
	0.016425	
	0.086017	
	-0.086607	
	0.150509	
	-0.081574	
	0.102522	
	0.139059	
	-0.037767	
	-0.033137	
	0.002895	
	-0.013418	
	0.013512	
	0.155789	
	0.069684	
	-0.005847	
	-0.036674	
	-0.051327	
	-0.074954	
	-0.084866	
	-0.110827	
	-0.105796	
	-0.111388	
	-0.042968	
	-0.230355	
	-0.040158	
	-0.025040	
	0.129914	
