_Mode		
	0.054468	
	-0.071217	
	-0.312581	
	-0.051248	
	0.033273	
	-0.281339	
	-0.254112	
	-0.301349	
	-0.180130	
	-0.360415	
	-0.178611	
	-0.018081	
	-0.103164	
	0.302537	
	-0.023662	
	-0.176221	
	-0.295126	
	-0.338495	
	0.116834	
	-0.054375	
	-0.059995	
	-0.078731	
	-0.268730	
	-0.210873	
	0.023694	
	0.081730	
	0.011773	
	0.033294	
	0.189865	
	0.128718	
	0.000283	
	-0.106190	
	-0.102795	
	-0.040531	
	0.064230	
	-0.106521	
	-0.019157	
	0.067709	
	-0.003996	
	-0.005074	
	-0.087345	
	0.000246	
	0.059945	
	0.008887	
	-0.209051	
	-0.051792	
	-0.112453	
	0.011711	
	0.089139	
	0.046632	
	-0.064585	
	0.002714	
	-0.031099	
	-0.062910	
	0.052802	
	-0.067601	
	0.032769	
	0.077927	
	0.082800	
	-0.018040	
	0.173266	
	0.001144	
	-0.016198	
	-0.001420	
	-0.071186	
	0.036195	
	-0.003589	
	-0.168821	
	0.060367	
	-0.026365	
	-0.025542	
	0.070021	
	-0.045226	
	0.115422	
	0.024753	
	0.047843	
	0.135561	
	0.215543	
	0.004838	
	-0.052942	
	-0.040902	
	-0.033495	
	-0.147837	
	-0.071415	
	-0.144174	
	-0.186913	
	-0.079978	
	-0.000772	
	-0.046909	
	-0.152989	
	-0.087959	
	-0.064266	
	-0.042737	
	-0.073014	
	0.064460	
	0.056411	
	-0.049885	
	-0.037556	
	-0.173981	
	-0.093345	
	0.084713	
	-0.112952	
	0.003506	
	-0.142370	
	0.114524	
	0.084199	
	0.042706	
	0.086659	
	0.007905	
	0.095381	
	0.080662	
	0.058018	
	-0.026316	
	-0.090094	
	0.056431	
	-0.041248	
	-0.068208	
	-0.059695	
	0.140934	
	0.040196	
	-0.027716	
	0.088438	
	0.135299	
	0.009126	
	-0.336335	
	0.018562	
	0.039579	
	-0.195674	
	-0.243218	
	0.086555	
	-0.090902	
	-0.106046	
	-0.249521	
	-0.141233	
	-0.179160	
	-0.089065	
	-0.303162	
	-0.003645	
	-0.269894	
	-0.111663	
	0.039683	
	0.134976	
	0.127889	
	0.060231	
	-0.038418	
	-0.077788	
	-0.153229	
	-0.115107	
	-0.232919	
	-0.217491	
	-0.041909	
	-0.047474	
	-0.017655	
	-0.113488	
	0.040513	
	-0.092959	
	-0.125269	
	0.097816	
	0.150784	
	-0.000831	
	-0.108990	
	0.033074	
	-0.050120	
	-0.011442	
	0.075949	
	-0.013847	
	0.004263	
	0.001944	
	-0.010580	
	0.116609	
	0.109079	
	-0.128182	
	0.028469	
	-0.007334	
	0.175341	
	-0.018084	
	-0.044079	
	0.089444	
	0.051365	
	-0.068942	
	0.056170	
	0.010020	
	-0.051396	
	-0.026365	
	-0.027653	
	0.133631	
	-0.295553	
	0.093363	
	-0.013883	
	0.006595	
	-0.107355	
	0.126871	
	0.074781	
	-0.007912	
	0.036559	
	-0.066460	
	0.027009	
	-0.148801	
	-0.076386	
	-0.164253	
	-0.002324	
	-0.124080	
	0.043634	
	-0.089389	
	-0.227815	
	0.046534	
	0.036139	
	-0.037427	
	0.088898	
	-0.003576	
	-0.117116	
	-0.105168	
	-0.083874	
	-0.217676	
	0.052890	
	0.063529	
	0.071000	
	-0.022076	
	0.085189	
	0.014564	
	0.045856	
	0.071988	
	0.060907	
	0.084812	
	0.004789	
	0.204859	
	-0.057102	
	-0.041531	
	0.044066	
	-0.030842	
	-0.080779	
	-0.012391	
	-0.085375	
	0.098289	
	0.045840	
	0.099371	
	0.150942	
	-0.213656	
	-0.235408	
	-0.152153	
	-0.149093	
	-0.229285	
	0.037762	
	-0.089816	
	-0.187610	
	0.033114	
	-0.013876	
	-0.054423	
	-0.080732	
	-0.360564	
	0.102452	
	-0.348201	
	-0.078190	
	-0.143000	
	-0.248771	
	-0.088739	
	0.097901	
	-0.082393	
	-0.008823	
	0.058053	
	0.191411	
	0.155996	
	-0.030381	
	0.122199	
	-0.191946	
	-0.352375	
	-0.093289	
	-0.177319	
	0.013267	
	-0.021458	
	-0.069871	
	0.007227	
	-0.127980	
	0.008068	
	0.114730	
	-0.009181	
	-0.143184	
	0.051121	
	-0.028624	
	-0.141774	
	-0.103001	
	0.123359	
	0.045811	
	0.012848	
	-0.120169	
	-0.081730	
	0.028089	
	-0.055367	
	-0.003938	
	-0.351470	
	0.003361	
	0.009777	
	-0.150658	
	0.014027	
	-0.047868	
	0.124691	
	0.005866	
	-0.004407	
	0.051637	
	0.023445	
	-0.043210	
	-0.026172	
	-0.017460	
	0.026161	
	0.090321	
	-0.035439	
	-0.015623	
	0.012073	
	-0.109340	
	0.194911	
	0.105149	
	-0.122709	
	-0.084911	
	-0.087267	
	0.010395	
	-0.077243	
	0.009539	
	-0.063683	
	0.086480	
	0.067462	
	0.003843	
	0.089399	
	-0.083352	
	-0.108361	
	-0.023363	
	-0.125382	
	0.035184	
	0.059714	
	-0.039385	
	-0.086184	
	0.204144	
	-0.155432	
	-0.085457	
	0.044565	
	0.036904	
	-0.095271	
	0.011804	
	0.136559	
	0.076594	
	0.122516	
	-0.055893	
	0.091590	
	0.054147	
	-0.070607	
	-0.061370	
	-0.072917	
	-0.047542	
	-0.040930	
	-0.077654	
	-0.079782	
	-0.071026	
	0.002260	
	-0.004160	
	-0.150445	
	-0.080809	
	-0.055493	
	-0.040996	
	-0.308353	
	-0.144837	
	-0.236614	
	-0.030017	
	-0.030435	
	0.053002	
	-0.000846	
	0.077137	
	0.075545	
	0.178824	
	0.139714	
	0.051178	
	-0.010846	
	0.022282	
	-0.002304	
	0.011497	
	0.019694	
	-0.020807	
	0.042098	
	-0.030975	
	-0.026421	
	-0.079107	
	-0.082477	
	-0.085934	
	-0.157616	
	0.021378	
	0.082124	
	0.054333	
