_Brightness		
	NaN	
	NaN	
	NaN	
	NaN	
	NaN	
	NaN	
	NaN	
	NaN	
	NaN	
	NaN	
	NaN	
	NaN	
	NaN	
	NaN	
	NaN	
	NaN	
	NaN	
	NaN	
	NaN	
	NaN	
	NaN	
	NaN	
	NaN	
	NaN	
	NaN	
	NaN	
	NaN	
	NaN	
	NaN	
	NaN	
	NaN	
	NaN	
	NaN	
	NaN	
	NaN	
	NaN	
	NaN	
	NaN	
	NaN	
	NaN	
	NaN	
	NaN	
	NaN	
	NaN	
	NaN	
	NaN	
	NaN	
	NaN	
	NaN	
	NaN	
	NaN	
	NaN	
	NaN	
	NaN	
	NaN	
	NaN	
	NaN	
	NaN	
	NaN	
	0.260535	
	0.482121	
	0.545366	
	0.151478	
	0.140230	
	0.153032	
	0.183015	
	0.163549	
	0.230380	
	0.224060	
	0.227618	
	0.225319	
	0.211732	
	0.238711	
	0.263906	
	0.326787	
	0.325376	
	0.329918	
	0.346257	
	0.368314	
	0.364264	
	0.468831	
	0.471307	
	0.495032	
	0.456739	
	0.412564	
	0.463531	
	0.470012	
	0.456293	
	0.409147	
	0.444564	
	0.502846	
	0.496801	
	0.551437	
	0.609643	
	0.613779	
	0.626177	
	0.579175	
	0.600198	
	0.341136	
	0.150553	
	0.111133	
	0.088626	
	0.103060	
	0.091853	
	0.077725	
	0.090888	
	0.085684	
	0.082067	
	0.084151	
	0.084886	
	0.104530	
	0.143035	
	0.152421	
	0.141596	
	0.117314	
	0.116108	
	0.123372	
	0.104723	
	0.102404	
	0.099006	
	0.104089	
	0.098995	
	0.132788	
	0.144406	
	0.145869	
	0.155997	
	0.148041	
	0.150809	
	0.156933	
	0.176557	
	0.163699	
	0.210422	
	0.185633	
	0.164307	
	0.120875	
	0.125168	
	0.124094	
	0.155765	
	0.183714	
	0.189557	
	0.206030	
	0.214450	
	0.233031	
	0.215369	
	0.212649	
	0.215548	
	0.227002	
	0.216312	
	0.223582	
	0.255582	
	0.260564	
	0.292335	
	0.304930	
	0.309932	
	0.311380	
	0.307805	
	0.169560	
	0.151290	
	0.153952	
	0.168211	
	0.154701	
	0.175102	
	0.180588	
	0.166877	
	0.160388	
	0.174403	
	0.171110	
	0.199247	
	0.192519	
	0.193056	
	0.201708	
	0.223505	
	0.279618	
	0.154752	
	0.111116	
	0.087906	
	0.104266	
	0.104200	
	0.099139	
	0.122684	
	0.156378	
	0.155122	
	0.153587	
	0.180363	
	0.215893	
	0.206377	
	0.173748	
	0.220491	
	0.211692	
	0.233306	
	0.251935	
	0.230813	
	0.178242	
	0.143216	
	0.136485	
	0.129405	
	0.129439	
	0.128279	
	0.131162	
	0.143852	
	0.149491	
	0.173396	
	0.250895	
	0.301147	
	0.286440	
	0.261890	
	0.189941	
	0.159001	
	0.176700	
	0.186067	
	0.216424	
	0.198837	
	0.219269	
	0.182245	
	0.243354	
	0.254973	
	0.240971	
	0.207376	
	0.210719	
	0.183908	
	0.218293	
	0.231647	
	0.211213	
	0.207036	
	0.220662	
	0.180629	
	0.187322	
	0.187472	
	0.167178	
	0.175556	
	0.129838	
	0.166600	
	0.179991	
	0.256859	
	0.308417	
	0.299740	
	0.246927	
	0.270283	
	0.267262	
	0.263627	
	0.195148	
	0.134512	
	0.118557	
	0.089537	
	0.103702	
	0.094730	
	0.099234	
	0.118684	
	0.105252	
	0.103392	
	0.112420	
	0.107734	
	0.113435	
	0.102584	
	0.110920	
	0.110768	
	0.127556	
	0.141163	
	0.143845	
	0.127606	
	0.136907	
	0.138148	
	0.163522	
	0.198414	
	0.285036	
	0.303789	
	0.294537	
	0.224495	
	0.178740	
	0.170060	
	0.224633	
	0.234514	
	0.224907	
	0.220212	
	0.171264	
	0.159225	
	0.146470	
	0.131866	
	0.150366	
	0.135435	
	0.149016	
	0.151039	
	0.194567	
	0.207822	
	0.251100	
	0.250643	
	0.211378	
	0.224586	
	0.220973	
	0.204687	
	0.212844	
	0.206194	
	0.231925	
	0.203200	
	0.250065	
	0.266650	
	0.273647	
	0.255666	
	0.307764	
	0.305590	
	0.280045	
	0.299397	
	0.299247	
	0.319505	
	0.334306	
	0.310287	
	0.277104	
	0.162616	
	0.137547	
	0.099266	
	0.086132	
	0.116730	
	0.113993	
	0.095495	
	0.100885	
	0.108594	
	0.101282	
	0.125152	
	0.142775	
	0.133441	
	0.108924	
	0.121662	
	0.150895	
	0.124255	
	0.129806	
	0.198054	
	0.225161	
	0.177815	
	0.166309	
	0.169204	
	0.139292	
	0.158297	
	0.164562	
	0.174030	
	0.175182	
	0.159723	
	0.173587	
	0.160813	
	0.158209	
	0.189936	
	0.242330	
	0.233456	
	0.127853	
	0.139540	
	0.145913	
	0.156064	
	0.159210	
	0.178982	
	0.202877	
	0.204332	
	0.224452	
	0.221794	
	0.274137	
	0.262303	
	0.239064	
	0.329351	
	0.370493	
	0.314116	
	0.281435	
	0.313005	
	0.291118	
	0.270888	
	0.260827	
	0.253752	
	0.276344	
	0.307288	
	0.293048	
	0.301052	
	0.323840	
	0.370509	
	0.378367	
	0.364291	
	0.425059	
	0.312248	
	0.137591	
	0.101409	
	0.079545	
	0.095826	
	0.082765	
	0.100224	
	0.086789	
	0.084245	
	0.092785	
	0.100506	
	0.088586	
	0.093031	
	0.111217	
	0.103282	
	0.117204	
	0.092797	
	0.087521	
	0.105555	
	0.100009	
	0.098186	
	0.107747	
	0.105191	
	0.116915	
	0.115954	
	0.113006	
	0.126494	
	0.132008	
	0.167696	
	0.167020	
	0.170878	
	0.170630	
	0.137892	
	0.142882	
	0.152444	
	0.191234	
	0.190713	
	0.158996	
	0.166835	
	0.177144	
	0.182576	
	0.211241	
	0.249428	
	0.286254	
	0.296505	
	0.377292	
	0.334158	
	0.350480	
	0.359521	
	0.372415	
	0.406291	
	0.424205	
	0.313919	
	0.171375	
	0.192185	
	0.204504	
	0.154708	
	0.129900	
	0.147517	
	0.156004	
	0.167413	
	0.162007	
	0.179024	
	0.172211	
	0.180788	
	0.199318	
	0.193852	
	0.185129	
	0.107688	
	0.083570	
	0.079076	
	0.067448	
	0.083390	
	0.106874	
	0.113802	
	0.099100	
	0.110796	
	0.088731	
	0.085021	
	0.087304	
	0.093488	
	0.092345	
	0.100034	
	0.112073	
	0.076763	
	0.081874	
	0.074806	
	0.084309	
	0.080311	
	0.080188	
	0.073089	
	0.066362	
	0.070697	
	0.086836	
	0.082008	
	0.082965	
	0.104715	
	0.120767	
	0.114994	
	0.114496	
	0.135744	
	0.142729	
	0.151979	
	0.126912	
	0.095458	
	0.097474	
	0.125144	
	0.103970	
	0.126977	
	0.130295	
	0.122004	
	0.153650	
	0.143662	
	0.124950	
	0.111757	
	0.109330	
	0.119917	
	0.136740	
	0.131644	
	0.153543	
	0.108167	
	0.080757	
	0.078284	
	0.090581	
	0.096980	
	0.111400	
	0.109143	
	0.086018	
	0.108615	
	0.111881	
	0.123490	
	0.126847	
	0.143946	
	0.155185	
	0.123080	
	0.109095	
	0.093187	
	0.077608	
	0.065015	
	0.074667	
	0.071872	
	0.080348	
	0.081718	
	0.079453	
	0.076376	
	0.106398	
	0.096142	
	0.134952	
	0.100816	
	0.130122	
	0.117009	
	0.130051	
	0.132065	
	0.116000	
	0.131466	
	0.125195	
	0.142836	
	0.149671	
	0.175167	
	0.137640	
	0.131039	
	0.197068	
	0.219412	
	0.246884	
	0.266237	
	0.273358	
	0.272042	
	0.271789	
	0.181469	
	0.139770	
	0.133728	
	0.153366	
	0.168503	
	0.161487	
	0.161284	
	0.145022	
	0.161614	
	0.197745	
	0.179724	
	0.131478	
	0.117176	
	0.129783	
	0.130420	
	0.133817	
	0.143539	
	0.151130	
	0.143985	
	0.175221	
	0.191948	
	0.204198	
	0.191949	
	0.250964	
	0.319587	
	0.285514	
	0.248822	
	0.245366	
	0.242364	
	0.255881	
	0.348204	
	0.372032	
	0.332205	
	0.309145	
	0.249673	
	0.177663	
	0.188721	
	0.175463	
	0.199664	
	0.170479	
	0.157442	
	0.160314	
	0.172814	
	0.170162	
	0.174218	
	0.207448	
	0.198769	
	0.202166	
	0.167122	
	0.135281	
	0.199809	
	0.225541	
	0.188854	
	0.201208	
	0.232006	
	0.206912	
	0.255325	
	0.261106	
	0.241298	
	0.245006	
	0.242058	
	0.257292	
	0.212908	
	0.211831	
	0.221175	
	0.237100	
	0.202016	
	0.208867	
	0.194229	
	0.223082	
	0.218754	
	0.185469	
	0.172305	
	0.193462	
	0.208367	
	0.250135	
	0.235875	
	0.201591	
	0.206019	
	0.205458	
	0.189417	
	0.210903	
	0.202709	
	0.222774	
	0.196834	
	0.226163	
	0.262214	
	0.247183	
	0.200976	
	0.212820	
	0.263756	
	0.288263	
	0.219913	
	0.176870	
	0.215242	
	0.181699	
	0.151589	
	0.160614	
	0.220630	
	0.260564	
	0.273625	
	0.222678	
	0.222242	
	0.208450	
	0.189934	
	0.169332	
	0.209120	
	0.222083	
	0.216502	
	0.217511	
	0.161227	
	0.201228	
	0.257524	
	0.275955	
	0.273329	
	0.325267	
	0.244922	
	0.227864	
	0.248279	
	0.204889	
	0.242410	
	0.216463	
	0.225489	
	0.159514	
	0.165049	
	0.193696	
	0.165137	
	0.186069	
	0.170394	
	0.164499	
	0.151897	
	0.159712	
	0.164650	
	0.149625	
	0.155052	
	0.184763	
	0.179736	
	0.166015	
	0.130230	
	0.125107	
	0.137575	
	0.162075	
	0.193792	
	0.203581	
	0.223178	
	0.217799	
	0.188875	
	0.203813	
	0.213184	
	0.224952	
	0.234286	
	0.294218	
	0.263379	
	0.277737	
	0.294056	
	0.310058	
	0.278438	
	0.289676	
	0.337492	
	0.349782	
	0.318790	
	0.303941	
	0.329687	
	0.323816	
	0.407179	
	0.391573	
	0.442848	
	0.352138	
	0.363916	
	0.285434	
	0.195667	
	0.215825	
	0.219812	
	0.274604	
	0.275462	
	0.292032	
	0.293050	
	0.256661	
	0.254997	
	0.335019	
	0.341302	
	0.359246	
	0.327592	
	0.328578	
	0.313338	
	0.318858	
	0.354892	
	0.376524	
	0.372006	
	0.270444	
	0.307922	
	0.327067	
	0.400257	
	0.400634	
	0.347524	
	0.391460	
	0.422888	
	0.407552	
	0.364812	
	0.336907	
	0.416535	
	0.377534	
	0.366457	
	0.241876	
	0.188679	
	0.200278	
	0.236260	
	0.275453	
	0.292653	
	0.357548	
	0.324263	
	0.342068	
	0.357324	
	0.354556	
	0.374147	
	0.391176	
	0.355041	
	0.329609	
	0.337549	
	0.269185	
	0.278650	
	0.287549	
	0.331985	
	0.359749	
	0.384456	
	0.359555	
	0.366507	
	0.334001	
	0.377104	
	0.367796	
	0.321782	
	0.309799	
	0.318597	
	0.299520	
	0.308956	
	0.281977	
	0.361361	
	0.331326	
	0.262665	
	0.221795	
	0.255624	
	0.200932	
	0.270880	
	0.271974	
	0.288762	
	0.302576	
	0.279171	
	0.296603	
	0.303478	
	0.288806	
	0.321947	
	0.307789	
	0.314235	
	0.290913	
	0.296508	
	0.310569	
	0.369550	
	0.334791	
	0.330740	
	0.387964	
	0.377702	
	0.334918	
	0.332113	
	0.430198	
	0.446999	
	0.416519	
	0.400522	
	0.445771	
	0.407350	
	0.420572	
	0.416302	
	0.253963	
	0.255975	
	0.303537	
	0.336204	
	0.350755	
	0.348248	
	0.369319	
	0.337498	
	0.284592	
	0.297354	
	0.387871	
	0.399184	
	0.385813	
	0.321811	
	0.295720	
	0.267158	
	0.256705	
	0.250954	
	0.289935	
	0.268517	
	0.208217	
	0.190804	
	0.147711	
	0.137515	
	0.124259	
	0.146522	
	0.171485	
	0.205107	
	0.189906	
	0.168533	
	0.197358	
	0.224205	
	0.266155	
	0.206091	
	0.170057	
	0.137510	
	0.119441	
	0.144338	
	0.100547	
	0.117000	
	0.141055	
	0.182752	
	0.139486	
	0.115076	
	0.104511	
	0.128962	
	0.152070	
	0.150149	
	0.138796	
	0.152511	
	0.124535	
	0.130046	
	0.173064	
	0.181066	
	0.179485	
	0.126137	
	0.112145	
	0.112934	
	0.142155	
	0.144594	
	0.137640	
	0.134092	
	0.120989	
	0.149959	
	0.153838	
	0.145697	
	0.164927	
	0.142919	
	0.117314	
	0.123081	
	0.144666	
	0.141983	
	0.115971	
	0.083140	
	0.094182	
	0.098948	
	0.122788	
	0.152395	
	0.146975	
	0.123055	
	0.122168	
	0.111240	
	0.149381	
	0.143008	
	0.134192	
	0.135724	
	0.134503	
	0.150617	
	0.182064	
	0.227993	
	0.207445	
	0.179694	
	0.139160	
	0.122594	
	0.114818	
	0.117408	
	0.112027	
	0.121462	
	0.121737	
	0.117804	
	0.122180	
	0.147939	
	0.141573	
	0.141606	
	0.136520	
	0.173418	
	0.153315	
	0.081058	
	0.088336	
	0.072002	
	0.077457	
	0.092351	
	0.123928	
	0.107436	
	0.101274	
	0.080359	
	0.099978	
	0.129594	
	0.172649	
	0.161736	
	0.135288	
	0.141109	
	0.139642	
	0.120455	
	0.149231	
	0.188184	
	0.151837	
	0.157859	
	0.173524	
	0.142587	
	0.142039	
	0.146061	
	0.142291	
	0.163952	
	0.165909	
	0.113965	
	0.118766	
	0.131567	
	0.137544	
	0.121427	
	0.146469	
	0.143885	
	0.135238	
	0.130096	
	0.095998	
	0.157279	
	0.166926	
	0.213031	
	0.214653	
	0.172994	
	0.214462	
	0.210185	
	0.214514	
	0.198832	
	0.175349	
	0.182053	
	0.181641	
	0.190713	
	0.211705	
	0.206924	
	0.230528	
	0.187004	
	0.157965	
	0.144572	
	0.133667	
	0.123229	
	0.094496	
	0.130243	
	0.120440	
	0.132573	
	0.115630	
	0.127375	
	0.119417	
	0.106214	
	0.120848	
	0.170809	
	0.111361	
	0.103832	
	0.102491	
	0.083974	
	0.109282	
	0.100263	
	0.117524	
	0.105640	
	0.111896	
	0.105457	
	0.103794	
	0.112227	
	0.104231	
	0.112496	
	0.101444	
	0.099755	
	0.090611	
	0.137893	
	0.139878	
	0.118539	
	0.089307	
	0.084369	
	0.071792	
	0.100741	
	0.092956	
	0.090052	
	0.094255	
	0.073564	
	0.083504	
	0.087109	
	0.114069	
	0.094766	
	0.094321	
	0.090912	
	0.073296	
	0.102199	
	0.087592	
	0.082838	
	0.083491	
	0.081340	
	0.080180	
	0.074656	
	0.092931	
	0.087712	
	0.092507	
	0.081925	
	0.085788	
	0.096407	
	0.121623	
	0.144865	
	0.137497	
	0.119546	
	0.118506	
	0.124768	
	0.128742	
	0.167252	
	0.241635	
	0.229273	
	0.167394	
	0.156423	
	0.161661	
	0.156603	
	0.164217	
	0.178168	
	0.203334	
	0.205572	
	0.219670	
	0.207704	
	0.207480	
	0.214897	
	0.236718	
	0.219304	
	0.191997	
	0.164484	
	0.182812	
	0.171263	
	0.122194	
	0.161853	
	0.157493	
	0.166919	
	0.197207	
	0.187743	
	0.230393	
	0.180151	
	0.196463	
	0.228712	
	0.237226	
	0.188140	
	0.176013	
	0.178707	
	0.185256	
	0.197194	
	0.212006	
	0.222282	
	0.283592	
	0.268687	
	0.233167	
	0.256076	
	0.248595	
	0.267694	
	0.330591	
	0.338570	
	0.287066	
	0.209306	
	0.177242	
	0.183639	
	0.187121	
	0.184284	
	0.185027	
	0.186132	
	0.168744	
	0.160620	
	0.164921	
	0.200832	
	0.280720	
	0.258951	
	0.263684	
	0.228968	
	0.206219	
	0.213642	
	0.207566	
	0.230731	
	0.213949	
	0.179103	
	0.152997	
	0.170222	
	0.168897	
	0.184596	
	0.194951	
	0.223075	
	0.220430	
	0.220711	
	0.193795	
	0.138734	
	0.103503	
	0.076359	
	0.075886	
	0.072760	
	0.071571	
	0.074144	
	0.095765	
	0.083182	
	0.083126	
	0.081886	
	0.102372	
	0.148847	
	0.133861	
	0.126191	
	0.093621	
	0.108571	
	0.116410	
	0.099454	
	0.087983	
	0.084159	
	0.084000	
	0.098322	
	0.105452	
	0.115970	
	0.103229	
	0.082400	
	0.079454	
	0.081642	
	0.113303	
	0.089780	
	0.094838	
	0.074392	
	0.073097	
	0.080949	
	0.091847	
	0.079092	
	0.072944	
	0.081607	
	0.086604	
	0.075889	
	0.077024	
	0.075745	
	0.076945	
	0.074578	
	0.082433	
	0.091592	
	0.097830	
	0.137147	
	0.107894	
	0.086137	
	0.104658	
	0.107168	
	0.103874	
	0.093062	
	0.106914	
	0.095070	
	0.086988	
	0.086301	
	0.078832	
	0.081973	
	0.077579	
	0.063765	
	0.065941	
	0.071450	
	0.068466	
	0.072069	
	0.077775	
	0.087438	
	0.081133	
	0.101633	
	0.081001	
	0.099766	
	0.085648	
	0.107402	
	0.102084	
	0.103761	
	0.104320	
	0.097431	
	0.100796	
	0.111553	
	0.112049	
	0.102983	
	0.111908	
	0.117424	
	0.118412	
	0.222068	
	0.255871	
	0.244243	
	0.176392	
	0.146449	
	0.202464	
	0.284647	
	0.277764	
	0.302884	
	0.284234	
	0.310890	
	0.342072	
	0.389862	
	0.379695	
	0.412403	
	0.378453	
	0.399810	
	0.374184	
	0.384663	
	0.409387	
	0.388828	
	0.363400	
	0.365008	
	0.368218	
	0.385955	
	0.380447	
	0.409220	
	0.393381	
	0.442862	
	0.444226	
	0.467520	
	0.395125	
	0.402667	
	0.449782	
	0.433638	
	0.451111	
	0.434579	
	0.386892	
	0.386206	
	0.381109	
	0.410344	
	0.399417	
	0.382534	
	0.335621	
	0.318297	
	0.326481	
	0.335937	
	0.317812	
	0.379988	
	0.366442	
	0.354213	
	0.396749	
	0.386020	
	0.400355	
	0.376344	
	0.400216	
	0.443422	
	0.407272	
	0.411808	
	0.357392	
	0.360499	
	0.315699	
	0.293324	
	0.292312	
	0.332204	
	0.335853	
	0.320836	
	0.296670	
	0.259475	
	0.293829	
	0.321399	
	0.366624	
	0.368728	
	0.348816	
	0.333481	
	0.369378	
	0.324648	
	0.226209	
	0.189247	
	0.142336	
	0.170320	
	0.209190	
	0.235475	
	0.232002	
	0.271225	
	0.290194	
	0.281219	
	0.316554	
	0.296281	
	0.324267	
	0.322902	
	0.323879	
	0.366167	
	0.329037	
	0.364376	
	0.351248	
	0.354279	
	0.321496	
	0.313307	
	0.314281	
	0.303224	
	0.297723	
	0.311770	
	0.312056	
	0.312211	
	0.328164	
	0.307409	
	0.282626	
	0.260618	
	0.261904	
	0.388533	
	0.397241	
	0.341235	
	0.386826	
	0.316497	
	0.237303	
	0.227783	
	0.176144	
	0.207090	
	0.200651	
	0.250111	
	0.240339	
	0.284618	
	0.293896	
	0.290194	
	0.308557	
	0.317602	
	0.325958	
	0.313849	
	0.336165	
	0.248497	
	0.255262	
	0.312162	
	0.360192	
	0.346764	
	0.342778	
	0.328566	
	0.310473	
	0.320294	
	0.315785	
	0.331039	
	0.354984	
	0.347828	
	0.325317	
	0.358884	
	0.452399	
	0.355992	
	0.266445	
	0.281534	
	0.354943	
	0.325852	
	0.242667	
	0.181474	
	0.131009	
	0.154632	
	0.174190	
	0.172429	
	0.199078	
	0.212658	
	0.207806	
	0.191080	
	0.220799	
	0.231458	
	0.245589	
	0.229759	
	0.252617	
	0.244715	
	0.263551	
	0.220211	
	0.250646	
	0.291392	
	0.287891	
	0.300335	
	0.266413	
	0.245558	
	0.242482	
	0.261846	
	0.257359	
	0.239503	
	0.187025	
	0.170831	
	0.133720	
	0.117884	
	0.145609	
	0.135613	
	0.134975	
	0.228131	
	0.191845	
	0.238650	
	0.225558	
	0.224059	
	0.215282	
	0.243883	
	0.270836	
	0.256216	
	0.236721	
	0.248804	
	0.234466	
	0.227069	
	0.240980	
	0.223856	
	0.217337	
	0.259426	
	0.235706	
	0.224178	
	0.235862	
	0.240684	
	0.213357	
	0.218423	
	0.202415	
	0.212328	
	0.235977	
	0.216974	
	0.194138	
	0.157327	
	0.156433	
	0.148719	
	0.158108	
	0.157231	
	0.150468	
	0.140284	
	0.116004	
	0.114943	
	0.109517	
	0.111591	
	0.111621	
	0.132766	
	0.124299	
	0.128591	
	0.122208	
	0.100171	
	0.112531	
	0.121636	
	0.107963	
	0.114149	
	0.154238	
	0.141933	
	0.179227	
	0.160817	
	0.156695	
	0.161456	
	0.162427	
	0.161890	
	0.245253	
	0.230490	
	0.217502	
	0.196882	
	0.183285	
	0.159882	
	0.161942	
	0.146016	
	0.182854	
	0.157813	
	0.203132	
	0.198807	
	0.270018	
	0.205830	
	0.200097	
	0.206156	
	0.135818	
	0.122135	
	0.114847	
	0.108668	
	0.102757	
	0.111601	
	0.125624	
	0.126381	
	0.120635	
	0.106812	
	0.117104	
	0.103241	
	0.113542	
	0.130049	
	0.139239	
	0.135523	
	0.139615	
	0.140551	
	0.141932	
	0.130677	
	0.153554	
	0.159599	
	0.158827	
	0.156131	
	0.160656	
	0.197613	
	0.169000	
	0.206505	
	0.211563	
	0.286144	
	0.366932	
	0.273178	
	0.322837	
	0.281282	
	0.245356	
	0.276142	
	0.285275	
	0.308954	
	0.331912	
	0.358865	
	0.331560	
	0.317785	
	0.319544	
	0.357620	
	0.373650	
	0.351622	
	0.355481	
	0.395755	
	0.371946	
	0.349981	
	0.397303	
	0.404186	
	0.436908	
	0.423174	
	0.377945	
	0.378462	
	0.394198	
	0.414871	
	0.435653	
	0.432532	
	0.372805	
	0.346269	
	0.409141	
	0.386313	
	0.384668	
	0.429184	
	0.387581	
	0.365832	
	0.391743	
	0.397932	
	0.346613	
	0.389559	
	0.310505	
	0.304088	
	0.341244	
	0.296327	
	0.261206	
	0.285757	
	0.187785	
	0.174411	
	0.185599	
	0.166963	
	0.157602	
	0.146636	
	0.206775	
	0.294999	
	0.345591	
	0.339972	
	0.379644	
	0.363580	
	0.381940	
	0.431176	
	0.453472	
	0.457104	
	0.486571	
	0.506992	
	0.463587	
	0.423692	
	0.444931	
	0.462514	
	0.380092	
	0.282333	
	0.222893	
	0.146952	
	0.124520	
	0.091765	
	0.113256	
	0.180094	
	0.243673	
	0.264337	
	0.280364	
	0.284522	
	0.297430	
	0.327059	
	0.293047	
	0.175558	
	0.197902	
	0.213866	
	0.213361	
	0.180769	
	0.210357	
	0.250970	
	0.240804	
	0.273352	
	0.170978	
	0.137649	
	0.160258	
	0.152914	
	0.157550	
	0.163849	
	0.152130	
	0.155763	
	0.160872	
	0.163620	
	0.160256	
	0.146524	
	0.100019	
	0.079377	
	0.153899	
	0.138824	
	0.121161	
	0.130484	
	0.092155	
	0.111923	
	0.102669	
	0.111221	
	0.091854	
	0.096740	
	0.098273	
	0.101715	
	0.097079	
	0.091137	
	0.106706	
	0.117036	
	0.123748	
	0.105093	
	0.100232	
	0.119148	
	0.110659	
	0.102964	
	0.117333	
	0.127384	
	0.118871	
	0.116535	
	0.099812	
	0.115678	
	0.203197	
	0.192714	
	0.274770	
	0.412915	
	0.456721	
	0.355835	
	0.295677	
	0.169467	
	0.140549	
	0.130278	
	0.125961	
	0.116738	
	0.117464	
	0.138320	
	0.162797	
	0.178774	
	0.169855	
	0.186981	
	0.201143	
	0.218949	
	0.205361	
	0.204628	
	0.203832	
	0.215037	
	0.200681	
	0.216318	
	0.210544	
	0.210098	
	0.217468	
	0.232320	
	0.241562	
	0.247096	
	0.242214	
	0.278750	
	0.262192	
	0.254464	
	0.313000	
	0.324411	
	0.282611	
	0.305776	
	0.309202	
	0.260059	
	0.242655	
	0.257755	
	0.246571	
	0.225111	
	0.265181	
	0.250479	
	0.283155	
	0.280897	
	0.344044	
	0.289672	
	0.284974	
	0.258158	
	0.262772	
	0.304432	
	0.309070	
	0.281521	
	0.261585	
	0.247327	
	0.270601	
	0.301318	
	0.279163	
	0.267305	
	0.290415	
	0.246871	
	0.262444	
	0.214256	
	0.208245	
	0.195442	
	0.200116	
	0.227526	
	0.211230	
	0.186703	
	0.151667	
	0.186612	
	0.173267	
	0.151501	
	0.127508	
	0.133203	
	0.123870	
	0.133132	
	0.143719	
	0.144062	
	0.113228	
	0.116647	
	0.118657	
	0.131831	
	0.131680	
	0.169686	
	0.183149	
	0.178601	
	0.199499	
	0.205859	
	0.173058	
	0.180426	
	0.153503	
	0.173047	
	0.217283	
	0.275748	
	0.334430	
	0.302898	
	0.261350	
	0.275489	
	0.269893	
	0.342109	
	0.424257	
	0.387006	
	0.406341	
	0.397133	
	0.343542	
	0.214999	
	0.161249	
	0.138684	
	0.139899	
	0.148833	
	0.132269	
	0.136123	
	0.163271	
	0.188037	
	0.147068	
	0.166966	
	0.156666	
	0.177625	
	0.185653	
	0.203710	
	0.201398	
	0.185983	
	0.186599	
	0.157623	
	0.177891	
	0.169064	
	0.157255	
	0.156644	
	0.141378	
	0.136873	
	0.151432	
	0.217562	
	0.343565	
	0.380674	
	0.297662	
	0.346201	
	0.577068	
	0.629686	
	0.674525	
	0.534112	
	0.303357	
	0.167297	
	0.134050	
	0.143277	
	0.110209	
	0.145381	
	0.122067	
	0.116021	
	0.111835	
	0.115372	
	0.101967	
	0.126407	
	0.142135	
	0.148476	
	0.143546	
	0.172658	
	0.167903	
	0.184030	
	0.204669	
	0.212524	
	0.197568	
	0.200915	
	0.211051	
	0.204047	
	0.201245	
	0.201324	
	0.213796	
	0.223253	
	0.227746	
	0.239683	
	0.217064	
	0.220386	
	0.266094	
	0.228215	
	0.266013	
	0.218041	
	0.205486	
	0.196079	
	0.192960	
	0.207657	
	0.224333	
	0.210877	
	0.235480	
	0.230058	
	0.198908	
	0.202971	
	0.156377	
	0.169720	
	0.191569	
	0.197758	
	0.178762	
	0.194540	
	0.171317	
	0.155583	
	0.178693	
	0.317345	
	0.357372	
	0.465590	
	0.469475	
	0.447034	
	0.453901	
	0.427687	
	0.392664	
	0.359973	
	0.383501	
	0.374702	
	0.368875	
	0.350835	
	0.245720	
	0.228262	
	0.178535	
	0.173150	
	0.133810	
	0.135941	
	0.130886	
	0.125900	
	0.136980	
	0.141180	
	0.140118	
	0.161862	
	0.140027	
	0.137158	
	0.137071	
	0.151972	
	0.143447	
	0.155410	
	0.143748	
	0.140908	
	0.133352	
	0.148952	
	0.132098	
	0.131304	
	0.107385	
	0.120680	
	0.123670	
	0.132304	
	0.144699	
	0.193951	
	0.174601	
	0.176805	
	0.210460	
	0.210856	
	0.187938	
	0.179182	
	0.185495	
	0.172923	
	0.187183	
	0.167726	
	0.194693	
	0.152845	
	0.160075	
	0.157776	
	0.154675	
	0.150551	
	0.160315	
	0.180106	
	0.181551	
	0.181451	
	0.177251	
	0.158765	
	0.188789	
	0.177466	
	0.200048	
	0.173225	
	0.182813	
	0.156535	
	0.155986	
	0.253218	
	0.320717	
	0.297969	
	0.304585	
	0.281516	
	0.262269	
	0.274427	
	0.293676	
	0.304444	
	0.222033	
	0.158184	
	0.197202	
	0.305466	
	0.260845	
	0.221650	
	0.275902	
	0.275956	
	0.290679	
	0.267531	
	0.260762	
	0.301317	
	0.247973	
	0.239908	
	0.224454	
	0.219371	
	0.205545	
	0.221726	
	0.250636	
	0.247975	
	0.227072	
	0.240917	
	0.243985	
	0.253655	
	0.256203	
	0.247583	
	0.239845	
	0.248518	
	0.250138	
	0.234791	
	0.219922	
	0.244418	
	0.298422	
	0.210041	
	0.256288	
	0.273123	
	0.240096	
	0.246370	
	0.245377	
	0.179200	
	0.195884	
	0.216607	
	0.200171	
	0.204063	
	0.224418	
	0.218121	
	0.220118	
	0.217224	
	0.180179	
	0.172038	
	0.164489	
	0.187848	
	0.164462	
	0.169573	
	0.164210	
	0.147601	
	0.199756	
	0.192138	
	0.214953	
	0.203098	
	0.158851	
	0.144331	
	0.171521	
	0.192506	
	0.173662	
	0.136629	
	0.149286	
	0.176093	
	0.183115	
	0.198631	
	0.208765	
	0.202513	
	0.236049	
	0.191042	
	0.213540	
	0.256769	
	0.287116	
	0.255568	
	0.257968	
	0.234056	
	0.187744	
	0.207437	
	0.205532	
	0.182029	
	0.176778	
	0.168579	
	0.149499	
	0.117247	
	0.118870	
	0.149313	
	0.163343	
	0.185753	
	0.229184	
	0.183166	
	0.128453	
	0.163371	
	0.155389	
	0.120375	
	0.116034	
	0.117662	
	0.128095	
	0.125708	
	0.119572	
	0.145171	
	0.129362	
	0.123179	
	0.089204	
	0.100972	
	0.124369	
	0.134692	
	0.126447	
	0.097941	
	0.088610	
	0.091267	
	0.106907	
	0.108370	
	0.110205	
	0.101119	
	0.094622	
	0.089866	
	0.107896	
	0.118225	
	0.265327	
	0.307421	
	0.122856	
	0.103992	
	0.154288	
	0.260257	
	0.127241	
	0.086463	
	0.079599	
	0.079611	
	0.083556	
	0.101792	
	0.089431	
	0.098660	
	0.102008	
	0.123641	
	0.148196	
	0.210399	
	0.319782	
	0.348061	
	0.491701	
	0.540150	
	0.506619	
	0.559606	
	0.297210	
	0.205604	
	0.210552	
	0.228638	
	0.229930	
	0.254183	
	0.228735	
	0.241159	
	0.277175	
	0.284059	
	0.289527	
	0.295179	
	0.269710	
	0.218393	
	0.237666	
	0.235281	
	0.264381	
	0.273574	
	0.285001	
	0.258690	
	0.244724	
	0.216978	
	0.204979	
	0.225065	
	0.254560	
	0.268414	
	0.291666	
	0.245072	
	0.210763	
	0.235130	
	0.291628	
	0.240124	
	0.222999	
	0.219038	
	0.220129	
	0.234558	
	0.187241	
	0.221273	
	0.249854	
	0.236040	
	0.231099	
	0.250233	
	0.220345	
	0.274304	
	0.244194	
	0.271481	
	0.290433	
	0.283985	
	0.261221	
	0.274157	
	0.278449	
	0.273322	
	0.280866	
	0.253556	
	0.314779	
	0.324083	
	0.319397	
	0.282631	
	0.284764	
	0.293823	
	0.299968	
	0.277797	
	0.273115	
	0.318799	
	0.336296	
	0.341239	
	0.317020	
	0.299842	
	0.310244	
	0.306143	
	0.243096	
	0.244260	
	0.251340	
	0.232711	
	0.222554	
	0.208149	
	0.212861	
	0.192547	
	0.170072	
	0.139729	
	0.126961	
	0.101152	
	0.135265	
	0.150763	
	0.150519	
	0.186786	
	0.171833	
	0.166444	
	0.127070	
	0.121199	
	0.155000	
	0.137251	
	0.165009	
	0.127473	
	0.098328	
	0.124591	
	0.135337	
	0.159384	
	0.139218	
	0.111654	
	0.101927	
	0.130173	
	0.150952	
	0.123640	
	0.146880	
	0.153649	
	0.125059	
	0.167990	
	0.193647	
	0.182230	
	0.181038	
	0.155881	
	0.128851	
	0.120377	
	0.151571	
	0.157517	
	0.159866	
	0.159286	
	0.149967	
	0.166975	
	0.214151	
	0.238826	
	0.308301	
	0.224118	
	0.211772	
	0.246357	
	0.273940	
	0.237024	
	0.211390	
	0.205428	
	0.250473	
	0.270790	
	0.283058	
	0.269593	
	0.280417	
	0.261037	
	0.467860	
	0.495538	
	0.487282	
	0.413286	
	0.418228	
	0.232623	
	0.147763	
	0.182149	
	0.193414	
	0.162472	
	0.132050	
	0.109526	
	0.102060	
	0.122371	
	0.142523	
	0.188475	
	0.152368	
	0.123986	
	0.107638	
	0.117065	
	0.165610	
	0.175402	
	0.184815	
	0.153330	
	0.144280	
	0.162014	
	0.147617	
	0.168245	
	0.187461	
	0.166945	
	0.195859	
	0.180202	
	0.189210	
	0.168249	
	0.148347	
	0.149558	
	0.143680	
	0.140994	
	0.134793	
	0.158335	
	0.156069	
	0.128896	
	0.102188	
	0.119107	
	0.134173	
	0.137196	
	0.115215	
	0.134525	
	0.152457	
	0.153190	
	0.167301	
	0.151618	
	0.124322	
	0.120491	
	0.115620	
	0.110624	
	0.134243	
	0.126523	
	0.135011	
	0.134728	
	0.139134	
	0.146871	
	0.145186	
	0.150528	
	0.147688	
	0.151749	
	0.167586	
	0.175327	
	0.185007	
	0.208654	
	0.193957	
	0.167601	
	0.176739	
	0.155194	
	0.213034	
	0.194516	
	0.206836	
	0.183486	
	0.127504	
	0.120153	
	0.131293	
	0.134332	
	0.161752	
	0.172829	
	0.181934	
	0.152593	
	0.162304	
	0.171974	
	0.160057	
	0.166967	
	0.143654	
	0.121402	
	0.128246	
	0.124018	
	0.146315	
	0.166383	
	0.197002	
	0.179431	
	0.181139	
	0.236888	
	0.295069	
	0.274852	
	0.371525	
	0.247547	
	0.286615	
	0.265928	
	0.302743	
	0.197611	
	0.163137	
	0.162656	
	0.198440	
	0.221159	
	0.298876	
	0.269060	
	0.217866	
	0.178271	
	0.151861	
	0.148595	
	0.144704	
	0.152676	
	0.187951	
	0.183284	
	0.160695	
	0.147819	
	0.130704	
	0.147649	
	0.144661	
	0.162861	
	0.145350	
	0.133128	
	0.133701	
	0.133465	
	0.146015	
	0.144476	
	0.156058	
	0.158433	
	0.159054	
	0.157212	
	0.180378	
	0.187801	
	0.153402	
	0.180683	
	0.138972	
	0.159071	
	0.128727	
	0.113577	
	0.140766	
	0.125710	
	0.143438	
	0.139986	
	0.136336	
	0.097958	
	0.110157	
	0.095731	
	0.095888	
	0.110290	
	0.118091	
	0.126767	
	0.115260	
	0.098776	
	0.100575	
	0.115810	
	0.118672	
	0.105611	
	0.114857	
	0.115058	
	0.098103	
	0.093347	
	0.089289	
	0.108185	
	0.122458	
	0.127626	
	0.116508	
	0.104165	
	0.108450	
	0.090331	
	0.082267	
	0.092203	
	0.118404	
	0.096671	
	0.104985	
	0.090056	
	0.097028	
	0.087318	
	0.105154	
	0.105333	
	0.093000	
	0.115774	
	0.111420	
	0.093792	
	0.092213	
	0.097411	
	0.097736	
	0.090023	
	0.096688	
	0.096263	
	0.083867	
	0.099072	
	0.096219	
	0.107042	
	0.095341	
	0.081483	
	0.091806	
	0.085021	
	0.097811	
	0.103129	
	0.113823	
	0.102619	
	0.096966	
	0.091106	
	0.090387	
	0.058238	
	0.078390	
	0.096923	
	0.103786	
	0.091619	
	0.096947	
	0.088663	
	0.083288	
	0.077962	
	0.130592	
	0.125326	
	0.117889	
	0.146508	
	0.172913	
	0.168232	
	0.139738	
	0.099930	
	0.109760	
	0.119672	
	0.130654	
	0.122185	
	0.112705	
	0.115525	
	0.125736	
	0.141926	
	0.141318	
	0.115444	
	0.109878	
	0.123059	
	0.111285	
	0.119728	
	0.097618	
	0.095555	
	0.066551	
	0.087500	
	0.076362	
	0.095409	
	0.097852	
	0.104193	
	0.125355	
	0.126349	
	0.143992	
	0.151070	
	0.163985	
	0.151458	
	0.166315	
	0.144286	
	0.151065	
	0.133784	
	0.156597	
	0.145277	
	0.161120	
	0.156450	
	0.134845	
	0.134439	
	0.152931	
	0.155049	
	0.156085	
	0.177953	
	0.204861	
	0.217805	
	0.200421	
	0.198920	
	0.142043	
	0.147886	
	0.135775	
	0.160769	
	0.156210	
	0.132982	
	0.096453	
	0.091730	
	0.103997	
	0.112803	
	0.124887	
	0.170995	
	0.165882	
	0.121882	
	0.124582	
	0.114058	
	0.145220	
	0.144768	
	0.138617	
	0.120372	
	0.136867	
	0.171024	
	0.152751	
	0.152649	
	0.161043	
	0.158660	
	0.178662	
	0.165079	
	0.176971	
	0.151264	
	0.136515	
	0.141212	
	0.146232	
	0.194572	
	0.217226	
	0.169825	
	0.149649	
	0.122989	
	0.116618	
	0.121010	
	0.144284	
	0.134816	
	0.138813	
	0.116540	
	0.111188	
	0.117300	
	0.120205	
	0.139047	
	0.182385	
	0.147511	
	0.147550	
	0.156264	
	0.162721	
	0.132971	
	0.128588	
	0.139631	
	0.163235	
	0.108414	
	0.142393	
	0.130608	
	0.113522	
	0.103513	
	0.134405	
	0.115716	
	0.119055	
	0.147818	
	0.136533	
	0.106142	
	0.139527	
	0.104145	
	0.106638	
	0.165945	
	0.119079	
	0.098565	
	0.082028	
	0.076500	
	0.085799	
	0.098035	
	0.084410	
	0.090290	
	0.076259	
	0.096400	
	0.111507	
	0.107490	
	0.099481	
	0.113587	
	0.100234	
	0.093248	
	0.110796	
	0.109543	
	0.116286	
	0.124343	
	0.118892	
	0.111466	
	0.117583	
	0.100448	
	0.118739	
	0.108135	
	0.109714	
	0.118748	
	0.119092	
	0.106867	
	0.108192	
	0.111812	
	0.111112	
	0.101562	
	0.106922	
	0.118010	
	0.130259	
	0.117986	
	0.114103	
	0.116693	
	0.109036	
	0.074100	
	0.097020	
	0.107700	
	0.097419	
	0.099601	
	0.101644	
	0.085888	
	0.074053	
	0.085001	
	0.084963	
	0.115414	
	0.124210	
	0.128957	
	0.110642	
	0.109643	
	0.112089	
	0.109054	
	0.143637	
	0.153297	
	0.191999	
	0.161912	
	0.162089	
	0.180029	
	0.148162	
	0.131384	
	0.139242	
	0.150539	
	0.159175	
	0.169087	
	0.292269	
	0.205606	
	0.150909	
	0.105732	
	0.077908	
	0.075548	
	0.096329	
	0.081553	
	0.076271	
	0.090105	
	0.066329	
	0.069996	
	0.067126	
	0.071143	
	0.073000	
	0.089024	
	0.089786	
	0.085832	
	0.097242	
	0.106266	
	0.115508	
	0.107569	
	0.108116	
	0.103883	
	0.125985	
	0.124374	
	0.113903	
	0.114877	
	0.128149	
	0.114690	
	0.122242	
	0.146904	
	0.146707	
	0.147936	
	0.122333	
	0.119168	
	0.125888	
	0.121357	
	0.100160	
	0.090556	
	0.124864	
	0.098812	
	0.087006	
	0.099660	
	0.118186	
	0.147454	
	0.143416	
	0.126669	
	0.112448	
	0.114807	
	0.129461	
	0.130244	
	0.131531	
	0.121590	
	0.141584	
	0.128197	
	0.134307	
	0.148268	
	0.194380	
	0.186172	
	0.125147	
	0.129899	
	0.149045	
	0.126592	
	0.135723	
	0.153749	
	0.181032	
	0.183900	
	0.186817	
	0.198657	
	0.196971	
	0.196027	
	0.136343	
	0.079810	
	0.074702	
	0.080993	
	0.086417	
	0.083593	
	0.077391	
	0.097295	
	0.074930	
	0.083240	
	0.078485	
	0.091649	
	0.096194	
	0.094042	
	0.089693	
	0.092618	
	0.091467	
	0.101444	
	0.091692	
	0.102611	
	0.109213	
	0.105484	
	0.101607	
	0.106894	
	0.105455	
	0.104363	
	0.102851	
	0.109866	
	0.116105	
	0.112668	
	0.111799	
	0.105741	
	0.112676	
	0.152080	
	0.152988	
	0.116199	
	0.168205	
	0.376183	
	0.302732	
	0.289611	
	0.432368	
	0.416926	
	0.425193	
	0.409589	
	0.371511	
	0.378585	
	0.409810	
	0.372770	
	0.353893	
	0.305082	
	0.297016	
	0.312626	
	0.376495	
	0.436098	
	0.467341	
	0.447614	
	0.394214	
	0.386016	
	0.379410	
	0.379286	
	0.421997	
	0.502663	
	0.509752	
	0.511499	
	0.473641	
	0.454420	
	0.403885	
	0.322197	
	0.220664	
	0.174752	
	0.217562	
	0.371108	
	0.320995	
	0.312893	
	0.315840	
	0.287819	
	0.279072	
	0.212767	
	0.241776	
	0.265986	
	0.283583	
	0.212554	
	0.231281	
	0.215870	
	0.301055	
	0.320364	
	0.347331	
	0.353582	
	0.337558	
	0.293975	
	0.254813	
	0.292626	
	0.298087	
	0.333404	
	0.326213	
	0.326891	
	0.305834	
	0.328363	
	0.279311	
	0.304322	
	0.346442	
	0.381451	
	0.450600	
	0.404535	
	0.424994	
	0.348124	
	0.313142	
	0.275906	
	0.303061	
	0.416119	
	0.422167	
	0.380055	
	0.355670	
	0.384661	
	0.397867	
	0.377459	
	0.359219	
	0.324091	
	0.356929	
	0.371222	
	0.279591	
	0.230126	
	0.172123	
	0.168876	
	0.143760	
	0.139790	
	0.146494	
	0.174965	
	0.171029	
	0.175329	
	0.172184	
	0.177349	
	0.172739	
	0.169526	
	0.153131	
	0.161659	
	0.195447	
	0.227941	
	0.193739	
	0.135143	
	0.096035	
	0.085898	
	0.080465	
	0.080623	
	0.081036	
	0.082206	
	0.082264	
	0.088128	
	0.091951	
	0.088516	
	0.075798	
	0.087165	
	0.088688	
	0.087569	
	0.104149	
	0.102854	
	0.097636	
	0.105856	
	0.109393	
	0.106535	
	0.097769	
	0.097111	
	0.112526	
	0.123218	
	0.130041	
	0.143038	
	0.147961	
	0.168040	
	0.160437	
	0.159787	
	0.160375	
	0.207631	
	0.256668	
	0.284612	
	0.332428	
	0.184914	
	0.148330	
	0.143347	
	0.137948	
	0.113589	
	0.110725	
	0.130492	
	0.142977	
	0.119644	
	0.112245	
	0.112887	
	0.103369	
	0.100470	
	0.107600	
	0.129679	
	0.117288	
	0.130800	
	0.122790	
	0.127540	
	0.124493	
	0.133423	
	0.145974	
	0.126181	
	0.111012	
	0.122324	
	0.115770	
	0.119230	
	0.104028	
	0.116562	
	0.114958	
	0.134705	
	0.143389	
	0.152081	
	0.112616	
	0.103519	
	0.106992	
	0.097046	
	0.133226	
	0.123297	
	0.156806	
	0.135574	
	0.141625	
	0.135794	
	0.162601	
	0.160717	
	0.155692	
	0.175191	
	0.160366	
	0.172566	
	0.172260	
	0.164022	
	0.149216	
	0.151948	
	0.159383	
	0.149841	
	0.194550	
	0.198582	
	0.178931	
	0.208078	
	0.197966	
	0.199368	
	0.142466	
	0.131784	
	0.137484	
	0.177715	
	0.167822	
	0.159938	
	0.138906	
	0.149645	
	0.144544	
	0.143729	
	0.125814	
	0.164539	
	0.174524	
	0.148589	
	0.176509	
	0.186441	
	0.196061	
	0.182285	
	0.169381	
	0.179794	
	0.185103	
	0.185241	
	0.181825	
	0.181310	
	0.189720	
	0.166091	
	0.171554	
	0.187330	
	0.185777	
	0.201167	
	0.217350	
	0.215886	
	0.191469	
	0.182050	
	0.165488	
	0.178653	
	0.220312	
	0.155224	
	0.142406	
	0.145975	
	0.153975	
	0.174059	
	0.124804	
	0.109389	
	0.114090	
	0.125201	
	0.132723	
	0.144924	
	0.137303	
	0.148643	
	0.137367	
	0.163761	
	0.174907	
	0.188980	
	0.166318	
	0.172738	
	0.148635	
	0.176209	
	0.157340	
	0.146575	
	0.197325	
	0.222319	
	0.209393	
	0.247398	
	0.181588	
	0.256724	
	0.238725	
	0.205867	
	0.214611	
	0.201891	
	0.200247	
	0.175434	
	0.208743	
	0.220214	
	0.192595	
	0.164549	
	0.142701	
	0.176556	
	0.170047	
	0.184822	
	0.156606	
	0.171027	
	0.197636	
	0.224417	
	0.265748	
	0.208068	
	0.207866	
	0.246049	
	0.220346	
	0.190076	
	0.210540	
	0.233143	
	0.230187	
	0.231095	
	0.242539	
	0.241605	
	0.220398	
	0.178347	
	0.178514	
	0.202633	
	0.204392	
	0.229646	
	0.244212	
	0.254942	
	0.241161	
	0.208827	
	0.196697	
	0.213855	
	0.147452	
	0.106829	
	0.144504	
	0.137959	
	0.150631	
	0.149382	
	0.189017	
	0.179274	
	0.197463	
	0.205599	
	0.189443	
	0.210806	
	0.214759	
	0.225839	
	0.210257	
	0.211483	
	0.202207	
	0.215631	
	0.201070	
	0.240245	
	0.227006	
	0.239481	
	0.200679	
	0.239010	
	0.233312	
	0.214437	
	0.208867	
	0.239500	
	0.234444	
	0.247026	
	0.262526	
	0.241858	
	0.195099	
	0.166344	
	0.177376	
	0.166849	
	0.175713	
	0.184090	
	0.172042	
	0.173265	
	0.223723	
	0.203473	
	0.196390	
	0.188985	
	0.201881	
	0.211617	
	0.209023	
	0.222553	
	0.231224	
	0.194206	
	0.190001	
	0.216955	
	0.212841	
	0.193885	
	0.228046	
	0.227145	
	0.225850	
	0.221174	
	0.186212	
	0.189495	
	0.209266	
	0.196562	
	0.256207	
	0.264206	
	0.266483	
	0.229746	
	0.158756	
	0.136236	
	0.135436	
	0.152936	
	0.133679	
	0.162643	
	0.155491	
	0.148854	
	0.108354	
	0.146707	
	0.148757	
	0.131328	
	0.176407	
	0.159798	
	0.125011	
	0.135697	
	0.119953	
	0.138722	
	0.175778	
	0.152429	
	0.152246	
	0.182739	
	0.149294	
	0.153173	
	0.169344	
	0.131228	
	0.185661	
	0.172229	
	0.146319	
	0.177410	
	0.132720	
	0.143388	
	0.167849	
	0.212942	
	0.187726	
	0.109387	
	0.118903	
	0.160196	
	0.141886	
	0.123327	
	0.154840	
	0.138411	
	0.115365	
	0.155887	
	0.124382	
	0.125741	
	0.134000	
	0.148914	
	0.153122	
	0.139158	
	0.127927	
	0.151736	
	0.149995	
	0.129405	
	0.152943	
	0.141924	
	0.110109	
	0.125504	
	0.191460	
	0.228469	
	0.228525	
	0.236441	
	0.182144	
	0.234389	
	0.264061	
	0.246629	
	0.261172	
	0.253024	
	0.153161	
	0.111886	
	0.076108	
	0.103382	
	0.084868	
	0.088930	
	0.088488	
	0.086264	
	0.083503	
	0.083133	
	0.093412	
	0.090817	
	0.110284	
	0.137572	
	0.190370	
	0.241090	
	0.220516	
	0.250364	
	0.233347	
	0.250611	
	0.228861	
	0.219522	
	0.227596	
	0.241993	
	0.281276	
	0.260938	
	0.300727	
	0.328561	
	0.397351	
	0.375054	
	0.358596	
	0.398891	
	0.415727	
	0.452494	
	0.463237	
	0.480800	
	0.359089	
	0.330381	
	0.289185	
	0.289331	
	0.316510	
	0.347484	
	0.370733	
	0.450292	
	0.452877	
	0.539304	
	0.486136	
	0.478555	
	0.482556	
	0.493829	
	0.473013	
	0.478226	
	0.466705	
	0.499910	
	0.494542	
	0.478255	
	0.482294	
	0.484476	
	0.470282	
	0.436818	
	0.509323	
	0.495216	
	0.529565	
	0.503342	
	0.515638	
	0.473023	
	0.344316	
	0.376728	
	0.447387	
	0.486001	
	0.379517	
	0.348130	
	0.201056	
	0.230574	
	0.253444	
	0.287369	
	0.312730	
	0.255999	
	0.253379	
	0.279928	
	0.280464	
	0.283330	
	0.265907	
	0.253294	
	0.191767	
	0.135445	
	0.168340	
	0.206895	
	0.227275	
	0.226842	
	0.200281	
	0.204323	
	0.185560	
	0.180402	
	0.173880	
	0.200336	
	0.205609	
	0.231335	
	0.234801	
	0.189046	
	0.146593	
	0.158223	
	0.196300	
	0.267813	
	0.284159	
	0.239501	
	0.193758	
	0.166897	
	0.156220	
	0.142759	
	0.142265	
	0.138083	
	0.131210	
	0.141978	
	0.181339	
	0.213412	
	0.219279	
	0.220663	
	0.265444	
	0.267090	
	0.287478	
	0.291532	
	0.258019	
	0.298260	
	0.296173	
	0.313775	
	0.294242	
	0.264355	
	0.312619	
	0.376676	
	0.455428	
	0.488913	
	0.486163	
	0.421970	
	0.419387	
	0.455805	
	0.438756	
	0.351988	
	0.395709	
	0.415116	
	0.365142	
	0.367199	
	0.287621	
	0.253646	
	0.216393	
	0.246308	
	0.304747	
	0.325877	
	0.273168	
	0.240655	
	0.199287	
	0.230596	
	0.252873	
	0.215102	
	0.206210	
	0.153229	
	0.161284	
	0.185689	
	0.210327	
	0.216548	
	0.213818	
	0.169025	
	0.135753	
	0.167192	
	0.163525	
	0.160558	
	0.151311	
	0.158323	
	0.183510	
	0.192391	
	0.176489	
	0.192926	
	0.164650	
	0.184353	
	0.185129	
	0.193627	
	0.152420	
	0.146311	
	0.149065	
	0.116818	
	0.097527	
	0.127915	
	0.137043	
	0.131427	
	0.135080	
	0.157280	
	0.164918	
	0.149939	
	0.144304	
	0.128940	
	0.149626	
	0.161751	
	0.122829	
	0.145292	
	0.150166	
	0.169449	
	0.148897	
	0.146467	
	0.126218	
	0.128628	
	0.101719	
	0.116604	
	0.133038	
	0.121984	
	0.116163	
	0.110187	
	0.108808	
	0.093670	
	0.116782	
	0.102607	
	0.110926	
	0.094417	
	0.113233	
	0.092431	
	0.100717	
	0.092325	
	0.118007	
	0.105854	
	0.104578	
	0.100614	
	0.107438	
	0.132139	
	0.108439	
	0.108322	
	0.125377	
	0.097046	
	0.108064	
	0.099890	
	0.091899	
	0.094499	
	0.076673	
	0.090821	
	0.109200	
	0.104377	
	0.096847	
	0.126748	
	0.136610	
	0.102806	
	0.106468	
	0.091111	
	0.093421	
	0.074612	
	0.089710	
	0.098855	
	0.120677	
	0.108110	
	0.111656	
	0.119082	
	0.140274	
	0.156542	
	0.103489	
	0.101482	
	0.114871	
	0.111531	
	0.124881	
	0.174879	
	0.175609	
	0.250316	
	0.256952	
	0.288048	
	0.299058	
	0.315180	
	0.314049	
	0.353466	
	0.404164	
	0.303501	
	0.346471	
	0.341303	
	0.358926	
	0.327583	
	0.337851	
	0.237797	
	0.167869	
	0.154627	
	0.171871	
	0.202559	
	0.176716	
	0.173798	
	0.160605	
	0.162795	
	0.157185	
	0.147521	
	0.120418	
	0.145715	
	0.180872	
	0.243285	
	0.254701	
	0.313785	
	0.313328	
	0.318347	
	0.359839	
	0.370535	
	0.351756	
	0.345573	
	0.318430	
	0.319831	
	0.294743	
	0.254264	
	0.240794	
	0.210605	
	0.202279	
	0.196504	
	0.202243	
	0.219914	
	0.237673	
	0.263785	
	0.227495	
	0.239486	
	0.231705	
	0.216403	
	0.248821	
	0.255841	
	0.222023	
	0.229163	
	0.226433	
	0.244461	
	0.288034	
	0.285280	
	0.259011	
	0.286081	
	0.280117	
	0.280697	
	0.291684	
	0.278381	
	0.264653	
	0.285488	
	0.236077	
	0.239974	
	0.230421	
	0.258473	
	0.271515	
	0.261267	
	0.235655	
	0.252866	
	0.257544	
	0.254756	
	0.261588	
	0.261779	
	0.274218	
	0.228251	
	0.233055	
	0.241940	
	0.237156	
	0.179970	
	0.102178	
	0.148353	
	0.149493	
	0.169434	
	0.210864	
	0.227318	
	0.232517	
	0.176456	
	0.184413	
	0.181333	
	0.177097	
	0.187337	
	0.226186	
	0.228956	
	0.196171	
	0.234675	
	0.198733	
	0.150352	
	0.126610	
	0.154844	
	0.210795	
	0.179965	
	0.222664	
	0.233556	
	0.207980	
	0.187184	
	0.176277	
	0.160376	
	0.171015	
	0.177739	
	0.187108	
	0.196831	
	0.206021	
	0.195618	
	0.209894	
	0.196648	
	0.216278	
	0.233225	
	0.251379	
	0.240406	
	0.227147	
	0.211542	
	0.235686	
	0.205440	
	0.208148	
	0.209524	
	0.183010	
	0.179729	
	0.177820	
	0.178502	
	0.170255	
	0.169359	
	0.175122	
	0.177477	
	0.133271	
	0.081777	
	0.071165	
	0.062772	
	0.073245	
	0.077522	
	0.082940	
	0.092408	
	0.089504	
	0.093137	
	0.088967	
	0.097167	
	0.090969	
	0.105841	
	0.095355	
	0.094346	
	0.097728	
	0.098347	
	0.073860	
	0.073707	
	0.074896	
	0.089213	
	0.103805	
	0.108041	
	0.091049	
	0.089958	
	0.094578	
	0.101280	
	0.077261	
	0.071777	
	0.065844	
	0.101043	
	0.081946	
	0.090347	
	0.092774	
	0.073852	
	0.061124	
	0.076677	
	0.072789	
	0.060375	
	0.072047	
	0.069856	
	0.079544	
	0.068946	
	0.070458	
	0.069943	
	0.079687	
	0.073656	
	0.083966	
	0.078080	
	0.086929	
	0.085787	
	0.079609	
	0.103686	
	0.081864	
	0.098176	
	0.090545	
	0.098760	
	0.092045	
	0.092092	
	0.122444	
	0.128923	
	0.180403	
	0.233432	
	0.195205	
	0.186786	
	0.201194	
	0.172301	
	0.182754	
	0.161565	
	0.177730	
	0.181831	
	0.162941	
	0.160567	
	0.165848	
	0.177053	
	0.182708	
	0.207689	
	0.207411	
	0.212666	
	0.193319	
	0.181348	
	0.195593	
	0.197006	
	0.264002	
	0.253577	
	0.217030	
	0.216933	
	0.229885	
	0.211008	
	0.227610	
	0.229506	
	0.252395	
	0.249677	
	0.224636	
	0.248577	
	0.244601	
	0.225855	
	0.186617	
	0.194989	
	0.204827	
	0.181265	
	0.183122	
	0.165877	
	0.155205	
	0.181876	
	0.221757	
	0.220340	
	0.159722	
	0.158263	
	0.133951	
	0.119334	
	0.119683	
	0.134672	
	0.147244	
	0.149930	
	0.173599	
	0.177518	
	0.162030	
	0.166252	
	0.177122	
	0.182466	
	0.160729	
	0.150857	
	0.136865	
	0.115975	
	0.108909	
	0.090163	
	0.095110	
	0.109715	
	0.120192	
	0.140249	
	0.087591	
	0.067376	
	0.065420	
	0.068650	
	0.095248	
	0.102699	
	0.096685	
	0.073614	
	0.074674	
	0.084740	
	0.086163	
	0.086402	
	0.095220	
	0.102854	
	0.102197	
	0.087730	
	0.105769	
	0.099496	
	0.101240	
	0.082047	
	0.094353	
	0.107875	
	0.118180	
	0.132926	
	0.114819	
	0.128488	
	0.121059	
	0.150997	
	0.163113	
	0.232341	
	0.307934	
	0.224888	
	0.227368	
	0.200796	
	0.287933	
	0.316536	
	0.283416	
	0.256710	
	0.271291	
	0.245168	
	0.241332	
	0.243870	
	0.208972	
	0.216451	
	0.215359	
	0.165396	
	0.147619	
	0.157964	
	0.152935	
	0.143460	
	0.138025	
	0.158119	
	0.170573	
	0.172138	
	0.184293	
	0.185425	
	0.178701	
	0.162657	
	0.159654	
	0.137835	
	0.158931	
	0.153182	
	0.158999	
	0.169449	
	0.176650	
	0.176226	
	0.176061	
	0.175308	
	0.150506	
	0.175671	
	0.174517	
	0.166765	
	0.158878	
	0.159668	
	0.133262	
	0.125566	
	0.125566	
	0.135134	
	0.129668	
	0.108846	
	0.122292	
	0.133378	
	0.151059	
	0.142070	
	0.160808	
	0.148256	
	0.113655	
	0.099640	
	0.119812	
	0.134930	
	0.164181	
	0.147910	
	0.181371	
	0.236174	
	0.252430	
	0.281209	
	0.276197	
	0.264822	
	0.313056	
	0.365928	
	0.373791	
	0.327053	
	0.418759	
	0.477832	
	0.446056	
	0.398098	
	0.352020	
	0.273825	
	0.124048	
	0.090622	
	0.106229	
	0.136077	
	0.140797	
	0.177005	
	0.172342	
	0.179226	
	0.204763	
	0.205806	
	0.263737	
	0.279532	
	0.325585	
	0.306287	
	0.283051	
	0.300656	
	0.259543	
	0.242027	
	0.267592	
	0.221053	
	0.203237	
	0.149876	
	0.154321	
	0.143138	
	0.147954	
	0.127226	
	0.131675	
	0.123593	
	0.142963	
	0.155524	
	0.156942	
	0.166930	
	0.137934	
	0.106082	
	0.103671	
	0.086536	
	0.095140	
	0.113216	
	0.088140	
	0.071799	
	0.088399	
	0.091315	
	0.063960	
	0.071912	
	0.080686	
	0.088344	
	0.106405	
	0.133490	
	0.106359	
	0.099199	
	0.079166	
	0.109327	
	0.083615	
	0.090564	
	0.096105	
	0.087412	
	0.083604	
	0.091693	
	0.086538	
	0.108710	
	0.091534	
	0.104032	
	0.114217	
	0.102993	
	0.139625	
	0.106952	
	0.094390	
	0.108665	
	0.183448	
	0.172857	
	0.122494	
	0.101313	
	0.093260	
	0.083530	
	0.095931	
	0.113931	
	0.127106	
	0.126901	
	0.119677	
	0.117537	
	0.139128	
	0.144420	
	0.145177	
	0.144977	
	0.133266	
	0.137975	
	0.126622	
	0.130034	
	0.142339	
	0.177389	
	0.185238	
	0.209774	
	0.190578	
	0.230994	
	0.236264	
	0.263959	
	0.262229	
	0.240627	
	0.284660	
	0.270870	
	0.253066	
	0.233864	
	0.276365	
	0.269302	
	0.290505	
	0.253659	
	0.247931	
	0.201742	
	0.250919	
	0.222843	
	0.266417	
	0.286391	
	0.255887	
	0.259463	
	0.268917	
	0.238198	
	0.209139	
	0.224350	
	0.259986	
	0.249770	
	0.261168	
	0.217713	
	0.210622	
	0.224940	
	0.234931	
	0.246313	
	0.291246	
	0.223034	
	0.247698	
	0.199319	
	0.188866	
	0.201523	
	0.204834	
	0.206978	
	0.231894	
	0.227728	
	0.207401	
	0.229184	
	0.200098	
	0.196421	
	0.126336	
	0.154560	
	0.140273	
	0.153579	
	0.161876	
	0.142164	
	0.134976	
	0.128388	
	0.132422	
	0.152925	
	0.168455	
	0.160203	
	0.133316	
	0.147047	
	0.165129	
	0.208809	
	0.246912	
	0.184454	
	0.149183	
	0.146051	
	0.163321	
	0.169190	
	0.171982	
	0.161954	
	0.150032	
	0.151521	
	0.153875	
	0.160224	
	0.157314	
	0.134822	
	0.136500	
	0.129454	
	0.126989	
	0.119778	
	0.096004	
	0.104338	
	0.087352	
	0.101215	
	0.094303	
	0.126868	
	0.188144	
	0.233104	
	0.207769	
	0.172927	
	0.182402	
	0.196217	
	0.176178	
	0.184483	
	0.191032	
	0.207985	
	0.224161	
	0.218782	
	0.208601	
	0.180800	
	0.197555	
	0.201316	
	0.199887	
	0.213413	
	0.204716	
	0.200879	
	0.178644	
	0.147319	
	0.151842	
	0.168679	
	0.143682	
	0.127812	
	0.114588	
	0.101623	
	0.134886	
	0.107113	
	0.091545	
	0.098852	
	0.088502	
	0.090235	
	0.111109	
	0.093405	
	0.108182	
	0.088487	
	0.092522	
	0.080207	
	0.110667	
	0.116306	
	0.127579	
	0.109523	
	0.105510	
	0.086583	
	0.107023	
	0.112490	
	0.123232	
	0.112766	
	0.107778	
	0.113665	
	0.116496	
	0.115241	
	0.134041	
	0.144681	
	0.138702	
	0.154212	
	0.127771	
	0.130931	
	0.134897	
	0.156985	
	0.154576	
	0.153198	
	0.147329	
	0.154114	
	0.154584	
	0.133632	
	0.147469	
	0.189665	
	0.175280	
	0.158699	
	0.118047	
	0.133129	
	0.131960	
	0.146596	
	0.161066	
	0.177743	
	0.135144	
	0.150616	
	0.151283	
	0.119772	
	0.170551	
	0.213559	
	0.148819	
	0.120204	
	0.213079	
	0.309573	
	0.471846	
	0.457372	
	0.393536	
	0.396289	
	0.405630	
	0.405611	
	0.420220	
	0.349288	
	0.309964	
	0.314879	
	0.253752	
	0.169737	
	0.124168	
	0.126778	
	0.151530	
	0.143525	
	0.135936	
	0.144028	
	0.147000	
	0.139742	
	0.144104	
	0.163770	
	0.152984	
	0.144129	
	0.157237	
	0.154675	
	0.165085	
	0.170991	
	0.171728	
	0.179732	
	0.188970	
	0.153916	
	0.156654	
	0.146563	
	0.143125	
	0.133577	
	0.155991	
	0.199192	
	0.242672	
	0.242467	
	0.268410	
	0.254537	
	0.302196	
	0.322673	
	0.330847	
	0.252286	
	0.241732	
	0.241577	
	0.159643	
	0.140527	
	0.156158	
	0.165060	
	0.156914	
	0.195539	
	0.214918	
	0.192624	
	0.171061	
	0.172146	
	0.185712	
	0.184098	
	0.234306	
	0.215877	
	0.162756	
	0.150802	
	0.153221	
	0.125000	
	0.108561	
	0.103068	
	0.161150	
	0.247926	
	0.273808	
	0.250871	
	0.242539	
	0.224690	
	0.224570	
	0.276308	
	0.310895	
	0.221133	
	0.150895	
	0.139940	
	0.176976	
	0.177503	
	0.222483	
	0.286896	
	0.255550	
	0.261227	
	0.284842	
	0.299071	
	0.289054	
	0.256381	
	0.231774	
	0.215908	
	0.225901	
	0.236641	
	0.248865	
	0.247350	
	0.290253	
	0.256501	
	0.283167	
	0.231920	
	0.240371	
	0.236892	
	0.231980	
	0.260271	
	0.270597	
	0.260970	
	0.267060	
	0.287497	
	0.270749	
	0.243539	
	0.260590	
	0.266284	
	0.246928	
	0.280372	
	0.293199	
	0.311072	
	0.315933	
	0.300068	
	0.287184	
	0.275090	
	0.243312	
	0.182131	
	0.172034	
	0.185448	
	0.215044	
	0.159668	
	0.113895	
	0.103501	
	0.105746	
	0.120959	
	0.141036	
	0.117407	
	0.099711	
	0.091049	
	0.104993	
	0.104436	
	0.109654	
	0.118463	
	0.142292	
	0.108904	
	0.107813	
	0.117522	
	0.134392	
	0.167769	
	0.198071	
	0.172691	
	0.144768	
	0.182304	
	0.153634	
	0.136020	
	0.139468	
	0.139511	
	0.108375	
	0.103979	
	0.092919	
	0.117405	
	0.174972	
	0.200755	
	0.176848	
	0.144459	
	0.132901	
	0.134845	
	0.139577	
	0.117814	
	0.137993	
	0.112691	
	0.122936	
	0.128727	
	0.148377	
	0.142137	
	0.148741	
	0.189095	
	0.226021	
	0.149295	
	0.138978	
	0.166298	
	0.171426	
	0.172074	
	0.167540	
	0.184869	
	0.189017	
	0.204904	
	0.256385	
	0.235761	
	0.227595	
	0.257189	
	0.270112	
	0.243173	
	0.169393	
	0.162256	
	0.173942	
	0.184557	
	0.216150	
	0.228087	
	0.226532	
	0.218911	
	0.227168	
	0.230627	
	0.276042	
	0.237357	
	0.212099	
	0.324485	
	0.296662	
	0.157816	
	0.141948	
	0.181430	
	0.166176	
	0.151580	
	0.123028	
	0.132606	
	0.165364	
	0.209679	
	0.306610	
	0.273599	
	0.247633	
	0.285012	
	0.275975	
	0.221149	
	0.164647	
	0.149466	
	0.112148	
	0.091860	
	0.116754	
	0.145865	
	0.228345	
	0.289292	
	0.248483	
	0.230357	
	0.167920	
	0.156788	
	0.161777	
	0.166103	
	0.203711	
	0.234798	
	0.253323	
	0.256828	
	0.270760	
	0.301542	
	0.267310	
	0.233339	
	0.205534	
	0.244023	
	0.239719	
	0.241892	
	0.220024	
	0.223752	
	0.237618	
	0.242424	
	0.231454	
	0.227113	
	0.210288	
	0.211088	
	0.220006	
	0.230317	
	0.237849	
	0.251050	
	0.262969	
	0.267046	
	0.293123	
	0.245781	
	0.262864	
	0.191693	
	0.197519	
	0.161911	
	0.116917	
	0.097482	
	0.111767	
	0.116300	
	0.095380	
	0.107619	
	0.090997	
	0.110090	
	0.134222	
	0.130068	
	0.130013	
	0.156033	
	0.154898	
	0.126504	
	0.118966	
	0.114153	
	0.120624	
	0.123330	
	0.134387	
	0.126410	
	0.134376	
	0.145519	
	0.133789	
	0.139540	
	0.142311	
	0.160412	
	0.152780	
	0.146343	
	0.148775	
	0.170006	
	0.157944	
	0.168250	
	0.149193	
	0.154234	
	0.121787	
	0.132952	
	0.146357	
	0.157144	
	0.154834	
	0.123183	
	0.136014	
	0.177506	
	0.139936	
	0.115693	
	0.125464	
	0.146957	
	0.119440	
	0.123924	
	0.144285	
	0.145869	
	0.150465	
	0.135415	
	0.140454	
	0.130342	
	0.128621	
	0.119955	
	0.164944	
	0.189557	
	0.170026	
	0.178149	
	0.175180	
	0.151863	
	0.134780	
	0.138742	
	0.168395	
	0.178544	
	0.187237	
	0.182943	
	0.145405	
	0.127783	
	0.127629	
	0.157871	
	0.166165	
	0.217115	
	0.254058	
	0.215348	
	0.199962	
	0.216094	
	0.220404	
	0.210396	
	0.224239	
	0.226991	
	0.213537	
	0.184816	
	0.171104	
	0.177206	
	0.157237	
	0.143665	
	0.152785	
	0.178496	
	0.171122	
	0.222501	
	0.313680	
	0.304611	
	0.311606	
	0.361674	
	0.413140	
	0.455682	
	0.406065	
	0.345471	
	0.310852	
	0.308686	
	0.279176	
	0.238432	
	0.262454	
	0.278684	
	0.374287	
	0.366987	
	0.343761	
	0.318973	
	0.279912	
	0.253925	
	0.254437	
	0.271315	
	0.282322	
	0.273194	
	0.296579	
	0.372219	
	0.422878	
	0.552276	
	0.356710	
	0.224131	
	0.209781	
	0.217715	
	0.202106	
	0.220829	
	0.172607	
	0.183003	
	0.222635	
	0.191325	
	0.213275	
	0.218469	
	0.214305	
	0.183299	
	0.215790	
	0.195442	
	0.198707	
	0.213533	
	0.183529	
	0.165760	
	0.144997	
	0.133686	
	0.146107	
	0.138364	
	0.151182	
	0.129713	
	0.118918	
	0.109191	
	0.129582	
	0.124661	
	0.128278	
	0.135744	
	0.128057	
	0.133176	
	0.121330	
	0.112731	
	0.112723	
	0.113165	
	0.117975	
	0.111421	
	0.111654	
	0.100694	
	0.098877	
	0.103084	
	0.100775	
	0.098428	
	0.117678	
	0.117194	
	0.107558	
	0.121066	
	0.140252	
	0.155790	
	0.139194	
	0.136304	
	0.130185	
	0.128835	
	0.120516	
	0.122311	
	0.113043	
	0.093878	
	0.104834	
	0.118543	
	0.117652	
	0.116273	
	0.128072	
	0.118126	
	0.129044	
	0.107292	
	0.102614	
	0.103934	
	0.127495	
	0.173115	
	0.159283	
	0.131271	
	0.110952	
	0.108564	
	0.149951	
	0.085930	
	0.066926	
	0.071555	
	0.069599	
	0.067983	
	0.087202	
	0.076358	
	0.074279	
	0.082333	
	0.066659	
	0.069128	
	0.065092	
	0.073657	
	0.078383	
	0.082004	
	0.087656	
	0.085105	
	0.089424	
	0.114328	
	0.120485	
	0.113725	
	0.112502	
	0.111084	
	0.118500	
	0.112752	
	0.113723	
	0.109146	
	0.124790	
	0.134750	
	0.127271	
	0.119637	
	0.153224	
	0.154631	
	0.163524	
	0.153286	
	0.139670	
	0.132342	
	0.151013	
	0.160876	
	0.167385	
	0.191611	
	0.113116	
	0.108432	
	0.122100	
	0.092247	
	0.085714	
	0.073356	
	0.086100	
	0.075153	
	0.102755	
	0.112584	
	0.114926	
	0.119221	
	0.091252	
	0.105259	
	0.100153	
	0.103998	
	0.124751	
	0.129662	
	0.140919	
	0.132078	
	0.109631	
	0.126392	
	0.139213	
	0.122712	
	0.143376	
	0.136201	
	0.165787	
	0.134700	
	0.139804	
	0.115550	
	0.124919	
	0.109176	
	0.138046	
	0.180659	
	0.118093	
	0.112428	
	0.126771	
	0.084835	
	0.106512	
	0.123028	
	0.142317	
	0.144430	
	0.141032	
	0.129995	
	0.155872	
	0.141731	
	0.176016	
	0.190495	
	0.123351	
	0.137730	
	0.125543	
	0.146211	
	0.149594	
	0.155276	
	0.145088	
	0.118100	
	0.110634	
	0.118441	
	0.143424	
	0.173213	
	0.154546	
	0.174217	
	0.162263	
	0.135037	
	0.153688	
	0.154286	
	0.177033	
	0.147404	
	0.123674	
	0.149297	
	0.152610	
	0.131424	
	0.140744	
	0.127414	
	0.117895	
	0.116495	
	0.116774	
	0.134673	
	0.145397	
	0.168357	
	0.198205	
	0.216048	
	0.205456	
	0.166396	
	0.145369	
	0.158217	
	0.166602	
	0.180315	
	0.208916	
	0.202967	
	0.169027	
	0.151414	
	0.158903	
	0.167613	
	0.177571	
	0.202040	
	0.183222	
	0.183216	
	0.186178	
	0.193724	
	0.199064	
	0.214314	
	0.235343	
	0.211050	
	0.194513	
	0.168372	
	0.137210	
	0.102467	
	0.120886	
	0.124952	
	0.134951	
	0.134868	
	0.169199	
	0.150462	
	0.153521	
	0.156193	
	0.158250	
	0.216842	
	0.207241	
	0.176448	
	0.155382	
	0.128798	
	0.133812	
	0.150687	
	0.148977	
	0.190257	
	0.204141	
	0.260309	
	0.262520	
	0.278021	
	0.322502	
	0.287260	
	0.228502	
	0.199555	
	0.199465	
	0.212284	
	0.173309	
	0.201743	
	0.204772	
	0.147584	
	0.168781	
	0.148622	
	0.155138	
	0.137076	
	0.160097	
	0.172624	
	0.226095	
	0.166676	
	0.173604	
	0.214553	
	0.189658	
	0.189561	
	0.186024	
	0.156916	
	0.205307	
	0.236702	
	0.257121	
	0.210089	
	0.202401	
	0.247731	
	0.218439	
	0.212652	
	0.163906	
	0.177016	
	0.227197	
	0.240046	
	0.204110	
	0.174905	
	0.194809	
	0.161368	
	0.173433	
	0.169611	
	0.155735	
	0.127967	
	0.129345	
	0.137985	
	0.123237	
	0.111204	
	0.113117	
	0.116206	
	0.136507	
	0.128041	
	0.144762	
	0.167545	
	0.178717	
	0.170261	
	0.178141	
	0.177447	
	0.152537	
	0.158131	
	0.161043	
	0.174797	
	0.178333	
	0.191707	
	0.212444	
	0.224261	
	0.164305	
	0.166367	
	0.158271	
	0.158106	
	0.163385	
	0.172029	
	0.192626	
	0.223233	
	0.262041	
	0.246025	
	0.243268	
	0.180968	
	0.145657	
	0.146673	
	0.147620	
	0.147890	
	0.180726	
	0.220825	
	0.212792	
	0.211405	
	0.222444	
	0.269757	
	0.236692	
	0.219637	
	0.263568	
	0.287906	
	0.305447	
	0.221169	
	0.230882	
	0.298482	
	0.383016	
	0.339561	
	0.235683	
	0.203614	
	0.230807	
	0.224926	
	0.217613	
	0.195082	
	0.212437	
	0.194085	
	0.182325	
	0.192018	
	0.185540	
	0.210364	
	0.226480	
	0.210127	
	0.108172	
	0.089063	
	0.098298	
	0.109052	
	0.101950	
	0.115450	
	0.110503	
	0.119938	
	0.131767	
	0.118273	
	0.120444	
	0.102061	
	0.100521	
	0.119056	
	0.125628	
	0.144072	
	0.127288	
	0.116888	
	0.126690	
	0.142645	
	0.151189	
	0.144270	
	0.158318	
	0.174316	
	0.153024	
	0.155803	
	0.181101	
	0.185816	
	0.178550	
	0.195051	
	0.184098	
	0.197499	
	0.203855	
	0.231267	
	0.237076	
	0.165541	
	0.153098	
	0.165188	
	0.161956	
	0.149118	
	0.159816	
	0.176031	
	0.180698	
	0.197954	
	0.189366	
	0.201612	
	0.223037	
	0.253706	
	0.256922	
	0.254149	
	0.314671	
	0.317409	
	0.329162	
	0.346422	
	0.359246	
	0.362472	
	0.415950	
	0.360875	
	0.441851	
	0.467197	
	0.433924	
	0.402080	
	0.394426	
	0.372381	
	0.228284	
	0.179527	
	0.163865	
	0.151037	
	0.127154	
	0.106181	
	0.089697	
	0.068936	
	0.102419	
	0.101420	
	0.093692	
	0.094600	
	0.107520	
	0.096504	
	0.091940	
	0.121664	
	0.094131	
	0.121892	
	0.104569	
	0.121123	
	0.147534	
	0.142329	
	0.140043	
	0.127384	
	0.110991	
	0.100327	
	0.099907	
	0.132429	
	0.143780	
	0.163508	
	0.208443	
	0.205097	
	0.202508	
	0.197836	
	0.196112	
	0.166391	
	0.175175	
	0.216642	
	0.220282	
	0.232911	
	0.258684	
	0.252109	
	0.217855	
	0.128200	
	0.138962	
	0.130967	
	0.175897	
	0.193097	
	0.164453	
	0.246966	
	0.273413	
	0.249968	
	0.244498	
	0.281632	
	0.320761	
	0.383823	
	0.391160	
	0.407949	
	0.405303	
	0.389523	
	0.239962	
	0.239710	
	0.191923	
	0.203915	
	0.186541	
	0.164744	
	0.164224	
	0.167371	
	0.210447	
	0.232433	
	0.228417	
	0.269366	
	0.258367	
	0.287734	
	0.289947	
	0.285070	
	0.274822	
	0.191408	
	0.113472	
	0.085138	
	0.113655	
	0.126162	
	0.106953	
	0.108184	
	0.079622	
	0.081327	
	0.090141	
	0.099234	
	0.089646	
	0.117160	
	0.115037	
	0.124373	
	0.134356	
	0.104924	
	0.120726	
	0.088721	
	0.114451	
	0.102954	
	0.086356	
	0.130280	
	0.084656	
	0.123834	
	0.125348	
	0.138758	
	0.162611	
	0.110131	
	0.127553	
	0.119331	
	0.134697	
	0.124897	
	0.161623	
	0.169308	
	0.096653	
	0.085480	
	0.089322	
	0.082235	
	0.072136	
	0.066947	
	0.086644	
	0.069926	
	0.082893	
	0.070763	
	0.083409	
	0.084684	
	0.096874	
	0.083554	
	0.106802	
	0.086456	
	0.097744	
	0.092061	
	0.085834	
	0.075225	
	0.100560	
	0.087721	
	0.116448	
	0.092988	
	0.106029	
	0.114245	
	0.089171	
	0.111399	
	0.113468	
	0.104524	
	0.135260	
	0.155425	
	0.175238	
	0.146242	
	0.112019	
	0.096381	
	0.096719	
	0.088550	
	0.101058	
	0.096864	
	0.129559	
	0.106155	
	0.099507	
	0.097358	
	0.100024	
	0.100646	
	0.109818	
	0.104106	
	0.105632	
	0.115312	
	0.121792	
	0.123179	
	0.138745	
	0.167214	
	0.161260	
	0.175463	
	0.183342	
	0.192252	
	0.197686	
	0.208519	
	0.217002	
	0.222008	
	0.235660	
	0.262959	
	0.235789	
	0.273390	
	0.273046	
	0.268477	
	0.263311	
	0.254756	
	0.281620	
	0.175021	
	0.130870	
	0.149478	
	0.128606	
	0.176028	
	0.160924	
	0.245393	
	0.320507	
	0.365136	
	0.402413	
	0.393271	
	0.396603	
	0.458036	
	0.448610	
	0.397502	
	0.457466	
	0.457918	
	0.490989	
	0.467523	
	0.336772	
	0.305602	
	0.203932	
	0.167388	
	0.192448	
	0.250412	
	0.206944	
	0.207813	
	0.207088	
	0.210206	
	0.193630	
	0.229049	
	0.267610	
	0.346550	
	0.320126	
	0.356029	
	0.243149	
	0.121037	
	0.094072	
	0.087404	
	0.092369	
	0.091534	
	0.085217	
	0.102729	
	0.099652	
	0.114762	
	0.126661	
	0.122202	
	0.131982	
	0.115120	
	0.127452	
	0.142343	
	0.149519	
	0.171744	
	0.167690	
	0.173748	
	0.164868	
	0.170118	
	0.166062	
	0.169335	
	0.205479	
	0.185266	
	0.181672	
	0.186969	
	0.209322	
	0.240717	
	0.269796	
	0.242837	
	0.250950	
	0.279791	
	0.299124	
	0.298509	
	0.344327	
	0.247477	
	0.154229	
	0.206801	
	0.124904	
	0.104719	
	0.115188	
	0.127279	
	0.143664	
	0.145626	
	0.152428	
	0.164460	
	0.168342	
	0.153548	
	0.157452	
	0.155935	
	0.156037	
	0.127017	
	0.146731	
	0.147931	
	0.149176	
	0.146409	
	0.158654	
	0.206002	
	0.156059	
	0.147719	
	0.158531	
	0.164147	
	0.159161	
	0.182954	
	0.244493	
	0.232418	
	0.210945	
	0.259480	
	0.252492	
	0.167816	
	0.129204	
	0.110392	
	0.089225	
	0.089302	
	0.104345	
	0.108641	
	0.132679	
	0.117539	
	0.112079	
	0.110879	
	0.091850	
	0.111141	
	0.133834	
	0.127123	
	0.122750	
	0.113589	
	0.104959	
	0.108035	
	0.124010	
	0.132994	
	0.165009	
	0.176056	
	0.179490	
	0.189656	
	0.158963	
	0.129441	
	0.151659	
	0.170505	
	0.198625	
	0.207120	
	0.213595	
	0.192452	
	0.186582	
	0.165777	
	0.165695	
	0.210100	
	0.327961	
	0.180043	
	0.125066	
	0.106764	
	0.101014	
	0.118348	
	0.111362	
	0.129437	
	0.194845	
	0.211985	
	0.212042	
	0.193006	
	0.177254	
	0.132119	
	0.139202	
	0.147100	
	0.191931	
	0.247299	
	0.248052	
	0.195255	
	0.178367	
	0.164660	
	0.181090	
	0.209125	
	0.249816	
	0.278473	
	0.222015	
	0.186742	
	0.168130	
	0.150418	
	0.199181	
	0.274009	
	0.304768	
	0.359915	
	0.328735	
	0.294839	
	0.134828	
	0.108696	
	0.096325	
	0.099709	
	0.102888	
	0.100098	
	0.098698	
	0.094343	
	0.106985	
	0.097216	
	0.107118	
	0.103322	
	0.096123	
	0.110213	
	0.118181	
	0.110588	
	0.111446	
	0.133363	
	0.122311	
	0.103298	
	0.097872	
	0.108966	
	0.120119	
	0.126704	
	0.103907	
	0.127089	
	0.122732	
	0.140834	
	0.137299	
	0.114370	
	0.119570	
	0.109588	
	0.123401	
	0.139613	
	0.156012	
	0.140568	
	0.143246	
	0.114185	
	0.086494	
	0.089601	
	0.081747	
	0.094060	
	0.106789	
	0.167372	
	0.125793	
	0.107110	
	0.105285	
	0.097326	
	0.093462	
	0.110102	
	0.117434	
	0.165335	
	0.197380	
	0.224984	
	0.276019	
	0.320090	
	0.243097	
	0.204845	
	0.219154	
	0.211078	
	0.228280	
	0.226924	
	0.278838	
	0.281822	
	0.311176	
	0.288659	
	0.303831	
	0.323042	
	0.322880	
	0.245022	
	0.204762	
	0.183716	
	0.173112	
	0.120773	
	0.084935	
	0.089329	
	0.092567	
	0.106967	
	0.108897	
	0.099279	
	0.098592	
	0.092625	
	0.089782	
	0.102265	
	0.130277	
	0.124614	
	0.131857	
	0.132981	
	0.122702	
	0.117540	
	0.113699	
	0.116667	
	0.118825	
	0.121323	
	0.129389	
	0.123433	
	0.114793	
	0.114934	
	0.133244	
	0.136239	
	0.151914	
	0.147031	
	0.145178	
	0.148278	
	0.134182	
	0.126091	
	0.127978	
	0.126799	
	0.137037	
	0.135852	
	0.089019	
	0.107132	
	0.105963	
	0.115501	
	0.117738	
	0.120842	
	0.119467	
	0.143517	
	0.143482	
	0.183134	
	0.162886	
	0.142282	
	0.140387	
	0.151994	
	0.155757	
	0.183280	
	0.154211	
	0.155934	
	0.172917	
	0.134409	
	0.125725	
	0.140451	
	0.155345	
	0.177837	
	0.187337	
	0.168446	
	0.175956	
	0.172626	
	0.167568	
	0.173304	
	0.177569	
	0.175629	
	0.147881	
	0.138856	
	0.126720	
	0.126413	
	0.087339	
	0.097261	
	0.115551	
	0.110298	
	0.088469	
	0.103318	
	0.110549	
	0.092877	
	0.096253	
	0.091908	
	0.105770	
	0.107134	
	0.123113	
	0.103664	
	0.132115	
	0.146876	
	0.134728	
	0.134951	
	0.113639	
	0.138183	
	0.146628	
	0.118970	
	0.134321	
	0.141725	
	0.157587	
	0.153760	
	0.157924	
	0.113238	
	0.134294	
	0.168381	
	0.116229	
	0.146906	
	0.151837	
	0.155571	
	0.139722	
	0.088873	
	0.113795	
	0.134406	
	0.126734	
	0.136102	
	0.155423	
	0.187511	
	0.191862	
	0.182488	
	0.166539	
	0.186172	
	0.172572	
	0.150923	
	0.149832	
	0.139362	
	0.152867	
	0.135501	
	0.141648	
	0.146079	
	0.138889	
	0.152190	
	0.131831	
	0.133170	
	0.177942	
	0.211455	
	0.239463	
	0.263340	
	0.317708	
	0.365431	
	0.394538	
	0.358175	
	0.380472	
	0.292733	
	0.194854	
	0.213631	
	0.169164	
	0.139656	
	0.128886	
	0.155553	
	0.123602	
	0.166238	
	0.194804	
	0.208679	
	0.208683	
	0.248877	
	0.265254	
	0.251944	
	0.273916	
	0.250000	
	0.255318	
	0.289704	
	0.265984	
	0.296405	
	0.328969	
	0.337462	
	0.376261	
	0.416540	
	0.367537	
	0.340740	
	0.361169	
	0.356481	
	0.388622	
	0.422993	
	0.459618	
	0.427440	
	0.417183	
	0.430678	
	0.434506	
	0.408480	
	0.283845	
	0.229110	
	0.259064	
	0.270583	
	0.320998	
	0.288838	
	0.287163	
	0.304950	
	0.332848	
	0.387632	
	0.414065	
	0.460702	
	0.476137	
	0.421360	
	0.349777	
	0.387826	
	0.444828	
	0.500904	
	0.474849	
	0.385784	
	0.433745	
	0.429563	
	0.508369	
	0.497875	
	0.428653	
	0.427731	
	0.375253	
	0.369600	
	0.342180	
	0.391988	
	0.379780	
	0.425005	
	0.391731	
	0.384390	
	0.416610	
	0.215405	
	0.154933	
	0.114753	
	0.107569	
	0.122026	
	0.133502	
	0.135139	
	0.142648	
	0.143979	
	0.189318	
	0.201561	
	0.253617	
	0.256751	
	0.279629	
	0.305057	
	0.276020	
	0.265558	
	0.270170	
	0.297275	
	0.269348	
	0.264485	
	0.310332	
	0.317533	
	0.350264	
	0.331790	
	0.357208	
	0.419126	
	0.403867	
	0.327895	
	0.334366	
	0.391328	
	0.387838	
	0.378020	
	0.439291	
	0.404849	
	0.416526	
	0.382187	
	0.234236	
	0.191818	
	0.176873	
	0.199808	
	0.197754	
	0.213904	
	0.230550	
	0.238331	
	0.322511	
	0.330018	
	0.335492	
	0.358075	
	0.337412	
	0.346719	
	0.368473	
	0.433311	
	0.406190	
	0.421469	
	0.420555	
	0.496089	
	0.448944	
	0.469215	
	0.406768	
	0.421524	
	0.428438	
	0.518965	
	0.527848	
	0.479175	
	0.462484	
	0.489213	
	0.511627	
	0.483560	
	0.529233	
	0.534295	
	0.458598	
	0.436587	
	0.294127	
	0.188750	
	0.164496	
	0.154031	
	0.161862	
	0.174557	
	0.196541	
	0.228584	
	0.207324	
	0.197437	
	0.204200	
	0.187532	
	0.231636	
	0.259434	
	0.291358	
	0.287023	
	0.274957	
	0.312172	
	0.382966	
	0.270329	
	0.244345	
	0.236766	
	0.232090	
	0.225514	
	0.252548	
	0.271474	
	0.317585	
	0.270426	
	0.277370	
	0.250348	
	0.259280	
	0.265478	
	0.269065	
	0.289025	
	0.340741	
	0.345574	
	0.334103	
	0.269728	
	0.223318	
	0.218135	
	0.196404	
	0.259482	
	0.288974	
	0.246768	
	0.226716	
	0.230531	
	0.237701	
	0.225197	
	0.238381	
	0.282515	
	0.253550	
	0.268412	
	0.283807	
	0.232679	
	0.233145	
	0.241630	
	0.262855	
	0.221919	
	0.242629	
	0.286993	
	0.231036	
	0.197212	
	0.182039	
	0.183742	
	0.196487	
	0.216537	
	0.244084	
	0.253053	
	0.216116	
	0.224781	
	0.247704	
	0.279581	
	0.304253	
	0.293973	
	0.311927	
	0.370541	
	0.396205	
	0.356825	
	0.318210	
	0.256133	
	0.298983	
	0.298802	
	0.269123	
	0.336102	
	0.337379	
	0.294949	
	0.266115	
	0.250994	
	0.258473	
	0.289457	
	0.270105	
	0.294592	
	0.257760	
	0.278489	
	0.300561	
	0.268963	
	0.254188	
	0.243177	
	0.278457	
	0.269998	
	0.282092	
	0.300785	
	0.232437	
	0.268981	
	0.238529	
	0.226078	
	0.262796	
	0.304707	
	0.278959	
	0.225762	
	0.220369	
	0.219792	
	0.207739	
	0.243447	
	0.349682	
	0.285071	
	0.195865	
	0.163138	
	0.138551	
	0.140289	
	0.137428	
	0.166491	
	0.161863	
	0.174531	
	0.191189	
	0.183368	
	0.144118	
	0.157947	
	0.150670	
	0.169670	
	0.192652	
	0.178698	
	0.167887	
	0.169647	
	0.193881	
	0.218861	
	0.297572	
	0.374030	
	0.359718	
	0.378051	
	0.254453	
	0.314445	
	0.315025	
	0.314361	
	0.297711	
	0.240775	
	0.233118	
	0.218572	
	0.223197	
	0.223533	
	0.177387	
	0.221595	
	0.254231	
	0.261247	
	0.272267	
	0.293430	
	0.302542	
	0.315411	
	0.305851	
	0.293858	
	0.301385	
	0.286845	
	0.302054	
	0.303611	
	0.307599	
	0.323851	
	0.312198	
	0.305156	
	0.335519	
	0.308295	
	0.303758	
	0.329633	
	0.336498	
	0.303060	
	0.302116	
	0.334374	
	0.352979	
	0.325351	
	0.391937	
	0.398356	
	0.342584	
	0.346460	
	0.366962	
	0.350701	
	0.325008	
	0.355017	
	0.335001	
	0.373714	
	0.387186	
	0.365029	
	0.400441	
	0.367826	
	0.324061	
	0.314550	
	0.299307	
	0.342132	
	0.342295	
	0.330610	
	0.304240	
	0.317235	
	0.311949	
	0.309718	
	0.321126	
	0.301866	
	0.328328	
	0.313273	
	0.299845	
	0.295977	
	0.225981	
	0.181670	
	0.200886	
	0.180303	
	0.185355	
	0.208018	
	0.229507	
	0.224483	
	0.211801	
	0.201964	
	0.192032	
	0.195333	
	0.189347	
	0.233048	
	0.279631	
	0.282405	
	0.235969	
	0.285566	
	0.211295	
	0.155137	
	0.126108	
	0.144319	
	0.190766	
	0.223710	
	0.226163	
	0.271651	
	0.231427	
	0.192482	
	0.180510	
	0.212161	
	0.217722	
	0.220856	
	0.215385	
	0.211215	
	0.226308	
	0.219561	
	0.224091	
	0.240234	
	0.248754	
	0.302334	
	0.279902	
	0.255405	
	0.277346	
	0.258595	
	0.253571	
	0.225327	
	0.226766	
	0.236487	
	0.218816	
	0.226614	
	0.238418	
	0.249029	
	0.246802	
	0.213415	
	0.153873	
	0.140074	
	0.108224	
	0.086921	
	0.100085	
	0.100336	
	0.116906	
	0.117014	
	0.106558	
	0.119281	
	0.143689	
	0.144440	
	0.123983	
	0.118324	
	0.133702	
	0.161007	
	0.147239	
	0.155752	
	0.153902	
	0.148922	
	0.132267	
	0.129890	
	0.141858	
	0.131510	
	0.114205	
	0.114116	
	0.106049	
	0.104085	
	0.106601	
	0.099766	
	0.117079	
	0.129762	
	0.111115	
	0.099639	
	0.089326	
	0.082036	
	0.092133	
	0.083594	
	0.084981	
	0.084767	
	0.093265	
	0.089530	
	0.098844	
	0.087730	
	0.099080	
	0.120556	
	0.105235	
	0.097690	
	0.133302	
	0.113436	
	0.118258	
	0.115869	
	0.112143	
	0.111435	
	0.095286	
	0.104508	
	0.093144	
	0.093491	
	0.095773	
	0.098864	
	0.093280	
	0.088498	
	0.105684	
	0.099974	
	0.118205	
	0.132620	
	0.158811	
	0.166910	
	0.184837	
	0.167861	
	0.170589	
	0.212563	
	0.221856	
	0.196980	
	0.149986	
	0.164939	
	0.160132	
	0.173736	
	0.180335	
	0.177812	
	0.196076	
	0.196433	
	0.201082	
	0.202364	
	0.173641	
	0.171046	
	0.169692	
	0.183346	
	0.177193	
	0.183283	
	0.223191	
	0.222655	
	0.208466	
	0.223292	
	0.244024	
	0.234198	
	0.266414	
	0.267386	
	0.247385	
	0.211620	
	0.232756	
	0.253687	
	0.245765	
	0.246249	
	0.193534	
	0.159714	
	0.172203	
	0.161012	
	0.171535	
	0.191396	
	0.210969	
	0.179122	
	0.160186	
	0.148083	
	0.141152	
	0.139990	
	0.134707	
	0.127189	
	0.107690	
	0.142383	
	0.158637	
	0.156141	
	0.142951	
	0.159209	
	0.178198	
	0.169672	
	0.179340	
	0.193613	
	0.216545	
	0.195787	
	0.185651	
	0.160166	
	0.125179	
	0.105315	
	0.110539	
	0.110216	
	0.106483	
	0.095469	
	0.104080	
	0.101770	
	0.109820	
	0.097925	
	0.071945	
	0.073427	
	0.067864	
	0.094972	
	0.081183	
	0.065937	
	0.070212	
	0.064567	
	0.083247	
	0.079979	
	0.104180	
	0.100827	
	0.111309	
	0.113671	
	0.099244	
	0.107438	
	0.146739	
	0.138361	
	0.135995	
	0.138555	
	0.140924	
	0.127609	
	0.125036	
	0.130844	
	0.132018	
	0.143183	
	0.132924	
	0.167438	
	0.246033	
	0.332940	
	0.275200	
	0.224070	
	0.183625	
	0.210368	
	0.286151	
	0.257576	
	0.259821	
	0.332507	
	0.262218	
	0.262096	
	0.258879	
	0.283602	
	0.256258	
	0.249823	
	0.209135	
	0.177250	
	0.174711	
	0.181269	
	0.178563	
	0.168146	
	0.181149	
	0.185991	
	0.190966	
	0.204200	
	0.200913	
	0.197071	
	0.209481	
	0.209809	
	0.209486	
	0.192820	
	0.218445	
	0.194888	
	0.183630	
	0.198437	
	0.223319	
	0.192772	
	0.205189	
	0.183839	
	0.168952	
	0.177155	
	0.208981	
	0.199980	
	0.207015	
	0.187083	
	0.166152	
	0.195139	
	0.209323	
	0.179251	
	0.182930	
	0.154502	
	0.139301	
	0.151382	
	0.162869	
	0.152236	
	0.148204	
	0.157968	
	0.161424	
	0.137917	
	0.140044	
	0.175265	
	0.230444	
	0.189869	
	0.201651	
	0.319916	
	0.341183	
	0.385574	
	0.421039	
	0.397275	
	0.386589	
	0.371987	
	0.359372	
	0.356200	
	0.417995	
	0.449173	
	0.422029	
	0.392084	
	0.383051	
	0.334680	
	0.178924	
	0.156544	
	0.143964	
	0.100707	
	0.106212	
	0.187305	
	0.183244	
	0.255554	
	0.283848	
	0.338918	
	0.369948	
	0.353602	
	0.374740	
	0.396828	
	0.402631	
	0.408477	
	0.326997	
	0.216568	
	0.316958	
	0.274758	
	0.272672	
	0.218467	
	0.167288	
	0.160635	
	0.129164	
	0.128874	
	0.150772	
	0.130255	
	0.150527	
	0.155331	
	0.181244	
	0.168307	
	0.172056	
	0.157804	
	0.130458	
	0.106610	
	0.116352	
	0.117079	
	0.103747	
	0.141598	
	0.118772	
	0.113855	
	0.143254	
	0.130314	
	0.093955	
	0.108221	
	0.091456	
	0.123754	
	0.139661	
	0.130460	
	0.107257	
	0.102393	
	0.095771	
	0.093609	
	0.101830	
	0.088163	
	0.091518	
	0.116114	
	0.139107	
	0.108330	
	0.098453	
	0.094029	
	0.110854	
	0.097068	
	0.117209	
	0.133761	
	0.155458	
	0.190729	
	0.151059	
	0.109940	
	0.115389	
	0.169494	
	0.211790	
	0.248810	
	0.206314	
	0.166192	
	0.088053	
	0.119976	
	0.129626	
	0.126128	
	0.155574	
	0.157728	
	0.148936	
	0.150175	
	0.157481	
	0.172301	
	0.189052	
	0.205143	
	0.198004	
	0.207341	
	0.198620	
	0.183483	
	0.169079	
	0.205187	
	0.258382	
	0.274777	
	0.272173	
	0.287176	
	0.299594	
	0.292782	
	0.318787	
	0.288911	
	0.286851	
	0.300875	
	0.292996	
	0.288675	
	0.287706	
	0.328857	
	0.286433	
	0.280240	
	0.286947	
	0.268962	
	0.241232	
	0.243745	
	0.262949	
	0.276984	
	0.321429	
	0.336550	
	0.273936	
	0.258860	
	0.255861	
	0.315564	
	0.320193	
	0.339067	
	0.301264	
	0.317474	
	0.326250	
	0.346154	
	0.343117	
	0.323416	
	0.348312	
	0.326258	
	0.298711	
	0.298739	
	0.325010	
	0.307692	
	0.274826	
	0.314967	
	0.275188	
	0.274666	
	0.289999	
	0.245215	
	0.254310	
	0.284480	
	0.268620	
	0.212939	
	0.210801	
	0.181507	
	0.166121	
	0.150200	
	0.166813	
	0.141609	
	0.153318	
	0.160059	
	0.167931	
	0.154111	
	0.154558	
	0.149054	
	0.159220	
	0.178013	
	0.185926	
	0.197457	
	0.228718	
	0.221247	
	0.206202	
	0.256965	
	0.257043	
	0.235505	
	0.193920	
	0.172095	
	0.186590	
	0.206110	
	0.212020	
	0.214872	
	0.181355	
	0.170007	
	0.169251	
	0.150530	
	0.161626	
	0.166975	
	0.227010	
	0.268955	
	0.202466	
	0.166732	
	0.164674	
	0.207979	
	0.182197	
	0.180075	
	0.208506	
	0.282828	
	0.269768	
	0.232241	
	0.186303	
	0.191426	
	0.207503	
	0.232464	
	0.252455	
	0.255416	
	0.239553	
	0.209873	
	0.199506	
	0.187639	
	0.205306	
	0.218522	
	0.275026	
	0.253684	
	0.197527	
	0.201963	
	0.211928	
	0.210685	
	0.183034	
	0.144441	
	0.129041	
	0.134691	
	0.134875	
	0.139415	
	0.149936	
	0.180385	
	0.191973	
	0.183656	
	0.123168	
	0.114841	
	0.109936	
	0.086644	
	0.088477	
	0.102253	
	0.125824	
	0.134729	
	0.108084	
	0.114376	
	0.122308	
	0.146003	
	0.137819	
	0.106361	
	0.126018	
	0.106628	
	0.116568	
	0.120861	
	0.133858	
	0.125598	
	0.130548	
	0.145958	
	0.146877	
	0.122318	
	0.135380	
	0.129605	
	0.111230	
	0.121422	
	0.135610	
	0.122844	
	0.119773	
	0.139956	
	0.126945	
	0.133533	
	0.144421	
	0.138114	
	0.154494	
	0.169625	
	0.172617	
	0.163287	
	0.167584	
	0.181418	
	0.153257	
	0.138249	
	0.172570	
	0.154663	
	0.138567	
	0.137907	
	0.146685	
	0.142352	
	0.128994	
	0.162902	
	0.155475	
	0.134463	
	0.144738	
	0.173001	
	0.116749	
	0.139871	
	0.252527	
	0.406464	
	0.468718	
	0.413199	
	0.396814	
	0.394860	
	0.366877	
	0.356508	
	0.361565	
	0.380594	
	0.322161	
	0.267974	
	0.306450	
	0.255459	
	0.228082	
	0.145625	
	0.118350	
	0.157749	
	0.154441	
	0.146830	
	0.162651	
	0.149574	
	0.140107	
	0.152142	
	0.156672	
	0.171277	
	0.172870	
	0.148497	
	0.152895	
	0.149924	
	0.150222	
	0.147122	
	0.156657	
	0.183064	
	0.193541	
	0.212059	
	0.192833	
	0.205616	
	0.176746	
	0.157952	
	0.162041	
	0.147567	
	0.172438	
	0.277872	
	0.336587	
	0.251524	
	0.285431	
	0.302487	
	0.355509	
	0.357165	
	0.241194	
	0.304551	
	0.257378	
	0.183056	
	0.163014	
	0.150937	
	0.171732	
	0.177746	
	0.198829	
	0.168833	
	0.181997	
	0.202860	
	0.194848	
	0.219144	
	0.216983	
	0.217032	
	0.217442	
	0.214919	
	0.165725	
	0.186089	
	0.190887	
	0.178130	
	0.128131	
	0.111596	
	0.237248	
	0.297990	
	0.266738	
	0.252235	
	0.256131	
	0.269184	
	0.289079	
	0.285695	
	0.297834	
	0.282303	
	0.250619	
	0.164574	
	0.198515	
	0.215030	
	0.284785	
	0.304128	
	0.321127	
	0.339752	
	0.335056	
	0.281917	
	0.258181	
	0.227323	
	0.224726	
	0.236341	
	0.224009	
	0.235786	
	0.258468	
	0.235255	
	0.266011	
	0.222007	
	0.226492	
	0.215493	
	0.179475	
	0.169555	
	0.183860	
	0.209219	
	0.193786	
	0.197135	
	0.218178	
	0.200864	
	0.193676	
	0.233123	
	0.223081	
	0.239641	
	0.219203	
	0.217421	
	0.208393	
	0.189750	
	0.198603	
	0.181558	
	0.176189	
	0.192874	
	0.222679	
	0.207494	
	0.217480	
	0.203810	
	0.233892	
	0.271618	
	0.264810	
	0.272986	
	0.242376	
	0.226367	
	0.225986	
	0.159393	
	0.162543	
	0.177605	
	0.222767	
	0.256320	
	0.231220	
	0.220434	
	0.230956	
	0.234027	
	0.220249	
	0.230828	
	0.229708	
	0.253304	
	0.260013	
	0.273169	
	0.234890	
	0.237250	
	0.242653	
	0.284083	
	0.254559	
	0.254038	
	0.285014	
	0.284517	
	0.275044	
	0.288270	
	0.329920	
	0.308560	
	0.282024	
	0.306846	
	0.273790	
	0.242729	
	0.240522	
	0.242831	
	0.266536	
	0.294267	
	0.287010	
	0.245119	
	0.226980	
	0.346849	
	0.278660	
	0.307508	
	0.252135	
	0.189900	
	0.199050	
	0.299463	
	0.309298	
	0.311912	
	0.278802	
	0.325079	
	0.296347	
	0.301961	
	0.355355	
	0.365332	
	0.312347	
	0.308295	
	0.336519	
	0.298747	
	0.306100	
	0.362704	
	0.367235	
	0.317286	
	0.207928	
	0.169101	
	0.181546	
	0.205095	
	0.188177	
	0.198121	
	0.246383	
	0.241983	
	0.247484	
	0.291385	
	0.261888	
	0.283485	
	0.295575	
	0.323316	
	0.350908	
	0.321105	
	0.271878	
	0.330218	
	0.344567	
	0.355975	
	0.314904	
	0.267907	
	0.266519	
	0.223874	
	0.201013	
	0.213905	
	0.241028	
	0.265051	
	0.272262	
	0.279762	
	0.297395	
	0.289015	
	0.315380	
	0.371397	
	0.294843	
	0.208594	
	0.163344	
	0.169775	
	0.168608	
	0.203221	
	0.256449	
	0.354729	
	0.417212	
	0.371057	
	0.269473	
	0.233366	
	0.265879	
	0.278515	
	0.293179	
	0.302703	
	0.345031	
	0.358069	
	0.322874	
	0.319943	
	0.301215	
	0.295784	
	0.287393	
	0.285762	
	0.282251	
	0.254578	
	0.258159	
	0.313348	
	0.393230	
	0.585167	
	0.615415	
	0.568190	
	0.504852	
	0.344733	
	0.341013	
	0.240138	
	0.211747	
	0.188834	
	0.186545	
	0.187515	
	0.219155	
	0.225922	
	0.211395	
	0.203218	
	0.217386	
	0.222720	
	0.226387	
	0.255181	
	0.291989	
	0.275965	
	0.282218	
	0.307573	
	0.277979	
	0.267009	
	0.299729	
	0.330636	
	0.373369	
	0.361496	
	0.279443	
	0.272145	
	0.277943	
	0.286742	
	0.332436	
	0.376054	
	0.339938	
	0.347694	
	0.328428	
	0.329693	
	0.343270	
	0.359542	
	0.385688	
	0.410621	
	0.380050	
	0.321683	
	0.253750	
	0.274264	
	0.320256	
	0.343677	
	0.351487	
	0.241154	
	0.211137	
	0.183014	
	0.190693	
	0.188312	
	0.179555	
	0.251149	
	0.179346	
	0.186434	
	0.186624	
	0.217486	
	0.203783	
	0.277207	
	0.203131	
	0.196062	
	0.210928	
	0.226417	
	0.209085	
	0.198296	
	0.233882	
	0.215752	
	0.257804	
	0.223389	
	0.194246	
	0.212878	
	0.195431	
	0.200073	
	0.198435	
	0.174763	
	0.170242	
	0.192110	
	0.197301	
	0.207622	
	0.214715	
	0.196845	
	0.195356	
	0.175987	
	0.210686	
	0.242942	
	0.194235	
	0.195692	
	0.198733	
	0.162096	
	0.165640	
	0.155259	
	0.142715	
	0.126190	
	0.149572	
	0.159968	
	0.191738	
	0.186172	
	0.133873	
	0.148126	
	0.141589	
	0.139370	
	0.110695	
	0.115423	
	0.111582	
	0.102478	
	0.105427	
	0.104419	
	0.118516	
	0.109714	
	0.113751	
	0.127378	
	0.159856	
	0.222621	
	0.265527	
	0.223924	
	0.182602	
	0.135612	
	0.140482	
	0.142090	
	0.099517	
	0.100978	
	0.108669	
	0.117726	
	0.134034	
	0.137488	
	0.154142	
	0.170951	
	0.174565	
	0.162753	
	0.199759	
	0.319373	
	0.289579	
	0.242130	
	0.214819	
	0.222744	
	0.202429	
	0.197411	
	0.171459	
	0.195097	
	0.171035	
	0.174741	
	0.184342	
	0.193904	
	0.176973	
	0.172689	
	0.189287	
	0.221438	
	0.199779	
	0.217363	
	0.207032	
	0.209126	
	0.193293	
	0.205059	
	0.204554	
	0.221820	
	0.191544	
	0.151879	
	0.202799	
	0.162173	
	0.155848	
	0.190285	
	0.143893	
	0.169192	
	0.192632	
	0.213304	
	0.199671	
	0.163224	
	0.169651	
	0.179416	
	0.209079	
	0.212388	
	0.199599	
	0.165360	
	0.183139	
	0.179618	
	0.206293	
	0.175224	
	0.185966	
	0.177852	
	0.186828	
	0.225016	
	0.190350	
	0.170315	
	0.205391	
	0.252602	
	0.257748	
	0.204771	
	0.237755	
	0.256370	
	0.249066	
	0.225497	
	0.260335	
	0.279689	
	0.259869	
	0.249314	
	0.257592	
	0.262633	
	0.289940	
	0.270449	
	0.259420	
	0.264031	
	0.283802	
	0.324460	
	0.345986	
	0.322775	
	0.268269	
	0.272424	
	0.260697	
	0.307052	
	0.326155	
	0.303551	
	0.271362	
	0.257989	
	0.274343	
	0.315197	
	0.321138	
	0.301880	
	0.258576	
	0.257792	
	0.239930	
	0.251107	
	0.284783	
	0.291866	
	0.238640	
	0.262055	
	0.308070	
	0.342879	
	0.328184	
	0.236800	
	0.291579	
	0.316997	
	0.293931	
	0.294837	
	0.307159	
	0.312541	
	0.287382	
	0.273382	
	0.271586	
	0.188783	
	0.170119	
	0.169094	
	0.193051	
	0.197930	
	0.219343	
	0.214559	
	0.204195	
	0.211605	
	0.218033	
	0.219753	
	0.212437	
	0.174406	
	0.187556	
	0.181184	
	0.191255	
	0.167582	
	0.193222	
	0.183009	
	0.231017	
	0.246665	
	0.247351	
	0.220089	
	0.212509	
	0.230020	
	0.198491	
	0.200554	
	0.200934	
	0.209363	
	0.188579	
	0.204567	
	0.205775	
	0.201714	
	0.202229	
	0.176771	
	0.171709	
	0.176886	
	0.186332	
	0.191835	
	0.205026	
	0.183033	
	0.206977	
	0.209653	
	0.210257	
	0.218109	
	0.184987	
	0.174173	
	0.156735	
	0.162452	
	0.163841	
	0.161907	
	0.164088	
	0.179247	
	0.172145	
	0.197098	
	0.186415	
	0.182338	
	0.191300	
	0.207950	
	0.199110	
	0.209647	
	0.253018	
	0.211806	
	0.191611	
	0.176238	
	0.181255	
	0.178767	
	0.181544	
	0.199181	
	0.203568	
	0.202193	
	0.215742	
	0.224752	
	0.190338	
	0.197425	
	0.197992	
	0.199695	
	0.177099	
	0.166507	
	0.203639	
	0.179050	
	0.199422	
	0.186750	
	0.165100	
	0.159588	
	0.139377	
	0.207625	
	0.191932	
	0.192615	
	0.186693	
	0.166912	
	0.161837	
	0.207076	
	0.254392	
	0.237165	
	0.244227	
	0.208646	
	0.200742	
	0.191353	
	0.185723	
	0.166444	
	0.174384	
	0.205819	
	0.214174	
	0.195587	
	0.218854	
	0.228400	
	0.192517	
	0.182993	
	0.197946	
	0.254727	
	0.225796	
	0.226619	
	0.228599	
	0.201841	
	0.167878	
	0.190332	
	0.192362	
	0.202107	
	0.250923	
	0.195806	
	0.194585	
	0.178489	
	0.141362	
	0.130055	
	0.136754	
	0.133811	
	0.134084	
	0.143456	
	0.139424	
	0.134152	
	0.138302	
	0.151736	
	0.144825	
	0.139834	
	0.143992	
	0.168714	
	0.159552	
	0.172958	
	0.157291	
	0.148240	
	0.145029	
	0.133319	
	0.124315	
	0.150701	
	0.160909	
	0.172713	
	0.172152	
	0.154955	
	0.156399	
	0.154254	
	0.183330	
	0.189309	
	0.230120	
	0.198075	
	0.173706	
	0.160879	
	0.149262	
	0.129465	
	0.138546	
	0.165925	
	0.126658	
	0.156017	
	0.175747	
	0.146536	
	0.142667	
	0.164062	
	0.220269	
	0.218902	
	0.168058	
	0.151158	
	0.179323	
	0.169500	
	0.135758	
	0.128012	
	0.111743	
	0.112915	
	0.113672	
	0.103185	
	0.081082	
	0.093413	
	0.115927	
	0.134433	
	0.141952	
	0.156896	
	0.151747	
	0.146525	
	0.131752	
	0.132041	
	0.145293	
	0.129080	
	0.125286	
	0.122160	
	0.133646	
	0.137376	
	0.138493	
	0.124197	
	0.167992	
	0.198224	
	0.164631	
	0.189424	
	0.186203	
	0.215411	
	0.218366	
	0.174887	
	0.163670	
	0.165843	
	0.179343	
	0.190531	
	0.215013	
	0.232184	
	0.202695	
	0.209469	
	0.226870	
	0.216238	
	0.231345	
	0.217259	
	0.271667	
	0.232624	
	0.277292	
	0.262482	
	0.217822	
	0.201743	
	0.186494	
	0.187880	
	0.166171	
	0.220627	
	0.240989	
	0.257731	
	0.265854	
	0.270138	
	0.216825	
	0.198760	
	0.212013	
	0.212509	
	0.239503	
	0.235648	
	0.221144	
	0.229331	
	0.282621	
	0.247218	
	0.227671	
	0.225534	
	0.242047	
	0.242696	
	0.212358	
	0.185000	
	0.208650	
	0.215608	
	0.196744	
	0.173567	
	0.183906	
	0.265976	
	0.229932	
	0.196960	
	0.183699	
	0.187894	
	0.196815	
	0.192627	
	0.190927	
	0.202716	
	0.186921	
	0.182479	
	0.207312	
	0.195662	
	0.182848	
	0.184258	
	0.181255	
	0.203185	
	0.251353	
	0.258705	
	0.238807	
	0.255454	
	0.215842	
	0.244245	
	0.205309	
	0.214194	
	0.218134	
	0.262221	
	0.269496	
	0.232264	
	0.207642	
	0.196863	
	0.208566	
	0.181686	
	0.198232	
	0.247954	
	0.240771	
	0.253471	
	0.255485	
	0.270999	
	0.261223	
	0.266274	
	0.266051	
	0.308339	
	0.292542	
	0.260334	
	0.262989	
	0.255004	
	0.262647	
	0.318534	
	0.359502	
	0.391979	
	0.440648	
	0.508849	
	0.506829	
	0.509109	
	0.580898	
	0.703362	
	0.676963	
	0.605206	
	0.623198	
	0.601251	
	NaN	
	NaN	
	NaN	
	NaN	
	NaN	
	NaN	
	NaN	
	NaN	
	NaN	
	NaN	
	NaN	
	NaN	
	NaN	
	NaN	
	NaN	
	NaN	
	NaN	
	NaN	
	NaN	
	NaN	
	NaN	
	NaN	
	NaN	
	NaN	
	NaN	
	NaN	
	NaN	
	NaN	
	NaN	
	NaN	
	NaN	
	NaN	
	NaN	
	NaN	
	NaN	
	NaN	
	NaN	
	NaN	
	NaN	
	NaN	
	NaN	
	NaN	
	NaN	
	NaN	
	NaN	
	NaN	
	NaN	
	NaN	
	NaN	
	NaN	
	NaN	
	NaN	
	NaN	
	NaN	
	NaN	
	NaN	
	NaN	
	NaN	
	NaN	
	NaN	
	NaN	
	NaN	
	NaN	
	NaN	
	NaN	
	NaN	
