_Brightness		
	NaN	
	NaN	
	NaN	
	NaN	
	NaN	
	NaN	
	NaN	
	NaN	
	NaN	
	NaN	
	NaN	
	NaN	
	NaN	
	NaN	
	NaN	
	0.258908	
	0.140808	
	0.176720	
	0.146854	
	0.187958	
	0.111959	
	0.101559	
	0.104920	
	0.214003	
	0.132951	
	0.099019	
	0.148676	
	0.174898	
	0.152817	
	0.151212	
	0.238354	
	0.168390	
	0.139502	
	0.105902	
	0.172651	
	0.128266	
	0.121005	
	0.193223	
	0.169442	
	0.109163	
	0.135693	
	0.133939	
	0.140364	
	0.102294	
	0.109993	
	0.149968	
	0.195505	
	0.246891	
	0.241050	
	0.279918	
	0.327801	
	0.262408	
	0.189491	
	0.133100	
	0.194322	
	0.139500	
	0.098321	
	0.188035	
	0.214863	
	0.150264	
	0.138556	
	0.178763	
	0.148336	
	0.120663	
	0.238309	
	0.163821	
	0.130172	
	0.202256	
	0.168024	
	0.135696	
	0.196740	
	0.177453	
	0.140496	
	0.174401	
	0.142216	
	0.125964	
	0.120439	
	0.212242	
	0.128404	
	0.114728	
	0.167678	
	0.125501	
	0.100634	
	0.220414	
	0.158144	
	0.117794	
	0.212755	
	0.159802	
	0.112133	
	0.153920	
	0.185815	
	0.132416	
	0.107839	
	0.181373	
	0.170061	
	0.153416	
	0.269910	
	0.176035	
	0.125729	
	0.151675	
	0.174194	
	0.149284	
	0.170844	
	0.239861	
	0.163029	
	0.123911	
	0.239319	
	0.152036	
	0.099734	
	0.204423	
	0.139845	
	0.108480	
	0.119625	
	0.132014	
	0.214393	
	0.219278	
	0.308575	
	0.175073	
	0.113814	
	0.101053	
	0.082072	
	0.209386	
	0.129286	
	0.096711	
	0.135997	
	0.127308	
	0.117996	
	0.145261	
	0.173367	
	0.105562	
	0.090858	
	0.189953	
	0.109030	
	0.101918	
	0.184302	
	0.146100	
	0.095492	
	0.195677	
	0.174368	
	0.165995	
	0.106039	
	0.195278	
	0.122282	
	0.100038	
	0.181041	
	0.129519	
	0.117009	
	0.105223	
	0.155912	
	0.108909	
	0.102756	
	0.119973	
	0.117858	
	0.091109	
	0.155574	
	0.131068	
	0.086713	
	0.143143	
	0.108623	
	0.092050	
	0.181263	
	0.191933	
	0.117209	
	0.114587	
	0.138703	
	0.102251	
	0.114418	
	0.198927	
	0.155194	
	0.141525	
	0.123272	
	0.153291	
	0.118430	
	0.105243	
	0.186136	
	0.157267	
	0.118630	
	0.124685	
	0.096824	
	0.111512	
	0.116459	
	0.118306	
	0.149219	
	0.161356	
	0.216746	
	0.275303	
	0.275477	
	0.283372	
	0.319151	
	0.238919	
	0.161796	
	0.139154	
	0.161987	
	0.135296	
	0.141208	
	0.202317	
	0.204455	
	0.139717	
	0.227398	
	0.154059	
	0.110751	
	0.158778	
	0.249652	
	0.172007	
	0.136466	
	0.206517	
	0.138917	
	0.103725	
	0.187861	
	0.221557	
	0.161697	
	0.129228	
	0.186449	
	0.122254	
	0.106105	
	0.252437	
	0.171241	
	0.131626	
	0.140012	
	0.174421	
	0.126624	
	0.096372	
	0.189688	
	0.129402	
	0.107092	
	0.134931	
	0.169996	
	0.123308	
	0.098758	
	0.182855	
	0.117083	
	0.098433	
	0.132779	
	0.177091	
	0.136295	
	0.111975	
	0.245106	
	0.145424	
	0.122148	
	0.179051	
	0.195993	
	0.141924	
	0.134329	
	0.236999	
	0.167591	
	0.128004	
	0.186907	
	0.193486	
	0.148043	
	0.109635	
	0.180047	
	0.141177	
	0.081383	
	0.106247	
	0.107003	
	0.073277	
	0.080122	
	0.158389	
	0.118766	
	0.071760	
	0.083639	
	0.164100	
	0.114930	
	0.117411	
	0.098958	
	0.099536	
	0.076888	
	0.070238	
	0.065155	
	0.064517	
	0.069905	
	0.082632	
	0.073918	
	0.068562	
	0.078417	
	0.078672	
	0.121471	
	0.111817	
	0.127865	
	0.114523	
	0.119475	
	0.105980	
	0.093477	
	0.091715	
	0.078938	
	0.089660	
	0.090504	
	0.093889	
	0.104713	
	0.360174	
	0.284697	
	0.181623	
	0.115721	
	0.099074	
	0.104805	
	0.117587	
	0.118898	
	0.334247	
	0.352419	
	0.256933	
	0.145878	
	0.137755	
	0.191877	
	0.269192	
	0.367232	
	0.198369	
	0.133094	
	0.130361	
	0.179976	
	0.107463	
	0.111488	
	0.223334	
	0.437067	
	0.265340	
	0.189731	
	0.139112	
	0.140287	
	0.132621	
	0.129076	
	0.137357	
	0.390040	
	0.256617	
	0.179934	
	0.132760	
	0.123801	
	0.160225	
	0.186735	
	0.249490	
	0.135884	
	0.100112	
	0.105281	
	0.103167	
	0.101669	
	0.114925	
	0.204000	
	0.192104	
	0.175388	
	0.105924	
	0.077605	
	0.062368	
	0.059157	
	0.061818	
	0.076351	
	0.082438	
	0.087329	
	0.099330	
	0.100120	
	0.092174	
	0.094618	
	0.110678	
	0.114422	
	0.133223	
	0.205495	
	0.207010	
	0.125877	
	0.087811	
	0.072831	
	0.072773	
	0.078214	
	0.091591	
	0.144737	
	0.135781	
	0.088392	
	0.079470	
	0.072739	
	0.065716	
	0.078374	
	0.257823	
	0.396955	
	0.229893	
	0.156636	
	0.104406	
	0.095921	
	0.087407	
	0.104721	
	0.111484	
	0.105398	
	0.100887	
	0.121885	
	0.128903	
	0.173607	
	0.218479	
	0.285893	
	0.293978	
	0.301872	
	0.304453	
	0.315042	
	0.311109	
	0.145073	
	0.093636	
	0.077224	
	0.085699	
	0.093603	
	0.095694	
	0.112350	
	0.083918	
	0.082629	
	0.110582	
	0.119610	
	0.152369	
	0.197348	
	0.247633	
	0.281833	
	0.278415	
	0.311122	
	0.298407	
	0.216058	
	0.400947	
	0.211040	
	0.180706	
	0.169278	
	0.164925	
	0.195425	
	0.213913	
	0.232842	
	0.239726	
	0.275326	
	0.284619	
	0.302475	
	0.316146	
	0.325794	
	0.323458	
	0.331368	
	0.333917	
	0.341830	
	0.396111	
	0.349895	
	0.345609	
	0.324570	
	0.345747	
	0.357358	
	0.356547	
	0.314043	
	0.314678	
	0.321367	
	0.368461	
	0.356822	
	0.363800	
	0.317607	
	0.226613	
	0.154516	
	0.142745	
	0.185166	
	0.163219	
	0.189090	
	0.134538	
	0.141784	
	0.165695	
	0.198837	
	0.167168	
	0.174264	
	0.239134	
	0.232222	
	0.252901	
	0.244150	
	0.239566	
	0.228178	
	0.227682	
	0.287089	
	0.232882	
	0.246611	
	0.191831	
	0.168514	
	0.146909	
	0.156634	
	0.156534	
	0.179444	
	0.117468	
	0.307371	
	0.289687	
	0.363948	
	0.338526	
	0.319767	
	0.328290	
	0.332489	
	0.335718	
	0.407683	
	0.347393	
	0.241311	
	0.290368	
	0.259027	
	0.260594	
	0.247733	
	0.264542	
	0.262496	
	0.248754	
	0.252352	
	0.274703	
	0.314215	
	0.318720	
	0.324402	
	0.323048	
	0.322469	
	0.337657	
	0.333665	
	0.345183	
	0.421508	
	0.350425	
	0.304320	
	0.277034	
	0.268600	
	0.307226	
	0.314650	
	0.335179	
	0.344471	
	0.369944	
	0.415887	
	0.355726	
	0.354374	
	0.363038	
	0.381651	
	0.385906	
	0.407224	
	0.239904	
	0.225691	
	0.438541	
	0.264942	
	0.277347	
	0.322303	
	0.328525	
	0.339250	
	0.360903	
	0.381841	
	0.324890	
	0.252816	
	0.295181	
	0.336780	
	0.313547	
	0.337688	
	0.349706	
	0.322668	
	0.307439	
	0.269639	
	0.262944	
	0.302693	
	0.296510	
	0.290460	
	0.309845	
	0.347236	
	0.353328	
	0.238653	
	0.140529	
	0.189535	
	0.191055	
	0.197682	
	0.183662	
	0.178188	
	0.181001	
	0.178777	
	0.142353	
	0.244702	
	0.108052	
	0.136351	
	0.163218	
	0.168654	
	0.174748	
	0.172775	
	0.177986	
	0.174219	
	0.195176	
	0.202602	
	0.220760	
	0.227500	
	0.227843	
	0.226845	
	0.239766	
	0.236916	
	0.289460	
	0.251283	
	0.192393	
	0.193536	
	0.204810	
	0.190697	
	0.188042	
	0.200433	
	0.207359	
	0.225967	
	0.231924	
	0.187089	
	0.185664	
	0.209798	
	0.221507	
	0.245242	
	0.259572	
	0.303369	
	0.349096	
	0.189997	
	0.158661	
	0.164374	
	0.168073	
	0.158783	
	0.170124	
	0.178927	
	0.200099	
	0.443204	
	0.314725	
	0.274791	
	0.245893	
	0.241828	
	0.238786	
	0.242774	
	0.194743	
	0.226853	
	0.143965	
	0.122978	
	0.125114	
	0.145538	
	0.160689	
	0.152248	
	0.149532	
	0.150308	
	0.240404	
	0.344469	
	0.248557	
	0.219385	
	0.210924	
	0.212254	
	0.229500	
	0.213839	
	0.238880	
	0.241516	
	0.326684	
	0.186935	
	0.108918	
	0.082699	
	0.069523	
	0.086509	
	0.078580	
	0.087517	
	0.087147	
	0.089040	
	0.088635	
	0.081549	
	0.079513	
	0.079013	
	0.076411	
	0.073932	
	0.075181	
	0.085832	
	0.157152	
	0.268603	
	0.124302	
	0.083949	
	0.082566	
	0.085632	
	0.096273	
	0.113443	
	0.140797	
	0.149519	
	0.243114	
	0.154898	
	0.119435	
	0.095845	
	0.100422	
	0.115285	
	0.124399	
	0.110100	
	0.229822	
	0.274262	
	0.260441	
	0.248608	
	0.244236	
	0.290363	
	0.357408	
	0.408369	
	0.454413	
	0.290681	
	0.304053	
	0.260178	
	0.245894	
	0.241012	
	0.275354	
	0.349569	
	0.410250	
	0.399195	
	0.268125	
	0.216944	
	0.256406	
	0.257981	
	0.294850	
	0.354180	
	0.432009	
	0.498326	
	0.380506	
	0.395836	
	0.312740	
	0.264212	
	0.253865	
	0.248651	
	0.259536	
	0.288759	
	0.336612	
	0.419439	
	0.390045	
	0.183331	
	0.254397	
	0.142205	
	0.099047	
	0.086986	
	0.082821	
	0.075022	
	0.061423	
	0.077556	
	0.063649	
	0.065693	
	0.069602	
	0.074306	
	0.079044	
	0.082632	
	0.091515	
	0.120764	
	0.147500	
	0.197034	
	0.154311	
	0.104174	
	0.107125	
	0.110964	
	0.134652	
	0.193597	
	0.169574	
	0.155709	
	0.133467	
	0.171990	
	0.109344	
	0.112224	
	0.132736	
	0.176935	
	0.178503	
	0.248461	
	0.245010	
	0.169128	
	0.110460	
	0.121664	
	0.127379	
	0.130618	
	0.161273	
	0.255657	
	0.279244	
	0.621745	
	0.748565	
	0.734632	
	0.745689	
	0.775699	
	0.782137	
	0.814470	
	0.493591	
	0.347696	
	0.214684	
	0.103278	
	0.099549	
	0.132905	
	0.142690	
	0.165601	
	0.198462	
	0.193268	
	0.281384	
	0.390666	
	0.224641	
	0.183126	
	0.173656	
	0.196992	
	0.178105	
	0.189477	
	0.204016	
	0.235372	
	0.384540	
	0.141034	
	0.098025	
	0.077351	
	0.093443	
	0.085273	
	0.091368	
	0.083557	
	0.080382	
	0.082850	
	0.077853	
	0.077055	
	0.084584	
	0.095209	
	0.098414	
	0.120721	
	0.150516	
	0.144894	
	0.181814	
	0.199400	
	0.150666	
	0.137665	
	0.129712	
	0.128669	
	0.122059	
	0.109853	
	0.106658	
	0.175646	
	0.168641	
	0.125285	
	0.112706	
	0.110570	
	0.125268	
	0.120390	
	0.121487	
	0.242034	
	0.211257	
	0.124080	
	0.108490	
	0.105552	
	0.093953	
	0.097226	
	0.092175	
	0.088114	
	0.103434	
	0.140281	
	0.090406	
	0.099961	
	0.118949	
	0.144320	
	0.137366	
	0.172240	
	0.228058	
	0.292887	
	0.183595	
	0.169419	
	0.163339	
	0.154575	
	0.162356	
	0.148376	
	0.139265	
	0.207451	
	0.200090	
	0.138658	
	0.129534	
	0.134490	
	0.132054	
	0.152308	
	0.132251	
	0.141321	
	0.337403	
	0.206823	
	0.109817	
	0.086011	
	0.061272	
	0.069492	
	0.056662	
	0.060580	
	0.048382	
	0.063113	
	0.060803	
	0.065620	
	0.065291	
	0.085614	
	0.079003	
	0.084334	
	0.101296	
	0.171970	
	0.323876	
	0.181983	
	0.137749	
	0.135911	
	0.139926	
	0.137608	
	0.145640	
	0.168483	
	0.151523	
	0.150519	
	0.163370	
	0.179518	
	0.192640	
	0.203102	
	0.203593	
	0.192645	
	0.188974	
	0.214405	
	0.189643	
	0.151654	
	0.180712	
	0.192864	
	0.129512	
	0.140125	
	0.154580	
	0.161914	
	0.167302	
	0.151287	
	0.117913	
	0.108766	
	0.104799	
	0.111521	
	0.116135	
	0.105944	
	0.118070	
	0.125097	
	0.162049	
	0.231635	
	0.272428	
	0.272547	
	0.360194	
	0.320086	
	0.284567	
	0.311052	
	0.318428	
	0.217407	
	0.192735	
	0.206894	
	0.199329	
	0.214166	
	0.208159	
	0.185968	
	0.141117	
	0.123953	
	0.104356	
	0.106704	
	0.114602	
	0.148249	
	0.247569	
	0.332683	
	0.257399	
	0.178960	
	0.132872	
	0.094310	
	0.101031	
	0.085295	
	0.108263	
	0.110674	
	0.103444	
	0.128494	
	0.152561	
	0.171158	
	0.152100	
	0.175003	
	0.205250	
	0.235323	
	0.204146	
	0.208486	
	0.196041	
	0.203127	
	0.191206	
	0.204114	
	0.213484	
	0.240461	
	0.265902	
	0.227652	
	0.238704	
	0.288345	
	0.300713	
	0.330909	
	0.302097	
	0.363566	
	0.358233	
	0.330920	
	0.248296	
	0.255342	
	0.298886	
	0.299638	
	0.277401	
	0.236704	
	0.321336	
	0.289201	
	0.257386	
	0.243749	
	0.190407	
	0.216017	
	0.202804	
	0.251713	
	0.238389	
	0.292527	
	0.251904	
	0.263575	
	0.259328	
	0.188480	
	0.219036	
	0.213004	
	0.250416	
	0.273982	
	0.287100	
	0.222474	
	0.181959	
	0.177918	
	0.179217	
	0.376020	
	0.228003	
	0.187860	
	0.141804	
	0.147724	
	0.131371	
	0.202416	
	0.176255	
	0.126956	
	0.139492	
	0.108557	
	0.078115	
	0.075565	
	0.057986	
	0.077095	
	0.082463	
	0.105686	
	0.122450	
	0.156781	
	0.192456	
	0.198962	
	0.153342	
	0.129391	
	0.115083	
	0.109499	
	0.117713	
	0.212632	
	0.235473	
	0.177387	
	0.185674	
	0.161174	
	0.126433	
	0.146516	
	0.155971	
	0.225359	
	0.161208	
	0.131739	
	0.138201	
	0.177989	
	0.222531	
	0.212548	
	0.211267	
	0.207067	
	0.280757	
	0.220847	
	0.274966	
	0.234592	
	0.236025	
	0.248268	
	0.255582	
	0.258210	
	0.271149	
	0.267832	
	0.235708	
	0.238319	
	0.254527	
	0.237840	
	0.219740	
	0.226512	
	0.279758	
	0.272946	
	0.241225	
	0.171068	
	0.173095	
	0.189869	
	0.229430	
	0.256985	
	0.237838	
	0.257616	
	0.229947	
	0.260011	
	0.375519	
	0.592291	
	0.820832	
	0.869044	
	0.878687	
	0.865985	
	0.818401	
	0.690535	
	0.437693	
	0.492780	
	0.421715	
	0.362911	
	0.267063	
	0.254316	
	0.241805	
	0.240215	
	0.249959	
	0.307378	
	0.296596	
	0.304655	
	0.310147	
	0.323861	
	0.304320	
	0.308821	
	0.262669	
	0.284268	
	0.271639	
	0.237805	
	0.225491	
	0.214040	
	0.179989	
	0.114693	
	0.172534	
	0.202761	
	0.225267	
	0.221201	
	0.227076	
	0.180150	
	0.134155	
	0.136418	
	0.175946	
	0.220672	
	0.205767	
	0.200473	
	0.212426	
	0.166349	
	0.114098	
	0.127659	
	0.128039	
	0.124623	
	0.111519	
	0.101784	
	0.108641	
	0.247681	
	0.175119	
	0.115211	
	0.085490	
	0.075257	
	0.087984	
	0.092448	
	0.097041	
	0.140446	
	0.118259	
	0.124573	
	0.093848	
	0.113442	
	0.099021	
	0.070564	
	0.080568	
	0.079287	
	0.152122	
	0.530294	
	0.404173	
	0.278814	
	0.216051	
	0.170094	
	0.173008	
	0.234010	
	0.330236	
	0.555928	
	0.177839	
	0.105367	
	0.073884	
	0.080809	
	0.088341	
	0.093109	
	0.092385	
	0.100327	
	0.102290	
	0.120140	
	0.126805	
	0.137601	
	0.101029	
	0.090171	
	0.090068	
	0.289732	
	0.435599	
	0.282398	
	0.271570	
	0.207634	
	0.365533	
	0.450986	
	0.408263	
	0.337134	
	0.333792	
	0.403621	
	0.502131	
	0.477332	
	0.474557	
	0.524589	
	0.564375	
	0.574176	
	0.403551	
	0.190756	
	0.670748	
	0.748791	
	0.443637	
	0.519977	
	0.537804	
	0.545644	
	0.528928	
	0.569156	
	0.639585	
	0.625400	
	0.601219	
	0.610653	
	0.601941	
	0.561867	
	0.596255	
	0.592150	
	0.699771	
	0.721702	
	0.879931	
	0.861411	
	0.675400	
	0.521119	
	0.532097	
	0.522228	
	0.472397	
	0.490662	
	0.508005	
	0.508198	
	0.532701	
	0.536431	
	0.548788	
	0.570841	
	0.607066	
	0.692770	
	0.703980	
	0.647079	
	0.409015	
	0.264507	
	0.283346	
	0.283229	
	0.165470	
	0.152761	
	0.158661	
	0.198426	
	0.242421	
	0.269900	
	0.208534	
	0.232524	
	0.287540	
	0.246725	
	0.200686	
	0.241969	
	0.273223	
	0.293964	
	0.282469	
	0.327894	
	0.305899	
	0.304085	
	0.275148	
	0.251590	
	0.293816	
	0.237558	
	0.265896	
	0.307710	
	0.301162	
	0.329382	
	0.266741	
	0.282213	
	0.241567	
	0.290192	
	0.280737	
	0.266354	
	0.281363	
	0.336040	
	0.255602	
	0.283688	
	0.458123	
	0.429673	
	0.415533	
	0.429933	
	0.527683	
	0.513343	
	0.439205	
	0.452342	
	0.278349	
	0.316479	
	0.330632	
	0.332080	
	0.367260	
	0.407347	
	0.404166	
	0.351072	
	0.305867	
	0.343652	
	0.369454	
	0.332778	
	0.363212	
	0.392747	
	0.391931	
	0.377081	
	0.421293	
	0.430129	
	0.393420	
	0.360593	
	0.365788	
	0.422339	
	0.289138	
	0.147364	
	0.166474	
	0.370402	
	0.426122	
	0.344082	
	0.312539	
	0.316607	
	0.341580	
	0.371950	
	0.333497	
	0.337188	
	0.378687	
	0.439253	
	0.404018	
	0.444880	
	0.518451	
	0.537674	
	0.490097	
	0.540720	
	0.470211	
	0.332876	
	0.318900	
	0.453443	
	0.461328	
	0.461450	
	0.469062	
	0.471558	
	0.362884	
	0.255249	
	0.319338	
	0.303202	
	0.442100	
	0.449850	
	0.363729	
	0.351811	
	0.287867	
	0.410986	
	0.275375	
	0.163181	
	0.162253	
	0.193933	
	0.198087	
	0.183124	
	0.193724	
	0.208907	
	0.193482	
	0.175044	
	0.215673	
	0.232720	
	0.224300	
	0.250093	
	0.283448	
	0.276711	
	0.291726	
	0.255693	
	0.216215	
	0.190940	
	0.154127	
	0.160808	
	0.163332	
	0.214827	
	0.257399	
	0.371664	
	0.350638	
	0.266993	
	0.329718	
	0.332087	
	0.347387	
	0.342340	
	0.348604	
	0.341890	
	0.347093	
	0.296357	
	0.232541	
	0.170564	
	0.166531	
	0.149674	
	0.152250	
	0.154655	
	0.161182	
	0.156208	
	0.166720	
	0.182721	
	0.173860	
	0.170599	
	0.178123	
	0.136631	
	0.101915	
	0.317599	
	0.280737	
	0.259055	
	0.318517	
	0.237923	
	0.183810	
	0.209435	
	0.246107	
	0.132949	
	0.127498	
	0.136748	
	0.102020	
	0.206763	
	0.122777	
	0.088832	
	0.091453	
	0.093711	
	0.103026	
	0.129766	
	0.135826	
	0.227453	
	0.163786	
	0.139808	
	0.164976	
	0.208815	
	0.197758	
	0.216787	
	0.183094	
	0.171991	
	0.201456	
	0.240815	
	0.193412	
	0.203451	
	0.213379	
	0.255093	
	0.270992	
	0.287706	
	0.340402	
	0.359680	
	0.385933	
	0.415331	
	0.337616	
	0.243770	
	0.307374	
	0.421594	
	0.626866	
	0.687758	
	0.689753	
	0.436928	
	0.400405	
	0.347146	
	0.351282	
	0.395759	
	0.342972	
	0.284003	
	0.198540	
	0.132641	
	0.172396	
	0.225294	
	0.287932	
	0.281169	
	0.235259	
	0.265069	
	0.311471	
	0.274087	
	0.212045	
	0.192950	
	0.186761	
	0.198651	
	0.191657	
	0.222632	
	0.200714	
	0.274948	
	0.222968	
	0.213162	
	0.242531	
	0.192803	
	0.217750	
	0.171274	
	0.195766	
	0.249135	
	0.280033	
	0.327361	
	0.294687	
	0.253361	
	0.277886	
	0.266448	
	0.271901	
	0.322164	
	0.683390	
	0.762147	
	0.414479	
	0.288512	
	0.189048	
	0.166853	
	0.213856	
	0.219801	
	0.233021	
	0.225831	
	0.265427	
	0.277222	
	0.288719	
	0.291045	
	0.243479	
	0.237969	
	0.254135	
	0.275030	
	0.263242	
	0.305473	
	0.257559	
	0.201422	
	0.235457	
	0.182760	
	0.151628	
	0.179256	
	0.196071	
	0.226364	
	0.256541	
	0.212389	
	0.159023	
	0.162566	
	0.215671	
	0.244813	
	0.256375	
	0.257454	
	0.257021	
	0.237801	
	0.149349	
	0.130859	
	0.099873	
	0.131019	
	0.119059	
	0.124910	
	0.138922	
	0.147572	
	0.144474	
	0.139046	
	0.125785	
	0.147786	
	0.156758	
	0.180204	
	0.157567	
	0.242296	
	0.301473	
	0.248486	
	0.277049	
	0.433654	
	0.346485	
	0.219269	
	0.193125	
	0.182581	
	0.187437	
	0.209150	
	0.170379	
	0.184750	
	0.170520	
	0.163565	
	0.158325	
	0.155240	
	0.185016	
	0.256059	
	0.370647	
	0.182060	
	0.157074	
	0.175869	
	0.132950	
	0.128833	
	0.113278	
	0.139493	
	0.152372	
	0.187733	
	0.195560	
	0.167475	
	0.142823	
	0.149998	
	0.165919	
	0.169731	
	0.167157	
	0.207886	
	0.162257	
	0.149672	
	0.155730	
	0.148812	
	0.155711	
	0.126490	
	0.139438	
	0.143831	
	0.155910	
	0.195725	
	0.244116	
	0.195873	
	0.315815	
	0.697726	
	0.731117	
	0.641841	
	0.581107	
	0.381097	
	0.150572	
	0.118015	
	0.105007	
	0.096229	
	0.133725	
	0.167811	
	0.160911	
	0.161403	
	0.173450	
	0.189416	
	0.208778	
	0.174538	
	0.118736	
	0.138756	
	0.166518	
	0.198564	
	0.211079	
	0.230098	
	0.254440	
	0.211999	
	0.195791	
	0.189356	
	0.168002	
	0.176947	
	0.199359	
	0.252583	
	0.305948	
	0.400422	
	0.461618	
	0.485977	
	0.499282	
	0.460339	
	0.417754	
	0.431945	
	0.446856	
	0.171548	
	0.171917	
	0.187034	
	0.193592	
	0.196517	
	0.181578	
	0.176440	
	0.195031	
	0.212505	
	0.200952	
	0.206334	
	0.211229	
	0.208687	
	0.219973	
	0.213741	
	0.228239	
	0.250899	
	0.214309	
	0.208560	
	0.174226	
	0.155102	
	0.181006	
	0.227448	
	0.219588	
	0.209175	
	0.291752	
	0.278039	
	0.253948	
	0.239772	
	0.229784	
	0.269183	
	0.294516	
	0.314581	
	0.329638	
	0.306141	
	0.297870	
	0.312687	
	0.289140	
	0.201086	
	0.182538	
	0.278278	
	0.239036	
	0.268508	
	0.241549	
	0.223704	
	0.277580	
	0.266751	
	0.252582	
	0.257816	
	0.247099	
	0.224251	
	0.199952	
	0.210997	
	0.229211	
	0.275441	
	0.304927	
	0.281752	
	0.197774	
	0.214271	
	0.189180	
	0.193525	
	0.266822	
	0.227328	
	0.220708	
	0.200353	
	0.206363	
	0.165497	
	0.200889	
	0.199488	
	0.182978	
	0.182942	
	0.217149	
	0.213568	
	0.257147	
	0.258568	
	0.212456	
	0.189775	
	0.192038	
	0.242602	
	0.211944	
	0.192980	
	0.235867	
	0.198442	
	0.272912	
	0.164034	
	0.215893	
	0.221501	
	0.242660	
	0.271432	
	0.260759	
	0.241157	
	0.289577	
	0.240180	
	0.260540	
	0.232684	
	0.253948	
	0.297892	
	0.258447	
	0.279842	
	0.334414	
	0.400536	
	0.321613	
	0.318049	
	0.326375	
	0.345220	
	0.170137	
	0.207852	
	0.489765	
	0.531674	
	0.265542	
	0.210264	
	0.178044	
	0.145474	
	0.176380	
	0.201665	
	0.230904	
	0.246608	
	0.219712	
	0.218013	
	0.191850	
	0.186872	
	0.188271	
	0.172416	
	0.191612	
	0.195962	
	0.166571	
	0.241483	
	0.174711	
	0.171074	
	0.162018	
	0.157367	
	0.183729	
	0.204235	
	0.236135	
	0.256813	
	0.234941	
	0.158133	
	0.150609	
	0.206458	
	0.244744	
	0.235663	
	0.260180	
	0.396496	
	0.311715	
	0.214326	
	0.142326	
	0.158636	
	0.221279	
	0.281952	
	0.189111	
	0.181701	
	0.168690	
	0.172955	
	0.182682	
	0.207332	
	0.229319	
	0.260059	
	0.276032	
	0.249301	
	0.213101	
	0.204038	
	0.170281	
	0.207303	
	0.164271	
	0.164799	
	0.186035	
	0.185573	
	0.201666	
	0.121872	
	0.131727	
	0.181362	
	0.198405	
	0.222818	
	0.266175	
	0.245040	
	0.260810	
	0.203353	
	0.163296	
	0.136286	
	0.089841	
	0.105857	
	0.176869	
	0.153873	
	0.127583	
	0.133639	
	0.175235	
	0.139959	
	0.151364	
	0.173265	
	0.224068	
	0.211425	
	0.247971	
	0.262151	
	0.247120	
	0.214825	
	0.248905	
	0.211211	
	0.167232	
	0.172817	
	0.205089	
	0.196469	
	0.198054	
	0.215320	
	0.231238	
	0.223967	
	0.176098	
	0.136500	
	0.173062	
	0.175367	
	0.174461	
	0.159220	
	0.192176	
	0.255494	
	0.199144	
	0.163898	
	0.147658	
	0.157867	
	0.169675	
	0.192710	
	0.176762	
	0.188125	
	0.203508	
	0.258724	
	0.231214	
	0.183204	
	0.190918	
	0.200811	
	0.230887	
	0.234243	
	0.280001	
	0.198247	
	0.131624	
	0.135295	
	0.135359	
	0.161483	
	0.178645	
	0.190808	
	0.230736	
	0.224978	
	0.284132	
	0.275144	
	0.197624	
	0.179196	
	0.159901	
	0.175262	
	0.191577	
	0.178778	
	0.324324	
	0.237061	
	0.125044	
	0.081678	
	0.095904	
	0.088977	
	0.104747	
	0.102011	
	0.124715	
	0.135941	
	0.140369	
	0.159583	
	0.162332	
	0.170557	
	0.168107	
	0.158783	
	0.144402	
	0.312132	
	0.253104	
	0.137835	
	0.124315	
	0.116381	
	0.147272	
	0.164118	
	0.174354	
	0.217123	
	0.230684	
	0.318942	
	0.156207	
	0.176445	
	0.191040	
	0.185982	
	0.215185	
	0.235702	
	0.232520	
	0.269190	
	0.470430	
	0.170696	
	0.152355	
	0.151355	
	0.181896	
	0.195442	
	0.230930	
	0.239146	
	0.239951	
	0.229657	
	0.267020	
	0.289529	
	0.347033	
	0.267099	
	0.221005	
	0.221132	
	0.263608	
	0.247774	
	0.248336	
	0.156700	
	0.118624	
	0.133820	
	0.129575	
	0.155317	
	0.207794	
	0.171058	
	0.159374	
	0.190267	
	0.204863	
	0.234392	
	0.262942	
	0.217680	
	0.223737	
	0.232318	
	0.219254	
	0.261245	
	0.272862	
	0.313185	
	0.126658	
	0.075556	
	0.060640	
	0.059881	
	0.084007	
	0.082683	
	0.083792	
	0.076347	
	0.083005	
	0.082578	
	0.090369	
	0.093163	
	0.088279	
	0.094838	
	0.105294	
	0.106473	
	0.263945	
	0.224523	
	0.180291	
	0.199911	
	0.203828	
	0.213478	
	0.236536	
	0.283656	
	0.187957	
	0.172914	
	0.233068	
	0.332328	
	0.364805	
	0.373082	
	0.294531	
	0.302357	
	0.318197	
	0.212593	
	0.211338	
	0.183098	
	0.189048	
	0.221838	
	0.217855	
	0.276416	
	0.243478	
	0.273922	
	0.286709	
	0.420506	
	0.379692	
	0.444144	
	0.462498	
	0.442012	
	0.419827	
	0.443978	
	0.467860	
	0.400576	
	0.459916	
	0.500603	
	0.574851	
	0.587700	
	0.545693	
	0.559252	
	0.502824	
	0.539598	
	0.522968	
	0.516254	
	0.523226	
	0.539369	
	0.516653	
	0.509835	
	0.540946	
	0.524022	
	0.498186	
	0.617966	
	0.601286	
	0.617067	
	0.556173	
	0.542591	
	0.613674	
	0.561583	
	0.573854	
	0.536244	
	0.579715	
	0.599070	
	0.590882	
	0.575929	
	0.587006	
	0.583303	
	0.549123	
	0.526806	
	0.574665	
	0.580023	
	0.502647	
	0.541261	
	0.560848	
	0.539390	
	0.599711	
	0.615450	
	0.600519	
	0.615884	
	0.629415	
	0.505350	
	0.490841	
	0.553021	
	0.590366	
	0.653476	
	0.652977	
	0.694055	
	0.698858	
	0.624285	
	0.580592	
	0.584980	
	0.669384	
	0.646820	
	0.671908	
	0.643226	
	0.623312	
	0.580193	
	0.615459	
	0.658882	
	0.686898	
	0.685729	
	0.695198	
	0.705979	
	0.683893	
	0.565412	
	0.642198	
	0.640965	
	0.645196	
	0.621031	
	0.568383	
	0.559423	
	0.504969	
	0.387480	
	0.444587	
	0.543340	
	0.586982	
	0.593518	
	0.536138	
	0.581150	
	0.535990	
	0.452861	
	0.512815	
	0.552751	
	0.514058	
	0.536182	
	0.387244	
	0.398956	
	0.318580	
	0.129408	
	0.067080	
	0.110623	
	0.158986	
	0.189042	
	0.179289	
	0.189657	
	0.199194	
	0.169314	
	0.167842	
	0.137956	
	0.136138	
	0.376311	
	0.510823	
	0.437697	
	0.476963	
	0.456486	
	0.378774	
	0.397719	
	0.447001	
	0.387015	
	0.349845	
	0.416029	
	0.568051	
	0.519592	
	0.515879	
	0.438293	
	0.396507	
	0.333032	
	0.327099	
	0.322504	
	0.385159	
	0.288932	
	0.147549	
	0.125427	
	0.272917	
	0.603508	
	0.620421	
	0.561089	
	0.574224	
	0.674093	
	0.541671	
	0.613105	
	0.602319	
	0.550380	
	0.548110	
	0.580107	
	0.548470	
	0.513096	
	0.447756	
	0.473943	
	0.437882	
	0.322110	
	0.345778	
	0.355311	
	0.407920	
	0.438202	
	0.412463	
	0.315714	
	0.176508	
	0.416814	
	0.432206	
	0.450689	
	0.382511	
	0.303059	
	0.341221	
	0.344001	
	0.385337	
	0.313817	
	0.247191	
	0.261274	
	0.293909	
	0.281328	
	0.279729	
	0.291114	
	0.300749	
	0.259200	
	0.259034	
	0.233377	
	0.258303	
	0.223956	
	0.222178	
	0.223156	
	0.213048	
	0.236849	
	0.262181	
	0.236135	
	0.229539	
	0.213469	
	0.225251	
	0.246011	
	0.225589	
	0.225282	
	0.239001	
	0.236702	
	0.248791	
	0.252713	
	0.251640	
	0.297009	
	0.344493	
	0.338138	
	0.305326	
	0.407204	
	0.436266	
	0.428503	
	0.363504	
	0.331713	
	0.265641	
	0.220862	
	0.251773	
	0.336640	
	0.419072	
	0.325928	
	0.369343	
	0.294277	
	0.234102	
	0.188784	
	0.238599	
	0.277846	
	0.358938	
	0.343958	
	0.354654	
	0.297453	
	0.186353	
	0.143503	
	0.167212	
	0.217627	
	0.227959	
	0.218319	
	0.235870	
	0.195418	
	0.180518	
	0.231487	
	0.210516	
	0.184802	
	0.173768	
	0.177884	
	0.256427	
	0.209504	
	0.236454	
	0.133422	
	0.130623	
	0.198978	
	0.146862	
	0.111482	
	0.111091	
	0.133521	
	0.147698	
	0.133083	
	0.118766	
	0.086673	
	0.071905	
	0.154151	
	0.276093	
	0.427755	
	0.533638	
	0.552213	
	0.489580	
	0.286646	
	0.172819	
	0.214407	
	0.317458	
	0.461488	
	0.530097	
	0.474023	
	0.422772	
	0.416603	
	0.462026	
	0.441976	
	0.537353	
	0.521747	
	0.531294	
	0.538908	
	0.553035	
	0.571270	
	0.531822	
	0.238604	
	0.444794	
	0.447021	
	0.390417	
	0.403137	
	0.386047	
	0.362519	
	0.380961	
	0.391254	
	0.384361	
	0.357743	
	0.322140	
	0.284651	
	0.356269	
	0.304349	
	0.329949	
	0.356910	
	0.363139	
	0.354792	
	0.449518	
	0.478850	
	0.443572	
	0.391308	
	0.485455	
	0.526200	
	0.528295	
	0.592089	
	0.537960	
	0.588594	
	0.504863	
	0.584341	
	0.575061	
	0.379341	
	0.229635	
	0.558262	
	0.762745	
	0.525090	
	0.368125	
	0.424475	
	0.348721	
	0.369286	
	0.378386	
	0.376561	
	0.359720	
	0.405553	
	0.492025	
	0.467220	
	0.457292	
	0.483769	
	0.482322	
	0.529543	
	0.506728	
	0.447818	
	0.377851	
	0.387151	
	0.331523	
	0.396307	
	0.402567	
	0.356718	
	0.285112	
	0.249088	
	0.288989	
	0.255909	
	0.237333	
	0.202289	
	0.204886	
	0.250473	
	0.280058	
	0.183770	
	0.154042	
	0.166192	
	0.155301	
	0.159244	
	0.150756	
	0.155577	
	0.159243	
	0.195609	
	0.215501	
	0.273387	
	0.285453	
	0.286758	
	0.285649	
	0.176080	
	0.213675	
	0.295025	
	0.307282	
	0.331242	
	0.336384	
	0.334494	
	0.285749	
	0.272756	
	0.280002	
	0.268542	
	0.358254	
	0.316410	
	0.262080	
	0.257183	
	0.295111	
	0.374236	
	0.220641	
	0.180047	
	0.198395	
	0.203304	
	0.335109	
	0.448197	
	0.351990	
	0.244784	
	0.174404	
	0.136882	
	0.135790	
	0.142884	
	0.096177	
	0.110485	
	0.138362	
	0.161332	
	0.153711	
	0.168046	
	0.196306	
	0.251314	
	0.282056	
	0.506566	
	0.559861	
	0.488081	
	0.447689	
	0.289494	
	0.329112	
	0.389703	
	0.379566	
	0.386613	
	0.453428	
	0.484821	
	0.536564	
	0.463680	
	0.425181	
	0.418594	
	0.444844	
	0.204484	
	0.150282	
	0.205654	
	0.259500	
	0.170100	
	0.103207	
	0.086092	
	0.085983	
	0.091386	
	0.088746	
	0.089901	
	0.097649	
	0.115262	
	0.165640	
	0.152220	
	0.129294	
	0.131008	
	0.123634	
	0.164480	
	0.177262	
	0.197618	
	0.193503	
	0.214396	
	0.210602	
	0.257811	
	0.280321	
	0.317666	
	0.225427	
	0.196676	
	0.295831	
	0.395334	
	0.399256	
	0.327103	
	0.333261	
	0.327619	
	0.328934	
	0.304124	
	0.243244	
	0.260978	
	0.240076	
	0.195833	
	0.114824	
	0.136680	
	0.175447	
	0.230128	
	0.292291	
	0.304875	
	0.270719	
	0.248478	
	0.291598	
	0.271501	
	0.265180	
	0.217849	
	0.278485	
	0.287587	
	0.266093	
	0.180463	
	0.325327	
	0.478286	
	0.502424	
	0.427765	
	0.331715	
	0.341167	
	0.367051	
	0.351778	
	0.358363	
	0.343733	
	0.307561	
	0.347686	
	0.319774	
	0.336564	
	0.346847	
	0.354440	
	0.451273	
	0.219126	
	0.144445	
	0.160053	
	0.176700	
	0.137608	
	0.077357	
	0.071502	
	0.077023	
	0.066525	
	0.085011	
	0.110317	
	0.140068	
	0.133149	
	0.111595	
	0.147931	
	0.130429	
	0.141524	
	0.178552	
	0.190819	
	0.263195	
	0.219355	
	0.163252	
	0.141236	
	0.106905	
	0.116165	
	0.115494	
	0.118639	
	0.117908	
	0.105326	
	0.147337	
	0.259040	
	0.186496	
	0.165583	
	0.164899	
	0.167533	
	0.176694	
	0.182815	
	0.227363	
	0.342296	
	0.377580	
	0.328410	
	0.306595	
	0.261813	
	0.212304	
	0.243311	
	0.196068	
	0.183808	
	0.166990	
	0.207629	
	0.228629	
	0.237274	
	0.279770	
	0.265934	
	0.291657	
	0.288442	
	0.317041	
	0.321476	
	0.359560	
	0.368574	
	0.295900	
	0.337639	
	0.333998	
	0.361159	
	0.365031	
	0.391938	
	0.368078	
	0.370897	
	0.317831	
	0.370108	
	0.408779	
	0.376229	
	0.315781	
	0.292462	
	0.341163	
	0.357166	
	0.296103	
	0.332857	
	0.325813	
	0.345215	
	0.313829	
	0.241116	
	0.293113	
	0.253429	
	0.294807	
	0.270576	
	0.234017	
	0.237415	
	0.271362	
	0.294403	
	0.274190	
	0.253248	
	0.240571	
	0.355937	
	0.225120	
	0.196616	
	0.175785	
	0.227523	
	0.215436	
	0.236314	
	0.199086	
	0.220203	
	0.252389	
	0.346210	
	0.264430	
	0.195624	
	0.186113	
	0.193735	
	0.194423	
	0.203044	
	0.197409	
	0.264558	
	0.243851	
	0.111364	
	0.071212	
	0.074356	
	0.077141	
	0.092119	
	0.092685	
	0.099539	
	0.109034	
	0.112160	
	0.135586	
	0.139929	
	0.140748	
	0.155194	
	0.179879	
	0.177227	
	0.153463	
	0.138325	
	0.196988	
	0.245831	
	0.178846	
	0.167091	
	0.171041	
	0.163837	
	0.164820	
	0.199372	
	0.241888	
	0.263814	
	0.223860	
	0.235363	
	0.211482	
	0.197710	
	0.242067	
	0.333940	
	0.468822	
	0.228111	
	0.222414	
	0.265456	
	0.275850	
	0.300100	
	0.329850	
	0.387946	
	0.373728	
	0.362246	
	0.349100	
	0.311001	
	0.337260	
	0.340054	
	0.344417	
	0.414012	
	0.326170	
	0.647960	
	0.604330	
	0.418731	
	0.415835	
	0.478973	
	0.484340	
	0.449482	
	0.455606	
	0.454368	
	0.418718	
	0.371523	
	0.292112	
	0.346516	
	0.312166	
	0.331141	
	0.303185	
	0.330352	
	0.417132	
	0.331943	
	0.367274	
	0.208054	
	0.322467	
	0.323936	
	0.304417	
	0.259988	
	0.293173	
	0.268982	
	0.297800	
	0.315882	
	0.340277	
	0.376882	
	0.480262	
	0.532316	
	0.443470	
	0.478923	
	0.496632	
	0.503070	
	0.541189	
	0.523609	
	0.544714	
	0.458218	
	0.433587	
	0.450835	
	0.474855	
	0.422391	
	0.431508	
	0.436534	
	0.490105	
	0.436150	
	0.404330	
	0.426500	
	0.434351	
	0.491457	
	0.352500	
	0.436973	
	0.460243	
	0.342760	
	0.251779	
	0.298765	
	0.339947	
	0.375943	
	0.310996	
	0.334533	
	0.334150	
	0.302565	
	0.232873	
	0.234934	
	0.227069	
	0.204020	
	0.232038	
	0.247663	
	0.274971	
	0.342001	
	0.222084	
	0.172265	
	0.162040	
	0.168363	
	0.190058	
	0.153057	
	0.193158	
	0.215379	
	0.369902	
	0.433844	
	0.241880	
	0.189365	
	0.155856	
	0.135833	
	0.143898	
	0.156472	
	0.158434	
	0.117849	
	0.254590	
	0.146169	
	0.105551	
	0.100934	
	0.122056	
	0.131145	
	0.148905	
	0.187375	
	0.192609	
	0.190696	
	0.184561	
	0.193395	
	0.222031	
	0.338546	
	0.429143	
	0.526016	
	0.373414	
	0.217155	
	0.275967	
	0.178782	
	0.210432	
	0.199168	
	0.202013	
	0.208464	
	0.155394	
	0.246697	
	0.323453	
	0.280779	
	0.297787	
	0.294071	
	0.351415	
	0.354217	
	0.552237	
	0.680026	
	0.681753	
	0.490457	
	0.322394	
	0.282392	
	0.266258	
	0.249341	
	0.278540	
	0.375663	
	0.399454	
	0.406330	
	0.420575	
	0.516013	
	0.474758	
	0.474363	
	0.466151	
	0.415611	
	0.452507	
	0.591316	
	0.632676	
	0.648821	
	0.572127	
	0.481534	
	0.424574	
	0.447870	
	0.449543	
	0.469796	
	0.539068	
	0.469597	
	0.540559	
	0.565242	
	0.610266	
	0.608597	
	0.570310	
	0.645330	
	0.690450	
	0.664524	
	0.703634	
	0.574249	
	0.605888	
	0.556890	
	0.505950	
	0.491089	
	0.439304	
	0.403673	
	0.397662	
	0.355113	
	0.425042	
	0.469249	
	0.476506	
	0.481211	
	0.431917	
	0.477043	
	0.530007	
	0.496957	
	0.546881	
	0.505115	
	0.456637	
	0.492415	
	0.510759	
	0.526880	
	0.364267	
	0.294866	
	0.285436	
	0.243047	
	0.212035	
	0.223014	
	0.234303	
	0.281100	
	0.297137	
	0.326087	
	0.342691	
	0.396969	
	0.325011	
	0.193841	
	0.174572	
	0.247524	
	0.312913	
	0.272043	
	0.252023	
	0.258502	
	0.290840	
	0.274697	
	0.264600	
	0.377081	
	0.508283	
	0.452761	
	0.441432	
	0.470032	
	0.475229	
	0.568460	
	0.510604	
	0.503798	
	0.422431	
	0.446072	
	0.487064	
	0.554037	
	0.583153	
	0.577404	
	0.474513	
	0.520164	
	0.564503	
	0.445373	
	0.399510	
	0.405844	
	0.478327	
	0.457429	
	0.444348	
	0.464132	
	0.548557	
	0.480227	
	0.387762	
	0.318883	
	0.149605	
	0.292978	
	0.437163	
	0.424487	
	0.443565	
	0.487598	
	0.452071	
	0.438396	
	0.441624	
	0.431599	
	0.434829	
	0.461167	
	0.480490	
	0.498533	
	0.475621	
	0.315413	
	0.369470	
	0.390200	
	0.429733	
	0.494540	
	0.505948	
	0.545384	
	0.534393	
	0.555304	
	0.523150	
	0.390354	
	0.445469	
	0.489198	
	0.499075	
	0.584512	
	0.578812	
	0.620741	
	0.644058	
	0.427949	
	0.393811	
	0.472040	
	0.530671	
	0.571920	
	0.611181	
	0.504346	
	0.599432	
	0.701279	
	0.699226	
	0.676170	
	0.704960	
	0.727444	
	0.647095	
	0.678339	
	0.676562	
	0.647088	
	0.484588	
	0.485493	
	0.493315	
	0.463770	
	0.411713	
	0.525567	
	0.577649	
	0.533329	
	0.475287	
	0.546932	
	0.584446	
	0.613752	
	0.639299	
	0.560764	
	0.648989	
	0.615300	
	0.550965	
	0.468361	
	0.529417	
	0.376027	
	0.409887	
	0.356444	
	0.306526	
	0.344415	
	0.285523	
	0.256029	
	0.257965	
	0.266488	
	0.290016	
	0.370494	
	0.300310	
	0.394855	
	0.335971	
	0.270192	
	0.229616	
	0.215337	
	0.271327	
	0.287664	
	0.247709	
	0.243058	
	0.254336	
	0.239361	
	0.210993	
	0.186203	
	0.196602	
	0.250799	
	0.269476	
	0.164657	
	0.168340	
	0.195971	
	0.210384	
	0.248141	
	0.249555	
	0.255772	
	0.331874	
	0.243048	
	0.199568	
	0.240120	
	0.234322	
	0.257414	
	0.277497	
	0.267972	
	0.274466	
	0.307972	
	0.286149	
	0.189403	
	0.183002	
	0.217500	
	0.223562	
	0.204014	
	0.250652	
	0.243868	
	0.292523	
	0.245835	
	0.179901	
	0.204347	
	0.237153	
	0.285741	
	0.290627	
	0.302602	
	0.287633	
	0.226487	
	0.290863	
	0.373510	
	0.286134	
	0.289618	
	0.267715	
	0.269687	
	0.319341	
	0.297305	
	0.320543	
	0.165365	
	0.118207	
	0.100845	
	0.147647	
	0.154051	
	0.189281	
	0.158733	
	0.203534	
	0.172226	
	0.169485	
	0.181593	
	0.180569	
	0.177341	
	0.183407	
	0.168139	
	0.165237	
	0.246257	
	0.287881	
	0.147520	
	0.141837	
	0.148303	
	0.141195	
	0.140539	
	0.146215	
	0.135700	
	0.178590	
	0.305667	
	0.177994	
	0.131857	
	0.133068	
	0.139692	
	0.156107	
	0.159154	
	0.203322	
	0.234475	
	0.383519	
	0.182355	
	0.150814	
	0.115417	
	0.110161	
	0.132064	
	0.150423	
	0.170487	
	0.194696	
	0.207195	
	0.210640	
	0.194174	
	0.201941	
	0.226665	
	0.237493	
	0.223116	
	0.293554	
	0.153669	
	0.138809	
	0.112599	
	0.110221	
	0.117132	
	0.124809	
	0.139931	
	0.153702	
	0.162814	
	0.140860	
	0.155056	
	0.135666	
	0.148055	
	0.135938	
	0.140731	
	0.147694	
	0.192551	
	0.224777	
	0.226320	
	0.286718	
	0.164919	
	0.128644	
	0.132137	
	0.090151	
	0.091699	
	0.077299	
	0.078988	
	0.074102	
	0.076560	
	0.081507	
	0.101749	
	0.139218	
	0.146364	
	0.152148	
	0.148414	
	0.168239	
	0.269015	
	0.294992	
	0.176359	
	0.200112	
	0.187521	
	0.170695	
	0.181671	
	0.182854	
	0.183171	
	0.194090	
	0.134803	
	0.154177	
	0.197429	
	0.182489	
	0.183683	
	0.191196	
	0.196970	
	0.168284	
	0.319256	
	0.284607	
	0.172794	
	0.147262	
	0.119117	
	0.126498	
	0.125463	
	0.113365	
	0.099630	
	0.103178	
	0.205127	
	0.230042	
	0.198225	
	0.202459	
	0.286838	
	0.358336	
	0.282984	
	0.245538	
	0.284303	
	0.346522	
	0.209042	
	0.193026	
	0.155177	
	0.172866	
	0.186061	
	0.196647	
	0.159799	
	0.176125	
	0.154107	
	0.311280	
	0.223580	
	0.178920	
	0.158727	
	0.151475	
	0.183149	
	0.422928	
	0.395589	
	0.219177	
	0.287013	
	0.153416	
	0.129239	
	0.103548	
	0.109143	
	0.088335	
	0.087055	
	0.069048	
	0.065378	
	0.081411	
	0.087899	
	0.076895	
	0.090136	
	0.078500	
	0.081137	
	0.117343	
	0.125153	
	0.127062	
	0.122627	
	0.097052	
	0.104261	
	0.139960	
	0.219554	
	0.186596	
	0.162780	
	0.129405	
	0.116975	
	0.141023	
	0.223864	
	0.183439	
	0.171972	
	0.102658	
	0.090961	
	0.086346	
	0.169063	
	0.107487	
	0.109533	
	0.093709	
	0.101963	
	0.085995	
	0.091222	
	0.086885	
	0.093952	
	0.099701	
	0.101846	
	0.109249	
	0.114859	
	0.121446	
	0.133088	
	0.138690	
	0.181458	
	0.216071	
	0.230368	
	0.363315	
	0.359230	
	0.320058	
	0.386494	
	0.388830	
	0.336632	
	0.280083	
	0.235418	
	0.185978	
	0.146547	
	0.138291	
	0.148378	
	0.145944	
	0.155975	
	0.128452	
	0.119892	
	0.143705	
	0.144202	
	0.147409	
	0.137627	
	0.243824	
	0.253012	
	0.277892	
	0.224403	
	0.212459	
	0.230665	
	0.179127	
	0.194673	
	0.172454	
	0.202018	
	0.222523	
	0.202940	
	0.215235	
	0.203881	
	0.200707	
	0.253043	
	0.249788	
	0.250121	
	0.243263	
	0.271532	
	0.272736	
	0.287929	
	0.298517	
	0.308990	
	0.306236	
	0.276567	
	0.270351	
	0.328839	
	0.341682	
	0.328463	
	0.328628	
	0.405930	
	0.411463	
	0.289183	
	0.236125	
	0.324186	
	0.296121	
	0.292644	
	0.301829	
	0.318151	
	0.345072	
	0.279976	
	0.289911	
	0.305648	
	0.284167	
	0.284533	
	0.236375	
	0.237133	
	0.270619	
	0.314824	
	0.361056	
	0.350864	
	0.335957	
	0.309553	
	0.156857	
	0.161472	
	0.191505	
	0.233083	
	0.218500	
	0.235277	
	0.258313	
	0.259705	
	0.327155	
	0.234444	
	0.167120	
	0.151267	
	0.149450	
	0.195149	
	0.225237	
	0.223651	
	0.371486	
	0.233654	
	0.107097	
	0.108650	
	0.078955	
	0.068551	
	0.076181	
	0.089633	
	0.092211	
	0.118264	
	0.149656	
	0.148537	
	0.158938	
	0.128222	
	0.102260	
	0.102442	
	0.101459	
	0.117468	
	0.250160	
	0.181507	
	0.211003	
	0.187367	
	0.159716	
	0.155000	
	0.159049	
	0.150886	
	0.150774	
	0.180958	
	0.181453	
	0.161552	
	0.204140	
	0.245285	
	0.277463	
	0.242008	
	0.227717	
	0.192691	
	0.221231	
	0.201923	
	0.166938	
	0.175155	
	0.204194	
	0.193003	
	0.171780	
	0.185908	
	0.205683	
	0.202898	
	0.222055	
	0.186475	
	0.161201	
	0.197193	
	0.219871	
	0.255306	
	0.233442	
	0.187249	
	0.233032	
	0.212435	
	0.183252	
	0.152599	
	0.198793	
	0.169807	
	0.227104	
	0.276267	
	0.283597	
	0.269606	
	0.292801	
	0.273074	
	0.774955	
	0.925210	
	0.947929	
	0.961318	
	0.955759	
	0.962454	
	0.871367	
	0.432459	
	0.231623	
	0.199631	
	0.239439	
	0.204307	
	0.241017	
	0.256757	
	0.263767	
	0.308196	
	0.304939	
	0.382612	
	0.382376	
	0.355572	
	0.383472	
	0.383713	
	0.361640	
	0.358136	
	0.341545	
	0.331240	
	0.292339	
	0.274090	
	0.260754	
	0.245656	
	0.234030	
	0.212936	
	0.163161	
	0.207083	
	0.232877	
	0.153927	
	0.175538	
	0.209489	
	0.186317	
	0.174992	
	0.246623	
	0.345205	
	0.289060	
	0.249536	
	0.242805	
	0.204631	
	0.147138	
	0.169582	
	0.202632	
	0.219455	
	0.261385	
	0.191400	
	0.168830	
	0.148616	
	0.099502	
	0.132900	
	0.139723	
	0.170857	
	0.224403	
	0.222695	
	0.143247	
	0.101935	
	0.092436	
	0.123336	
	0.155104	
	0.140270	
	0.128275	
	0.111723	
	0.178372	
	0.159251	
	0.155176	
	0.162906	
	0.122793	
	0.113374	
	0.129692	
	0.184083	
	0.358939	
	0.203575	
	0.097822	
	0.077307	
	0.041186	
	0.066188	
	0.049063	
	0.071618	
	0.092945	
	0.106118	
	0.135106	
	0.142234	
	0.169813	
	0.131481	
	0.108460	
	0.084075	
	0.104961	
	0.388294	
	0.447220	
	0.289029	
	0.354821	
	0.380910	
	0.350713	
	0.448504	
	0.424015	
	0.345296	
	0.383598	
	0.402127	
	0.442671	
	0.453876	
	0.562106	
	0.566721	
	0.590889	
	0.524263	
	0.244771	
	0.502832	
	0.743752	
	0.448261	
	0.485143	
	0.523157	
	0.477275	
	0.525468	
	0.566902	
	0.576588	
	0.587004	
	0.625674	
	0.605194	
	0.612965	
	0.563897	
	0.625292	
	0.637289	
	0.706300	
	0.724275	
	0.883325	
	0.839781	
	0.750570	
	0.575510	
	0.596222	
	0.543102	
	0.433571	
	0.421274	
	0.451973	
	0.454120	
	0.479182	
	0.472724	
	0.495876	
	0.515612	
	0.553224	
	0.627407	
	0.660711	
	0.619561	
	0.380369	
	0.166156	
	0.321857	
	0.288379	
	0.179615	
	0.163516	
	0.173541	
	0.192185	
	0.201836	
	0.209860	
	0.222326	
	0.254099	
	0.247744	
	0.243541	
	0.279320	
	0.289097	
	0.307026	
	0.292043	
	0.245284	
	0.257371	
	0.288742	
	0.289166	
	0.292220	
	0.318584	
	0.301850	
	0.314701	
	0.288308	
	0.245616	
	0.273005	
	0.316060	
	0.372665	
	0.340901	
	0.292073	
	0.322551	
	0.290632	
	0.299030	
	0.291837	
	0.286481	
	0.226336	
	0.406967	
	0.494956	
	0.434235	
	0.401855	
	0.406604	
	0.491495	
	0.450928	
	0.336254	
	0.309027	
	0.311680	
	0.289025	
	0.265239	
	0.355677	
	0.350630	
	0.305076	
	0.290271	
	0.278404	
	0.306179	
	0.288375	
	0.276315	
	0.356712	
	0.338106	
	0.395514	
	0.407171	
	0.383009	
	0.282111	
	0.324995	
	0.339326	
	0.351427	
	0.417216	
	0.278285	
	0.231051	
	0.424160	
	0.410460	
	0.335118	
	0.243442	
	0.247521	
	0.282347	
	0.297012	
	0.332428	
	0.313309	
	0.360414	
	0.431428	
	0.381986	
	0.377166	
	0.450406	
	0.485855	
	0.477757	
	0.530224	
	0.525864	
	0.327568	
	0.283184	
	0.375260	
	0.487697	
	0.410137	
	0.419683	
	0.434038	
	0.441808	
	0.412000	
	0.371659	
	0.384266	
	0.454367	
	0.463735	
	0.398084	
	0.363972	
	0.355516	
	0.351013	
	0.401181	
	0.317898	
	0.251723	
	0.210024	
	0.238464	
	0.240880	
	0.275421	
	0.295137	
	0.245121	
	0.245776	
	0.261926	
	0.269515	
	0.271703	
	0.288804	
	0.329351	
	0.384246	
	0.365459	
	0.317885	
	0.300872	
	0.215436	
	0.199172	
	0.156770	
	0.155194	
	0.172195	
	0.165294	
	0.204411	
	0.250281	
	0.290686	
	0.353008	
	0.262342	
	0.281128	
	0.321548	
	0.306781	
	0.310724	
	0.327355	
	0.335340	
	0.324071	
	0.228876	
	0.261633	
	0.204151	
	0.115766	
	0.096453	
	0.078901	
	0.099322	
	0.111510	
	0.102986	
	0.115518	
	0.121009	
	0.144870	
	0.168187	
	0.164268	
	0.133135	
	0.118759	
	0.114476	
	0.158647	
	0.260210	
	0.303575	
	0.335457	
	0.395883	
	0.315626	
	0.220393	
	0.146775	
	0.108230	
	0.105025	
	0.115254	
	0.130750	
	0.094189	
	0.112366	
	0.115664	
	0.127603	
	0.145699	
	0.150684	
	0.204460	
	0.191261	
	0.113004	
	0.122630	
	0.134872	
	0.153432	
	0.170186	
	0.173410	
	0.230042	
	0.250280	
	0.214213	
	0.275963	
	0.282008	
	0.240250	
	0.292195	
	0.346129	
	0.451126	
	0.535939	
	0.389785	
	0.469496	
	0.386114	
	0.240578	
	0.240611	
	0.293165	
	0.464235	
	0.596913	
	0.674676	
	0.545871	
	0.460856	
	0.471417	
	0.450315	
	0.458458	
	0.456823	
	0.484379	
	0.269235	
	0.329816	
	0.376742	
	0.149814	
	0.272774	
	0.298390	
	0.233851	
	0.171156	
	0.173235	
	0.152712	
	0.178993	
	0.184246	
	0.208257	
	0.247272	
	0.212360	
	0.206855	
	0.175029	
	0.194958	
	0.240415	
	0.231454	
	0.245020	
	0.239696	
	0.147838	
	0.183338	
	0.193897	
	0.189040	
	0.201236	
	0.186437	
	0.186828	
	0.219290	
	0.219069	
	0.216332	
	0.197984	
	0.226792	
	0.336686	
	0.305327	
	0.343840	
	0.319428	
	0.161745	
	0.245120	
	0.244000	
	0.228941	
	0.210325	
	0.249826	
	0.288985	
	0.356562	
	0.354954	
	0.315872	
	0.282066	
	0.270092	
	0.246418	
	0.237754	
	0.206996	
	0.185178	
	0.110878	
	0.165970	
	0.144088	
	0.095345	
	0.092855	
	0.090502	
	0.092134	
	0.087712	
	0.081350	
	0.078206	
	0.088481	
	0.085146	
	0.121565	
	0.124827	
	0.106165	
	0.112361	
	0.125703	
	0.127951	
	0.128338	
	0.235754	
	0.167644	
	0.084854	
	0.059681	
	0.066833	
	0.074727	
	0.083869	
	0.089357	
	0.096686	
	0.111879	
	0.128225	
	0.127974	
	0.122417	
	0.149452	
	0.199518	
	0.218186	
	0.206992	
	0.243614	
	0.245514	
	0.192178	
	0.146316	
	0.108761	
	0.116003	
	0.118397	
	0.156510	
	0.140951	
	0.153253	
	0.176278	
	0.228390	
	0.191632	
	0.172545	
	0.187404	
	0.187402	
	0.188393	
	0.219515	
	0.307635	
	0.220703	
	0.163274	
	0.133049	
	0.178391	
	0.127034	
	0.158742	
	0.139579	
	0.176257	
	0.238200	
	0.197238	
	0.174065	
	0.173762	
	0.156198	
	0.165744	
	0.156387	
	0.148010	
	0.239409	
	0.251215	
	0.274649	
	0.269665	
	0.236794	
	0.256268	
	0.317697	
	0.258238	
	0.352895	
	0.302483	
	0.315958	
	0.313977	
	0.249516	
	0.230238	
	0.389823	
	0.708274	
	0.780112	
	0.697282	
	0.610502	
	0.243801	
	0.145761	
	0.132478	
	0.157795	
	0.162926	
	0.176861	
	0.148866	
	0.170507	
	0.170159	
	0.149067	
	0.177310	
	0.127371	
	0.102231	
	0.117779	
	0.131898	
	0.141739	
	0.171683	
	0.167585	
	0.150537	
	0.144771	
	0.129743	
	0.138482	
	0.145589	
	0.157336	
	0.172240	
	0.200819	
	0.243249	
	0.264744	
	0.296656	
	0.306743	
	0.282647	
	0.262883	
	0.219832	
	0.220010	
	0.128576	
	0.238317	
	0.343305	
	0.376489	
	0.372109	
	0.415514	
	0.438719	
	0.351582	
	0.258574	
	0.177334	
	0.200618	
	0.199182	
	0.197800	
	0.193973	
	0.165859	
	0.206067	
	0.190835	
	0.293003	
	0.444215	
	0.452535	
	0.210159	
	0.197595	
	0.202782	
	0.212315	
	0.215310	
	0.247006	
	0.260805	
	0.245924	
	0.256563	
	0.257191	
	0.275973	
	0.324524	
	0.316653	
	0.312352	
	0.333187	
	0.305696	
	0.240236	
	0.263808	
	0.263040	
	0.189327	
	0.199315	
	0.217883	
	0.223289	
	0.243538	
	0.302384	
	0.230115	
	0.191607	
	0.239240	
	0.260412	
	0.259549	
	0.262711	
	0.274799	
	0.247846	
	0.191247	
	0.163350	
	0.175347	
	0.148617	
	0.165825	
	0.210285	
	0.180524	
	0.177667	
	0.191898	
	0.196211	
	0.179909	
	0.187258	
	0.173374	
	0.171876	
	0.173783	
	0.153044	
	0.162905	
	0.185074	
	0.178311	
	0.179877	
	0.182771	
	0.375727	
	0.200622	
	0.143985	
	0.170732	
	0.131629	
	0.143198	
	0.213387	
	0.239804	
	0.238940	
	0.232159	
	0.286660	
	0.219029	
	0.191299	
	0.207088	
	0.287462	
	0.278837	
	0.267336	
	0.313647	
	0.249601	
	0.160255	
	0.177902	
	0.199623	
	0.258826	
	0.302295	
	0.332223	
	0.213437	
	0.183433	
	0.348089	
	0.350961	
	0.263804	
	0.281765	
	0.309391	
	0.265851	
	0.234762	
	0.223464	
	0.285560	
	0.182685	
	0.266997	
	0.306157	
	0.227834	
	0.227064	
	0.185269	
	0.196258	
	0.239169	
	0.259805	
	0.261531	
	0.235261	
	0.212174	
	0.203810	
	0.204039	
	0.184979	
	0.192463	
	0.192012	
	0.215555	
	0.154370	
	0.150443	
	0.174328	
	0.184223	
	0.173986	
	0.186325	
	0.210461	
	0.236122	
	0.305176	
	0.225137	
	0.192026	
	0.205190	
	0.202269	
	0.197097	
	0.187526	
	0.238729	
	0.355906	
	0.201725	
	0.160628	
	0.188323	
	0.190090	
	0.201703	
	0.140464	
	0.155855	
	0.186353	
	0.189682	
	0.142105	
	0.133454	
	0.166983	
	0.153905	
	0.157309	
	0.140325	
	0.148112	
	0.149092	
	0.167501	
	0.134624	
	0.146248	
	0.118737	
	0.151784	
	0.162718	
	0.151536	
	0.143663	
	0.135941	
	0.136030	
	0.171679	
	0.197730	
	0.182532	
	0.151993	
	0.180947	
	0.188659	
	0.172027	
	0.168193	
	0.279619	
	0.215738	
	0.195247	
	0.144610	
	0.163365	
	0.163987	
	0.179014	
	0.228448	
	0.226286	
	0.204552	
	0.250986	
	0.263839	
	0.294047	
	0.361819	
	0.291399	
	0.212895	
	0.236882	
	0.290674	
	0.320324	
	0.267796	
	0.207600	
	0.229949	
	0.303695	
	0.301753	
	0.251548	
	0.248565	
	0.232059	
	0.220004	
	0.211486	
	0.199860	
	0.213176	
	0.260157	
	0.239266	
	0.231189	
	0.223118	
	0.233112	
	0.229413	
	0.252676	
	0.185596	
	0.244096	
	0.198967	
	0.208703	
	0.182511	
	0.314106	
	0.259613	
	0.243106	
	0.237078	
	0.255430	
	0.228098	
	0.250047	
	0.229456	
	0.207397	
	0.198045	
	0.178788	
	0.202818	
	0.181699	
	0.169155	
	0.229846	
	0.218065	
	0.225232	
	0.216419	
	0.357157	
	0.245055	
	0.189383	
	0.187872	
	0.196004	
	0.190572	
	0.206684	
	0.247497	
	0.356323	
	0.188129	
	0.172505	
	0.158960	
	0.151634	
	0.133517	
	0.142176	
	0.142308	
	0.175720	
	0.192764	
	0.180850	
	0.163892	
	0.153223	
	0.162946	
	0.155975	
	0.144123	
	0.145712	
	0.319176	
	0.191130	
	0.175560	
	0.130463	
	0.130948	
	0.152615	
	0.165711	
	0.177704	
	0.186844	
	0.189698	
	0.171781	
	0.369443	
	0.282900	
	0.227459	
	0.220723	
	0.248299	
	0.246595	
	0.239100	
	0.258291	
	0.257896	
	0.204778	
	0.169489	
	0.223613	
	0.228787	
	0.303326	
	0.296864	
	0.340775	
	0.390159	
	0.456920	
	0.466186	
	0.562429	
	0.494647	
	0.474460	
	0.556706	
	0.558545	
	0.353750	
	0.221382	
	0.150785	
	0.131015	
	0.154271	
	0.161671	
	0.200917	
	0.250485	
	0.275713	
	0.273119	
	0.273164	
	0.330181	
	0.402489	
	0.407947	
	0.351141	
	0.328263	
	0.298972	
	0.268062	
	0.200273	
	0.401611	
	0.244069	
	0.122847	
	0.072894	
	0.061522	
	0.070312	
	0.066415	
	0.086822	
	0.071689	
	0.079633	
	0.086029	
	0.087160	
	0.097166	
	0.090051	
	0.088187	
	0.092489	
	0.091732	
	0.099420	
	0.135879	
	0.256650	
	0.164406	
	0.150845	
	0.160404	
	0.241926	
	0.228624	
	0.274927	
	0.359129	
	0.351764	
	0.411102	
	0.388533	
	0.424641	
	0.516214	
	0.510042	
	0.524311	
	0.388728	
	0.253143	
	0.436076	
	0.451043	
	0.511470	
	0.471481	
	0.591494	
	0.635216	
	0.600444	
	0.574751	
	0.612920	
	0.636779	
	0.582596	
	0.612359	
	0.604249	
	0.592886	
	0.598751	
	0.599353	
	0.636510	
	0.661667	
	0.585133	
	0.557408	
	0.626531	
	0.654743	
	0.690069	
	0.737590	
	0.725534	
	0.675399	
	0.699210	
	0.712873	
	0.680270	
	0.681583	
	0.669871	
	0.676338	
	0.604845	
	0.673564	
	0.568510	
	0.547498	
	0.598026	
	0.584226	
	0.491952	
	0.533567	
	0.498804	
	0.480899	
	0.499986	
	0.498603	
	0.549441	
	0.548932	
	0.583444	
	0.640499	
	0.659653	
	0.637241	
	0.707527	
	0.687890	
	0.584338	
	0.644030	
	0.683818	
	0.643763	
	0.639836	
	0.677107	
	0.676295	
	0.611315	
	0.658241	
	0.691023	
	0.655447	
	0.626592	
	0.637475	
	0.595168	
	0.653669	
	0.674294	
	0.644481	
	0.599065	
	0.650915	
	0.633689	
	0.621546	
	0.539387	
	0.545582	
	0.618432	
	0.561483	
	0.554144	
	0.642152	
	0.656106	
	0.680447	
	0.750272	
	0.672883	
	0.615331	
	0.515230	
	0.614854	
	0.680779	
	0.717199	
	0.728084	
	0.787730	
	0.683380	
	0.542297	
	0.404821	
	0.411193	
	0.438860	
	0.459837	
	0.428147	
	0.535065	
	0.546997	
	0.411836	
	0.392459	
	0.481857	
	0.542457	
	0.529779	
	0.597751	
	0.476562	
	0.432389	
	0.523993	
	0.510048	
	0.437404	
	0.404490	
	0.346242	
	0.226731	
	0.086718	
	0.077465	
	0.107113	
	0.160595	
	0.189409	
	0.185323	
	0.163935	
	0.182969	
	0.172407	
	0.156559	
	0.154694	
	0.250739	
	0.452102	
	0.464217	
	0.559947	
	0.525476	
	0.580809	
	0.534008	
	0.528962	
	0.483439	
	0.468909	
	0.435706	
	0.369707	
	0.260499	
	0.255157	
	0.286224	
	0.237071	
	0.196935	
	0.217182	
	0.222865	
	0.283050	
	0.524166	
	0.549764	
	0.392899	
	0.455379	
	0.427339	
	0.509615	
	0.571968	
	0.443255	
	0.468135	
	0.391580	
	0.421733	
	0.398304	
	0.380244	
	0.327120	
	0.375811	
	0.371422	
	0.361947	
	0.407849	
	0.396995	
	0.321814	
	0.315587	
	0.261025	
	0.263664	
	0.313176	
	0.329036	
	0.348855	
	0.289022	
	0.328167	
	0.510915	
	0.506491	
	0.535800	
	0.612045	
	0.573943	
	0.553558	
	0.641411	
	0.599515	
	0.433439	
	0.316823	
	0.336753	
	0.367815	
	0.416746	
	0.374838	
	0.463780	
	0.444317	
	0.418600	
	0.357197	
	0.433956	
	0.399850	
	0.348614	
	0.403709	
	0.389917	
	0.349754	
	0.377879	
	0.345741	
	0.347081	
	0.349048	
	0.397388	
	0.379447	
	0.386026	
	0.349014	
	0.358145	
	0.434616	
	0.464895	
	0.431723	
	0.494338	
	0.476751	
	0.430652	
	0.434860	
	0.474378	
	0.483327	
	0.454026	
	0.490060	
	0.490020	
	0.390010	
	0.373834	
	0.397791	
	0.421565	
	0.416322	
	0.339037	
	0.422081	
	0.427105	
	0.358309	
	0.322976	
	0.315636	
	0.366533	
	0.423484	
	0.442640	
	0.363936	
	0.399679	
	0.377871	
	0.277845	
	0.237310	
	0.245886	
	0.208934	
	0.160165	
	0.165871	
	0.178535	
	0.130836	
	0.149445	
	0.164167	
	0.157922	
	0.149040	
	0.132499	
	0.160852	
	0.272805	
	0.231719	
	0.173163	
	0.438005	
	0.174332	
	0.136269	
	0.102264	
	0.088029	
	0.127768	
	0.092940	
	0.098490	
	0.110025	
	0.143210	
	0.103190	
	0.093764	
	0.090750	
	0.084324	
	0.076266	
	0.086841	
	0.249382	
	0.463391	
	0.418460	
	0.361339	
	0.331650	
	0.381893	
	0.409613	
	0.383094	
	0.368032	
	0.453055	
	0.403824	
	0.447529	
	0.447051	
	0.446375	
	0.421525	
	0.495258	
	0.475607	
	0.634032	
	0.561119	
	0.667316	
	0.691060	
	0.530881	
	0.382265	
	0.427909	
	0.501061	
	0.467923	
	0.379867	
	0.421377	
	0.392125	
	0.390754	
	0.438052	
	0.472349	
	0.524763	
	0.590416	
	0.593672	
	0.527302	
	0.588069	
	0.544755	
	0.578009	
	0.362313	
	0.449553	
	0.483578	
	0.464095	
	0.417625	
	0.423563	
	0.419285	
	0.464231	
	0.438821	
	0.419298	
	0.417241	
	0.396525	
	0.443896	
	0.557498	
	0.568300	
	0.562945	
	0.562277	
	0.518495	
	0.536876	
	0.508522	
	0.571070	
	0.512361	
	0.234047	
	0.310690	
	0.259691	
	0.227530	
	0.215617	
	0.253109	
	0.254263	
	0.248081	
	0.300516	
	0.336437	
	0.386584	
	0.418698	
	0.463230	
	0.426516	
	0.457940	
	0.420931	
	0.459778	
	0.463440	
	0.433618	
	0.388242	
	0.433333	
	0.374786	
	0.362178	
	0.437149	
	0.380891	
	0.366742	
	0.319896	
	0.333174	
	0.387400	
	0.382179	
	0.358636	
	0.274307	
	0.250616	
	0.282409	
	0.388528	
	0.328723	
	0.176736	
	0.135993	
	0.101704	
	0.102388	
	0.118138	
	0.145333	
	0.149721	
	0.151358	
	0.168633	
	0.182776	
	0.216707	
	0.228418	
	0.281001	
	0.283008	
	0.203616	
	0.223396	
	0.400734	
	0.345380	
	0.324465	
	0.376570	
	0.396152	
	0.320238	
	0.375487	
	0.394202	
	0.423853	
	0.388100	
	0.338995	
	0.359235	
	0.374297	
	0.367530	
	0.337921	
	0.311210	
	0.227651	
	0.309037	
	0.486377	
	0.732584	
	0.287447	
	0.395274	
	0.432365	
	0.272648	
	0.188448	
	0.242984	
	0.221396	
	0.232593	
	0.260562	
	0.286265	
	0.159979	
	0.194276	
	0.211657	
	0.210294	
	0.161766	
	0.150953	
	0.114152	
	0.142660	
	0.120032	
	0.273808	
	0.181837	
	0.211645	
	0.307652	
	0.335020	
	0.343936	
	0.367071	
	0.380286	
	0.237868	
	0.259276	
	0.170363	
	0.196784	
	0.211945	
	0.197559	
	0.208074	
	0.283700	
	0.356217	
	0.218445	
	0.194086	
	0.256128	
	0.423725	
	0.366510	
	0.231923	
	0.198424	
	0.194749	
	0.190396	
	0.188626	
	0.172152	
	0.206364	
	0.177183	
	0.200777	
	0.199388	
	0.227941	
	0.245410	
	0.231819	
	0.201116	
	0.207988	
	0.273359	
	0.334210	
	0.401127	
	0.382649	
	0.388022	
	0.280642	
	0.260486	
	0.261120	
	0.356451	
	0.487673	
	0.465110	
	0.520147	
	0.491204	
	0.496986	
	0.515347	
	0.372124	
	0.141184	
	0.159158	
	0.283364	
	0.406998	
	0.354188	
	0.228432	
	0.215107	
	0.225488	
	0.203319	
	0.173849	
	0.222147	
	0.236821	
	0.246274	
	0.273325	
	0.276068	
	0.218626	
	0.367304	
	0.513486	
	0.555327	
	0.512057	
	0.383187	
	0.392241	
	0.366777	
	0.380498	
	0.427803	
	0.472085	
	0.421631	
	0.521461	
	0.513512	
	0.464383	
	0.446305	
	0.470843	
	0.483612	
	0.463105	
	0.445701	
	0.300672	
	0.145066	
	0.114350	
	0.249205	
	0.149948	
	0.115827	
	0.091071	
	0.110103	
	0.129892	
	0.109749	
	0.097413	
	0.281051	
	0.124107	
	0.091675	
	0.088405	
	0.155796	
	0.205667	
	0.235415	
	0.255854	
	0.373614	
	0.287049	
	0.191835	
	0.217281	
	0.203218	
	0.194175	
	0.144186	
	0.108169	
	0.109632	
	0.126693	
	0.128220	
	0.106274	
	0.099411	
	0.093144	
	0.100315	
	0.157589	
	0.487701	
	0.812969	
	0.837317	
	0.406814	
	0.173638	
	0.241201	
	0.203611	
	0.153071	
	0.128494	
	0.172310	
	0.172750	
	0.191201	
	0.217807	
	0.210610	
	0.218655	
	0.222642	
	0.237062	
	0.342174	
	0.369484	
	0.323730	
	0.287311	
	0.332098	
	0.328677	
	0.289006	
	0.356425	
	0.363745	
	0.368375	
	0.309912	
	0.354321	
	0.407765	
	0.331200	
	0.322016	
	0.257655	
	0.357017	
	0.327470	
	0.293596	
	0.274832	
	0.318073	
	0.292077	
	0.285089	
	0.243649	
	0.382837	
	0.324440	
	0.221852	
	0.221479	
	0.232464	
	0.205227	
	0.207172	
	0.249723	
	0.171735	
	0.185002	
	0.179039	
	0.214227	
	0.233556	
	0.225185	
	0.225345	
	0.307997	
	0.214064	
	0.179689	
	0.151815	
	0.217658	
	0.199760	
	0.201547	
	0.223409	
	0.209280	
	0.271183	
	0.223702	
	0.184303	
	0.168578	
	0.170886	
	0.174490	
	0.204190	
	0.193231	
	0.224066	
	0.228604	
	0.269413	
	0.133773	
	0.082263	
	0.086789	
	0.096191	
	0.091272	
	0.083498	
	0.091810	
	0.109274	
	0.105846	
	0.109867	
	0.128220	
	0.134859	
	0.145312	
	0.160587	
	0.161503	
	0.170575	
	0.226702	
	0.203082	
	0.137958	
	0.146594	
	0.149777	
	0.156904	
	0.160783	
	0.201833	
	0.235340	
	0.203191	
	0.155262	
	0.173047	
	0.222904	
	0.272993	
	0.263465	
	0.236720	
	0.207867	
	0.262258	
	0.350531	
	0.244046	
	0.181740	
	0.182421	
	0.158929	
	0.189619	
	0.179695	
	0.247682	
	0.239338	
	0.248323	
	0.334621	
	0.449668	
	0.505945	
	0.470012	
	0.471655	
	0.435101	
	0.444234	
	0.332860	
	0.125006	
	0.117603	
	0.169039	
	0.239899	
	0.242618	
	0.264535	
	0.266770	
	0.241125	
	0.171959	
	0.096239	
	0.109181	
	0.132577	
	0.158259	
	0.150255	
	0.145680	
	0.160312	
	0.252069	
	0.420743	
	0.398750	
	0.147393	
	0.204808	
	0.134683	
	0.112210	
	0.088284	
	0.097144	
	0.092163	
	0.095897	
	0.111357	
	0.125039	
	0.122290	
	0.163843	
	0.159907	
	0.132042	
	0.157132	
	0.177752	
	0.222053	
	0.243929	
	0.303858	
	0.255537	
	0.231699	
	0.242121	
	0.161182	
	0.168830	
	0.182878	
	0.156324	
	0.177030	
	0.158989	
	0.156829	
	0.160039	
	0.158386	
	0.150879	
	0.197642	
	0.214202	
	0.250917	
	0.150779	
	0.144544	
	0.119277	
	0.165745	
	0.138229	
	0.135743	
	0.146020	
	0.126893	
	0.118583	
	0.201704	
	0.136002	
	0.133681	
	0.105933	
	0.130865	
	0.125494	
	0.121178	
	0.118000	
	0.241861	
	0.161296	
	0.154558	
	0.148013	
	0.166537	
	0.151168	
	0.176423	
	0.163426	
	0.146955	
	0.203691	
	0.156548	
	0.176652	
	0.345715	
	0.216819	
	0.169991	
	0.183608	
	0.223624	
	0.192498	
	0.248322	
	0.227431	
	0.150540	
	0.122785	
	0.096720	
	0.083001	
	0.116540	
	0.134044	
	0.152482	
	0.181871	
	0.202150	
	0.226996	
	0.295329	
	0.348051	
	0.326794	
	0.296865	
	0.271048	
	0.371255	
	0.181639	
	0.217589	
	0.383602	
	0.417738	
	0.337396	
	0.258018	
	0.202538	
	0.234364	
	0.242541	
	0.305995	
	0.315654	
	0.306071	
	0.294159	
	0.368925	
	0.574547	
	0.667883	
	0.679362	
	0.646433	
	0.447015	
	0.406757	
	0.403334	
	0.386861	
	0.341701	
	0.348426	
	0.357759	
	0.438360	
	0.397098	
	0.389421	
	0.383888	
	0.399102	
	0.421107	
	0.433677	
	0.519527	
	0.545700	
	0.506100	
	0.480509	
	0.448503	
	0.459911	
	0.429060	
	0.395599	
	0.418367	
	0.382581	
	0.456137	
	0.455361	
	0.509401	
	0.573482	
	0.455097	
	0.540814	
	0.559037	
	0.628331	
	0.495557	
	0.373074	
	0.262139	
	0.249546	
	0.278211	
	0.231248	
	0.334937	
	0.342107	
	0.307196	
	0.351537	
	0.273829	
	0.267967	
	0.311049	
	0.321987	
	0.332352	
	0.289846	
	0.340895	
	0.391452	
	0.411086	
	0.398564	
	0.447112	
	0.425506	
	0.395680	
	0.351883	
	0.333479	
	0.336193	
	0.332470	
	0.319639	
	0.365423	
	0.367859	
	0.428340	
	0.437723	
	0.425493	
	0.396178	
	0.480958	
	0.497093	
	0.336378	
	0.239989	
	0.527104	
	0.545011	
	0.503268	
	0.527543	
	0.467635	
	0.489839	
	0.508956	
	0.385994	
	0.426217	
	0.408087	
	0.347991	
	0.268044	
	0.246952	
	0.304136	
	0.326796	
	0.320242	
	0.357391	
	0.360909	
	0.391121	
	0.372385	
	0.333448	
	0.363045	
	0.262023	
	0.249807	
	0.235630	
	0.311638	
	0.392670	
	0.323494	
	0.356536	
	0.344756	
	0.428616	
	0.515109	
	0.473710	
	0.587227	
	0.579291	
	0.590308	
	0.521771	
	0.430049	
	0.459176	
	0.467531	
	0.432624	
	0.325931	
	0.344404	
	0.331289	
	0.317238	
	0.383768	
	0.398040	
	0.357629	
	0.336951	
	0.388752	
	0.415834	
	0.401085	
	0.401783	
	0.404293	
	0.367750	
	0.415557	
	0.414074	
	0.509031	
	0.506848	
	0.486738	
	0.536400	
	0.503729	
	0.510897	
	0.575978	
	0.489323	
	0.491215	
	0.604310	
	0.619113	
	0.639862	
	0.634218	
	0.684806	
	0.733148	
	0.618205	
	0.392094	
	0.444403	
	0.508180	
	0.626991	
	0.640631	
	0.621139	
	0.669607	
	0.694799	
	0.656902	
	0.514312	
	0.459405	
	0.517505	
	0.558690	
	0.633024	
	0.642587	
	0.571648	
	0.625004	
	0.492936	
	0.343441	
	0.312089	
	0.338515	
	0.384350	
	0.440976	
	0.476369	
	0.447082	
	0.455837	
	0.404061	
	0.336567	
	0.377156	
	0.378029	
	0.360294	
	0.285665	
	0.246417	
	0.193156	
	0.215989	
	0.264687	
	0.197399	
	0.101616	
	0.080664	
	0.062392	
	0.074824	
	0.069541	
	0.065063	
	0.067474	
	0.066562	
	0.075200	
	0.077955	
	0.088647	
	0.083189	
	0.080143	
	0.091039	
	0.100251	
	0.089810	
	0.192717	
	0.183739	
	0.106375	
	0.078880	
	0.083259	
	0.076751	
	0.089896	
	0.103168	
	0.101776	
	0.163573	
	0.201770	
	0.158642	
	0.094253	
	0.092794	
	0.098653	
	0.108826	
	0.124618	
	0.172313	
	0.338177	
	0.165269	
	0.103070	
	0.087208	
	0.092417	
	0.092954	
	0.121934	
	0.124076	
	0.123362	
	0.172076	
	0.184042	
	0.187967	
	0.122850	
	0.126537	
	0.118585	
	0.151706	
	0.151905	
	0.195456	
	0.266988	
	0.139403	
	0.098529	
	0.094157	
	0.096034	
	0.135468	
	0.138915	
	0.148330	
	0.199176	
	0.328635	
	0.471589	
	0.232104	
	0.122594	
	0.106112	
	0.111453	
	0.131766	
	0.148504	
	0.320919	
	0.311571	
	0.155055	
	0.095897	
	0.068905	
	0.078901	
	0.071529	
	0.076093	
	0.071598	
	0.061254	
	0.062904	
	0.070247	
	0.072904	
	0.077882	
	0.087880	
	0.080922	
	0.084000	
	0.085553	
	0.335088	
	0.187985	
	0.105816	
	0.063068	
	0.088828	
	0.071930	
	0.101058	
	0.099922	
	0.188204	
	0.288466	
	0.179310	
	0.113193	
	0.082944	
	0.100948	
	0.102584	
	0.117627	
	0.203128	
	0.354780	
	0.364710	
	0.201065	
	0.110744	
	0.092303	
	0.097192	
	0.090580	
	0.124799	
	0.152177	
	0.182171	
	0.192984	
	0.218196	
	0.181615	
	0.229092	
	0.312372	
	0.326065	
	0.263475	
	0.226504	
	0.159656	
	0.094151	
	0.097544	
	0.082962	
	0.058000	
	0.073016	
	0.062073	
	0.077050	
	0.087967	
	0.103639	
	0.103787	
	0.105630	
	0.111759	
	0.110472	
	0.116123	
	0.146799	
	0.134222	
	0.263235	
	0.500099	
	0.155156	
	0.207548	
	0.208004	
	0.183722	
	0.202111	
	0.198878	
	0.213702	
	0.216714	
	0.234368	
	0.249945	
	0.261076	
	0.260576	
	0.253142	
	0.271036	
	0.274429	
	0.283755	
	0.297125	
	0.262938	
	0.229509	
	0.282794	
	0.254184	
	0.237451	
	0.233613	
	0.241363	
	0.248585	
	0.259842	
	0.245857	
	0.224072	
	0.222491	
	0.214008	
	0.221011	
	0.227153	
	0.266479	
	0.275371	
	0.273969	
	0.335652	
	0.182939	
	0.190558	
	0.181739	
	0.188110	
	0.226312	
	0.228120	
	0.258039	
	0.269342	
	0.258469	
	0.197716	
	0.195507	
	0.222285	
	0.233083	
	0.266753	
	0.301262	
	0.314205	
	0.154199	
	0.161810	
	0.118585	
	0.145492	
	0.182789	
	0.204590	
	0.195391	
	0.227946	
	0.239273	
	0.220566	
	0.209707	
	0.212019	
	0.125618	
	0.104324	
	0.161867	
	0.219432	
	0.219194	
	0.240298	
	0.263453	
	0.248904	
	0.261453	
	0.156636	
	0.104067	
	0.108727	
	0.095479	
	0.092347	
	0.098012	
	0.099210	
	0.108524	
	0.112640	
	0.131074	
	0.111602	
	0.126112	
	0.108458	
	0.115259	
	0.101831	
	0.115255	
	0.109336	
	0.119768	
	0.129689	
	0.092335	
	0.093512	
	0.097722	
	0.101819	
	0.104670	
	0.097356	
	0.111702	
	0.175274	
	0.128491	
	0.128140	
	0.138005	
	0.153456	
	0.157347	
	0.167288	
	0.199120	
	0.306194	
	0.162349	
	0.121147	
	0.137341	
	0.150018	
	0.147735	
	0.157353	
	0.156444	
	0.137935	
	0.155044	
	0.173430	
	0.167077	
	0.152353	
	0.153435	
	0.170126	
	0.187642	
	0.232769	
	0.140767	
	0.214785	
	0.197044	
	0.187196	
	0.173101	
	0.175193	
	0.170037	
	0.162633	
	0.167987	
	0.100670	
	0.131429	
	0.207102	
	0.214282	
	0.212524	
	0.250883	
	0.268018	
	0.330946	
	0.310571	
	0.154953	
	0.113740	
	0.178098	
	0.133302	
	0.119210	
	0.136147	
	0.179378	
	0.176825	
	0.200536	
	0.194734	
	0.221146	
	0.232996	
	0.252602	
	0.258018	
	0.285091	
	0.309258	
	0.308571	
	0.303958	
	0.300291	
	0.306927	
	0.271995	
	0.328971	
	0.313509	
	0.287636	
	0.304331	
	0.335766	
	0.376878	
	0.388192	
	0.395223	
	0.373465	
	0.343613	
	0.347763	
	0.388068	
	0.268618	
	0.203315	
	0.170357	
	0.194411	
	0.420172	
	0.253989	
	0.213424	
	0.208303	
	0.230615	
	0.252399	
	0.308398	
	0.327638	
	0.309873	
	0.297174	
	0.345733	
	0.371482	
	0.405527	
	0.382571	
	0.371233	
	0.440583	
	0.405764	
	0.373751	
	0.320972	
	0.287565	
	0.252365	
	0.294439	
	0.283026	
	0.295768	
	0.154479	
	0.127818	
	0.171248	
	0.172622	
	0.169912	
	0.162757	
	0.148023	
	0.141135	
	0.155339	
	0.111420	
	0.138505	
	0.209645	
	0.410409	
	0.268009	
	0.174106	
	0.123199	
	0.114249	
	0.129366	
	0.131486	
	0.145686	
	0.147696	
	0.151949	
	0.154092	
	0.162500	
	0.163028	
	0.166705	
	0.177478	
	0.189182	
	0.196222	
	0.206811	
	0.236725	
	0.278129	
	0.162504	
	0.137886	
	0.162764	
	0.171630	
	0.171903	
	0.191799	
	0.158248	
	0.153502	
	0.208906	
	0.129544	
	0.145613	
	0.153541	
	0.150038	
	0.158271	
	0.179780	
	0.141816	
	0.231969	
	0.188653	
	0.129646	
	0.111207	
	0.104511	
	0.115562	
	0.125816	
	0.137730	
	0.128129	
	0.153329	
	0.131672	
	0.116893	
	0.120227	
	0.112949	
	0.115177	
	0.121243	
	0.142802	
	0.279531	
	0.203584	
	0.131583	
	0.097396	
	0.102737	
	0.118041	
	0.134744	
	0.150061	
	0.162763	
	0.202781	
	0.180989	
	0.277404	
	0.134575	
	0.101936	
	0.094794	
	0.085968	
	0.093933	
	0.098961	
	0.160571	
	0.233234	
	0.107673	
	0.086482	
	0.077427	
	0.077436	
	0.091546	
	0.093241	
	0.085647	
	0.101725	
	0.093945	
	0.097514	
	0.087743	
	0.092109	
	0.091673	
	0.091723	
	0.092073	
	0.078027	
	0.124372	
	0.153174	
	0.126891	
	0.093557	
	0.087067	
	0.072817	
	0.072484	
	0.080451	
	0.094137	
	0.128004	
	0.159179	
	0.234730	
	0.142265	
	0.102778	
	0.107153	
	0.118997	
	0.115631	
	0.135487	
	0.178339	
	0.199292	
	0.140942	
	0.127963	
	0.150684	
	0.177519	
	0.220815	
	0.260025	
	0.303433	
	0.329831	
	0.370592	
	0.419780	
	0.443274	
	0.446444	
	0.449243	
	0.477562	
	0.498068	
	0.380993	
	0.217540	
	0.170210	
	0.177753	
	0.181835	
	0.229246	
	0.315956	
	0.337788	
	0.313285	
	0.342667	
	0.336885	
	0.353837	
	0.340823	
	0.317450	
	0.338571	
	0.384113	
	0.417726	
	0.425618	
	0.461880	
	0.407207	
	0.257233	
	0.306488	
	0.171607	
	0.119941	
	0.056760	
	0.057437	
	0.057816	
	0.055570	
	0.061423	
	0.069276	
	0.066785	
	0.075195	
	0.068422	
	0.074331	
	0.066283	
	0.075465	
	0.103668	
	0.134502	
	0.204261	
	0.142502	
	0.126824	
	0.130493	
	0.146006	
	0.162856	
	0.165970	
	0.191572	
	0.185853	
	0.157097	
	0.110593	
	0.086314	
	0.092662	
	0.098154	
	0.101353	
	0.116696	
	0.209324	
	0.178031	
	0.104154	
	0.085794	
	0.100864	
	0.090508	
	0.107146	
	0.120145	
	0.146851	
	0.152660	
	0.210280	
	0.224001	
	0.135200	
	0.109964	
	0.120357	
	0.122094	
	0.105593	
	0.165653	
	0.306269	
	0.179942	
	0.123668	
	0.105418	
	0.111884	
	0.110918	
	0.123629	
	0.159483	
	0.221022	
	0.191458	
	0.241627	
	0.134574	
	0.100790	
	0.107052	
	0.113085	
	0.103832	
	0.109400	
	0.147850	
	0.173867	
	0.130928	
	0.130028	
	0.086070	
	0.092267	
	0.079838	
	0.084409	
	0.074698	
	0.071401	
	0.079787	
	0.058499	
	0.093588	
	0.085692	
	0.091730	
	0.106236	
	0.120319	
	0.176016	
	0.160585	
	0.212454	
	0.211330	
	0.182433	
	0.142532	
	0.163478	
	0.157231	
	0.167927	
	0.151295	
	0.138470	
	0.175996	
	0.146159	
	0.135280	
	0.140650	
	0.135886	
	0.149696	
	0.151852	
	0.147580	
	0.228839	
	0.223125	
	0.124215	
	0.090703	
	0.094100	
	0.082497	
	0.091092	
	0.081222	
	0.090620	
	0.079264	
	0.134495	
	0.106820	
	0.098130	
	0.095393	
	0.090041	
	0.109477	
	0.151365	
	0.280038	
	0.196294	
	0.188339	
	0.201784	
	0.167618	
	0.180939	
	0.185706	
	0.182316	
	0.168567	
	0.128947	
	0.218888	
	0.205027	
	0.167420	
	0.147905	
	0.144123	
	0.146782	
	0.148550	
	0.143631	
	0.170956	
	0.169831	
	0.223575	
	0.116620	
	0.086768	
	0.083783	
	0.054397	
	0.062777	
	0.053222	
	0.065693	
	0.066123	
	0.055801	
	0.073230	
	0.072439	
	0.080378	
	0.089010	
	0.092113	
	0.102088	
	0.118635	
	0.108688	
	0.119170	
	0.119595	
	0.127023	
	0.145088	
	0.170624	
	0.190103	
	0.242459	
	0.255219	
	0.284161	
	0.366909	
	0.480975	
	0.449976	
	0.469300	
	0.412160	
	0.422091	
	0.385894	
	0.129910	
	0.157351	
	0.184356	
	0.106214	
	0.110151	
	0.121256	
	0.117867	
	0.114023	
	0.123817	
	0.098109	
	0.105455	
	0.094272	
	0.106668	
	0.108066	
	0.100703	
	0.110734	
	0.135049	
	0.227001	
	0.268793	
	0.240906	
	0.316992	
	0.309727	
	0.307089	
	0.356959	
	0.372982	
	0.276125	
	0.206599	
	0.193544	
	0.166269	
	0.160002	
	0.138121	
	0.134425	
	0.126944	
	0.121183	
	0.105010	
	0.105470	
	0.119761	
	0.146054	
	0.175864	
	0.307698	
	0.392507	
	0.291626	
	0.232670	
	0.223893	
	0.212239	
	0.195149	
	0.155918	
	0.154237	
	0.176174	
	0.152625	
	0.156091	
	0.140790	
	0.200779	
	0.203691	
	0.178001	
	0.186825	
	0.206429	
	0.207215	
	0.183348	
	0.204324	
	0.171452	
	0.211969	
	0.228369	
	0.206323	
	0.189206	
	0.203715	
	0.215477	
	0.230599	
	0.250206	
	0.287906	
	0.221497	
	0.219776	
	0.281617	
	0.311107	
	0.282275	
	0.201948	
	0.220818	
	0.216867	
	0.225655	
	0.227318	
	0.205352	
	0.207190	
	0.203223	
	0.219982	
	0.289142	
	0.247761	
	0.257816	
	0.191327	
	0.161998	
	0.172562	
	0.225384	
	0.228640	
	0.160666	
	0.284260	
	0.170648	
	0.142425	
	0.146866	
	0.138553	
	0.178266	
	0.172838	
	0.189527	
	0.121465	
	0.191495	
	0.297135	
	0.171467	
	0.136611	
	0.131494	
	0.145087	
	0.118783	
	0.151070	
	0.330179	
	0.146847	
	0.092588	
	0.067792	
	0.053671	
	0.072714	
	0.064782	
	0.072034	
	0.072694	
	0.086919	
	0.085444	
	0.094045	
	0.099844	
	0.098507	
	0.088498	
	0.123187	
	0.110564	
	0.137265	
	0.209381	
	0.127288	
	0.197147	
	0.208250	
	0.178297	
	0.145460	
	0.130175	
	0.127310	
	0.139688	
	0.189035	
	0.127387	
	0.152753	
	0.213052	
	0.265723	
	0.307389	
	0.297905	
	0.270378	
	0.182586	
	0.275126	
	0.224154	
	0.213052	
	0.195109	
	0.196713	
	0.171444	
	0.161197	
	0.188797	
	0.179744	
	0.197823	
	0.211666	
	0.192621	
	0.183822	
	0.162074	
	0.171536	
	0.194891	
	0.246920	
	0.279129	
	0.231855	
	0.186055	
	0.167196	
	0.198474	
	0.229116	
	0.205389	
	0.270430	
	0.220282	
	0.226573	
	0.257294	
	0.262179	
	0.424685	
	0.894394	
	0.957098	
	0.966134	
	0.968595	
	0.955343	
	0.943606	
	0.625099	
	0.355449	
	0.303152	
	0.272749	
	0.274530	
	0.268530	
	0.368591	
	0.378550	
	0.357785	
	0.373601	
	0.392727	
	0.402041	
	0.420160	
	0.431624	
	0.425228	
	0.384017	
	0.393271	
	0.394317	
	0.350858	
	0.345459	
	0.348513	
	0.346636	
	0.310407	
	0.310455	
	0.232882	
	0.159439	
	0.195199	
	0.246879	
	0.212353	
	0.206580	
	0.233674	
	0.209682	
	0.171751	
	0.217258	
	0.245604	
	0.258353	
	0.220094	
	0.153762	
	0.159465	
	0.154391	
	0.162244	
	0.181890	
	0.180486	
	0.156241	
	0.151138	
	0.134947	
	0.127974	
	0.092206	
	0.102839	
	0.093174	
	0.100389	
	0.115586	
	0.147757	
	0.194844	
	0.112281	
	0.087173	
	0.080802	
	0.105890	
	0.115646	
	0.119395	
	0.123293	
	0.149877	
	0.128139	
	0.113555	
	0.143059	
	0.124521	
	0.098688	
	0.102354	
	0.178353	
	0.251504	
	0.369434	
	0.241169	
	0.124003	
	0.094192	
	0.051287	
	0.074433	
	0.065919	
	0.069297	
	0.086211	
	0.089415	
	0.091768	
	0.095850	
	0.100157	
	0.105539	
	0.086320	
	0.088809	
	0.081989	
	0.224238	
	0.486025	
	0.236895	
	0.268129	
	0.281263	
	0.300962	
	0.463204	
	0.478312	
	0.443779	
	0.465989	
	0.411673	
	0.387595	
	0.471729	
	0.515634	
	0.548423	
	0.604282	
	0.577167	
	0.248866	
	0.447471	
	0.603585	
	0.461470	
	0.428768	
	0.528280	
	0.567660	
	0.490912	
	0.519707	
	0.568724	
	0.596766	
	0.609457	
	0.627091	
	0.581449	
	0.580293	
	0.575349	
	0.607595	
	0.709399	
	0.711423	
	0.851879	
	0.811367	
	0.704902	
	0.573478	
	0.602042	
	0.620014	
	0.561768	
	0.464186	
	0.460749	
	0.473003	
	0.524266	
	0.554949	
	0.553704	
	0.561484	
	0.572995	
	0.626560	
	0.642391	
	0.658215	
	0.568360	
	0.208689	
	0.261788	
	0.396698	
	0.182234	
	0.190316	
	0.205888	
	0.210049	
	0.227092	
	0.239147	
	0.233996	
	0.234823	
	0.231978	
	0.215536	
	0.195721	
	0.248897	
	0.270859	
	0.252015	
	0.212111	
	0.172699	
	0.232790	
	0.287374	
	0.189015	
	0.175740	
	0.169913	
	0.170177	
	0.169382	
	0.160156	
	0.126208	
	0.167332	
	0.133904	
	0.125620	
	0.136694	
	0.158279	
	0.182236	
	0.208776	
	0.212278	
	0.229592	
	0.207520	
	0.178875	
	0.289791	
	0.225455	
	0.206512	
	0.246947	
	0.354290	
	0.460516	
	0.340784	
	0.281563	
	0.250414	
	0.233525	
	0.230402	
	0.207951	
	0.216921	
	0.215391	
	0.309255	
	0.286528	
	0.213095	
	0.200882	
	0.211887	
	0.198615	
	0.194783	
	0.267152	
	0.302687	
	0.409047	
	0.347451	
	0.317340	
	0.210656	
	0.242631	
	0.264232	
	0.321950	
	0.278723	
	0.184579	
	0.411106	
	0.251833	
	0.350143	
	0.316516	
	0.304152	
	0.286366	
	0.284455	
	0.269277	
	0.265789	
	0.309713	
	0.341673	
	0.339536	
	0.408930	
	0.446475	
	0.480270	
	0.424051	
	0.400936	
	0.365049	
	0.399345	
	0.354471	
	0.407141	
	0.460844	
	0.371659	
	0.410368	
	0.324571	
	0.278475	
	0.313456	
	0.367177	
	0.439470	
	0.390057	
	0.336489	
	0.291883	
	0.304662	
	0.327578	
	0.284099	
	0.304841	
	0.329489	
	0.199814	
	0.179660	
	0.233160	
	0.213455	
	0.195012	
	0.177515	
	0.169528	
	0.193114	
	0.185861	
	0.229443	
	0.242153	
	0.242881	
	0.235214	
	0.285629	
	0.289877	
	0.223963	
	0.248680	
	0.180464	
	0.137696	
	0.133600	
	0.181148	
	0.222591	
	0.258519	
	0.280254	
	0.293038	
	0.292239	
	0.347159	
	0.325042	
	0.294796	
	0.294932	
	0.325693	
	0.368170	
	0.345460	
	0.381315	
	0.390714	
	0.294645	
	0.492276	
	0.258250	
	0.155106	
	0.103897	
	0.114743	
	0.103156	
	0.098897	
	0.115130	
	0.121404	
	0.105070	
	0.106697	
	0.120269	
	0.114484	
	0.102812	
	0.110090	
	0.122654	
	0.281816	
	0.374085	
	0.330908	
	0.297729	
	0.272499	
	0.276050	
	0.347396	
	0.212000	
	0.108143	
	0.099695	
	0.110074	
	0.145290	
	0.115783	
	0.092222	
	0.086490	
	0.099086	
	0.095103	
	0.103242	
	0.171401	
	0.217040	
	0.168023	
	0.152313	
	0.177119	
	0.216616	
	0.185595	
	0.235157	
	0.173326	
	0.153231	
	0.156161	
	0.259559	
	0.179465	
	0.204101	
	0.235065	
	0.245439	
	0.271822	
	0.321559	
	0.370615	
	0.371352	
	0.391615	
	0.401998	
	0.273619	
	0.227733	
	0.320552	
	0.525039	
	0.589865	
	0.752012	
	0.689069	
	0.560002	
	0.486852	
	0.498600	
	0.352770	
	0.291242	
	0.239461	
	0.290630	
	0.246506	
	0.480468	
	0.451630	
	0.292138	
	0.293150	
	0.290288	
	0.232837	
	0.222735	
	0.293399	
	0.256231	
	0.251989	
	0.193541	
	0.177065	
	0.181758	
	0.188068	
	0.192185	
	0.216448	
	0.276277	
	0.214913	
	0.200225	
	0.172348	
	0.159240	
	0.174056	
	0.195971	
	0.183030	
	0.188983	
	0.201357	
	0.164277	
	0.133791	
	0.150650	
	0.160667	
	0.156433	
	0.219630	
	0.305873	
	0.459495	
	0.397584	
	0.328703	
	0.205646	
	0.274678	
	0.274934	
	0.334051	
	0.281191	
	0.288811	
	0.257876	
	0.292603	
	0.280034	
	0.286755	
	0.233500	
	0.276628	
	0.234278	
	0.221623	
	0.222933	
	0.195656	
	0.132174	
	0.124773	
	0.093552	
	0.114891	
	0.093378	
	0.092075	
	0.084199	
	0.097975	
	0.084297	
	0.089849	
	0.092558	
	0.095606	
	0.085628	
	0.081984	
	0.100969	
	0.093765	
	0.099189	
	0.229324	
	0.184245	
	0.133613	
	0.096095	
	0.072769	
	0.069437	
	0.069110	
	0.062108	
	0.078516	
	0.074914	
	0.080810	
	0.107771	
	0.196795	
	0.166009	
	0.177018	
	0.172535	
	0.190439	
	0.209572	
	0.326999	
	0.155671	
	0.225151	
	0.218610	
	0.175297	
	0.142803	
	0.159736	
	0.160182	
	0.162163	
	0.196345	
	0.251866	
	0.324042	
	0.312085	
	0.330165	
	0.267115	
	0.285120	
	0.245156	
	0.336731	
	0.452518	
	0.611071	
	0.189122	
	0.125181	
	0.126544	
	0.136528	
	0.147338	
	0.117338	
	0.122414	
	0.124674	
	0.145269	
	0.193738	
	0.134938	
	0.102168	
	0.126953	
	0.129219	
	0.117920	
	0.134040	
	0.172909	
	0.315790	
	0.236067	
	0.220756	
	0.181527	
	0.143157	
	0.158759	
	0.193066	
	0.196852	
	0.191745	
	0.231275	
	0.239554	
	0.614131	
	0.706446	
	0.785416	
	0.741899	
	0.705532	
	0.689689	
	0.566254	
	0.296338	
	0.184798	
	0.156403	
	0.178706	
	0.152340	
	0.176429	
	0.187618	
	0.189543	
	0.188336	
	0.157982	
	0.174548	
	0.176835	
	0.128679	
	0.131770	
	0.182292	
	0.206371	
	0.253928	
	0.253722	
	0.243508	
	0.205953	
	0.160532	
	0.151421	
	0.152850	
	0.177191	
	0.191635	
	0.216938	
	0.247524	
	0.346041	
	0.399371	
	0.469090	
	0.444045	
	0.437104	
	0.458798	
	0.671884	
	0.685414	
	0.392503	
	0.404829	
	0.452520	
	0.491296	
	0.440287	
	0.239668	
	0.157031	
	0.137053	
	0.166843	
	0.177806	
	0.201225	
	0.188281	
	0.235895	
	0.198467	
	0.190174	
	0.271501	
	0.606723	
	0.844824	
	0.827904	
	0.233895	
	0.221636	
	0.302758	
	0.315781	
	0.271942	
	0.295817	
	0.287925	
	0.318307	
	0.260626	
	0.275856	
	0.279595	
	0.280364	
	0.299707	
	0.265471	
	0.255732	
	0.265398	
	0.243667	
	0.323456	
	0.217543	
	0.242287	
	0.273100	
	0.192967	
	0.220032	
	0.290429	
	0.323909	
	0.383546	
	0.318045	
	0.316136	
	0.281154	
	0.257345	
	0.250098	
	0.220206	
	0.192506	
	0.194679	
	0.189975	
	0.214478	
	0.211889	
	0.222713	
	0.185353	
	0.193988	
	0.222371	
	0.192019	
	0.172162	
	0.186305	
	0.198035	
	0.170407	
	0.193222	
	0.164500	
	0.172424	
	0.156303	
	0.157782	
	0.170977	
	0.230069	
	0.267261	
	0.180244	
	0.166564	
	0.163601	
	0.162331	
	0.201614	
	0.186595	
	0.193025	
	0.205058	
	0.240874	
	0.211505	
	0.146192	
	0.145881	
	0.172846	
	0.182815	
	0.198872	
	0.254981	
	0.316993	
	0.240900	
	0.180569	
	0.135753	
	0.145198	
	0.150526	
	0.189956	
	0.221460	
	0.210810	
	0.172129	
	0.167451	
	0.300063	
	0.186979	
	0.148850	
	0.190119	
	0.181235	
	0.239656	
	0.266420	
	0.293695	
	0.209660	
	0.135426	
	0.104156	
	0.125757	
	0.123530	
	0.111183	
	0.116267	
	0.200731	
	0.207833	
	0.245298	
	0.246984	
	0.233025	
	0.249620	
	0.244550	
	0.264897	
	0.265806	
	0.235278	
	0.334714	
	0.238397	
	0.214108	
	0.207428	
	0.224358	
	0.230599	
	0.215174	
	0.320772	
	0.205542	
	0.331381	
	0.227456	
	0.277796	
	0.320238	
	0.317936	
	0.290506	
	0.329014	
	0.698191	
	0.430484	
	0.356374	
	0.238321	
	0.256699	
	0.208693	
	0.256722	
	0.266298	
	0.294624	
	0.244159	
	0.241396	
	0.272562	
	0.249259	
	0.277843	
	0.321118	
	0.288333	
	0.266775	
	0.270993	
	0.286055	
	0.313020	
	0.361865	
	0.292241	
	0.224276	
	0.330716	
	0.473457	
	0.459043	
	0.348948	
	0.276472	
	0.193299	
	0.171966	
	0.190072	
	0.240157	
	0.224035	
	0.216420	
	0.171102	
	0.269653	
	0.222269	
	0.194110	
	0.240079	
	0.204808	
	0.236452	
	0.216292	
	0.224339	
	0.227356	
	0.263187	
	0.223554	
	0.262014	
	0.312178	
	0.251676	
	0.243724	
	0.299214	
	0.274581	
	0.180940	
	0.289637	
	0.321921	
	0.285584	
	0.221753	
	0.222510	
	0.246241	
	0.286381	
	0.258301	
	0.226416	
	0.252344	
	0.259269	
	0.217591	
	0.177140	
	0.170496	
	0.242830	
	0.240451	
	0.226528	
	0.219485	
	0.297018	
	0.177208	
	0.233313	
	0.238304	
	0.233124	
	0.291688	
	0.299454	
	0.249971	
	0.218064	
	0.206301	
	0.284895	
	0.216089	
	0.229783	
	0.251469	
	0.249563	
	0.233226	
	0.225140	
	0.267509	
	0.172879	
	0.147801	
	0.135285	
	0.156348	
	0.167389	
	0.193943	
	0.218130	
	0.214198	
	0.148664	
	0.235077	
	0.352778	
	0.201063	
	0.154378	
	0.141108	
	0.125009	
	0.139531	
	0.237838	
	0.171635	
	0.100904	
	0.080608	
	0.090455	
	0.094713	
	0.100971	
	0.109233	
	0.107999	
	0.111921	
	0.125596	
	0.119574	
	0.138785	
	0.149404	
	0.156509	
	0.157431	
	0.166705	
	0.212037	
	0.142608	
	0.132368	
	0.114353	
	0.117512	
	0.117253	
	0.123174	
	0.118775	
	0.172908	
	0.337316	
	0.234785	
	0.163551	
	0.134242	
	0.128469	
	0.147323	
	0.169372	
	0.195639	
	0.221218	
	0.310007	
	0.218257	
	0.411102	
	0.278694	
	0.195125	
	0.175074	
	0.164609	
	0.200697	
	0.203625	
	0.208118	
	0.202620	
	0.221300	
	0.220368	
	0.262587	
	0.276104	
	0.266948	
	0.291021	
	0.261849	
	0.170273	
	0.117079	
	0.085229	
	0.101634	
	0.108678	
	0.111645	
	0.137964	
	0.110997	
	0.143595	
	0.177234	
	0.188230	
	0.186799	
	0.213353	
	0.195911	
	0.163888	
	0.180354	
	0.278103	
	0.302293	
	0.255917	
	0.218016	
	0.162421	
	0.187300	
	0.103474	
	0.075346	
	0.075298	
	0.070292	
	0.079294	
	0.075209	
	0.100392	
	0.080923	
	0.093096	
	0.088299	
	0.092961	
	0.074484	
	0.089638	
	0.095414	
	0.125029	
	0.380800	
	0.318283	
	0.394574	
	0.500740	
	0.573105	
	0.518310	
	0.498512	
	0.487477	
	0.470030	
	0.498456	
	0.525090	
	0.571743	
	0.566165	
	0.568365	
	0.609415	
	0.623949	
	0.752267	
	0.593766	
	0.525657	
	0.433061	
	0.581766	
	0.549570	
	0.547618	
	0.455302	
	0.410899	
	0.407308	
	0.320491	
	0.384960	
	0.382828	
	0.356203	
	0.390029	
	0.396511	
	0.409471	
	0.411575	
	0.441094	
	0.386299	
	0.366782	
	0.367286	
	0.380463	
	0.418854	
	0.397290	
	0.381267	
	0.405945	
	0.436444	
	0.435358	
	0.447644	
	0.396429	
	0.369425	
	0.358759	
	0.383612	
	0.414461	
	0.559852	
	0.585596	
	0.603245	
	0.593741	
	0.453980	
	0.555095	
	0.474345	
	0.415371	
	0.359441	
	0.381088	
	0.412411	
	0.463439	
	0.465740	
	0.555196	
	0.547138	
	0.502223	
	0.511361	
	0.511533	
	0.489622	
	0.504482	
	0.448472	
	0.507655	
	0.582410	
	0.543205	
	0.554492	
	0.540425	
	0.584944	
	0.571414	
	0.589279	
	0.529406	
	0.556614	
	0.560068	
	0.563281	
	0.610986	
	0.616468	
	0.578748	
	0.578005	
	0.513422	
	0.460628	
	0.514711	
	0.553208	
	0.566055	
	0.601429	
	0.605817	
	0.625532	
	0.586760	
	0.597466	
	0.603816	
	0.589954	
	0.523401	
	0.607772	
	0.680841	
	0.723849	
	0.739732	
	0.678911	
	0.574158	
	0.533965	
	0.552821	
	0.548003	
	0.645027	
	0.640207	
	0.712960	
	0.664876	
	0.493373	
	0.520032	
	0.604462	
	0.582186	
	0.612078	
	0.582377	
	0.448939	
	0.491436	
	0.501549	
	0.395933	
	0.390781	
	0.290493	
	0.410048	
	0.221379	
	0.080328	
	0.089677	
	0.115327	
	0.126649	
	0.138631	
	0.149303	
	0.143027	
	0.127751	
	0.094188	
	0.071354	
	0.071006	
	0.154514	
	0.192379	
	0.266955	
	0.346040	
	0.363014	
	0.385142	
	0.391920	
	0.394973	
	0.372125	
	0.344324	
	0.277741	
	0.237868	
	0.320958	
	0.229049	
	0.232842	
	0.292557	
	0.256924	
	0.368105	
	0.586625	
	0.395342	
	0.229405	
	0.345116	
	0.519277	
	0.508160	
	0.639160	
	0.718759	
	0.533357	
	0.595363	
	0.503950	
	0.486552	
	0.411883	
	0.471602	
	0.471075	
	0.471568	
	0.509333	
	0.471933	
	0.451578	
	0.420911	
	0.472487	
	0.514527	
	0.549545	
	0.605083	
	0.591837	
	0.483729	
	0.527658	
	0.454614	
	0.497755	
	0.539346	
	0.500514	
	0.292548	
	0.273889	
	0.325934	
	0.315415	
	0.338856	
	0.209005	
	0.398554	
	0.365263	
	0.578200	
	0.562315	
	0.544327	
	0.503104	
	0.403317	
	0.469961	
	0.547743	
	0.542197	
	0.568253	
	0.600261	
	0.555683	
	0.500900	
	0.563266	
	0.520096	
	0.443499	
	0.488396	
	0.475192	
	0.399043	
	0.532418	
	0.488668	
	0.380630	
	0.384463	
	0.398961	
	0.463898	
	0.424041	
	0.408342	
	0.521385	
	0.461430	
	0.517328	
	0.542307	
	0.518978	
	0.554116	
	0.568686	
	0.436776	
	0.441911	
	0.479904	
	0.430282	
	0.307311	
	0.318780	
	0.344409	
	0.371705	
	0.325998	
	0.303210	
	0.321441	
	0.302602	
	0.250785	
	0.282576	
	0.384096	
	0.394912	
	0.380458	
	0.351749	
	0.247967	
	0.189211	
	0.129027	
	0.120267	
	0.224894	
	0.308293	
	0.329321	
	0.353795	
	0.338035	
	0.211222	
	0.145705	
	0.156250	
	0.233111	
	0.256656	
	0.272152	
	0.318467	
	0.242962	
	0.250539	
	0.210804	
	0.135329	
	0.073623	
	0.067091	
	0.075541	
	0.103828	
	0.101440	
	0.097673	
	0.095565	
	0.105574	
	0.115968	
	0.126603	
	0.104479	
	0.127122	
	0.101984	
	0.092102	
	0.088859	
	0.161179	
	0.288825	
	0.252152	
	0.281780	
	0.474649	
	0.503982	
	0.416817	
	0.374370	
	0.347273	
	0.381870	
	0.377553	
	0.519626	
	0.498541	
	0.619536	
	0.665273	
	0.653636	
	0.436116	
	0.302277	
	0.190152	
	0.253222	
	0.473757	
	0.494567	
	0.578883	
	0.517998	
	0.559746	
	0.518387	
	0.429170	
	0.369649	
	0.428269	
	0.348822	
	0.382700	
	0.389544	
	0.343576	
	0.366864	
	0.394890	
	0.378367	
	0.285550	
	0.209868	
	0.399844	
	0.461935	
	0.444256	
	0.418090	
	0.414421	
	0.453455	
	0.478609	
	0.504805	
	0.532761	
	0.568224	
	0.535153	
	0.569919	
	0.565706	
	0.404100	
	0.293978	
	0.145781	
	0.239245	
	0.328722	
	0.431417	
	0.427386	
	0.312903	
	0.365619	
	0.385542	
	0.422728	
	0.448829	
	0.479484	
	0.589999	
	0.605760	
	0.529444	
	0.596870	
	0.533268	
	0.530877	
	0.570599	
	0.410908	
	0.474278	
	0.471053	
	0.460978	
	0.525201	
	0.486478	
	0.486059	
	0.408945	
	0.315508	
	0.362674	
	0.331579	
	0.284281	
	0.243227	
	0.235457	
	0.249854	
	0.233034	
	0.226780	
	0.355325	
	0.251183	
	0.190653	
	0.164228	
	0.201103	
	0.252469	
	0.257873	
	0.249322	
	0.259774	
	0.244139	
	0.233611	
	0.283887	
	0.346478	
	0.386257	
	0.377619	
	0.256386	
	0.222213	
	0.233686	
	0.231440	
	0.246799	
	0.273811	
	0.291928	
	0.245025	
	0.262397	
	0.329338	
	0.305762	
	0.277261	
	0.188800	
	0.215067	
	0.210799	
	0.252269	
	0.297408	
	0.240066	
	0.323854	
	0.667272	
	0.577510	
	0.305952	
	0.222521	
	0.327760	
	0.225521	
	0.110731	
	0.083359	
	0.105636	
	0.107027	
	0.122278	
	0.147545	
	0.140570	
	0.132199	
	0.098463	
	0.099253	
	0.123615	
	0.132451	
	0.127988	
	0.107509	
	0.286837	
	0.160316	
	0.202300	
	0.182952	
	0.181222	
	0.176291	
	0.152780	
	0.162535	
	0.152462	
	0.228732	
	0.160092	
	0.125680	
	0.126521	
	0.121139	
	0.146028	
	0.185308	
	0.391375	
	0.213199	
	0.176731	
	0.155403	
	0.187112	
	0.284184	
	0.273914	
	0.257267	
	0.246143	
	0.181098	
	0.153432	
	0.149715	
	0.168073	
	0.180426	
	0.196121	
	0.190532	
	0.172903	
	0.152494	
	0.251153	
	0.145796	
	0.157940	
	0.259450	
	0.485197	
	0.637930	
	0.669760	
	0.661480	
	0.565006	
	0.300313	
	0.300752	
	0.388176	
	0.279190	
	0.209019	
	0.215152	
	0.225347	
	0.210699	
	0.176274	
	0.177128	
	0.266441	
	0.164347	
	0.118861	
	0.094308	
	0.178748	
	0.203695	
	0.176722	
	0.161996	
	0.191317	
	0.195269	
	0.173995	
	0.162425	
	0.147000	
	0.157753	
	0.141868	
	0.142454	
	0.212513	
	0.253784	
	0.212516	
	0.191244	
	0.186609	
	0.207315	
	0.237795	
	0.241002	
	0.243569	
	0.292020	
	0.327166	
	0.325589	
	0.315015	
	0.313156	
	0.340897	
	0.367420	
	0.280931	
	0.167866	
	0.267914	
	0.151071	
	0.075845	
	0.101615	
	0.225290	
	0.231018	
	0.116277	
	0.098014	
	0.087166	
	0.099197	
	0.147601	
	0.126645	
	0.119465	
	0.265790	
	0.155442	
	0.187144	
	0.319500	
	0.518226	
	0.550014	
	0.653778	
	0.363959	
	0.315004	
	0.138052	
	0.100273	
	0.079003	
	0.094673	
	0.131102	
	0.209136	
	0.157700	
	0.261330	
	0.295831	
	0.267239	
	0.248031	
	0.299776	
	0.295294	
	0.265324	
	0.208950	
	0.433554	
	0.362209	
	0.448268	
	0.192358	
	0.234614	
	0.218117	
	0.196999	
	0.173118	
	0.193019	
	0.198878	
	0.239009	
	0.185940	
	0.173870	
	0.220197	
	0.289284	
	0.260989	
	0.363164	
	0.359284	
	0.338485	
	0.236885	
	0.230270	
	0.328452	
	0.284311	
	0.237423	
	0.243556	
	0.256968	
	0.296402	
	0.303091	
	0.263333	
	0.291326	
	0.246348	
	0.226913	
	0.223364	
	0.219202	
	0.305120	
	0.338305	
	0.325321	
	0.320246	
	0.248202	
	0.195792	
	0.197542	
	0.205531	
	0.224324	
	0.280742	
	0.216288	
	0.255765	
	0.217589	
	0.242428	
	0.236171	
	0.202781	
	0.211306	
	0.191929	
	0.303892	
	0.313978	
	0.228402	
	0.172615	
	0.132676	
	0.128661	
	0.127355	
	0.137723	
	0.188856	
	0.166482	
	0.189273	
	0.225328	
	0.194378	
	0.177302	
	0.175605	
	0.158541	
	0.163808	
	0.163649	
	0.140045	
	0.156449	
	0.182693	
	0.269624	
	0.128239	
	0.082342	
	0.107881	
	0.098091	
	0.110828	
	0.104113	
	0.113750	
	0.123444	
	0.140826	
	0.185338	
	0.249232	
	0.308278	
	0.283486	
	0.307580	
	0.331100	
	0.217284	
	0.354784	
	0.274593	
	0.162621	
	0.167424	
	0.191728	
	0.232745	
	0.238703	
	0.317673	
	0.348439	
	0.328344	
	0.264136	
	0.223490	
	0.201814	
	0.139520	
	0.161258	
	0.128134	
	0.123277	
	0.309650	
	0.178823	
	0.158802	
	0.174070	
	0.173856	
	0.162961	
	0.182958	
	0.204011	
	0.200267	
	0.213344	
	0.236110	
	0.236015	
	0.325435	
	0.313286	
	0.312062	
	0.302045	
	0.233077	
	0.229703	
	0.191485	
	0.281098	
	0.231286	
	0.225482	
	0.257943	
	0.236226	
	0.258107	
	0.297448	
	0.247988	
	0.247019	
	0.200291	
	0.215816	
	0.216415	
	0.219869	
	0.237021	
	0.199342	
	0.233935	
	0.199611	
	0.131120	
	0.193273	
	0.134036	
	0.099237	
	0.258509	
	0.241248	
	0.189903	
	0.159255	
	0.139461	
	0.130279	
	0.123231	
	0.127781	
	0.138661	
	0.151979	
	0.182517	
	0.220483	
	0.181860	
	0.299479	
	0.359139	
	0.304201	
	0.320632	
	0.275521	
	0.263744	
	0.328854	
	0.411298	
	0.411292	
	0.356102	
	0.359969	
	0.368755	
	0.294827	
	0.317333	
	0.370417	
	0.412654	
	0.400117	
	0.356389	
	0.426977	
	0.406779	
	0.403235	
	0.263632	
	0.300007	
	0.343007	
	0.377382	
	0.303854	
	0.321311	
	0.285369	
	0.287470	
	0.268628	
	0.199317	
	0.264840	
	0.260901	
	0.265848	
	0.304651	
	0.348110	
	0.363853	
	0.337983	
	0.245158	
	0.134087	
	0.108432	
	0.106250	
	0.114438	
	0.154114	
	0.155822	
	0.128736	
	0.123928	
	0.253681	
	0.190744	
	0.136852	
	0.132291	
	0.118556	
	0.142701	
	0.175257	
	0.193978	
	0.330344	
	0.249850	
	0.156342	
	0.122864	
	0.103364	
	0.109829	
	0.136003	
	0.171055	
	0.216453	
	0.222199	
	0.231171	
	0.273237	
	0.283150	
	0.292845	
	0.247057	
	0.233708	
	0.282138	
	0.499551	
	0.355505	
	0.406262	
	0.373291	
	0.436310	
	0.378436	
	0.271893	
	0.317323	
	0.237440	
	0.192339	
	0.186070	
	0.228799	
	0.283946	
	0.279219	
	0.270858	
	0.264111	
	0.259169	
	0.304146	
	0.312428	
	0.271152	
	0.233705	
	0.238828	
	0.300628	
	0.289449	
	0.350877	
	0.349210	
	0.400173	
	0.437798	
	0.411452	
	0.505626	
	0.503417	
	0.538808	
	0.534505	
	0.524472	
	0.496020	
	0.526307	
	0.537551	
	0.590019	
	0.386052	
	0.374161	
	0.316537	
	0.332138	
	0.338310	
	0.302880	
	0.273656	
	0.331220	
	0.333410	
	0.446207	
	0.457966	
	0.455453	
	0.534491	
	0.515663	
	0.714720	
	0.854341	
	0.880750	
	0.880824	
	0.861253	
	0.583629	
	0.537330	
	0.555272	
	0.467135	
	0.468863	
	0.494217	
	0.480268	
	0.529855	
	0.515185	
	0.483473	
	0.573560	
	0.604479	
	0.536455	
	0.619000	
	0.610277	
	0.575156	
	0.613234	
	0.563655	
	0.581931	
	0.311433	
	0.169292	
	0.130910	
	0.153839	
	0.244097	
	0.282556	
	0.269683	
	0.279505	
	0.296808	
	0.272983	
	0.298413	
	0.298981	
	0.345945	
	0.323724	
	0.367071	
	0.402239	
	0.402548	
	0.375265	
	0.364574	
	0.346328	
	0.357441	
	0.405353	
	0.454207	
	0.399067	
	0.387241	
	0.444423	
	0.465364	
	0.313128	
	0.306458	
	0.336617	
	0.424329	
	0.441654	
	0.438129	
	0.456373	
	0.470851	
	0.357076	
	0.459147	
	0.483935	
	0.507595	
	0.542243	
	0.651751	
	0.603718	
	0.583500	
	0.496674	
	0.498930	
	0.519047	
	0.587250	
	0.479539	
	0.251701	
	0.214928	
	0.212555	
	0.282764	
	0.549499	
	0.588840	
	0.522851	
	0.407999	
	0.325649	
	0.330489	
	0.323115	
	0.347758	
	0.378748	
	0.450895	
	0.427717	
	0.421521	
	0.456272	
	0.481295	
	0.493619	
	0.483525	
	0.509900	
	0.486800	
	0.410050	
	0.396885	
	0.454518	
	0.456757	
	0.467928	
	0.483426	
	0.487551	
	0.525487	
	0.526363	
	0.527800	
	0.505576	
	0.565231	
	0.568546	
	0.598066	
	0.658838	
	0.584174	
	0.665217	
	0.675067	
	0.605272	
	0.485222	
	0.564444	
	0.628979	
	0.568892	
	0.471912	
	0.581373	
	0.579930	
	0.566092	
	0.595931	
	0.620730	
	0.714862	
	0.711772	
	0.609194	
	0.474482	
	0.571730	
	0.592389	
	0.536087	
	0.364013	
	0.379174	
	0.425877	
	0.326825	
	0.233008	
	0.300335	
	0.336297	
	0.394508	
	0.472391	
	0.447866	
	0.452454	
	0.442471	
	0.383699	
	0.349640	
	0.353376	
	0.364835	
	0.465879	
	0.446326	
	0.322149	
	0.207279	
	0.213859	
	0.175588	
	0.150392	
	0.173598	
	0.169558	
	0.116582	
	0.140985	
	0.118602	
	0.141554	
	0.139281	
	0.132986	
	0.145053	
	0.128428	
	0.132626	
	0.111368	
	0.120015	
	0.125662	
	0.170862	
	0.281662	
	0.161044	
	0.136874	
	0.127815	
	0.135969	
	0.145162	
	0.157656	
	0.160983	
	0.127558	
	0.214005	
	0.155789	
	0.130398	
	0.110824	
	0.111725	
	0.096104	
	0.109114	
	0.126135	
	0.221580	
	0.173351	
	0.097835	
	0.100172	
	0.112608	
	0.098700	
	0.119445	
	0.118287	
	0.121846	
	0.129991	
	0.216914	
	0.137839	
	0.144703	
	0.118651	
	0.145021	
	0.149971	
	0.166492	
	0.176002	
	0.221195	
	0.148253	
	0.168013	
	0.161139	
	0.157564	
	0.153526	
	0.137385	
	0.136967	
	0.129124	
	0.197024	
	0.162592	
	0.160721	
	0.139769	
	0.140344	
	0.152386	
	0.160658	
	0.185985	
	0.247476	
	0.253503	
	0.172588	
	0.099018	
	0.096961	
	0.102972	
	0.094564	
	0.105071	
	0.090571	
	0.089847	
	0.106286	
	0.111286	
	0.097663	
	0.123516	
	0.118544	
	0.125158	
	0.109167	
	0.109645	
	0.113278	
	0.182692	
	0.222410	
	0.197488	
	0.134099	
	0.129261	
	0.144237	
	0.165464	
	0.216459	
	0.287708	
	0.326460	
	0.194641	
	0.193082	
	0.223409	
	0.254959	
	0.263608	
	0.253474	
	0.308511	
	0.444865	
	0.261840	
	0.189277	
	0.129824	
	0.133511	
	0.135226	
	0.168377	
	0.173974	
	0.130442	
	0.212940	
	0.199419	
	0.316043	
	0.253292	
	0.264324	
	0.178019	
	0.174929	
	0.246383	
	0.237908	
	0.304646	
	0.407739	
	0.213578	
	0.161859	
	0.138503	
	0.173789	
	0.187985	
	0.222201	
	0.172785	
	0.190642	
	0.318672	
	0.163153	
	0.144420	
	0.127212	
	0.134086	
	0.198422	
	0.251867	
	0.195355	
	0.194673	
	0.289850	
	0.282097	
	0.224113	
	0.182161	
	0.153531	
	0.164992	
	0.192937	
	0.216829	
	0.215394	
	0.245701	
	0.241545	
	0.207055	
	0.266085	
	0.287290	
	0.257029	
	0.257496	
	0.272637	
	0.219403	
	0.244930	
	0.284757	
	0.289208	
	0.268171	
	0.240679	
	0.232439	
	0.232985	
	0.272285	
	0.329387	
	0.322760	
	0.332236	
	0.326950	
	0.326442	
	0.337539	
	0.299470	
	0.294993	
	0.339062	
	0.318441	
	0.288075	
	0.277562	
	0.198123	
	0.241861	
	0.157358	
	0.159237	
	0.162042	
	0.162564	
	0.209266	
	0.224535	
	0.306535	
	0.305227	
	0.301361	
	0.286558	
	0.278689	
	0.282507	
	0.224584	
	0.320265	
	0.364825	
	0.357790	
	0.319630	
	0.295784	
	0.281961	
	0.280586	
	0.270025	
	0.292099	
	0.245453	
	0.298532	
	0.365278	
	0.381937	
	0.410109	
	0.386035	
	0.362136	
	0.375586	
	0.363983	
	0.255670	
	0.272172	
	0.246780	
	0.281021	
	0.208006	
	0.111340	
	0.077641	
	0.057135	
	0.055604	
	0.059127	
	0.059586	
	0.076474	
	0.100703	
	0.116727	
	0.111015	
	0.122420	
	0.125183	
	0.145553	
	0.152317	
	0.192903	
	0.242411	
	0.322169	
	0.351294	
	0.428192	
	0.374086	
	0.393892	
	0.397868	
	0.433360	
	0.435833	
	0.432400	
	0.490107	
	0.440204	
	0.472800	
	0.526722	
	0.520325	
	0.559592	
	0.616153	
	0.597519	
	0.572780	
	0.257653	
	0.306681	
	0.288259	
	0.262358	
	0.277552	
	0.246997	
	0.282953	
	0.197907	
	0.239103	
	0.247795	
	0.215563	
	0.184029	
	0.174041	
	0.162009	
	0.163035	
	0.180817	
	0.199265	
	0.198459	
	0.191863	
	0.195449	
	0.195201	
	0.235092	
	0.240719	
	0.244740	
	0.244630	
	0.254138	
	0.235649	
	0.216142	
	0.236430	
	0.189270	
	0.244942	
	0.251334	
	0.211954	
	0.204341	
	0.226020	
	0.236486	
	0.235829	
	0.222136	
	0.245599	
	0.236454	
	0.249395	
	0.221410	
	0.243583	
	0.209446	
	0.244133	
	0.245474	
	0.283725	
	0.257224	
	0.232407	
	0.279090	
	0.273639	
	0.286371	
	0.307589	
	0.278218	
	0.266035	
	0.263722	
	0.276443	
	0.254144	
	0.269217	
	0.218920	
	0.236741	
	0.222830	
	0.251864	
	0.209797	
	0.237551	
	0.202215	
	0.230870	
	0.207398	
	0.221018	
	0.197445	
	0.186686	
	0.195337	
	0.201820	
	0.204023	
	0.166299	
	0.185082	
	0.156483	
	0.170287	
	0.177043	
	0.191704	
	0.182897	
	0.172340	
	0.184199	
	0.204950	
	0.174264	
	0.203692	
	0.163442	
	0.162614	
	0.158443	
	0.184761	
	0.174745	
	0.125726	
	0.164921	
	0.179278	
	0.145081	
	0.154665	
	0.157130	
	0.161220	
	0.174549	
	0.163133	
	0.187521	
	0.200840	
	0.204992	
	0.194718	
	0.197002	
	0.183274	
	0.193425	
	0.198632	
	0.184461	
	0.185799	
	0.188336	
	0.252684	
	0.203302	
	0.190013	
	0.219697	
	0.185446	
	0.204972	
	0.286818	
	0.346871	
	0.346735	
	0.312570	
	0.267447	
	0.246289	
	0.242965	
	0.281536	
	0.261381	
	NaN	
	NaN	
	NaN	
	NaN	
	NaN	
	NaN	
	NaN	
	NaN	
	NaN	
	NaN	
	NaN	
	NaN	
	NaN	
	NaN	
	NaN	
	NaN	
	NaN	
	NaN	
	NaN	
	NaN	
	NaN	
	NaN	
	NaN	
	NaN	
	NaN	
	NaN	
	NaN	
	NaN	
	NaN	
	NaN	
	NaN	
	NaN	
	NaN	
	NaN	
	NaN	
	NaN	
	NaN	
	NaN	
	NaN	
	NaN	
	NaN	
	NaN	
	NaN	
	NaN	
	NaN	
	NaN	
	NaN	
	NaN	
	NaN	
	NaN	
	NaN	
	NaN	
	NaN	
	NaN	
	NaN	
	NaN	
	NaN	
	NaN	
	NaN	
	NaN	
	NaN	
	NaN	
	NaN	
	NaN	
	NaN	
	NaN	
	NaN	
	NaN	
	NaN	
	NaN	
	NaN	
	NaN	
	NaN	
	NaN	
	NaN	
	NaN	
	NaN	
	NaN	
	NaN	
	NaN	
	NaN	
	NaN	
	NaN	
	NaN	
	NaN	
	NaN	
	NaN	
	NaN	
	NaN	
	NaN	
	NaN	
	NaN	
	NaN	
	NaN	
	NaN	
	NaN	
	NaN	
	NaN	
	NaN	
	NaN	
	NaN	
	NaN	
	NaN	
	NaN	
	NaN	
	NaN	
	NaN	
	NaN	
	NaN	
	NaN	
	NaN	
	NaN	
	NaN	
	NaN	
	NaN	
	NaN	
	NaN	
	NaN	
	NaN	
	NaN	
	NaN	
	NaN	
	NaN	
	NaN	
	NaN	
	NaN	
	NaN	
	NaN	
	NaN	
	NaN	
	NaN	
	NaN	
	NaN	
	NaN	
	NaN	
	NaN	
	NaN	
	NaN	
	NaN	
	NaN	
	NaN	
	NaN	
	NaN	
	NaN	
	NaN	
	NaN	
	NaN	
	NaN	
	NaN	
	NaN	
	NaN	
	NaN	
	NaN	
	NaN	
	NaN	
	NaN	
	NaN	
	NaN	
	NaN	
	NaN	
	NaN	
	NaN	
	NaN	
	NaN	
	NaN	
	NaN	
	NaN	
	NaN	
	NaN	
	NaN	
	NaN	
	NaN	
	NaN	
	NaN	
	NaN	
	NaN	
