_Mode		
	-0.008755	
	0.048081	
	-0.085724	
	-0.149084	
	-0.139438	
	-0.128382	
	-0.051076	
	0.152309	
	-0.303439	
	-0.213244	
	-0.103340	
	0.153738	
	0.099943	
	-0.004588	
	-0.092259	
	0.103749	
	0.003794	
	-0.007531	
	-0.039103	
	0.073605	
	0.050156	
	0.041318	
	0.068259	
	-0.173647	
	-0.077141	
	-0.177500	
	-0.112882	
	-0.057529	
	-0.105905	
	-0.118168	
	0.122357	
	-0.111172	
	-0.072686	
	-0.149582	
	-0.143662	
	-0.074349	
	-0.094998	
	0.100587	
	-0.155425	
	-0.060344	
	-0.044313	
	-0.140626	
	-0.133540	
	-0.202201	
	-0.078886	
	-0.009391	
	-0.109590	
	-0.065974	
	0.099880	
	0.257548	
	-0.248323	
	0.255597	
	-0.074414	
	0.096803	
	-0.041123	
	-0.019640	
	-0.080346	
	0.230835	
	-0.169798	
	-0.064812	
	-0.104911	
	-0.298177	
	-0.176062	
	-0.057792	
	-0.075004	
	0.118181	
	-0.066116	
	-0.050399	
	0.032270	
	-0.069490	
	0.216385	
	-0.280202	
	-0.282287	
	-0.181344	
	-0.074115	
	-0.060169	
	-0.081957	
	-0.367295	
	0.011099	
	0.078644	
	-0.028352	
	0.154445	
	0.143213	
	-0.195390	
	-0.054336	
	-0.147336	
	-0.055192	
	-0.172623	
	0.128000	
	0.023736	
	0.227883	
	-0.177471	
	0.007576	
	-0.337625	
	-0.079080	
	-0.081979	
	0.033478	
	-0.101118	
	0.195478	
	-0.059639	
	-0.079999	
	-0.080991	
	-0.169783	
	-0.251122	
	-0.075764	
	-0.146343	
	0.218649	
	-0.091736	
	-0.026965	
	0.081872	
	-0.143655	
	0.045073	
	-0.213612	
	-0.276361	
	-0.073534	
	0.153003	
	-0.153595	
	0.202749	
	-0.030048	
	-0.176000	
	0.113713	
	0.194336	
	0.064114	
	0.118061	
	0.036171	
	0.098145	
	0.017612	
	-0.118895	
	-0.045062	
	-0.107388	
	0.183513	
	-0.101950	
	-0.198295	
	-0.200281	
	-0.118524	
	0.013164	
	0.000812	
	-0.131420	
	0.080524	
	-0.018366	
	-0.114704	
	0.030675	
	-0.047947	
	0.239252	
	0.152568	
	-0.174236	
	-0.106403	
	-0.030991	
	0.006182	
	-0.172994	
	-0.114693	
	-0.188259	
	0.022871	
	-0.193563	
	-0.021064	
	0.119385	
	0.001597	
	-0.081021	
	0.066206	
	-0.186168	
	-0.104633	
	0.117190	
	0.089114	
	0.217499	
	0.007675	
	0.118594	
	0.161905	
	0.161307	
	-0.219716	
	0.136795	
	0.088977	
	0.281596	
	-0.102417	
	0.105576	
	0.149222	
	0.236208	
	-0.200649	
	-0.242344	
	-0.289776	
	-0.066838	
	-0.087870	
	-0.031122	
	-0.126538	
	-0.252415	
	0.099837	
	-0.002634	
	-0.109869	
	0.265896	
	-0.030701	
	-0.248284	
	-0.017964	
	0.098956	
	0.291065	
	-0.164204	
	-0.151069	
	-0.046477	
	0.106595	
	0.040297	
	-0.041943	
	0.151203	
	-0.128678	
	0.120677	
	0.182444	
	0.195043	
	0.130867	
	0.280256	
	0.133676	
	0.087488	
	-0.034176	
	-0.021680	
	-0.125462	
	0.189001	
	-0.161858	
	0.151034	
	0.161704	
	0.042789	
	0.211131	
	-0.116875	
	0.029525	
	-0.031353	
	0.043669	
	0.054133	
	-0.127372	
	0.042121	
	0.140139	
	-0.059587	
	-0.089699	
	-0.086560	
	-0.167512	
	-0.050148	
	-0.144689	
	-0.175194	
	0.182183	
	-0.055710	
	-0.058002	
	-0.176770	
	-0.068751	
	0.047833	
	-0.104603	
	-0.050772	
	0.022413	
	-0.151215	
	-0.032620	
	0.048741	
	0.032577	
	0.080411	
	-0.072232	
	0.238389	
	-0.005273	
	0.227403	
	-0.194409	
	0.093377	
	-0.163935	
	0.165788	
	0.179738	
	-0.046873	
	-0.117985	
	-0.252893	
	-0.295408	
	-0.164411	
	-0.080232	
	-0.011637	
	0.132356	
	-0.186009	
	-0.057483	
	-0.043105	
	-0.077213	
	0.211858	
	-0.082083	
	-0.192019	
	0.022521	
	0.066290	
	0.254871	
	0.089592	
	-0.155006	
	-0.079581	
	-0.041524	
	-0.012272	
	-0.012159	
	-0.040590	
	0.004653	
	-0.014360	
	0.083797	
	0.030261	
	0.045215	
	-0.059596	
	-0.040379	
	-0.038570	
	-0.139367	
	-0.193705	
	-0.106833	
	0.098740	
	-0.078126	
	-0.042020	
	-0.110172	
	-0.012793	
	-0.021516	
	-0.013946	
	-0.144719	
	0.063233	
	0.111177	
	-0.042490	
	0.175509	
	0.163891	
	0.102026	
	0.220235	
	-0.140996	
	-0.004592	
	-0.202641	
	-0.154225	
	0.025894	
	0.021998	
	-0.122872	
	-0.117583	
	0.033615	
	-0.057823	
	-0.119990	
	-0.100039	
	0.115994	
	0.121510	
	0.204083	
	-0.062465	
	-0.118243	
	0.100214	
	0.131165	
	-0.048833	
	-0.065580	
	-0.085684	
	-0.072084	
	-0.062661	
	-0.072639	
	-0.015098	
	0.017578	
	-0.060443	
	-0.010536	
	-0.017125	
	-0.066738	
	-0.059702	
	-0.044913	
