_Brightness		
	NaN	
	NaN	
	NaN	
	NaN	
	NaN	
	NaN	
	NaN	
	NaN	
	NaN	
	NaN	
	NaN	
	NaN	
	NaN	
	NaN	
	NaN	
	NaN	
	NaN	
	NaN	
	0.628798	
	0.490466	
	0.477331	
	0.457006	
	0.398492	
	0.414845	
	0.439806	
	0.416281	
	0.407304	
	0.384513	
	0.378254	
	0.368021	
	0.345248	
	0.322815	
	0.332484	
	0.310415	
	0.309411	
	0.395402	
	0.566461	
	0.447155	
	0.416235	
	0.418723	
	0.414369	
	0.422467	
	0.443935	
	0.428035	
	0.426355	
	0.444486	
	0.456092	
	0.488467	
	0.477845	
	0.467822	
	0.479104	
	0.434548	
	0.396306	
	0.548675	
	0.475280	
	0.422804	
	0.413088	
	0.415018	
	0.419617	
	0.423764	
	0.383024	
	0.357008	
	0.336411	
	0.329782	
	0.346818	
	0.407505	
	0.411045	
	0.401035	
	0.410470	
	0.409957	
	0.519279	
	0.501538	
	0.479318	
	0.474035	
	0.435260	
	0.392313	
	0.394240	
	0.396981	
	0.396633	
	0.403868	
	0.400907	
	0.377674	
	0.396963	
	0.411175	
	0.398049	
	0.377743	
	0.461830	
	0.629850	
	0.541429	
	0.526240	
	0.444316	
	0.430851	
	0.434578	
	0.421117	
	0.405916	
	0.389005	
	0.374567	
	0.373261	
	0.377550	
	0.386069	
	0.388681	
	0.379512	
	0.342887	
	0.326165	
	0.384345	
	0.513026	
	0.475890	
	0.477989	
	0.467283	
	0.446271	
	0.474680	
	0.456184	
	0.487066	
	0.472708	
	0.495154	
	0.533973	
	0.482884	
	0.497818	
	0.446430	
	0.407343	
	0.370637	
	0.342654	
	0.354352	
	0.355267	
	0.329247	
	0.324440	
	0.322622	
	0.353088	
	0.371186	
	0.384860	
	0.426597	
	0.479769	
	0.423788	
	0.442803	
	0.436007	
	0.438131	
	0.396822	
	0.367589	
	0.383490	
	0.399487	
	0.593838	
	0.504486	
	0.449613	
	0.377069	
	0.367965	
	0.432079	
	0.439837	
	0.413292	
	0.405943	
	0.393211	
	0.349241	
	0.358763	
	0.382514	
	0.375921	
	0.416167	
	0.462537	
	0.475759	
	0.579383	
	0.490320	
	0.442598	
	0.440577	
	0.442525	
	0.405286	
	0.411153	
	0.370199	
	0.379794	
	0.373184	
	0.371590	
	0.382892	
	0.358756	
	0.336657	
	0.355426	
	0.334545	
	0.337787	
	0.624441	
	0.512612	
	0.418845	
	0.462894	
	0.459641	
	0.482771	
	0.516208	
	0.482309	
	0.448128	
	0.411463	
	0.415253	
	0.410414	
	0.408811	
	0.408850	
	0.454210	
	0.436344	
	0.419959	
	0.408281	
	0.563239	
	0.496904	
	0.445659	
	0.459206	
	0.469977	
	0.494044	
	0.485451	
	0.411151	
	0.363752	
	0.354407	
	0.375875	
	0.355440	
	0.376600	
	0.328806	
	0.314836	
	0.354049	
	0.469417	
	0.505157	
	0.537717	
	0.565706	
	0.545220	
	0.511470	
	0.496203	
	0.509244	
	0.517189	
	0.520311	
	0.540703	
	0.572903	
	0.588583	
	0.558356	
	0.501319	
	0.456723	
	0.490767	
	0.578140	
	0.516968	
	0.489158	
	0.463796	
	0.473669	
	0.442831	
	0.442362	
	0.400345	
	0.395609	
	0.401034	
	0.402993	
	0.399608	
	0.407144	
	0.406808	
	0.389400	
	0.403249	
	0.368500	
	0.362680	
	0.552432	
	0.448558	
	0.467452	
	0.446604	
	0.422676	
	0.431654	
	0.428418	
	0.419800	
	0.358121	
	0.373848	
	0.520637	
	0.519219	
	0.438974	
	0.454423	
	0.447258	
	0.424087	
	0.443335	
	0.428469	
	0.419999	
	0.391256	
	0.391359	
	0.357254	
	0.354030	
	0.332174	
	0.346722	
	0.311092	
	0.387778	
	0.516419	
	0.540445	
	0.519223	
	0.533060	
	0.563070	
	0.581486	
	0.580431	
	0.609777	
	0.641514	
	0.636491	
	0.535107	
	0.567482	
	0.568725	
	0.586454	
	0.618958	
	0.601133	
	0.642125	
	0.639734	
	0.681110	
	0.695585	
	0.737244	
	0.760265	
	0.775833	
	0.794824	
	0.824750	
	0.822799	
	0.795156	
	0.652743	
	0.588403	
	0.586872	
	0.614741	
	0.640768	
	0.654301	
	0.675337	
	0.644948	
	0.663151	
	0.644457	
	0.650163	
	0.663824	
	0.690905	
	0.648060	
	0.614251	
	0.651191	
	0.612477	
	0.605309	
	0.586591	
	0.583155	
	0.552835	
	0.546223	
	0.550959	
	0.584612	
	0.589597	
	0.593452	
	0.582386	
	0.560820	
	0.570974	
	0.552974	
	0.567968	
	0.550990	
	0.505661	
	0.497242	
	0.542309	
	0.508344	
	0.555313	
	0.525822	
	0.488755	
	0.480975	
	0.510906	
	0.525798	
	0.480056	
	0.453902	
	0.429345	
	0.411997	
	0.418686	
	0.428601	
	0.449804	
	0.469704	
	0.494713	
	0.530613	
	0.468581	
	0.446511	
	0.428382	
	0.454417	
	0.455647	
	0.447092	
	0.454990	
	0.458440	
	0.483661	
	0.504816	
	0.494817	
	0.502220	
	0.539462	
	0.525783	
	0.552581	
	0.568783	
	0.552781	
	0.497361	
	0.366324	
	0.363289	
	0.383707	
	0.408416	
	0.405828	
	0.374352	
	0.379413	
	0.371901	
	0.392316	
	0.371815	
	0.383404	
	0.379676	
	0.333159	
	0.313057	
	0.303189	
	0.463555	
	0.456937	
	0.439734	
	0.428034	
	0.413024	
	0.401765	
	0.396243	
	0.385700	
	0.402551	
	0.434501	
	0.490333	
	0.454769	
	0.388302	
	0.415986	
	0.361018	
	0.336857	
	0.371545	
	0.321980	
	0.341853	
	0.412140	
	0.395881	
	0.419537	
	0.405645	
	0.389544	
	0.370253	
	0.336604	
	0.478837	
	0.425016	
	0.416581	
	0.410189	
	0.406723	
	0.416237	
	0.436793	
	0.444837	
	0.444659	
	0.450424	
	0.506135	
	0.463824	
	0.315553	
	0.300723	
	0.332780	
	0.335460	
	0.330080	
	0.309105	
	0.307399	
	0.402154	
	0.393162	
	0.290938	
	0.304612	
	0.355387	
	0.365487	
	0.343132	
	0.401746	
	0.554203	
	0.453661	
	0.330382	
	0.327993	
	0.332120	
	0.339407	
	0.354850	
	0.341606	
	0.356323	
	0.374995	
	0.382443	
	0.377462	
	0.381221	
	0.378053	
	0.336549	
	0.318465	
	0.307435	
	0.369140	
	0.453185	
	0.376521	
	0.389690	
	0.397651	
	0.433362	
	0.486054	
	0.457186	
	0.426340	
	0.412880	
	0.372797	
	0.352033	
	0.327128	
	0.318501	
	0.302128	
	0.312289	
	0.357965	
	0.430921	
	0.488001	
	0.348856	
	0.385197	
	0.343492	
	0.378522	
	0.360323	
	0.337453	
	0.331862	
	0.341653	
	0.317984	
	0.340323	
	0.347945	
	0.343203	
	0.352497	
	0.324964	
	0.312856	
	0.388962	
	0.475161	
	0.442914	
	0.498610	
	0.465727	
	0.457654	
	0.446620	
	0.445406	
	0.454900	
	0.422313	
	0.431703	
	0.479984	
	0.423555	
	0.353802	
	0.346430	
	0.380221	
	0.461479	
	0.512354	
	0.553494	
	0.454882	
	0.375731	
	0.377046	
	0.346253	
	0.314891	
	0.330881	
	0.301567	
	0.327466	
	0.339590	
	0.310344	
	0.340279	
	0.290833	
	0.286772	
	0.258856	
	0.271660	
	0.263704	
	0.271623	
	0.373279	
	0.345300	
	0.433806	
	0.468820	
	0.464847	
	0.402775	
	0.389155	
	0.375227	
	0.380137	
	0.543183	
	0.507540	
	0.451967	
	0.320215	
	0.273390	
	0.289448	
	0.260311	
	0.261424	
	0.256945	
	0.281012	
	0.293575	
	0.273992	
	0.278659	
	0.271172	
	0.251926	
	0.272441	
	0.345392	
	0.404942	
	0.396745	
	0.362757	
	0.369651	
	0.370591	
	0.359341	
	0.336450	
	0.319469	
	0.512847	
	0.412883	
	0.412529	
	0.445231	
	0.263266	
	0.292933	
	0.281078	
	0.258040	
	0.270050	
	0.247150	
	0.296758	
	0.257750	
	0.233943	
	0.232498	
	0.246023	
	0.422050	
	0.538279	
	0.671604	
	0.670035	
	0.457462	
	0.368004	
	0.375687	
	0.405758	
	0.441277	
	0.425473	
	0.418247	
	0.428313	
	0.421114	
	0.379237	
	0.363737	
	0.333132	
	0.328476	
	0.301760	
	0.313052	
	0.279876	
	0.488004	
	0.505817	
	0.567544	
	0.622114	
	0.620687	
	0.549224	
	0.462292	
	0.419923	
	0.584971	
	0.615931	
	0.483921	
	0.393364	
	0.407252	
	0.392902	
	0.426391	
	0.487670	
	0.457278	
	0.520772	
	0.404822	
	0.384828	
	0.366155	
	0.358707	
	0.361554	
	0.364493	
	0.340279	
	0.320986	
	0.367260	
	0.386598	
	0.361245	
	0.335829	
	0.260517	
	0.336910	
	0.563527	
	0.724942	
	0.595009	
	0.530341	
	0.648383	
	0.659295	
	0.616738	
	0.479144	
	0.415550	
	0.395337	
	0.572079	
	0.459752	
	0.486273	
	0.481215	
	0.426413	
	0.369862	
	0.346295	
	0.346724	
	0.389477	
	0.439575	
	0.414700	
	0.251122	
	0.209243	
	0.198101	
	0.194524	
	0.192771	
	0.182899	
	0.169522	
	0.160801	
	0.202741	
	0.196856	
	0.203224	
	0.179587	
	0.181744	
	0.177537	
	0.183512	
	0.209865	
	0.567590	
	0.564662	
	0.675410	
	0.701877	
	0.826297	
	0.854360	
	0.829267	
	0.853613	
	0.767421	
	0.545904	
	0.442700	
	0.376122	
	0.347082	
	0.371905	
	0.394743	
	0.404478	
	0.395620	
	0.422588	
	0.375162	
	0.282649	
	0.278513	
	0.271714	
	0.270719	
	0.277167	
	0.291918	
	0.298082	
	0.369230	
	0.324234	
	0.283742	
	0.252132	
	0.231865	
	0.258746	
	0.267950	
	0.286632	
	0.547588	
	0.579294	
	0.719443	
	0.750822	
	0.705678	
	0.605363	
	0.458883	
	0.374887	
	0.549556	
	0.755525	
	0.843466	
	0.617833	
	0.425281	
	0.448685	
	0.359038	
	0.352902	
	0.278585	
	0.376610	
	0.518387	
	0.367058	
	0.313030	
	0.315896	
	0.314922	
	0.303041	
	0.311847	
	0.319434	
	0.323817	
	0.348761	
	0.328127	
	0.351114	
	0.330859	
	0.239643	
	0.215300	
	0.214968	
	0.238543	
	0.489180	
	0.539941	
	0.628196	
	0.603713	
	0.539660	
	0.444161	
	0.404595	
	0.418330	
	0.418556	
	0.392894	
	0.385255	
	0.342897	
	0.331216	
	0.238451	
	0.251598	
	0.255163	
	0.374094	
	0.478637	
	0.485820	
	0.335865	
	0.335142	
	0.316317	
	0.324225	
	0.348949	
	0.352062	
	0.388771	
	0.393246	
	0.428709	
	0.376422	
	0.340720	
	0.626767	
	0.759797	
	0.788622	
	0.808053	
	0.798043	
	0.567183	
	0.538705	
	0.583954	
	0.648388	
	0.539688	
	0.444813	
	0.399505	
	0.342795	
	0.321363	
	0.351189	
	0.365738	
	0.297070	
	0.298485	
	0.226536	
	0.211266	
	0.204355	
	0.213185	
	0.377202	
	0.344477	
	0.236763	
	0.185136	
	0.187422	
	0.205086	
	0.214989	
	0.225361	
	0.248936	
	0.278677	
	0.229269	
	0.240661	
	0.232250	
	0.230128	
	0.236623	
	0.273518	
	0.304051	
	0.377595	
	0.497936	
	0.568051	
	0.578505	
	0.591054	
	0.449975	
	0.382406	
	0.369935	
	0.387983	
	0.413216	
	0.385537	
	0.307039	
	0.293462	
	0.280520	
	0.298143	
	0.309405	
	0.306241	
	0.338221	
	0.396683	
	0.382387	
	0.243414	
	0.187444	
	0.173882	
	0.179537	
	0.184792	
	0.185257	
	0.283355	
	0.375933	
	0.389147	
	0.391994	
	0.332117	
	0.262308	
	0.238709	
	0.239074	
	0.255191	
	0.506269	
	0.448377	
	0.595754	
	0.648595	
	0.676327	
	0.624656	
	0.622095	
	0.700951	
	0.465311	
	0.565040	
	0.638624	
	0.608784	
	0.614985	
	0.680825	
	0.723752	
	0.730866	
	0.685967	
	0.630403	
	0.471035	
	0.319839	
	0.309969	
	0.296705	
	0.285442	
	0.288457	
	0.300295	
	0.313969	
	0.295798	
	0.314403	
	0.302820	
	0.305397	
	0.333824	
	0.346013	
	0.323865	
	0.335627	
	0.289831	
	0.495692	
	0.562581	
	0.614275	
	0.604382	
	0.748402	
	0.822802	
	0.810784	
	0.833731	
	0.582805	
	0.425996	
	0.433067	
	0.382334	
	0.326110	
	0.323780	
	0.392431	
	0.409199	
	0.453593	
	0.421554	
	0.403497	
	0.322126	
	0.313436	
	0.316631	
	0.301582	
	0.326996	
	0.340209	
	0.330360	
	0.369868	
	0.329717	
	0.353988	
	0.455506	
	0.766420	
	0.688044	
	0.706346	
	0.670903	
	0.457298	
	0.534414	
	0.560987	
	0.597163	
	0.519981	
	0.417147	
	0.396529	
	0.443030	
	0.442490	
	0.446912	
	0.464887	
	0.485443	
	0.491324	
	0.423460	
	0.431239	
	0.369207	
	0.359247	
	0.405011	
	0.518594	
	0.402658	
	0.384543	
	0.373342	
	0.420305	
	0.401996	
	0.411242	
	0.395178	
	0.403700	
	0.448690	
	0.450603	
	0.428559	
	0.439595	
	0.399958	
	0.378577	
	0.377409	
	0.357599	
	0.533728	
	0.506656	
	0.624007	
	0.632582	
	0.583105	
	0.455528	
	0.394075	
	0.398466	
	0.387953	
	0.408744	
	0.389987	
	0.357653	
	0.329266	
	0.311710	
	0.319005	
	0.296383	
	0.290801	
	0.306155	
	0.422436	
	0.356779	
	0.296112	
	0.281339	
	0.308088	
	0.313310	
	0.327162	
	0.317344	
	0.339538	
	0.422823	
	0.343251	
	0.280218	
	0.307344	
	0.299217	
	0.287248	
	0.230278	
	0.353991	
	0.543263	
	0.599411	
	0.633195	
	0.658976	
	0.601761	
	0.504673	
	0.436417	
	0.392270	
	0.391392	
	0.498375	
	0.545890	
	0.415477	
	0.312011	
	0.249612	
	0.229638	
	0.242850	
	0.230819	
	0.396192	
	0.483867	
	0.384606	
	0.345985	
	0.331644	
	0.329655	
	0.333156	
	0.388269	
	0.384789	
	0.388461	
	0.412314	
	0.392401	
	0.362236	
	0.349845	
	0.296357	
	0.263487	
	0.312298	
	0.452989	
	0.553602	
	0.595980	
	0.629216	
	0.545961	
	0.458368	
	0.362915	
	0.300427	
	0.256050	
	0.252568	
	0.289891	
	0.255112	
	0.187354	
	0.174629	
	0.206247	
	0.194441	
	0.208486	
	0.195043	
	0.353149	
	0.393710	
	0.247930	
	0.201859	
	0.168077	
	0.173458	
	0.183080	
	0.202363	
	0.194203	
	0.239633	
	0.277275	
	0.232401	
	0.170545	
	0.165271	
	0.149320	
	0.162152	
	0.145237	
	0.477722	
	0.604573	
	0.689960	
	0.710548	
	0.639236	
	0.573121	
	0.513442	
	0.446818	
	0.401584	
	0.419383	
	0.558045	
	0.469451	
	0.296991	
	0.247569	
	0.216999	
	0.210173	
	0.204855	
	0.417953	
	0.573752	
	0.450113	
	0.413241	
	0.373204	
	0.376551	
	0.366181	
	0.365482	
	0.382797	
	0.427676	
	0.505616	
	0.416370	
	0.298588	
	0.227513	
	0.195048	
	0.176867	
	0.193251	
	0.262517	
	0.468517	
	0.505371	
	0.555358	
	0.532909	
	0.476020	
	0.374079	
	0.318973	
	0.311582	
	0.286386	
	0.499602	
	0.446816	
	0.534341	
	0.585095	
	0.507039	
	0.406311	
	0.361700	
	0.351073	
	0.368868	
	0.386944	
	0.206945	
	0.187888	
	0.187445	
	0.196722	
	0.215068	
	0.236082	
	0.307390	
	0.432218	
	0.480421	
	0.611611	
	0.464346	
	0.360850	
	0.294389	
	0.281926	
	0.301356	
	0.443912	
	0.529092	
	0.565541	
	0.645147	
	0.651034	
	0.570292	
	0.453838	
	0.408679	
	0.372777	
	0.378630	
	0.402789	
	0.422861	
	0.407101	
	0.423858	
	0.428449	
	0.559753	
	0.502225	
	0.434332	
	0.448090	
	0.434597	
	0.396923	
	0.336545	
	0.322979	
	0.337758	
	0.341418	
	0.484160	
	0.395953	
	0.343667	
	0.275277	
	0.188855	
	0.189242	
	0.189113	
	0.199853	
	0.185055	
	0.200012	
	0.404094	
	0.530079	
	0.548844	
	0.648634	
	0.592822	
	0.472269	
	0.366031	
	0.319902	
	0.411613	
	0.426391	
	0.499085	
	0.470017	
	0.461105	
	0.490108	
	0.563367	
	0.628557	
	0.594877	
	0.580062	
	0.543001	
	0.522849	
	0.470891	
	0.440047	
	0.436576	
	0.448464	
	0.506697	
	0.472008	
	0.401834	
	0.462579	
	0.329083	
	0.311432	
	0.319411	
	0.330493	
	0.483080	
	0.672178	
	0.735681	
	0.576666	
	0.544091	
	0.623811	
	0.600245	
	0.563304	
	0.457324	
	0.390464	
	0.362298	
	0.358967	
	0.358367	
	0.315331	
	0.277313	
	0.286142	
	0.269648	
	0.233590	
	0.252550	
	0.300089	
	0.339963	
	0.459354	
	0.422812	
	0.312450	
	0.258631	
	0.229482	
	0.204339	
	0.214392	
	0.216219	
	0.242524	
	0.305769	
	0.231593	
	0.257883	
	0.358678	
	0.319570	
	0.276725	
	0.321558	
	0.358834	
	0.547736	
	0.584151	
	0.544537	
	0.527930	
	0.470641	
	0.370783	
	0.316275	
	0.281602	
	0.278833	
	0.340717	
	0.338988	
	0.252502	
	0.263427	
	0.233081	
	0.218039	
	0.234504	
	0.252730	
	0.461617	
	0.538452	
	0.481303	
	0.356892	
	0.256564	
	0.217535	
	0.193959	
	0.204897	
	0.210637	
	0.492489	
	0.354548	
	0.302465	
	0.252273	
	0.211640	
	0.229065	
	0.225951	
	0.240376	
	0.451560	
	0.544057	
	0.637185	
	0.649675	
	0.598690	
	0.521510	
	0.448262	
	0.444461	
	0.430030	
	0.391041	
	0.423989	
	0.307203	
	0.252900	
	0.236492	
	0.251403	
	0.303962	
	0.414261	
	0.486901	
	0.579513	
	0.426818	
	0.389488	
	0.391386	
	0.375052	
	0.350825	
	0.371132	
	0.400856	
	0.431851	
	0.429723	
	0.302402	
	0.315990	
	0.352234	
	0.317866	
	0.356380	
	0.364071	
	0.374894	
	0.457309	
	0.523374	
	0.629460	
	0.617832	
	0.571724	
	0.471683	
	0.411599	
	0.365394	
	0.332157	
	0.382253	
	0.446936	
	0.397777	
	0.385661	
	0.373484	
	0.376719	
	0.372806	
	0.410386	
	0.516708	
	0.636044	
	0.560384	
	0.482304	
	0.408021	
	0.390168	
	0.348780	
	0.336133	
	0.325707	
	0.299721	
	0.377401	
	0.338723	
	0.296756	
	0.207244	
	0.226876	
	0.217759	
	0.241597	
	0.276530	
	0.554657	
	0.586860	
	0.645166	
	0.643784	
	0.512425	
	0.449067	
	0.324292	
	0.410134	
	0.397758	
	0.424624	
	0.344610	
	0.316655	
	0.271241	
	0.473234	
	0.634366	
	0.734514	
	0.736687	
	0.579698	
	0.493242	
	0.435601	
	0.408149	
	0.383041	
	0.371066	
	0.375626	
	0.344482	
	0.349241	
	0.379212	
	0.321404	
	0.265215	
	0.245488	
	0.241261	
	0.197880	
	0.207452	
	0.277307	
	0.574803	
	0.597512	
	0.630309	
	0.586105	
	0.559708	
	0.515486	
	0.474335	
	0.445384	
	0.469355	
	0.456359	
	0.544620	
	0.453302	
	0.382791	
	0.353079	
	0.348613	
	0.335270	
	0.340190	
	0.450647	
	0.536686	
	0.520100	
	0.486694	
	0.460805	
	0.389664	
	0.347978	
	0.335853	
	0.361602	
	0.329279	
	0.329277	
	0.427172	
	0.408693	
	0.379184	
	0.338294	
	0.532570	
	0.535222	
	0.546382	
	0.446982	
	0.503143	
	0.579344	
	0.635154	
	0.469227	
	0.540613	
	0.600406	
	0.662179	
	0.505070	
	0.434386	
	0.278435	
	0.212607	
	0.270544	
	0.230724	
	0.219870	
	0.274705	
	0.408793	
	0.522382	
	0.465632	
	0.383802	
	0.311399	
	0.274679	
	0.260091	
	0.226176	
	0.240318	
	0.215820	
	0.252059	
	0.302334	
	0.245053	
	0.297636	
	0.628748	
	0.705003	
	0.703362	
	0.717771	
	0.647654	
	0.494785	
	0.533422	
	0.592225	
	0.599066	
	0.548285	
	0.462608	
	0.368533	
	0.364640	
	0.414545	
	0.425324	
	0.402734	
	0.417186	
	0.452389	
	0.561724	
	0.506613	
	0.676622	
	0.682881	
	0.640989	
	0.621040	
	0.534875	
	0.508566	
	0.483257	
	0.506754	
	0.537504	
	0.555096	
	0.554667	
	0.480887	
	0.436006	
	0.318209	
	0.283159	
	0.240481	
	0.275762	
	0.319975	
	0.563162	
	0.723224	
	0.477560	
	0.543355	
	0.505276	
	0.494800	
	0.426064	
	0.331961	
	0.347616	
	0.359352	
	0.323046	
	0.346755	
	0.334707	
	0.247132	
	0.224212	
	0.299015	
	0.283765	
	0.490948	
	0.507547	
	0.473289	
	0.438779	
	0.402585	
	0.409036	
	0.396799	
	0.442681	
	0.473264	
	0.494440	
	0.509107	
	0.506012	
	0.381607	
	0.288283	
	0.298916	
	0.313564	
	0.314286	
	0.328421	
	0.367146	
	0.393008	
	0.499198	
	0.638599	
	0.576479	
	0.529488	
	0.429882	
	0.387566	
	0.404255	
	0.379371	
	0.403703	
	0.430104	
	0.462885	
	0.453770	
	0.422275	
	0.686619	
	0.840534	
	0.808881	
	0.846887	
	0.644188	
	0.540515	
	0.535614	
	0.475875	
	0.460199	
	0.449378	
	0.454922	
	0.473074	
	0.474729	
	0.477174	
	0.388775	
	0.328873	
	0.378057	
	0.372056	
	0.341224	
	0.252960	
	0.276618	
	0.512051	
	0.549040	
	0.625213	
	0.666081	
	0.565694	
	0.418746	
	0.382546	
	0.363399	
	0.459748	
	0.482127	
	0.358962	
	0.355306	
	0.298903	
	0.273323	
	0.297370	
	0.306013	
	0.408365	
	0.552195	
	0.624771	
	0.469935	
	0.416305	
	0.368297	
	0.374042	
	0.379740	
	0.357953	
	0.382980	
	0.390670	
	0.396577	
	0.326263	
	0.363105	
	0.316022	
	0.337966	
	0.360689	
	0.340522	
	0.391627	
	0.528602	
	0.519444	
	0.601218	
	0.569377	
	0.499280	
	0.443209	
	0.383959	
	0.343497	
	0.312538	
	0.356561	
	0.481478	
	0.541898	
	0.503685	
	0.464336	
	0.404921	
	0.359441	
	0.359483	
	0.391194	
	0.574277	
	0.562845	
	0.522883	
	0.442080	
	0.387442	
	0.408872	
	0.414717	
	0.419254	
	0.395737	
	0.348787	
	0.350724	
	0.320276	
	0.267151	
	0.243455	
	0.232976	
	0.214770	
	0.381845	
	0.500796	
	0.543629	
	0.502571	
	0.503333	
	0.409241	
	0.341464	
	0.365892	
	0.359464	
	0.409087	
	0.493284	
	0.443091	
	0.496182	
	0.713205	
	0.771021	
	0.814683	
	0.852482	
	0.652316	
	0.587801	
	0.410145	
	0.381345	
	0.389532	
	0.386864	
	0.351728	
	0.354772	
	0.368197	
	0.332686	
	0.313779	
	0.365176	
	0.349657	
	0.358891	
	0.391370	
	0.397282	
	0.511263	
	0.681234	
	0.487611	
	0.524454	
	0.566522	
	0.518049	
	0.474896	
	0.464649	
	0.462334	
	0.438182	
	0.545019	
	0.603026	
	0.436251	
	0.391357	
	0.382010	
	0.383026	
	0.419611	
	0.381296	
	0.357349	
	0.338697	
	0.341118	
	0.330653	
	0.338156	
	0.320932	
	0.327865	
	0.304354	
	0.246425	
	0.263417	
	0.311618	
	0.328085	
	0.314797	
	0.277540	
	0.276965	
	0.258206	
	0.261267	
	0.260735	
	0.370145	
	0.467124	
	0.508568	
	0.446436	
	0.387838	
	0.337602	
	0.318702	
	0.345170	
	0.326069	
	0.349328	
	0.458538	
	0.429398	
	0.395724	
	0.356257	
	0.318886	
	0.317877	
	0.328099	
	0.320927	
	0.498124	
	0.494559	
	0.408779	
	0.401206	
	0.380989	
	0.336336	
	0.330584	
	0.328056	
	0.375940	
	0.357326	
	0.348373	
	0.338154	
	0.349293	
	0.351286	
	0.373544	
	0.331337	
	0.316055	
	0.365929	
	0.386211	
	0.454825	
	0.438773	
	0.450293	
	0.353022	
	0.322610	
	0.294074	
	0.301451	
	0.439585	
	0.429015	
	0.524261	
	0.526868	
	0.505879	
	0.412060	
	0.392471	
	0.383094	
	0.341327	
	0.364032	
	0.421702	
	0.437044	
	0.433363	
	0.380738	
	0.356352	
	0.364610	
	0.386800	
	0.368488	
	0.424533	
	0.520660	
	0.552183	
	0.525513	
	0.475594	
	0.466838	
	0.513111	
	0.505260	
	0.582964	
	0.482118	
	0.587618	
	0.592111	
	0.645676	
	0.569298	
	0.555991	
	0.547480	
	0.617690	
	0.600345	
	0.570124	
	0.547588	
	0.528834	
	0.516683	
	0.531435	
	0.598333	
	0.689893	
	0.608915	
	0.481180	
	0.501726	
	0.537414	
	0.517053	
	0.529567	
	0.512392	
	0.543673	
	0.553619	
	0.523472	
	0.530744	
	0.535815	
	0.563567	
	0.480283	
	0.460656	
	0.447333	
	0.472957	
	0.492106	
	0.455537	
	0.497301	
	0.502272	
	0.528920	
	0.574597	
	0.559538	
	0.514109	
	0.507922	
	0.501577	
	0.554971	
	0.475045	
	0.513698	
	0.472113	
	0.415027	
	0.530233	
	0.609305	
	0.710369	
	0.748655	
	0.594340	
	0.450054	
	0.415068	
	0.394741	
	0.382855	
	0.379511	
	0.376834	
	0.377011	
	0.413260	
	0.468430	
	0.418012	
	0.398312	
	0.389753	
	0.408878	
	0.384759	
	0.395894	
	0.501568	
	0.488826	
	0.530299	
	0.485240	
	0.436792	
	0.416571	
	0.419759	
	0.420606	
	0.387014	
	0.397664	
	0.418018	
	0.387443	
	0.370866	
	0.418614	
	0.416495	
	0.457822	
	0.542690	
	0.528816	
	0.602598	
	0.485336	
	0.406777	
	0.404088	
	0.412289	
	0.397458	
	0.369161	
	0.371617	
	0.393263	
	0.466390	
	0.480296	
	0.456178	
	0.405135	
	0.365410	
	0.353041	
	0.524406	
	0.680106	
	0.445320	
	0.507888	
	0.584235	
	0.566064	
	0.515036	
	0.445638	
	0.363504	
	0.376811	
	0.381077	
	0.551296	
	0.465646	
	0.452449	
	0.481654	
	0.498984	
	0.477108	
	0.438472	
	0.452140	
	0.470707	
	0.485065	
	0.481009	
	0.468765	
	0.435183	
	0.440090	
	0.418085	
	0.394762	
	0.409653	
	0.380764	
	0.421001	
	0.358642	
	0.357254	
	0.345467	
	0.402148	
	0.396748	
	0.395957	
	0.423409	
	0.517021	
	0.596340	
	0.690630	
	0.768383	
	0.744583	
	0.719387	
	0.658399	
	0.583281	
	0.564110	
	0.473214	
	0.496250	
	0.502601	
	0.425860	
	0.401781	
	0.364112	
	0.368076	
	0.346658	
	0.435554	
	0.460173	
	0.401539	
	0.361632	
	0.329408	
	0.344640	
	0.349475	
	0.349373	
	0.366728	
	0.361731	
	0.349671	
	0.385525	
	0.337692	
	0.342307	
	0.377516	
	0.371692	
	0.378403	
	0.413290	
	0.519110	
	0.624339	
	0.632742	
	0.622649	
	0.564118	
	0.526605	
	0.597352	
	0.710464	
	0.438281	
	0.428104	
	0.378875	
	0.383043	
	0.381953	
	0.426374	
	0.385009	
	0.378973	
	0.350554	
	0.364948	
	0.399733	
	0.396381	
	0.351746	
	0.359134	
	0.355350	
	0.337740	
	0.386635	
	0.388368	
	0.436879	
	0.373477	
	0.377197	
	0.289751	
	0.232548	
	0.219708	
	0.352441	
	0.530761	
	0.530479	
	0.518563	
	0.548836	
	0.548331	
	0.455575	
	0.404787	
	0.379560	
	0.324309	
	0.326828	
	0.406602	
	0.365520	
	0.336843	
	0.349109	
	0.433704	
	0.577448	
	0.712452	
	0.690376	
	0.733366	
	0.572474	
	0.439185	
	0.429739	
	0.352481	
	0.330774	
	0.301153	
	0.327475	
	0.337246	
	0.308153	
	0.452584	
	0.455487	
	0.402068	
	0.376615	
	0.365378	
	0.300861	
	0.294633	
	0.296098	
	0.383562	
	0.454686	
	0.490457	
	0.438512	
	0.407302	
	0.314867	
	0.305734	
	0.304962	
	0.322442	
	0.466567	
	0.435200	
	0.361295	
	0.352900	
	0.400209	
	0.415799	
	0.355871	
	0.343050	
	0.382231	
	0.525076	
	0.451179	
	0.393369	
	0.375318	
	0.396243	
	0.349686	
	0.384257	
	0.409316	
	0.418508	
	0.440186	
	0.468467	
	0.451562	
	0.363462	
	0.336189	
	0.357235	
	0.322651	
	0.482741	
	0.480811	
	0.525147	
	0.562034	
	0.485901	
	0.431497	
	0.400494	
	0.436471	
	0.398296	
	0.411138	
	0.451706	
	0.363869	
	0.351992	
	0.268071	
	0.247573	
	0.274588	
	0.259403	
	0.261433	
	0.340968	
	0.342955	
	0.298485	
	0.253507	
	0.259843	
	0.243530	
	0.275085	
	0.292965	
	0.238204	
	0.225032	
	0.241791	
	0.235860	
	0.227638	
	0.231321	
	0.240238	
	0.243289	
	0.252975	
	0.363734	
	0.434710	
	0.439478	
	0.388094	
	0.336121	
	0.322025	
	0.299909	
	0.302698	
	0.319698	
	0.338296	
	0.286809	
	0.268813	
	0.260304	
	0.261458	
	0.241936	
	0.276798	
	0.314884	
	0.384089	
	0.360988	
	0.244805	
	0.226198	
	0.202281	
	0.224080	
	0.227444	
	0.223908	
	0.222395	
	0.216340	
	0.313585	
	0.268272	
	0.236592	
	0.265507	
	0.256891	
	0.322092	
	0.299123	
	0.374842	
	0.464248	
	0.459811	
	0.369785	
	0.327369	
	0.268084	
	0.260164	
	0.264102	
	0.269524	
	0.274461	
	0.295836	
	0.299349	
	0.309613	
	0.295238	
	0.336881	
	0.303678	
	0.279039	
	0.355734	
	0.456457	
	0.439897	
	0.394096	
	0.429775	
	0.427039	
	0.464582	
	0.517996	
	0.462406	
	0.443345	
	0.496000	
	0.523986	
	0.549526	
	0.566317	
	0.457066	
	0.387164	
	0.411730	
	0.397789	
	0.445133	
	0.470988	
	0.528234	
	0.470945	
	0.403023	
	0.371506	
	0.315164	
	0.291120	
	0.340137	
	0.478433	
	0.437368	
	0.351918	
	0.341373	
	0.343825	
	0.354686	
	0.340347	
	0.305985	
	0.330862	
	0.338004	
	0.358425	
	0.335038	
	0.324940	
	0.313712	
	0.333194	
	0.377099	
	0.414181	
	0.377551	
	0.450207	
	0.389463	
	0.321807	
	0.286517	
	0.263948	
	0.232819	
	0.252927	
	0.351403	
	0.499830	
	0.548151	
	0.527669	
	0.544195	
	0.453794	
	0.367353	
	0.372793	
	0.369361	
	0.349182	
	0.424054	
	0.399864	
	0.314714	
	0.287264	
	0.254747	
	0.266592	
	0.308289	
	0.179830	
	0.214533	
	0.363115	
	0.296853	
	0.287401	
	0.306992	
	0.296180	
	0.329250	
	0.395757	
	0.405280	
	0.395615	
	0.380876	
	0.311554	
	0.314549	
	0.357825	
	0.297288	
	0.271039	
	0.198695	
	0.347494	
	0.417825	
	0.519340	
	0.522553	
	0.536808	
	0.441706	
	0.411778	
	0.361474	
	0.396439	
	0.345090	
	0.367216	
	0.345826	
	0.369829	
	0.362915	
	0.402591	
	0.522108	
	0.566517	
	0.439062	
	0.524153	
	0.419316	
	0.346157	
	0.334921	
	0.327265	
	0.351741	
	0.364032	
	0.393633	
	0.411555	
	0.476482	
	0.409377	
	0.488895	
	0.453751	
	0.468065	
	0.395550	
	0.594771	
	0.657339	
	0.470956	
	0.385151	
	0.437215	
	0.339130	
	0.362654	
	0.443895	
	0.342998	
	0.280193	
	0.272616	
	0.288853	
	0.326295	
	0.338598	
	0.550777	
	0.723626	
	0.727721	
	0.764941	
	0.729228	
	0.499305	
	0.472794	
	0.421751	
	0.361578	
	0.363001	
	0.338662	
	0.347052	
	0.333012	
	0.344489	
	0.339790	
	0.308197	
	0.284536	
	0.321764	
	0.377386	
	0.419315	
	0.443090	
	0.433242	
	0.441924	
	0.406517	
	0.481352	
	0.403174	
	0.352605	
	0.304789	
	0.297159	
	0.328113	
	0.307012	
	0.298608	
	0.295862	
	0.281024	
	0.343514	
	0.361009	
	0.310755	
	0.355856	
	0.356890	
	0.575546	
	0.738943	
	0.512456	
	0.372511	
	0.331572	
	0.298612	
	0.294655	
	0.309192	
	0.305557	
	0.330813	
	0.318177	
	0.320448	
	0.294455	
	0.249127	
	0.285234	
	0.275909	
	0.264957	
	0.275659	
	0.271244	
	0.270004	
	0.250109	
	0.265123	
	0.265510	
	0.256006	
	0.249493	
	0.215243	
	0.237237	
	0.265039	
	0.240793	
	0.247442	
	0.249387	
	0.283703	
	0.244779	
	0.221133	
	0.250839	
	0.281784	
	0.403475	
	0.363915	
	0.273578	
	0.270681	
	0.295191	
	0.306993	
	0.316044	
	0.306554	
	0.293389	
	0.316056	
	0.326386	
	0.282822	
	0.255009	
	0.254592	
	0.264168	
	0.268750	
	0.264962	
	0.362210	
	0.437186	
	0.489527	
	0.478300	
	0.450711	
	0.374840	
	0.303321	
	0.311030	
	0.341174	
	0.328878	
	0.328800	
	0.337870	
	0.316627	
	0.305484	
	0.295178	
	0.309251	
	0.312932	
	0.292023	
	0.300247	
	0.286771	
	0.282851	
	0.267974	
	0.248208	
	0.273121	
	0.244660	
	0.258858	
	0.251951	
	0.279506	
	0.301494	
	0.282865	
	0.266383	
	0.283907	
	0.281043	
	0.295792	
	0.287431	
	0.454149	
	0.438480	
	0.513634	
	0.492869	
	0.384510	
	0.320524	
	0.303801	
	0.349100	
	0.302861	
	0.298916	
	0.286551	
	0.286364	
	0.235928	
	0.238579	
	0.245307	
	0.259858	
	0.260719	
	0.325625	
	0.427256	
	0.332231	
	0.276371	
	0.277007	
	0.266989	
	0.278813	
	0.300562	
	0.317208	
	0.335204	
	0.403894	
	0.380389	
	0.294652	
	0.244779	
	0.249688	
	0.245740	
	0.235170	
	0.309714	
	0.477015	
	0.488215	
	0.552251	
	0.551708	
	0.470901	
	0.524011	
	0.554115	
	0.456331	
	0.393530	
	0.397765	
	0.323383	
	0.325207	
	0.360553	
	0.393004	
	0.343021	
	0.353616	
	0.340528	
	0.397638	
	0.226913	
	0.231099	
	0.219906	
	0.277767	
	0.251765	
	0.254857	
	0.244848	
	0.314595	
	0.410599	
	0.244726	
	0.243674	
	0.242101	
	0.237882	
	0.237200	
	0.249637	
	0.235367	
	0.538378	
	0.503331	
	0.566445	
	0.591394	
	0.587777	
	0.461445	
	0.367261	
	0.307126	
	0.296907	
	0.231044	
	0.209085	
	0.169806	
	0.167789	
	0.184060	
	0.161666	
	0.179570	
	0.182195	
	0.491799	
	0.556580	
	0.469761	
	0.438802	
	0.511979	
	0.553042	
	0.539445	
	0.542351	
	0.524235	
	0.523898	
	0.528946	
	0.439123	
	0.444107	
	0.426943	
	0.450909	
	0.460383	
	0.494045	
	0.644841	
	0.592513	
	0.502178	
	0.603629	
	0.640314	
	0.654483	
	0.603718	
	0.583463	
	0.516863	
	0.508705	
	0.442486	
	0.447297	
	0.407900	
	0.383061	
	0.407870	
	0.385772	
	0.326273	
	0.289751	
	0.436484	
	0.399584	
	0.362841	
	0.322087	
	0.283321	
	0.306601	
	0.318518	
	0.333573	
	0.333056	
	0.479978	
	0.476788	
	0.389405	
	0.396481	
	0.412046	
	0.393593	
	0.423652	
	0.442753	
	0.415260	
	0.512828	
	0.571210	
	0.585913	
	0.591729	
	0.488901	
	0.454592	
	0.424659	
	0.442258	
	0.479411	
	0.507049	
	0.501304	
	0.455971	
	0.449531	
	0.497433	
	0.485856	
	0.512798	
	0.503617	
	0.568889	
	0.494677	
	0.401022	
	0.334854	
	0.314136	
	0.298808	
	0.291796	
	0.295013	
	0.312794	
	0.529719	
	0.500787	
	0.521157	
	0.512752	
	0.501143	
	0.491309	
	0.476115	
	0.491440	
	0.463007	
	0.512539	
	0.607024	
	0.670523	
	0.634720	
	0.561628	
	0.485063	
	0.430762	
	0.408785	
	0.553229	
	0.538845	
	0.534477	
	0.581209	
	0.558689	
	0.543556	
	0.546293	
	0.512114	
	0.485101	
	0.540190	
	0.488380	
	0.349445	
	0.331865	
	0.301358	
	0.329397	
	0.334657	
	0.487460	
	0.567241	
	0.529697	
	0.440126	
	0.433306	
	0.411975	
	0.407665	
	0.400112	
	0.409464	
	0.448817	
	0.523333	
	0.531244	
	0.601319	
	0.597349	
	0.486722	
	0.406184	
	0.339789	
	0.355635	
	0.357767	
	0.375053	
	0.424554	
	0.418763	
	0.362933	
	0.401820	
	0.429983	
	0.430519	
	0.422123	
	0.593029	
	0.509736	
	0.421009	
	0.371430	
	0.345679	
	0.324867	
	0.318366	
	0.322697	
	0.327838	
	0.297624	
	0.333415	
	0.330880	
	0.255825	
	0.232191	
	0.265149	
	0.273915	
	0.322399	
	0.465550	
	0.555317	
	0.630967	
	0.640481	
	0.679030	
	0.607711	
	0.572623	
	0.548086	
	0.505938	
	0.468165	
	0.430664	
	0.400376	
	0.393444	
	0.390422	
	0.355860	
	0.349821	
	0.307564	
	0.306001	
	0.375132	
	0.471348	
	0.379153	
	0.360773	
	0.284296	
	0.265396	
	0.204933	
	0.234128	
	0.250894	
	0.417676	
	0.497478	
	0.406475	
	0.375801	
	0.342206	
	0.319536	
	0.318594	
	0.272549	
	0.315258	
	0.519800	
	0.580744	
	0.628146	
	0.652094	
	0.555238	
	0.449555	
	0.374218	
	0.295965	
	0.320399	
	0.473249	
	0.517089	
	0.474777	
	0.445823	
	0.460313	
	0.461553	
	0.443751	
	0.407314	
	0.555079	
	0.454449	
	0.375745	
	0.356543	
	0.342059	
	0.306898	
	0.312581	
	0.320712	
	0.344582	
	0.393665	
	0.475323	
	0.423810	
	0.437539	
	0.476278	
	0.484150	
	0.504168	
	0.483926	
	0.526176	
	0.492203	
	0.640789	
	0.639185	
	0.616152	
	0.548859	
	0.464414	
	0.422041	
	0.394134	
	0.496976	
	0.560798	
	0.543546	
	0.592794	
	0.566042	
	0.599958	
	0.594817	
	0.616685	
	0.633927	
	0.473684	
	0.343571	
	0.290870	
	0.290113	
	0.241648	
	0.287381	
	0.294742	
	0.282347	
	0.466858	
	0.573428	
	0.528784	
	0.490632	
	0.454851	
	0.417883	
	0.428831	
	0.425520	
	0.418962	
	0.543360	
	0.526206	
	0.545068	
	0.604184	
	0.543249	
	0.456274	
	0.465700	
	0.420163	
	0.415819	
	0.504008	
	0.387744	
	0.539634	
	0.514882	
	0.440717	
	0.465973	
	0.554122	
	0.530655	
	0.504515	
	0.477256	
	0.437189	
	0.443021	
	0.472997	
	0.473380	
	0.489925	
	0.507393	
	0.551105	
	0.492890	
	0.522466	
	0.507368	
	0.533177	
	0.555718	
	0.580524	
	0.581202	
	0.562090	
	0.610140	
	0.572971	
	0.579750	
	0.647232	
	0.636408	
	0.569441	
	0.553101	
	0.539547	
	0.547335	
	0.532041	
	0.497661	
	0.476626	
	0.461262	
	0.467675	
	0.449546	
	0.452088	
	0.424398	
	0.433826	
	0.547755	
	0.516814	
	0.452139	
	0.441338	
	0.423359	
	0.401545	
	0.383968	
	0.368768	
	0.389055	
	0.506334	
	0.526668	
	0.451966	
	0.440624	
	0.456179	
	0.485455	
	0.545576	
	0.564802	
	0.616469	
	0.571897	
	0.650651	
	0.668730	
	0.659701	
	0.622595	
	0.629291	
	0.638290	
	0.575083	
	0.554269	
	0.527336	
	0.480623	
	0.457499	
	0.410514	
	0.394189	
	0.422620	
	0.431001	
	0.479220	
	0.516541	
	0.550220	
	0.510268	
	0.503690	
	0.479566	
	0.485986	
	0.436627	
	0.438963	
	0.471055	
	0.447798	
	0.404212	
	0.380377	
	0.369026	
	0.375060	
	0.374002	
	0.381235	
	0.426693	
	0.491688	
	0.504144	
	0.560696	
	0.519277	
	0.513912	
	0.497461	
	0.450266	
	0.445490	
	0.411977	
	0.357969	
	0.391306	
	0.395835	
	0.396167	
	0.415294	
	0.402072	
	0.395356	
	0.356150	
	0.451827	
	0.477862	
	0.429569	
	0.402937	
	0.358235	
	0.377831	
	0.415119	
	0.423636	
	0.474676	
	0.480870	
	0.401174	
	0.331432	
	0.313056	
	0.321588	
	0.302506	
	0.300246	
	0.296794	
	0.315828	
	0.448205	
	0.528645	
	0.588340	
	0.570529	
	0.518128	
	0.471102	
	0.410492	
	0.401369	
	0.423898	
	0.472571	
	0.518664	
	0.419978	
	0.391015	
	0.419159	
	0.390292	
	0.365710	
	0.407571	
	0.517716	
	0.485767	
	0.444789	
	0.414128	
	0.409589	
	0.437434	
	0.455826	
	0.448293	
	0.462110	
	0.464886	
	0.501911	
	0.514475	
	0.525510	
	0.549212	
	0.556108	
	0.526361	
	0.434621	
	0.531981	
	0.605336	
	0.686278	
	0.696244	
	0.669614	
	0.599145	
	0.581299	
	0.558964	
	0.448873	
	0.447172	
	0.502572	
	0.514094	
	0.464461	
	0.442679	
	0.417895	
	0.438835	
	0.420198	
	0.486318	
	0.527880	
	0.384601	
	0.319672	
	0.321813	
	0.315073	
	0.314442	
	0.304225	
	0.354627	
	0.449201	
	0.488177	
	0.370423	
	0.383741	
	0.418409	
	0.448940	
	0.487778	
	0.530333	
	0.475248	
	0.415570	
	0.450661	
	0.512707	
	0.523677	
	0.483461	
	0.512967	
	0.514173	
	0.537194	
	0.458939	
	0.550971	
	0.430036	
	0.435388	
	0.465054	
	0.513105	
	0.529128	
	0.515837	
	0.477097	
	0.499742	
	0.542487	
	0.548754	
	0.534081	
	0.502192	
	0.495388	
	0.469389	
	0.411273	
	0.412485	
	0.395901	
	0.514754	
	0.587157	
	0.573935	
	0.479270	
	0.449209	
	0.464569	
	0.421773	
	0.405667	
	0.483268	
	0.543667	
	0.591809	
	0.592282	
	0.503148	
	0.454843	
	0.459628	
	0.442599	
	0.338378	
	0.424540	
	0.335624	
	0.368600	
	0.312504	
	0.372394	
	0.336063	
	0.312974	
	0.295714	
	0.370796	
	0.366225	
	0.276491	
	0.248712	
	0.257622	
	0.275739	
	0.286636	
	0.278459	
	0.335217	
	0.399646	
	0.379036	
	0.287448	
	0.285705	
	0.270883	
	0.282295	
	0.355237	
	0.409375	
	0.464205	
	0.409083	
	0.526354	
	0.631631	
	0.621751	
	0.522388	
	0.383960	
	0.354893	
	0.391896	
	0.390721	
	0.391524	
	0.310175	
	0.313405	
	0.302070	
	0.362973	
	0.485142	
	0.637332	
	0.600205	
	0.507438	
	0.481353	
	0.404598	
	0.416309	
	0.405829	
	0.393805	
	0.409487	
	0.353312	
	0.345471	
	0.321527	
	0.311077	
	0.286204	
	0.277205	
	0.239849	
	0.227275	
	0.238372	
	0.274902	
	0.434655	
	0.500455	
	0.591488	
	0.618499	
	0.564692	
	0.456151	
	0.366212	
	0.386308	
	0.619903	
	0.680501	
	0.366484	
	0.360058	
	0.387017	
	0.408003	
	0.475792	
	0.493408	
	0.525152	
	0.613836	
	0.444554	
	0.330849	
	0.341424	
	0.324591	
	0.322378	
	0.355022	
	0.302541	
	0.296163	
	0.290357	
	0.322887	
	0.307903	
	0.256074	
	0.250075	
	0.279482	
	0.359336	
	0.594890	
	0.589979	
	0.462495	
	0.560505	
	0.621812	
	0.606455	
	0.515158	
	0.515779	
	0.496349	
	0.524633	
	0.384217	
	0.433206	
	0.414339	
	0.389425	
	0.323281	
	0.324475	
	0.370309	
	0.425695	
	0.364975	
	0.360008	
	0.358047	
	0.259462	
	0.220603	
	0.209670	
	0.188678	
	0.154692	
	0.154018	
	0.145497	
	0.160873	
	0.132671	
	0.124825	
	0.116860	
	0.124572	
	0.118577	
	0.112477	
	0.097873	
	0.354302	
	0.486438	
	0.568404	
	0.597834	
	0.659566	
	0.741602	
	0.801029	
	0.851471	
	0.798119	
	0.664690	
	0.490966	
	0.380940	
	0.308378	
	0.279337	
	0.289613	
	0.291725	
	0.295576	
	0.286582	
	0.356671	
	0.237907	
	0.203062	
	0.188680	
	0.218714	
	0.241026	
	0.212006	
	0.191159	
	0.193603	
	0.316498	
	0.255398	
	0.238588	
	0.180766	
	0.235281	
	0.243339	
	0.224280	
	0.290041	
	0.452457	
	0.557087	
	0.630242	
	0.689502	
	0.567242	
	0.465768	
	0.371701	
	0.327014	
	0.431735	
	0.674131	
	0.725388	
	0.726092	
	0.366865	
	0.396212	
	0.333189	
	0.270494	
	0.285033	
	0.323801	
	0.355182	
	0.342976	
	0.310310	
	0.294230	
	0.323709	
	0.290445	
	0.306678	
	0.325890	
	0.304047	
	0.317443	
	0.323064	
	0.266263	
	0.212908	
	0.189110	
	0.189447	
	0.197630	
	0.380243	
	0.481599	
	0.506962	
	0.512920	
	0.491625	
	0.440759	
	0.402200	
	0.392313	
	0.406182	
	0.377113	
	0.345581	
	0.341939	
	0.288133	
	0.249826	
	0.222165	
	0.218999	
	0.300930	
	0.463037	
	0.379209	
	0.290757	
	0.331091	
	0.375854	
	0.355120	
	0.357445	
	0.311801	
	0.294593	
	0.328064	
	0.343045	
	0.304212	
	0.291962	
	0.396750	
	0.576504	
	0.544140	
	0.553019	
	0.628943	
	0.519535	
	0.447719	
	0.533031	
	0.531648	
	0.460121	
	0.404865	
	0.267013	
	0.246841	
	0.245043	
	0.250308	
	0.269962	
	0.256289	
	0.217411	
	0.205638	
	0.188240	
	0.198340	
	0.211863	
	0.325400	
	0.400919	
	0.225008	
	0.178844	
	0.153153	
	0.162201	
	0.147572	
	0.165823	
	0.169407	
	0.194217	
	0.228292	
	0.194923	
	0.193439	
	0.174136	
	0.203252	
	0.196561	
	0.204644	
	0.314005	
	0.457696	
	0.514439	
	0.549235	
	0.517265	
	0.466838	
	0.403649	
	0.326795	
	0.292445	
	0.231397	
	0.344350	
	0.292167	
	0.260376	
	0.246301	
	0.236746	
	0.253523	
	0.229246	
	0.262637	
	0.377038	
	0.376479	
	0.282588	
	0.210548	
	0.164771	
	0.153368	
	0.152008	
	0.143260	
	0.214820	
	0.294470	
	0.326961	
	0.265689	
	0.258286	
	0.267749	
	0.294692	
	0.288936	
	0.299338	
	0.463597	
	0.486611	
	0.613934	
	0.643774	
	0.633893	
	0.565696	
	0.371822	
	0.280238	
	0.495191	
	0.688948	
	0.410121	
	0.418417	
	0.414653	
	0.510164	
	0.561649	
	0.646013	
	0.622088	
	0.612903	
	0.464395	
	0.353044	
	0.344644	
	0.314885	
	0.301691	
	0.302708	
	0.281457	
	0.294772	
	0.258009	
	0.279145	
	0.295309	
	0.293286	
	0.273131	
	0.274056	
	0.247082	
	0.211605	
	0.224756	
	0.418183	
	0.454917	
	0.527197	
	0.539500	
	0.508457	
	0.625937	
	0.745578	
	0.813555	
	0.763608	
	0.586649	
	0.443878	
	0.382928	
	0.356921	
	0.291238	
	0.272003	
	0.368317	
	0.424265	
	0.390692	
	0.392007	
	0.288342	
	0.251929	
	0.241203	
	0.248802	
	0.263045	
	0.270359	
	0.252517	
	0.256447	
	0.283137	
	0.310895	
	0.296739	
	0.552069	
	0.688412	
	0.663797	
	0.683166	
	0.503081	
	0.426781	
	0.415601	
	0.473789	
	0.521073	
	0.444104	
	0.366369	
	0.360413	
	0.330225	
	0.323396	
	0.342963	
	0.366341	
	0.339768	
	0.288198	
	0.357701	
	0.426567	
	0.291135	
	0.366286	
	0.440872	
	0.419872	
	0.299272	
	0.302626	
	0.313184	
	0.315404	
	0.300179	
	0.289316	
	0.330333	
	0.356133	
	0.405535	
	0.417554	
	0.403682	
	0.401382	
	0.374948	
	0.404666	
	0.346492	
	0.426962	
	0.439630	
	0.571452	
	0.582065	
	0.522402	
	0.422411	
	0.367793	
	0.328877	
	0.309882	
	0.319815	
	0.374859	
	0.289975	
	0.267527	
	0.206690	
	0.224111	
	0.191462	
	0.193820	
	0.198476	
	0.304647	
	0.252112	
	0.197456	
	0.177324	
	0.166469	
	0.163555	
	0.174568	
	0.175059	
	0.176629	
	0.297501	
	0.253855	
	0.230964	
	0.199790	
	0.218732	
	0.136612	
	0.142632	
	0.159524	
	0.379222	
	0.446615	
	0.540011	
	0.604790	
	0.557584	
	0.514966	
	0.435565	
	0.364778	
	0.325536	
	0.337657	
	0.483505	
	0.354146	
	0.236399	
	0.200934	
	0.191230	
	0.172119	
	0.200511	
	0.138742	
	0.291002	
	0.329127	
	0.270966	
	0.275630	
	0.259615	
	0.310265	
	0.336775	
	0.345789	
	0.352678	
	0.341698	
	0.324206	
	0.295478	
	0.283455	
	0.239756	
	0.205795	
	0.212603	
	0.289777	
	0.457107	
	0.439919	
	0.529460	
	0.509637	
	0.427203	
	0.317159	
	0.247611	
	0.205968	
	0.208221	
	0.200443	
	0.265971	
	0.171572	
	0.145751	
	0.145066	
	0.137730	
	0.141242	
	0.141854	
	0.247138	
	0.381641	
	0.280738	
	0.213189	
	0.190736	
	0.165694	
	0.141102	
	0.146147	
	0.139035	
	0.196806	
	0.307897	
	0.250924	
	0.194791	
	0.178456	
	0.154317	
	0.144308	
	0.152855	
	0.324566	
	0.415580	
	0.464826	
	0.460618	
	0.525917	
	0.482686	
	0.337407	
	0.271096	
	0.236635	
	0.322951	
	0.428523	
	0.386643	
	0.243314	
	0.166197	
	0.159085	
	0.165958	
	0.165814	
	0.337817	
	0.487710	
	0.377039	
	0.302292	
	0.276560	
	0.289225	
	0.313794	
	0.322141	
	0.326705	
	0.314655	
	0.384852	
	0.422368	
	0.326716	
	0.277956	
	0.285862	
	0.275586	
	0.276149	
	0.333476	
	0.440448	
	0.355061	
	0.462023	
	0.488748	
	0.422179	
	0.289541	
	0.247686	
	0.268795	
	0.233593	
	0.409834	
	0.583646	
	0.479929	
	0.446981	
	0.459657	
	0.478107	
	0.468058	
	0.517984	
	0.519272	
	0.588404	
	0.528306	
	0.372020	
	0.270431	
	0.213384	
	0.215943	
	0.228824	
	0.247882	
	0.384383	
	0.411371	
	0.374143	
	0.288768	
	0.241132	
	0.231966	
	0.241537	
	0.256072	
	0.266392	
	0.496376	
	0.375094	
	0.451597	
	0.531084	
	0.507047	
	0.379039	
	0.335045	
	0.342045	
	0.305763	
	0.381892	
	0.385316	
	0.411359	
	0.331180	
	0.402596	
	0.467083	
	0.470507	
	0.362922	
	0.474732	
	0.374097	
	0.333490	
	0.333856	
	0.312204	
	0.317168	
	0.320014	
	0.320065	
	0.404942	
	0.366943	
	0.281258	
	0.172505	
	0.186389	
	0.181499	
	0.163448	
	0.164244	
	0.162778	
	0.196381	
	0.405983	
	0.468013	
	0.556766	
	0.554156	
	0.476879	
	0.374243	
	0.285616	
	0.259414	
	0.276026	
	0.288425	
	0.295919	
	0.309918	
	0.363991	
	0.449416	
	0.547134	
	0.608007	
	0.566708	
	0.614737	
	0.561250	
	0.520397	
	0.470766	
	0.442002	
	0.447197	
	0.424224	
	0.437928	
	0.410765	
	0.359345	
	0.435586	
	0.309626	
	0.284788	
	0.268128	
	0.267989	
	0.342206	
	0.500748	
	0.594276	
	0.444293	
	0.498258	
	0.542367	
	0.484909	
	0.415718	
	0.355204	
	0.338911	
	0.324089	
	0.355644	
	0.340900	
	0.269893	
	0.270692	
	0.281383	
	0.339677	
	0.317158	
	0.424603	
	0.446461	
	0.423702	
	0.338779	
	0.287122	
	0.259898	
	0.228732	
	0.241058	
	0.195809	
	0.195063	
	0.240973	
	0.306043	
	0.231002	
	0.242285	
	0.262970	
	0.250392	
	0.216708	
	0.220511	
	0.253420	
	0.401152	
	0.449577	
	0.479377	
	0.478069	
	0.426573	
	0.358758	
	0.309455	
	0.261786	
	0.266643	
	0.260501	
	0.252256	
	0.279695	
	0.261818	
	0.258067	
	0.256504	
	0.232422	
	0.217904	
	0.269006	
	0.489723	
	0.464209	
	0.377360	
	0.341525	
	0.315579	
	0.278066	
	0.280749	
	0.284367	
	0.254911	
	0.405613	
	0.314339	
	0.246695	
	0.269818	
	0.219426	
	0.241594	
	0.261048	
	0.330581	
	0.434138	
	0.473794	
	0.579456	
	0.537774	
	0.492505	
	0.444351	
	0.404092	
	0.425017	
	0.415200	
	0.330957	
	0.377324	
	0.290742	
	0.259563	
	0.277359	
	0.291267	
	0.312969	
	0.429368	
	0.480616	
	0.487829	
	0.433509	
	0.367321	
	0.365326	
	0.334915	
	0.337131	
	0.358058	
	0.413534	
	0.464098	
	0.335581	
	0.295554	
	0.334220	
	0.309372	
	0.342535	
	0.331794	
	0.336752	
	0.389360	
	0.514847	
	0.435389	
	0.510449	
	0.493562	
	0.461137	
	0.364881	
	0.312996	
	0.288744	
	0.262827	
	0.361084	
	0.362157	
	0.334548	
	0.330621	
	0.323862	
	0.323271	
	0.359529	
	0.355403	
	0.429351	
	0.536598	
	0.471356	
	0.439731	
	0.404876	
	0.364999	
	0.333293	
	0.294703	
	0.246570	
	0.317644	
	0.315161	
	0.304560	
	0.288987	
	0.196483	
	0.210870	
	0.215104	
	0.242394	
	0.392862	
	0.410614	
	0.544432	
	0.527107	
	0.489154	
	0.377489	
	0.300988	
	0.297061	
	0.284881	
	0.354557	
	0.383297	
	0.292672	
	0.302272	
	0.479761	
	0.532118	
	0.563041	
	0.611443	
	0.566186	
	0.437082	
	0.417100	
	0.398286	
	0.326847	
	0.310455	
	0.297437	
	0.308398	
	0.288422	
	0.269584	
	0.327125	
	0.237280	
	0.228411	
	0.224889	
	0.193027	
	0.227358	
	0.250030	
	0.313359	
	0.440138	
	0.559898	
	0.537162	
	0.528940	
	0.480605	
	0.408870	
	0.401547	
	0.344758	
	0.363680	
	0.421453	
	0.374714	
	0.385130	
	0.355317	
	0.321732	
	0.314179	
	0.324093	
	0.402668	
	0.481557	
	0.413469	
	0.347080	
	0.324003	
	0.272707	
	0.254683	
	0.253302	
	0.245782	
	0.255068	
	0.292798	
	0.455236	
	0.374105	
	0.299158	
	0.269719	
	0.282612	
	0.258351	
	0.284537	
	0.517785	
	0.405925	
	0.483402	
	0.528314	
	0.435373	
	0.357955	
	0.469244	
	0.458471	
	0.479296	
	0.367021	
	0.414225	
	0.447866	
	0.424241	
	0.372022	
	0.401876	
	0.558062	
	0.611738	
	0.511752	
	0.461836	
	0.248947	
	0.242436	
	0.256731	
	0.284577	
	0.264505	
	0.253226	
	0.247592	
	0.273000	
	0.335864	
	0.325236	
	0.305603	
	0.553602	
	0.626542	
	0.557282	
	0.564317	
	0.574344	
	0.442735	
	0.421318	
	0.490974	
	0.519536	
	0.467659	
	0.442656	
	0.390176	
	0.338172	
	0.322423	
	0.364912	
	0.339902	
	0.309704	
	0.343051	
	0.399764	
	0.460357	
	0.570994	
	0.706394	
	0.675064	
	0.620316	
	0.504876	
	0.525102	
	0.469499	
	0.497787	
	0.491739	
	0.503785	
	0.460838	
	0.428504	
	0.358929	
	0.284659	
	0.263323	
	0.277627	
	0.275458	
	0.307541	
	0.493499	
	0.598470	
	0.453225	
	0.405196	
	0.411447	
	0.437726	
	0.361256	
	0.271022	
	0.242763	
	0.247343	
	0.242432	
	0.258520	
	0.239010	
	0.228884	
	0.245903	
	0.300945	
	0.395682	
	0.402400	
	0.477475	
	0.469024	
	0.380728	
	0.412676	
	0.370021	
	0.384152	
	0.375873	
	0.397320	
	0.439693	
	0.411717	
	0.326417	
	0.306005	
	0.241834	
	0.214811	
	0.232699	
	0.255067	
	0.253140	
	0.283384	
	0.357715	
	0.428295	
	0.477219	
	0.476242	
	0.440133	
	0.376057	
	0.344228	
	0.383541	
	0.358163	
	0.376320	
	0.361117	
	0.337612	
	0.408752	
	0.373155	
	0.454575	
	0.731479	
	0.758801	
	0.770223	
	0.752860	
	0.530318	
	0.453397	
	0.417617	
	0.429845	
	0.427363	
	0.386371	
	0.376440	
	0.373723	
	0.379599	
	0.278927	
	0.291256	
	0.279930	
	0.326677	
	0.299621	
	0.317247	
	0.246760	
	0.423737	
	0.455520	
	0.535652	
	0.553097	
	0.456569	
	0.387668	
	0.366497	
	0.271985	
	0.298424	
	0.322003	
	0.316349	
	0.277176	
	0.272627	
	0.249733	
	0.281479	
	0.315374	
	0.392669	
	0.554997	
	0.525388	
	0.401485	
	0.370464	
	0.357297	
	0.353326	
	0.363075	
	0.383552	
	0.344910	
	0.370576	
	0.372903	
	0.287986	
	0.316915	
	0.298088	
	0.329593	
	0.358488	
	0.332043	
	0.346818	
	0.466889	
	0.444110	
	0.474239	
	0.497263	
	0.412479	
	0.380880	
	0.302202	
	0.277191	
	0.228235	
	0.344948	
	0.370126	
	0.359681	
	0.378606	
	0.362079	
	0.381754	
	0.302142	
	0.363536	
	0.472633	
	0.481307	
	0.458354	
	0.463574	
	0.403044	
	0.389802	
	0.373184	
	0.383337	
	0.329135	
	0.315518	
	0.302029	
	0.272750	
	0.265547	
	0.290144	
	0.231333	
	0.219019	
	0.220834	
	0.283828	
	0.395139	
	0.473762	
	0.428669	
	0.347487	
	0.294836	
	0.436317	
	0.392035	
	0.391434	
	0.396048	
	0.292315	
	0.250963	
	0.266188	
	0.528179	
	0.619711	
	0.717659	
	0.808289	
	0.679151	
	0.477817	
	0.381504	
	0.371048	
	0.370988	
	0.337484	
	0.343269	
	0.348968	
	0.288828	
	0.335829	
	0.340068	
	0.353882	
	0.339840	
	0.354688	
	0.342145	
	0.366458	
	0.453711	
	0.576172	
	0.511976	
	0.393554	
	0.452062	
	0.390937	
	0.309726	
	0.374067	
	0.318788	
	0.364743	
	0.392262	
	0.501416	
	0.402346	
	0.353247	
	0.297722	
	0.318975	
	0.331210	
	0.347161	
	0.351597	
	0.306732	
	0.281761	
	0.268930	
	0.283093	
	0.280669	
	0.281691	
	0.267312	
	0.278718	
	0.268370	
	0.266653	
	0.254465	
	0.331398	
	0.353081	
	0.313324	
	0.268493	
	0.263417	
	0.272403	
	0.236137	
	0.348609	
	0.345465	
	0.343719	
	0.351564	
	0.317204	
	0.250790	
	0.235100	
	0.210599	
	0.242114	
	0.337781	
	0.352796	
	0.384153	
	0.328376	
	0.337229	
	0.315336	
	0.279348	
	0.252683	
	0.364557	
	0.326297	
	0.319917	
	0.306509	
	0.244865	
	0.239719	
	0.248578	
	0.270157	
	0.266555	
	0.319515	
	0.294717	
	0.290033	
	0.248333	
	0.268535	
	0.264335	
	0.278844	
	0.304742	
	0.314381	
	0.305450	
	0.428506	
	0.375451	
	0.334160	
	0.313795	
	0.332383	
	0.386108	
	0.386693	
	0.370451	
	0.347924	
	0.229308	
	0.232652	
	0.219857	
	0.258585	
	0.261296	
	0.292543	
	0.345145	
	0.431425	
	0.363599	
	0.445001	
	0.355773	
	0.365770	
	0.380522	
	0.347620	
	0.308207	
	0.306103	
	0.383848	
	0.345191	
	0.363725	
	0.348793	
	0.366981	
	0.368313	
	0.368366	
	0.432557	
	0.482993	
	0.439962	
	0.519751	
	0.537388	
	0.546169	
	0.462737	
	0.508889	
	0.531622	
	0.564108	
	0.542749	
	0.517280	
	0.465100	
	0.476173	
	0.506139	
	0.522913	
	0.562823	
	0.642963	
	0.681550	
	0.542246	
	0.434410	
	0.411618	
	0.461301	
	0.446683	
	0.438851	
	0.456661	
	0.480821	
	0.467282	
	0.446032	
	0.459332	
	0.438491	
	0.432486	
	0.476350	
	0.430930	
	0.454223	
	0.460564	
	0.460196	
	0.419139	
	0.496019	
	0.487994	
	0.503359	
	0.469718	
	0.464052	
	0.467723	
	0.517214	
	0.463197	
	0.453538	
	0.484889	
	0.478960	
	0.426641	
	0.371129	
	0.496453	
	0.648865	
	0.739057	
	0.629892	
	0.417897	
	0.351888	
	0.324661	
	0.332527	
	0.340029	
	0.351244	
	0.358509	
	0.377320	
	0.370446	
	0.334633	
	0.366984	
	0.375581	
	0.404441	
	0.385903	
	0.410874	
	0.448168	
	0.394368	
	0.443361	
	0.442597	
	0.400024	
	0.378341	
	0.397655	
	0.381831	
	0.358310	
	0.354860	
	0.341693	
	0.334802	
	0.366399	
	0.320000	
	0.380902	
	0.443480	
	0.490733	
	0.563138	
	0.527828	
	0.445116	
	0.375845	
	0.330388	
	0.338197	
	0.312554	
	0.319723	
	0.325172	
	0.311863	
	0.339899	
	0.379646	
	0.369997	
	0.307871	
	0.310348	
	0.319080	
	0.398048	
	0.642927	
	0.527443	
	0.423618	
	0.488761	
	0.419300	
	0.422931	
	0.376461	
	0.315649	
	0.354219	
	0.316986	
	0.408243	
	0.373932	
	0.358348	
	0.352041	
	0.376246	
	0.388967	
	0.335401	
	0.364193	
	0.349612	
	0.365977	
	0.318279	
	0.329639	
	0.318104	
	0.354395	
	0.362346	
	0.345349	
	0.354861	
	0.316258	
	0.357482	
	0.301343	
	0.322730	
	0.314391	
	0.309991	
	0.336596	
	0.369703	
	0.358791	
	0.494187	
	0.457706	
	0.589167	
	0.643309	
	0.585563	
	0.544365	
	0.481213	
	0.496455	
	0.457189	
	0.492256	
	0.365246	
	0.281064	
	0.241952	
	0.262892	
	0.248769	
	0.280836	
	0.291040	
	0.302908	
	0.431883	
	0.400178	
	0.359208	
	0.348423	
	0.292986	
	0.316887	
	0.325355	
	0.300212	
	0.301873	
	0.345542	
	0.317244	
	0.300254	
	0.324356	
	0.328992	
	0.299257	
	0.316894	
	0.330119	
	0.364754	
	0.426248	
	0.448921	
	0.453212	
	0.461751	
	0.420519	
	0.604179	
	0.673761	
	0.373075	
	0.379335	
	0.403268	
	0.392553	
	0.413440	
	0.423785	
	0.391862	
	0.355401	
	0.346113	
	0.339916	
	0.311847	
	0.337377	
	0.329959	
	0.341642	
	0.337674	
	0.345538	
	0.357417	
	0.348530	
	0.363623	
	0.319442	
	0.288427	
	0.236518	
	0.201352	
	0.223528	
	0.275433	
	0.471765	
	0.494859	
	0.410695	
	0.497110	
	0.521488	
	0.475238	
	0.381421	
	0.338971	
	0.305271	
	0.342165	
	0.304289	
	0.326927	
	0.278941	
	0.271391	
	0.331680	
	0.412537	
	0.597744	
	0.689116	
	0.681680	
	0.499636	
	0.357962	
	0.300875	
	0.299035	
	0.280966	
	0.237980	
	0.263436	
	0.271478	
	0.275361	
	0.394464	
	0.428944	
	0.311137	
	0.248143	
	0.230955	
	0.246508	
	0.297607	
	0.264097	
	0.344990	
	0.444057	
	0.466371	
	0.420941	
	0.334015	
	0.296075	
	0.299821	
	0.331530	
	0.317695	
	0.366693	
	0.394776	
	0.317139	
	0.320756	
	0.278653	
	0.295430	
	0.319903	
	0.357943	
	0.386961	
	0.389125	
	0.414778	
	0.346616	
	0.361554	
	0.295433	
	0.365835	
	0.352089	
	0.412358	
	0.471359	
	0.417458	
	0.381673	
	0.328891	
	0.264609	
	0.247803	
	0.279400	
	0.262685	
	0.321117	
	0.412376	
	0.479524	
	0.562477	
	0.492856	
	0.364071	
	0.443452	
	0.473426	
	0.462598	
	0.414960	
	0.337992	
	0.305519	
	0.253844	
	0.259177	
	0.253566	
	0.247633	
	0.298417	
	0.217785	
	0.235060	
	0.332307	
	0.254275	
	0.265045	
	0.247067	
	0.235569	
	0.205533	
	0.219224	
	0.222887	
	0.225110	
	0.239088	
	0.224474	
	0.232065	
	0.218511	
	0.278569	
	0.297923	
	0.278412	
	0.317410	
	0.344638	
	0.452670	
	0.387794	
	0.361985	
	0.304781	
	0.274909	
	0.249228	
	0.250400	
	0.260330	
	0.258649	
	0.252623	
	0.274249	
	0.185540	
	0.289741	
	0.315184	
	0.256688	
	0.215800	
	0.249637	
	0.217572	
	0.206033	
	0.174286	
	0.163914	
	0.156820	
	0.163101	
	0.162344	
	0.171533	
	0.243960	
	0.290901	
	0.235390	
	0.194388	
	0.245588	
	0.325238	
	0.324364	
	0.237489	
	0.362907	
	0.353743	
	0.385717	
	0.315006	
	0.277986	
	0.224677	
	0.204597	
	0.215850	
	0.241160	
	0.282261	
	0.263557	
	0.250171	
	0.228565	
	0.183844	
	0.210472	
	0.205620	
	0.242388	
	0.351875	
	0.438088	
	0.374148	
	0.369152	
	0.416899	
	0.409111	
	0.409422	
	0.463601	
	0.463779	
	0.434621	
	0.449549	
	0.426247	
	0.416535	
	0.421235	
	0.455161	
	0.420561	
	0.336772	
	0.412252	
	0.345745	
	0.416057	
	0.407025	
	0.396937	
	0.343912	
	0.304100	
	0.276250	
	0.280182	
	0.290398	
	0.508109	
	0.332586	
	0.264864	
	0.240577	
	0.244333	
	0.225209	
	0.244116	
	0.262953	
	0.278008	
	0.264250	
	0.268860	
	0.238263	
	0.254350	
	0.252820	
	0.256871	
	0.257552	
	0.312695	
	0.355760	
	0.294852	
	0.302136	
	0.314509	
	0.299372	
	0.263141	
	0.308716	
	0.319928	
	0.454034	
	0.446317	
	0.522751	
	0.619979	
	0.584241	
	0.515272	
	0.445105	
	0.418682	
	0.363393	
	0.355478	
	0.323386	
	0.310001	
	0.238503	
	0.254828	
	0.262150	
	0.250290	
	0.183718	
	0.275792	
	0.336302	
	0.319981	
	0.312090	
	0.293415	
	0.307369	
	0.300289	
	0.304046	
	0.283738	
	0.293383	
	0.277391	
	0.310209	
	0.283609	
	0.288563	
	0.276742	
	0.306719	
	0.205191	
	0.288692	
	0.405599	
	0.385614	
	0.446937	
	0.421370	
	0.378440	
	0.342765	
	0.391550	
	0.445778	
	0.368614	
	0.294939	
	0.274162	
	0.300197	
	0.308357	
	0.359130	
	0.366433	
	0.509765	
	0.484820	
	0.437576	
	0.352763	
	0.289459	
	0.272127	
	0.260344	
	0.286222	
	0.275427	
	0.267284	
	0.289064	
	0.312763	
	0.294878	
	0.269603	
	0.239663	
	0.256958	
	0.275150	
	0.410308	
	0.602225	
	0.591101	
	0.379227	
	0.355205	
	0.362141	
	0.365919	
	0.288898	
	0.240223	
	0.266231	
	0.294526	
	0.286263	
	0.230869	
	0.325583	
	0.475922	
	0.593512	
	0.518263	
	0.623612	
	0.759535	
	0.447068	
	0.416435	
	0.403155	
	0.323260	
	0.290867	
	0.282855	
	0.260293	
	0.258214	
	0.258010	
	0.281073	
	0.269354	
	0.233618	
	0.242993	
	0.224098	
	0.235661	
	0.271670	
	0.335286	
	0.334231	
	0.347297	
	0.375060	
	0.316043	
	0.421480	
	0.484293	
	0.364200	
	0.284697	
	0.266358	
	0.275086	
	0.291194	
	0.257310	
	0.277865	
	0.284049	
	0.320408	
	0.293662	
	0.334158	
	0.539841	
	0.611884	
	0.531085	
	0.323657	
	0.283587	
	0.293280	
	0.318971	
	0.326995	
	0.316252	
	0.303812	
	0.334113	
	0.334967	
	0.319510	
	0.327776	
	0.338923	
	0.351218	
	0.332922	
	0.308752	
	0.293821	
	0.329821	
	0.346024	
	0.341375	
	0.288517	
	0.296572	
	0.303949	
	0.277802	
	0.278408	
	0.294785	
	0.288010	
	0.263148	
	0.266188	
	0.256956	
	0.255447	
	0.258520	
	0.256570	
	0.328100	
	0.331768	
	0.290042	
	0.238215	
	0.243383	
	0.263176	
	0.270083	
	0.280982	
	0.266502	
	0.274074	
	0.272257	
	0.273312	
	0.279048	
	0.277976	
	0.315470	
	0.271147	
	0.232026	
	0.239103	
	0.315344	
	0.361577	
	0.396765	
	0.399721	
	0.403892	
	0.340259	
	0.316998	
	0.297263	
	0.293437	
	0.322888	
	0.299098	
	0.280666	
	0.240919	
	0.262682	
	0.269342	
	0.304601	
	0.264469	
	0.288123	
	0.305159	
	0.251014	
	0.211108	
	0.201139	
	0.196248	
	0.219561	
	0.221578	
	0.250644	
	0.235413	
	0.275763	
	0.225258	
	0.229769	
	0.217369	
	0.214191	
	0.238280	
	0.269789	
	0.245672	
	0.356533	
	0.384778	
	0.453713	
	0.438942	
	0.430121	
	0.339253	
	0.289958	
	0.303477	
	0.283543	
	0.253857	
	0.309381	
	0.232689	
	0.218246	
	0.200417	
	0.197681	
	0.225418	
	0.218461	
	0.261805	
	0.407694	
	0.333453	
	0.297463	
	0.302107	
	0.273797	
	0.275664	
	0.252800	
	0.249951	
	0.375869	
	0.323135	
	0.396612	
	0.429875	
	0.395227	
	0.335904	
	0.256793	
	0.219296	
	0.233654	
	0.474323	
	0.342488	
	0.304603	
	0.320417	
	0.368721	
	0.296616	
	0.266447	
	0.311210	
	0.295082	
	0.295143	
	0.210783	
	0.193889	
	0.219378	
	0.238370	
	0.231010	
	0.215377	
	0.235883	
	0.318222	
	0.173773	
	0.135992	
	0.112168	
	0.120695	
	0.128651	
	0.142688	
	0.125054	
	0.136519	
	0.308573	
	0.220095	
	0.206364	
	0.212230	
	0.189371	
	0.189850	
	0.183234	
	0.178385	
	0.424101	
	0.386929	
	0.479955	
	0.513297	
	0.474360	
	0.372421	
	0.290223	
	0.234389	
	0.207762	
	0.244868	
	0.260175	
	0.218713	
	0.203280	
	0.262208	
	0.306493	
	0.347839	
	0.411285	
	0.450869	
	0.446815	
	0.301374	
	0.275181	
	0.247282	
	0.262810	
	0.258999	
	0.266180	
	0.257233	
	0.308683	
	0.272375	
	0.252012	
	0.253801	
	0.250877	
	0.280185	
	0.249406	
	0.285708	
	0.262419	
	0.259509	
	0.309376	
	0.280718	
	0.241629	
	0.209366	
	0.242296	
	0.580007	
	0.716967	
	0.704249	
	0.580980	
	0.408770	
	0.329940	
	0.296573	
	0.314848	
	0.337733	
	0.417283	
	0.404880	
	0.376734	
	0.352633	
	0.225141	
	0.256732	
	0.227841	
	0.250017	
	0.264886	
	0.233456	
	0.245973	
	0.248224	
	0.268732	
	0.288720	
	0.286667	
	0.278550	
	0.240306	
	0.346117	
	0.682917	
	0.656125	
	0.433479	
	0.506310	
	0.606029	
	0.612975	
	0.622487	
	0.577584	
	0.620182	
	0.544435	
	0.505223	
	0.486290	
	0.533046	
	0.574669	
	0.606625	
	0.514766	
	0.423324	
	0.448252	
	0.428801	
	0.365973	
	0.329379	
	0.264771	
	0.243045	
	0.237245	
	0.248580	
	0.261157	
	0.265419	
	0.279822	
	0.274528	
	0.277998	
	0.238529	
	0.260778	
	0.251975	
	0.255899	
	0.259248	
	0.278845	
	0.356093	
	0.310183	
	0.323969	
	0.298121	
	0.259984	
	0.245882	
	0.250421	
	0.254030	
	0.222140	
	0.234146	
	0.199608	
	0.128973	
	0.302403	
	0.588478	
	0.681355	
	0.710717	
	0.753308	
	0.801545	
	0.684510	
	0.476603	
	0.479159	
	0.521517	
	0.556150	
	0.539547	
	0.545694	
	0.527771	
	0.473657	
	0.494300	
	0.497308	
	0.455643	
	0.455117	
	0.474029	
	0.426538	
	0.408273	
	0.424306	
	0.420739	
	0.500108	
	0.499073	
	0.472980	
	0.455158	
	0.494113	
	0.482819	
	0.512793	
	0.737601	
	0.832291	
	0.796207	
	0.643323	
	0.558174	
	0.505271	
	0.565327	
	0.610694	
	0.593769	
	0.528810	
	0.427841	
	0.202594	
	0.235256	
	0.283053	
	0.247391	
	0.245551	
	0.255564	
	0.238579	
	0.228920	
	0.236642	
	0.246126	
	0.265391	
	0.268440	
	0.220969	
	0.216209	
	0.226596	
	0.275898	
	0.333631	
	0.325128	
	0.320256	
	0.338192	
	0.313542	
	0.298767	
	0.324154	
	0.362496	
	0.371741	
	0.312069	
	0.308024	
	0.232879	
	0.283741	
	0.213381	
	0.210626	
	0.222359	
	0.375632	
	0.474197	
	0.476054	
	0.316572	
	0.253422	
	0.273958	
	0.289796	
	0.301054	
	0.310947	
	0.322231	
	0.310373	
	0.310592	
	0.291281	
	0.287535	
	0.324999	
	0.441427	
	0.618412	
	0.706306	
	0.732692	
	0.555245	
	0.360390	
	0.498642	
	0.563942	
	0.558402	
	0.475622	
	0.504240	
	0.479379	
	0.511032	
	0.497488	
	0.502261	
	0.458078	
	0.433005	
	0.427910	
	0.424019	
	0.447702	
	0.445081	
	0.317642	
	0.344638	
	0.255727	
	0.228326	
	0.258221	
	0.270123	
	0.274636	
	0.294623	
	0.279598	
	0.283688	
	0.310565	
	0.290484	
	0.311164	
	0.306570	
	0.303619	
	0.303170	
	0.318924	
	0.391466	
	0.435275	
	0.396735	
	0.399840	
	0.441740	
	0.416162	
	0.452380	
	0.468366	
	0.476409	
	0.435163	
	0.207141	
	0.184994	
	0.195530	
	0.184077	
	0.203850	
	0.205208	
	0.223623	
	0.301714	
	0.414979	
	0.162777	
	0.158963	
	0.154739	
	0.176104	
	0.173668	
	0.187165	
	0.181241	
	0.181421	
	0.204455	
	0.248963	
	0.199771	
	0.200191	
	0.251681	
	0.264185	
	0.268880	
	0.253806	
	0.337840	
	0.281257	
	0.288803	
	0.310029	
	0.355336	
	0.367154	
	0.369931	
	0.375293	
	0.391490	
	0.440810	
	0.421671	
	0.434739	
	0.425386	
	0.425507	
	0.414380	
	0.470190	
	0.481653	
	0.396528	
	0.280129	
	0.239387	
	0.249196	
	0.255786	
	0.274788	
	0.286423	
	0.298211	
	0.258100	
	0.263757	
	0.274743	
	0.244320	
	0.274108	
	0.263104	
	0.248221	
	0.296867	
	0.259380	
	0.285619	
	0.281639	
	0.292965	
	0.389678	
	0.623700	
	0.709840	
	0.743424	
	0.786102	
	0.712701	
	0.592292	
	0.431454	
	0.464668	
	0.454230	
	0.458285	
	0.441211	
	0.417922	
	0.453676	
	0.472534	
	0.407325	
	0.259734	
	0.264767	
	0.237045	
	0.269205	
	0.308607	
	0.303148	
	0.302568	
	0.287492	
	0.276015	
	0.291730	
	0.256095	
	0.325516	
	0.580433	
	0.743665	
	0.732556	
	0.720699	
	0.476540	
	0.461729	
	0.589292	
	0.637088	
	0.637048	
	0.576262	
	0.572624	
	0.584979	
	0.584127	
	0.628464	
	0.661583	
	0.665662	
	0.631742	
	0.581259	
	0.620592	
	0.670491	
	0.678387	
	0.623998	
	0.492987	
	0.407378	
	0.386183	
	0.376198	
	0.428034	
	0.503286	
	0.517931	
	0.522970	
	0.526132	
	0.590200	
	0.595957	
	0.613048	
	0.598582	
	0.600236	
	0.625937	
	0.670199	
	0.657573	
	0.619987	
	0.565994	
	0.614719	
	0.661724	
	0.679256	
	0.677336	
	0.658488	
	0.680036	
	0.607946	
	0.489706	
	0.384563	
	0.379847	
	0.424413	
	0.442984	
	0.502575	
	0.457399	
	0.473750	
	0.528949	
	0.524025	
	0.342724	
	0.380353	
	0.394160	
	0.387137	
	0.354203	
	0.362282	
	0.378628	
	0.358394	
	0.383205	
	0.349892	
	0.371868	
	0.354381	
	0.395777	
	0.402795	
	0.390578	
	0.389780	
	0.436451	
	0.431940	
	0.448388	
	0.486479	
	0.508000	
	0.520444	
	0.522406	
	0.530331	
	0.517514	
	0.499057	
	0.464885	
	0.462376	
	0.495084	
	0.482620	
	0.511609	
	0.547284	
	0.409894	
	0.335486	
	0.199969	
	0.303589	
	0.416661	
	0.478758	
	0.464473	
	0.470592	
	0.453545	
	0.448340	
	0.478277	
	0.485827	
	0.484051	
	0.520807	
	0.446473	
	0.427796	
	0.427568	
	0.487359	
	0.497037	
	0.552730	
	0.514933	
	0.462041	
	0.425221	
	0.450185	
	0.397944	
	0.434141	
	0.436228	
	0.290249	
	0.340015	
	0.203514	
	0.213818	
	0.229526	
	0.241964	
	0.276098	
	0.228936	
	0.226038	
	0.277953	
	0.246353	
	0.164465	
	0.184964	
	0.189705	
	0.195028	
	0.158757	
	0.148633	
	0.156221	
	0.189879	
	0.171605	
	0.182410	
	0.188782	
	0.197341	
	0.187705	
	0.214003	
	0.207056	
	0.327015	
	0.362991	
	0.508638	
	0.535283	
	0.446662	
	0.381413	
	0.323664	
	0.310958	
	0.344210	
	0.447318	
	0.392709	
	0.402687	
	0.369383	
	0.393608	
	0.346601	
	0.312788	
	0.320255	
	0.332507	
	0.306457	
	0.203055	
	0.212417	
	0.218904	
	0.264430	
	0.284396	
	0.285283	
	0.286139	
	0.271749	
	0.287490	
	0.278596	
	0.297460	
	0.273761	
	0.284897	
	0.264019	
	0.276091	
	0.272396	
	0.280452	
	0.267326	
	0.256962	
	0.262539	
	0.263608	
	0.281074	
	0.281061	
	0.249236	
	0.279346	
	0.232125	
	0.167151	
	0.175583	
	0.184121	
	0.211778	
	0.207765	
	0.199603	
	0.230430	
	0.375972	
	0.212598	
	0.131532	
	0.161347	
	0.163103	
	0.157149	
	0.156493	
	0.184631	
	0.197008	
	0.209386	
	0.219892	
	0.212746	
	0.198329	
	0.219681	
	0.259756	
	0.259576	
	0.265828	
	0.383302	
	0.363587	
	0.351731	
	0.327993	
	0.337938	
	0.350369	
	0.369544	
	0.337454	
	0.260371	
	0.322053	
	0.281279	
	0.195122	
	0.182093	
	0.182565	
	0.196303	
	0.194724	
	0.184885	
	0.241230	
	0.326945	
	0.361397	
	0.403305	
	0.362540	
	0.371320	
	0.330885	
	0.352269	
	0.386914	
	0.395001	
	0.370741	
	0.422275	
	0.383783	
	0.353227	
	0.348067	
	0.390869	
	0.433307	
	0.403047	
	0.423533	
	0.401073	
	0.348049	
	0.405874	
	0.435042	
	0.398388	
	0.495974	
	0.474727	
	0.396235	
	0.258785	
	0.413538	
	0.394285	
	0.413280	
	0.425437	
	0.416158	
	0.427402	
	0.381979	
	0.442485	
	0.318097	
	0.276755	
	0.249507	
	0.318402	
	0.291942	
	0.264656	
	0.266795	
	0.230644	
	0.231807	
	0.257228	
	0.250816	
	0.250261	
	0.225282	
	0.265505	
	0.315389	
	0.316748	
	0.320053	
	0.381927	
	0.403997	
	0.484158	
	0.493672	
	0.511159	
	0.509009	
	0.442184	
	0.411533	
	0.449632	
	0.427410	
	0.359261	
	0.364765	
	0.305790	
	0.334567	
	0.398187	
	0.359543	
	0.348566	
	0.436522	
	0.439178	
	0.318704	
	0.360620	
	0.337378	
	0.341397	
	0.313263	
	0.293083	
	0.298898	
	0.279641	
	0.261670	
	0.277388	
	0.274191	
	0.287212	
	0.245396	
	0.229678	
	0.259742	
	0.306959	
	0.318071	
	0.403349	
	0.342723	
	0.286133	
	0.310755	
	0.287683	
	0.295574	
	0.260355	
	0.277564	
	0.268959	
	0.221876	
	0.225508	
	0.196754	
	0.219053	
	0.238221	
	0.214402	
	0.244811	
	0.318323	
	0.405949	
	0.282980	
	0.261086	
	0.259554	
	0.270636	
	0.257308	
	0.232161	
	0.261114	
	0.272993	
	0.298005	
	0.305856	
	0.346420	
	0.265188	
	0.277600	
	0.323932	
	0.279989	
	0.264049	
	0.291332	
	0.326967	
	0.315846	
	0.277583	
	0.287476	
	0.275651	
	0.264034	
	0.264842	
	0.267557	
	0.245122	
	0.261908	
	0.275338	
	0.302164	
	0.325681	
	0.293893	
	0.278145	
	0.314385	
	0.398017	
	0.225862	
	0.281191	
	0.262082	
	0.270015	
	0.296583	
	0.229218	
	0.227678	
	0.245563	
	0.240831	
	0.239726	
	0.293367	
	0.269678	
	0.228886	
	0.212761	
	0.206349	
	0.231757	
	0.251463	
	0.243492	
	0.279160	
	0.222956	
	0.221421	
	0.266923	
	0.274895	
	0.251480	
	0.313909	
	0.310139	
	0.210626	
	0.206835	
	0.218148	
	0.211527	
	0.184379	
	0.223494	
	0.268202	
	0.286384	
	0.349320	
	0.279699	
	0.235265	
	0.225173	
	0.273590	
	0.248388	
	0.218447	
	0.219402	
	0.239550	
	0.197995	
	0.203608	
	0.220009	
	0.221989	
	0.274209	
	0.206646	
	0.177944	
	0.209087	
	0.365895	
	0.318956	
	0.405513	
	0.390608	
	0.367567	
	0.416675	
	0.371244	
	0.285705	
	0.375772	
	0.271330	
	0.382910	
	0.318883	
	0.240616	
	0.317580	
	0.293954	
	0.266064	
	0.228181	
	0.284995	
	0.215290	
	0.280294	
	0.278136	
	0.239662	
	0.203944	
	0.186387	
	0.212162	
	0.214719	
	0.236204	
	0.263077	
	0.277268	
	0.281954	
	0.294499	
	0.327482	
	0.314757	
	0.306020	
	0.304748	
	0.299775	
	0.258753	
	0.265615	
	0.314432	
	0.333355	
	0.292760	
	0.290587	
	0.255404	
	0.276812	
	0.207768	
	0.202338	
	0.199021	
	0.190358	
	0.194204	
	0.187550	
	0.249475	
	0.261054	
	0.357558	
	0.327714	
	0.278433	
	0.263234	
	0.304423	
	0.284501	
	0.299970	
	0.278888	
	0.292857	
	0.334070	
	0.274306	
	0.250344	
	0.253658	
	0.275741	
	0.240005	
	0.250879	
	0.266139	
	0.261834	
	0.264296	
	0.241652	
	0.209391	
	0.231381	
	0.220763	
	0.261639	
	0.206503	
	0.206545	
	0.261466	
	0.221038	
	0.225126	
	0.219519	
	0.242236	
	0.250168	
	0.257726	
	0.255967	
	0.389043	
	0.279039	
	0.256552	
	0.248347	
	0.267187	
	0.275145	
	0.270166	
	0.228165	
	0.259025	
	0.243032	
	0.208884	
	0.179732	
	0.198042	
	0.204945	
	0.267491	
	0.288936	
	0.241567	
	0.246786	
	0.280299	
	0.358871	
	0.333132	
	0.387986	
	0.362597	
	0.354200	
	0.303556	
	0.254827	
	0.274272	
	0.265864	
	0.233426	
	0.234285	
	0.260857	
	0.238696	
	0.229015	
	0.245530	
	0.295634	
	0.329233	
	0.251551	
	0.259676	
	0.244602	
	0.235109	
	0.240081	
	0.256042	
	0.288055	
	0.258115	
	0.264888	
	0.294198	
	0.291456	
	0.221809	
	0.322488	
	0.291636	
	0.299867	
	0.360973	
	0.294391	
	0.278626	
	0.409150	
	0.462367	
	0.362582	
	0.359788	
	0.294283	
	0.319829	
	0.322888	
	0.331839	
	0.284454	
	0.346124	
	0.258325	
	0.299746	
	0.244246	
	0.293988	
	0.335597	
	0.366312	
	0.308264	
	0.243773	
	0.292839	
	0.255465	
	0.254973	
	0.288094	
	0.271600	
	0.295817	
	0.250914	
	0.238085	
	0.253037	
	0.291519	
	0.268437	
	0.233429	
	0.189430	
	0.252454	
	0.290958	
	0.319975	
	0.368972	
	0.340922	
	0.276352	
	0.282386	
	0.252431	
	0.242220	
	0.322505	
	0.302476	
	0.325568	
	0.234916	
	0.221651	
	0.255256	
	0.249563	
	0.234211	
	0.236264	
	0.222329	
	0.379013	
	0.345412	
	0.165476	
	0.229702	
	0.223141	
	0.225751	
	0.220790	
	0.190051	
	0.210642	
	0.248640	
	0.257362	
	0.229674	
	0.228474	
	0.225052	
	0.230079	
	0.221194	
	0.207324	
	0.234483	
	0.270659	
	0.268704	
	0.287711	
	0.258438	
	0.241498	
	0.255359	
	0.252691	
	0.257979	
	0.305939	
	0.310875	
	0.277243	
	0.297989	
	0.271369	
	0.284938	
	0.314564	
	0.322381	
	0.406912	
	0.424294	
	0.274338	
	0.255745	
	0.310526	
	0.343886	
	0.315413	
	0.291595	
	0.270077	
	0.237753	
	0.234788	
	0.263532	
	0.275467	
	0.210126	
	0.220649	
	0.221789	
	0.213646	
	0.263414	
	0.217088	
	0.333349	
	0.352464	
	0.329043	
	0.325506	
	0.311668	
	0.282554	
	0.290866	
	0.378250	
	0.392840	
	0.205164	
	0.183891	
	0.201215	
	0.221587	
	0.218650	
	0.177281	
	0.183889	
	0.250012	
	0.356955	
	0.278576	
	0.254623	
	0.227506	
	0.277251	
	0.278158	
	0.277881	
	0.295142	
	0.243510	
	0.254736	
	0.246013	
	0.193144	
	0.223673	
	0.256828	
	0.194527	
	0.303906	
	0.271527	
	0.345610	
	0.345756	
	0.403203	
	0.384925	
	0.377940	
	0.285257	
	0.289223	
	0.304631	
	0.263556	
	0.244240	
	0.247150	
	0.260574	
	0.265640	
	0.284750	
	0.329539	
	0.365045	
	0.330754	
	0.262516	
	0.395619	
	0.295463	
	0.318689	
	0.319387	
	0.261712	
	0.237554	
	0.240706	
	0.254517	
	0.261947	
	0.257405	
	0.242479	
	0.256773	
	0.283915	
	0.267267	
	0.268074	
	0.297933	
	0.301870	
	0.429777	
	0.347231	
	0.320908	
	0.290011	
	0.316938	
	0.271101	
	0.285857	
	0.287240	
	0.368168	
	0.365216	
	0.320671	
	0.274330	
	0.309484	
	0.279254	
	0.289019	
	0.270938	
	0.298186	
	0.292264	
	0.263690	
	0.256995	
	0.280811	
	0.295860	
	0.286334	
	0.269240	
	0.231672	
	0.264643	
	0.268489	
	0.231860	
	0.214216	
	0.227185	
	0.197212	
	0.223344	
	0.209343	
	0.229826	
	0.286256	
	0.243156	
	0.253318	
	0.186496	
	0.159263	
	0.155641	
	0.161445	
	0.170948	
	0.164395	
	0.165566	
	0.209800	
	0.200444	
	0.194115	
	0.215819	
	0.206246	
	0.227177	
	0.360024	
	0.313710	
	0.249703	
	0.286813	
	0.356713	
	0.326410	
	0.276512	
	0.248572	
	0.198100	
	0.181885	
	0.204408	
	0.199475	
	0.279967	
	0.357350	
	0.302276	
	0.196068	
	0.158371	
	0.182754	
	0.165662	
	0.235457	
	0.259885	
	0.327308	
	0.279469	
	0.218056	
	0.192668	
	0.191186	
	0.186359	
	0.175603	
	0.217252	
	0.335925	
	0.341495	
	0.258996	
	0.237300	
	0.219363	
	0.203316	
	0.179021	
	0.296116	
	0.245702	
	0.302327	
	0.307169	
	0.246049	
	0.197228	
	0.180312	
	0.183159	
	0.192058	
	0.280119	
	0.309597	
	0.338446	
	0.284990	
	0.243372	
	0.223687	
	0.208609	
	0.211685	
	0.271717	
	0.265165	
	0.322187	
	0.347629	
	0.315308	
	0.262414	
	0.237156	
	0.226700	
	0.290438	
	0.394064	
	0.296613	
	0.377730	
	0.458791	
	0.401098	
	0.379590	
	0.368256	
	0.449117	
	0.586842	
	0.598500	
	0.432173	
	0.367606	
	0.328142	
	0.383423	
	0.404228	
	0.352358	
	0.363314	
	0.400084	
	0.391133	
	0.362339	
	0.346576	
	0.297173	
	0.323679	
	0.281702	
	0.341445	
	0.359323	
	0.354362	
	0.335242	
	0.374411	
	0.374258	
	0.335494	
	0.367041	
	0.384658	
	0.421043	
	0.421408	
	0.402676	
	0.311839	
	0.333741	
	0.337364	
	0.325955	
	0.275306	
	0.365182	
	0.436923	
	0.572484	
	0.547394	
	0.333162	
	0.248711	
	0.238760	
	0.253603	
	0.281072	
	0.260378	
	0.278913	
	0.305908	
	0.348599	
	0.268108	
	0.279857	
	0.288252	
	0.300973	
	0.281981	
	0.278925	
	0.272950	
	0.337815	
	0.319269	
	0.385687	
	0.403656	
	0.374812	
	0.365984	
	0.337210	
	0.316776	
	0.339167	
	0.327023	
	0.249594	
	0.259144	
	0.327722	
	0.374430	
	0.425309	
	0.465202	
	0.525554	
	0.532527	
	0.416910	
	0.339917	
	0.288127	
	0.325607	
	0.341700	
	0.312944	
	0.312040	
	0.292834	
	0.321662	
	0.357454	
	0.320063	
	0.274169	
	0.270448	
	0.296325	
	0.412453	
	0.560206	
	0.412189	
	0.313711	
	0.440082	
	0.412567	
	0.384436	
	0.327887	
	0.267824	
	0.294799	
	0.292886	
	0.373136	
	0.294590	
	0.270019	
	0.291924	
	0.328291	
	0.357310	
	0.372044	
	0.379868	
	0.330046	
	0.345798	
	0.341940	
	0.353334	
	0.345723	
	0.360241	
	0.353205	
	0.360707	
	0.347122	
	0.358447	
	0.317769	
	0.267538	
	0.267413	
	0.293671	
	0.280987	
	0.358073	
	0.378209	
	0.388289	
	0.431348	
	0.370402	
	0.476949	
	0.485451	
	0.440340	
	0.380146	
	0.356169	
	0.366659	
	0.388001	
	0.423256	
	0.401883	
	0.406780	
	0.453341	
	0.411680	
	0.436059	
	0.434824	
	0.389578	
	0.303084	
	0.306345	
	0.251782	
	0.264182	
	0.268651	
	0.261448	
	0.236504	
	0.247474	
	0.230189	
	0.240537	
	0.244700	
	0.257417	
	0.224009	
	0.230922	
	0.231209	
	0.268251	
	0.287935	
	0.302539	
	0.326646	
	0.373995	
	0.393790	
	0.383203	
	0.324349	
	0.294822	
	0.379072	
	0.529935	
	0.383293	
	0.304521	
	0.344191	
	0.333656	
	0.326641	
	0.313516	
	0.325166	
	0.247632	
	0.297023	
	0.347337	
	0.310964	
	0.254273	
	0.287486	
	0.309494	
	0.319184	
	0.323637	
	0.346401	
	0.359243	
	0.387307	
	0.295779	
	0.274245	
	0.204874	
	0.192584	
	0.216336	
	0.387656	
	0.495937	
	0.421488	
	0.324569	
	0.391201	
	0.403859	
	0.392280	
	0.352530	
	0.259396	
	0.301643	
	0.299218	
	0.301066	
	0.305567	
	0.234212	
	0.249740	
	0.351269	
	0.451173	
	0.533640	
	0.527448	
	0.444947	
	0.467916	
	0.364192	
	0.288042	
	0.253855	
	0.251576	
	0.233794	
	0.243461	
	0.218887	
	0.177134	
	0.220559	
	0.207835	
	0.161913	
	0.190652	
	0.197264	
	0.195919	
	0.236421	
	0.244248	
	0.373594	
	0.403705	
	0.468473	
	0.459605	
	0.418716	
	0.380317	
	0.440855	
	0.397758	
	0.320925	
	0.341171	
	0.290662	
	0.255375	
	0.282014	
	0.307868	
	0.259353	
	0.308506	
	0.382880	
	0.347553	
	0.329859	
	0.360545	
	0.330319	
	0.318447	
	0.251862	
	0.258206	
	0.257315	
	0.281349	
	0.379981	
	0.259953	
	0.205253	
	0.259603	
	0.234714	
	0.258207	
	0.281819	
	0.347932	
	0.474538	
	0.373019	
	0.409972	
	0.415708	
	0.434528	
	0.424674	
	0.395985	
	0.361711	
	0.369269	
	0.478725	
	0.366115	
	0.348120	
	0.285779	
	0.293404	
	0.293772	
	0.270768	
	0.236672	
	0.296407	
	0.339784	
	0.275451	
	0.278248	
	0.271505	
	0.264762	
	0.276869	
	0.301950	
	0.296686	
	0.283640	
	0.245696	
	0.284250	
	0.334442	
	0.292190	
	0.284415	
	0.255975	
	0.243883	
	0.246421	
	0.291289	
	0.269763	
	0.359586	
	0.351023	
	0.344669	
	0.324233	
	0.297209	
	0.232564	
	0.234904	
	0.251819	
	0.263239	
	0.244197	
	0.216214	
	0.243753	
	0.328973	
	0.340912	
	0.306637	
	0.220308	
	0.269848	
	0.241231	
	0.212570	
	0.208501	
	0.185735	
	0.181128	
	0.178882	
	0.198188	
	0.221117	
	0.234875	
	0.265225	
	0.209531	
	0.189463	
	0.212359	
	0.210720	
	0.241513	
	0.284301	
	0.390416	
	0.331071	
	0.332548	
	0.300477	
	0.246206	
	0.243931	
	0.211863	
	0.204911	
	0.220527	
	0.258953	
	0.303528	
	0.279943	
	0.251660	
	0.285264	
	0.302304	
	0.260495	
	0.299710	
	0.327575	
	0.337588	
	0.280728	
	0.374637	
	0.397550	
	0.378080	
	0.400731	
	0.437298	
	0.424118	
	0.400778	
	0.441964	
	0.465046	
	0.473534	
	0.438729	
	0.327112	
	0.347397	
	0.372205	
	0.378408	
	0.436819	
	0.329753	
	0.357942	
	0.421663	
	0.342106	
	0.284031	
	0.291977	
	0.295352	
	0.285213	
	0.327869	
	0.247095	
	0.206656	
	0.249654	
	0.266157	
	0.270720	
	0.280741	
	0.276266	
	0.294741	
	0.299834	
	0.267810	
	0.255554	
	0.277394	
	0.286574	
	0.261413	
	0.270545	
	0.239692	
	0.284595	
	0.252587	
	0.225253	
	0.233809	
	0.255597	
	0.250509	
	0.310338	
	0.309752	
	0.435092	
	0.377409	
	0.532070	
	0.495918	
	0.515743	
	0.470232	
	0.395955	
	0.379206	
	0.300017	
	0.321690	
	0.265597	
	0.238956	
	0.231580	
	0.203761	
	0.212847	
	0.215083	
	0.182790	
	0.207555	
	0.292588	
	0.285963	
	0.310657	
	0.276326	
	0.240596	
	0.242359	
	0.309309	
	0.315022	
	0.322833	
	0.332726	
	0.341645	
	0.322767	
	0.307214	
	0.268122	
	0.270667	
	0.231890	
	0.247011	
	0.377174	
	0.379277	
	0.440985	
	0.400880	
	0.455340	
	0.403829	
	0.298825	
	0.350581	
	0.326688	
	0.334925	
	0.291522	
	0.264570	
	0.250415	
	0.308569	
	0.390391	
	0.361436	
	0.347588	
	0.377160	
	0.432974	
	0.308903	
	0.274776	
	0.265537	
	0.282890	
	0.264753	
	0.306046	
	0.272051	
	0.316040	
	0.294055	
	0.350751	
	0.352816	
	0.321913	
	0.340556	
	0.412746	
	0.431672	
	0.477678	
	0.353436	
	0.368968	
	0.233120	
	0.218077	
	0.236460	
	0.252767	
	0.240692	
	0.262423	
	0.259941	
	0.272892	
	0.255671	
	0.288737	
	0.415807	
	0.671097	
	0.618814	
	0.669325	
	0.505703	
	0.354370	
	0.339499	
	0.289410	
	0.250527	
	0.244247	
	0.260315	
	0.258155	
	0.258591	
	0.250666	
	0.218798	
	0.266704	
	0.274912	
	0.288263	
	0.281979	
	0.312100	
	0.321037	
	0.303384	
	0.349678	
	0.322780	
	0.313709	
	0.377338	
	0.359638	
	0.343820	
	0.322461	
	0.320999	
	0.292159	
	0.291508	
	0.270808	
	0.284636	
	0.305296	
	0.304232	
	0.279434	
	0.324740	
	0.472044	
	0.555249	
	0.529559	
	0.306951	
	0.269479	
	0.311811	
	0.320658	
	0.321503	
	0.318976	
	0.291357	
	0.282242	
	0.281761	
	0.270254	
	0.297078	
	0.304842	
	0.312706	
	0.269719	
	0.244001	
	0.238720	
	0.269407	
	0.278860	
	0.274191	
	0.292230	
	0.302833	
	0.255355	
	0.306827	
	0.335705	
	0.313582	
	0.244712	
	0.235241	
	0.227707	
	0.227414	
	0.262752	
	0.237464	
	0.221038	
	0.196006	
	0.237990	
	0.372265	
	0.253368	
	0.222389	
	0.223838	
	0.220460	
	0.236274	
	0.236121	
	0.240030	
	0.238647	
	0.260426	
	0.263495	
	0.259563	
	0.228974	
	0.243100	
	0.249878	
	0.268735	
	0.224660	
	0.273968	
	0.268190	
	0.307061	
	0.299606	
	0.261431	
	0.236433	
	0.236698	
	0.239666	
	0.219322	
	0.235621	
	0.232949	
	0.229330	
	0.225122	
	0.247814	
	0.275654	
	0.265050	
	0.252117	
	0.287770	
	0.325703	
	0.298492	
	0.274334	
	0.255922	
	0.268214	
	0.240828	
	0.270989	
	0.269619	
	0.268030	
	0.254372	
	0.235217	
	0.238446	
	0.224777	
	0.260791	
	0.271643	
	0.308923	
	0.328763	
	0.317514	
	0.313604	
	0.293642	
	0.298525	
	0.333894	
	0.302314	
	0.293873	
	0.272454	
	0.264270	
	0.279523	
	0.252423	
	0.287670	
	0.301577	
	0.264979	
	0.281656	
	0.298826	
	0.328494	
	0.331540	
	0.252359	
	0.261010	
	0.267958	
	0.276327	
	0.259006	
	0.247687	
	0.261638	
	0.241058	
	0.247271	
	0.262892	
	0.228422	
	0.227136	
	0.263243	
	0.294878	
	0.297759	
	0.344604	
	0.305796	
	0.277265	
	0.266551	
	0.279222	
	0.285167	
	0.265555	
	0.259869	
	0.310909	
	0.292868	
	0.330117	
	0.291151	
	0.221240	
	0.207832	
	0.252058	
	0.277540	
	0.255609	
	0.314278	
	0.338495	
	0.291923	
	0.268810	
	0.231348	
	0.275177	
	0.255804	
	0.236535	
	0.262072	
	0.351204	
	0.339861	
	0.344463	
	0.287799	
	0.327260	
	0.292124	
	0.286930	
	0.284616	
	0.322586	
	0.368602	
	0.355312	
	0.274406	
	0.237621	
	0.253928	
	0.253301	
	0.250560	
	0.229906	
	0.268980	
	0.318821	
	0.246196	
	0.227998	
	0.232388	
	0.227618	
	0.222110	
	0.237412	
	0.311680	
	0.354604	
	0.340107	
	0.217426	
	0.190080	
	0.210554	
	0.210279	
	0.207673	
	0.203363	
	0.214027	
	0.204542	
	0.193281	
	0.201390	
	0.234419	
	0.226751	
	0.223743	
	0.233921	
	0.202341	
	0.212643	
	0.363310	
	0.360602	
	0.318847	
	0.307846	
	0.317873	
	0.314822	
	0.276544	
	0.273685	
	0.281604	
	0.261548	
	0.283456	
	0.297425	
	0.308013	
	0.331231	
	0.330798	
	0.301764	
	0.262496	
	0.341174	
	0.368424	
	0.281671	
	0.375866	
	0.263962	
	0.213727	
	0.210575	
	0.258482	
	0.245211	
	0.263271	
	0.251441	
	0.257635	
	0.253125	
	0.291947	
	0.280810	
	0.257441	
	0.264376	
	0.322273	
	0.411716	
	0.372143	
	0.382540	
	0.359784	
	0.348233	
	0.349701	
	0.330646	
	0.343433	
	0.370335	
	0.377032	
	0.333096	
	0.324050	
	0.334427	
	0.337569	
	0.371675	
	0.429752	
	0.248654	
	0.390351	
	0.279867	
	0.257279	
	0.234014	
	0.232803	
	0.244502	
	0.272898	
	0.254172	
	0.223008	
	0.221011	
	0.223754	
	0.218852	
	0.215352	
	0.212898	
	0.230210	
	0.199178	
	0.208860	
	0.263274	
	0.280694	
	0.281172	
	0.298819	
	0.306541	
	0.344216	
	0.405669	
	0.357097	
	0.211587	
	0.332136	
	0.405557	
	0.325962	
	0.331475	
	0.238704	
	0.239083	
	0.228348	
	0.235949	
	0.225374	
	0.195243	
	0.170546	
	0.181973	
	0.180364	
	0.177991	
	0.164929	
	0.160418	
	0.229346	
	0.231083	
	0.234173	
	0.249679	
	0.219091	
	0.225665	
	0.212461	
	0.223072	
	0.275652	
	0.283121	
	0.282925	
	0.292972	
	0.239289	
	0.250817	
	0.269837	
	0.231770	
	0.238196	
	0.209062	
	0.207422	
	0.211829	
	0.187752	
	0.183222	
	0.186280	
	0.157371	
	0.141475	
	0.124653	
	0.147710	
	0.247745	
	0.457107	
	0.286185	
	0.256624	
	0.252715	
	0.280398	
	0.324852	
	0.342818	
	0.299859	
	0.308812	
	0.314407	
	0.284934	
	0.307487	
	0.329704	
	0.293791	
	0.289139	
	0.296364	
	0.295725	
	0.325562	
	0.377682	
	0.380557	
	0.368563	
	0.394988	
	0.374251	
	0.359767	
	0.333343	
	0.314680	
	0.310354	
	0.307100	
	0.350693	
	0.358129	
	0.344782	
	0.346693	
	0.347396	
	0.326961	
	0.334182	
	0.418511	
	0.354924	
	0.328220	
	0.286065	
	0.255568	
	0.232304	
	0.274296	
	0.281315	
	0.245808	
	0.237423	
	0.283495	
	0.295701	
	0.329500	
	0.329960	
	0.343401	
	0.344259	
	0.320471	
	0.395358	
	0.363356	
	0.383837	
	0.424470	
	0.410127	
	0.349102	
	0.314835	
	0.352489	
	0.336740	
	0.331840	
	0.342840	
	0.309951	
	0.297336	
	0.388590	
	0.415635	
	0.409881	
	0.393339	
	0.381605	
	0.357905	
	0.227994	
	0.225769	
	0.227455	
	0.232559	
	0.239153	
	0.232087	
	0.236267	
	0.277405	
	0.272367	
	0.246613	
	0.257574	
	0.264270	
	0.247555	
	0.233192	
	0.222295	
	0.265126	
	0.315836	
	0.333363	
	0.293236	
	0.254686	
	0.271779	
	0.277431	
	0.261050	
	0.216500	
	0.265747	
	0.331815	
	0.290568	
	0.279335	
	0.267295	
	0.277613	
	0.289656	
	0.272276	
	0.290470	
	0.261946	
	0.252650	
	0.269393	
	0.274167	
	0.251378	
	0.307049	
	0.262128	
	0.295950	
	0.391150	
	0.343265	
	0.358360	
	0.338370	
	0.318691	
	0.261715	
	0.263181	
	0.288860	
	0.281898	
	0.351328	
	0.323363	
	0.275396	
	0.249558	
	0.218652	
	0.199408	
	0.219400	
	0.212977	
	0.255278	
	0.286315	
	0.221233	
	0.190888	
	0.181726	
	0.188875	
	0.179638	
	0.228455	
	0.307933	
	0.361099	
	0.248966	
	0.242680	
	0.208070	
	0.204441	
	0.200382	
	0.202723	
	0.204558	
	0.192725	
	0.232298	
	0.220134	
	0.219239	
	0.208745	
	0.215061	
	0.226429	
	0.244731	
	0.254702	
	0.264835	
	0.392876	
	0.334211	
	0.322081	
	0.342394	
	0.338080	
	0.350230	
	0.306980	
	0.354367	
	0.327245	
	0.345261	
	0.290503	
	0.287856	
	0.333109	
	0.297514	
	0.299778	
	0.275486	
	0.273146	
	0.319257	
	0.259348	
	0.337620	
	0.293543	
	0.298776	
	0.260646	
	0.267711	
	0.274647	
	0.234038	
	0.228578	
	0.236097	
	0.271957	
	0.281255	
	0.274333	
	0.288241	
	0.308582	
	0.336347	
	0.371706	
	0.339287	
	0.319054	
	0.305965	
	0.338913	
	0.330252	
	0.329954	
	0.342264	
	0.312604	
	0.310080	
	0.288137	
	0.266394	
	0.270050	
	0.269137	
	0.278301	
	0.272969	
	0.326645	
	0.427169	
	0.423300	
	0.291379	
	0.249422	
	0.266306	
	0.282388	
	0.278867	
	0.258133	
	0.275623	
	0.277289	
	0.257862	
	0.256187	
	0.233273	
	0.216156	
	0.202843	
	0.212071	
	0.222267	
	0.310261	
	0.304871	
	0.287920	
	0.307495	
	0.338498	
	0.347766	
	0.396458	
	0.416581	
	0.400604	
	0.424763	
	0.331974	
	0.346495	
	0.264279	
	0.260057	
	0.256986	
	0.256352	
	0.199670	
	0.205769	
	0.204128	
	0.239296	
	0.209450	
	0.194823	
	0.209181	
	0.255987	
	0.252815	
	0.220943	
	0.215158	
	0.264901	
	0.225454	
	0.226111	
	0.253241	
	0.265941	
	0.363697	
	0.397534	
	0.370638	
	0.439551	
	0.346368	
	0.302635	
	0.329350	
	0.232060	
	0.238348	
	0.186114	
	0.211011	
	0.221077	
	0.238678	
	0.219748	
	0.254253	
	0.227617	
	0.243620	
	0.251605	
	0.220134	
	0.208737	
	0.276613	
	0.402728	
	0.352105	
	0.345997	
	0.346346	
	0.366490	
	0.358704	
	0.334391	
	0.333075	
	0.328429	
	0.329042	
	0.360403	
	0.410694	
	0.379339	
	0.368832	
	0.417472	
	0.404153	
	0.391424	
	0.374744	
	0.361890	
	0.351410	
	0.391618	
	0.389143	
	0.413020	
	0.394073	
	0.357152	
	0.378970	
	0.346060	
	0.363558	
	0.385462	
	0.406081	
	0.418773	
	0.458722	
	0.455713	
	0.458385	
	0.469870	
	0.456421	
	0.463706	
	0.460622	
	0.418544	
	0.435598	
	0.414136	
	0.412280	
	0.434271	
	0.433885	
	0.451353	
	0.448768	
	0.455634	
	0.448504	
	0.425727	
	0.410703	
	0.420097	
	0.431658	
	0.419374	
	0.400867	
	0.406812	
	0.423549	
	0.438986	
	0.423766	
	0.412400	
	0.401559	
	0.401741	
	0.410980	
	0.388443	
	0.395855	
	0.427031	
	0.398941	
	0.401834	
	0.405844	
	0.411535	
	0.422905	
	0.406000	
	0.417077	
	0.419279	
	0.405102	
	0.409345	
	0.426272	
	0.397141	
	0.392403	
	0.361588	
	0.353080	
	0.364604	
	0.365866	
	0.357801	
	0.328515	
	0.320391	
	0.317955	
	0.351307	
	0.353449	
	0.353321	
	0.364873	
	0.364521	
	0.336150	
	0.314341	
	0.288888	
	0.300952	
	0.313844	
	0.348720	
	0.335768	
	0.298184	
	0.297595	
	0.304402	
	0.300616	
	0.306544	
	0.327978	
	0.345707	
	0.340633	
	0.349791	
	0.339446	
	0.302867	
	0.288142	
	0.316717	
	0.316263	
	0.307175	
	0.307507	
	0.297373	
	0.290482	
	0.336922	
	0.370820	
	0.340394	
	0.323660	
	0.318247	
	0.296142	
	0.285751	
	0.298704	
	0.285338	
	0.286550	
	0.270690	
	0.292817	
	0.345851	
	0.361762	
	0.343989	
	0.361273	
	0.322745	
	0.358146	
	0.350092	
	0.347884	
	0.365799	
	0.371513	
	0.317831	
	0.328598	
	0.339346	
	0.306131	
	0.283084	
	0.302565	
	0.291347	
	0.297085	
	0.301126	
	0.334931	
	0.349239	
	0.361392	
	0.323437	
	0.314969	
	0.311559	
	0.323311	
	0.354809	
	0.334362	
	0.370545	
	0.414286	
	0.368236	
	0.348830	
	0.335363	
	0.337323	
	0.347765	
	0.390136	
	0.314051	
	0.336396	
	0.338411	
	0.290236	
	0.283939	
	0.301710	
	0.333500	
	0.330095	
	0.291840	
	0.313905	
	0.346141	
	0.314471	
	0.336811	
	0.393882	
	0.380344	
	0.340934	
	0.305467	
	0.341910	
	0.342241	
	0.310013	
	0.318207	
	0.296132	
	0.292739	
	0.311546	
	0.264744	
	0.263478	
	0.293913	
	0.336287	
	0.346738	
	0.344836	
	0.342758	
	0.361095	
	0.378184	
	0.340320	
	0.332964	
	0.330874	
	0.329156	
	0.325602	
	0.317345	
	0.333123	
	0.301082	
	0.302497	
	0.319179	
	0.331594	
	0.372220	
	0.363422	
	0.407995	
	0.371346	
	0.345870	
	0.321299	
	0.344279	
	0.362531	
	0.352322	
	0.334042	
	0.308075	
	0.304605	
	0.299185	
	0.301583	
	0.342862	
	0.335099	
	0.335522	
	0.329487	
	0.309765	
	0.308406	
	NaN	
	NaN	
	NaN	
	NaN	
	NaN	
	NaN	
	NaN	
	NaN	
	NaN	
	NaN	
	NaN	
	NaN	
	NaN	
	NaN	
	NaN	
	NaN	
	NaN	
	NaN	
	NaN	
	NaN	
	NaN	
	NaN	
	NaN	
	NaN	
	NaN	
	NaN	
	NaN	
	NaN	
	NaN	
	NaN	
	NaN	
	NaN	
	NaN	
	NaN	
	NaN	
	NaN	
	NaN	
	NaN	
	NaN	
	NaN	
	NaN	
	NaN	
	NaN	
	NaN	
	NaN	
	NaN	
	NaN	
	NaN	
	NaN	
	NaN	
	NaN	
	NaN	
	NaN	
	NaN	
	NaN	
	NaN	
	NaN	
	NaN	
	NaN	
	NaN	
	NaN	
	NaN	
	NaN	
	NaN	
	NaN	
	NaN	
	NaN	
	NaN	
	NaN	
	NaN	
	NaN	
	NaN	
	NaN	
	NaN	
	NaN	
	NaN	
	NaN	
	NaN	
	NaN	
	NaN	
	NaN	
	NaN	
	NaN	
	NaN	
	NaN	
	NaN	
	NaN	
	NaN	
	NaN	
	NaN	
	NaN	
	NaN	
	NaN	
	NaN	
	NaN	
	NaN	
	NaN	
	NaN	
	NaN	
	NaN	
	NaN	
	NaN	
	NaN	
	NaN	
	NaN	
	NaN	
	NaN	
	NaN	
	NaN	
	NaN	
	NaN	
	NaN	
	NaN	
	NaN	
	NaN	
	NaN	
	NaN	
	NaN	
	NaN	
	NaN	
	NaN	
	NaN	
	NaN	
	NaN	
	NaN	
	NaN	
	NaN	
	NaN	
	NaN	
