MIRtoolbox1.7	_Pitch_Mean	
song_file\0001984-快樂的出帆.mp3	NaN	
	NaN	
	NaN	
	426.391500	
	NaN	
	403.829083	
	447.480447	
	772.808781	
	NaN	
	NaN	
	NaN	
	403.543609	
	405.043290	
	NaN	
	NaN	
	NaN	
	NaN	
	341.365735	
	450.886215	
	456.149301	
	NaN	
	403.407838	
	401.071415	
	NaN	
	NaN	
	344.196977	
	456.491315	
	134.406135	
	NaN	
	299.407248	
	NaN	
	NaN	
	199.621683	
	1053.985652	
	NaN	
	NaN	
	NaN	
	NaN	
	NaN	
	NaN	
	NaN	
	NaN	
	NaN	
	89.233161	
	NaN	
	NaN	
	100.474698	
	NaN	
	453.914378	
	401.890338	
	407.808287	
	839.126537	
	409.124667	
	NaN	
	NaN	
	406.997723	
	401.627147	
	452.803755	
	NaN	
	NaN	
	NaN	
	1024.153817	
	268.866198	
	NaN	
	NaN	
	NaN	
	408.862473	
	NaN	
	1125.098565	
	472.681586	
	NaN	
	NaN	
	NaN	
	NaN	
	383.526390	
	1221.299494	
	414.042884	
	437.000855	
	NaN	
	NaN	
	413.806791	
	363.519000	
	307.786857	
	298.849469	
	265.359078	
	980.863435	
	979.736918	
	NaN	
	273.104232	
	NaN	
	266.569068	
	NaN	
	276.744997	
	916.868836	
	NaN	
	NaN	
	NaN	
	NaN	
	NaN	
	NaN	
	NaN	
	230.742402	
	1018.191161	
	984.954214	
	271.311019	
	698.365298	
	253.613328	
	272.614660	
	NaN	
	870.814916	
	349.678730	
	1168.129187	
	930.119478	
	453.514743	
	876.002626	
	391.586908	
	NaN	
	341.374935	
	401.955145	
	1040.867684	
	424.887378	
	342.436396	
	352.702165	
	337.946647	
	295.409116	
	226.052898	
	100.777764	
	NaN	
	NaN	
	NaN	
	NaN	
	NaN	
	270.346146	
	301.246524	
	NaN	
	835.384528	
	307.404843	
	730.972571	
	272.785428	
	272.619466	
	1031.921770	
	303.217344	
	341.893031	
	774.575856	
	755.433255	
	405.616995	
	362.380516	
	304.147988	
	764.724614	
	346.780277	
	NaN	
	388.184277	
	403.961914	
	NaN	
	903.730622	
	954.397185	
	963.216086	
	1012.491817	
	555.235632	
	924.286667	
	431.416210	
	401.774115	
	816.891375	
	408.853670	
	414.819291	
	NaN	
	884.874235	
	412.110362	
	718.606947	
	388.312180	
	973.863169	
	NaN	
	906.655596	
	NaN	
	396.725228	
	844.780709	
	374.157535	
	896.434860	
	403.599122	
	NaN	
	457.908661	
	458.669944	
	530.347255	
	414.978802	
	450.394797	
	345.226806	
	NaN	
	344.612373	
	338.086305	
	1026.052062	
	327.868333	
	NaN	
	307.879073	
	320.643491	
	350.753765	
	844.223882	
	407.558141	
	914.757504	
	264.089181	
	NaN	
	217.121050	
	NaN	
	NaN	
	NaN	
	NaN	
	170.839522	
	NaN	
	NaN	
	267.629638	
	1158.826500	
	1014.109734	
	296.830653	
	982.095355	
	420.771003	
	1024.367815	
	412.149102	
	307.114919	
	987.314628	
	1026.309064	
	980.025786	
	407.754321	
	856.485517	
	451.722419	
	459.431805	
	448.526988	
	1013.170903	
	845.110726	
	405.900335	
	336.595851	
	NaN	
	904.696267	
	923.396890	
	907.446137	
	750.105855	
	892.258028	
	269.134351	
	1015.713095	
	915.218674	
	798.026033	
	920.574530	
	937.258046	
	912.131280	
	405.532683	
	NaN	
	540.762757	
	512.120268	
	453.047590	
	871.657759	
	NaN	
	406.812625	
	NaN	
	604.456556	
	544.786086	
	512.243092	
	NaN	
	101.305120	
	453.928963	
	412.256669	
	NaN	
	402.935722	
	336.840043	
	270.512663	
	NaN	
	NaN	
	NaN	
	NaN	
	NaN	
	557.011254	
	NaN	
	383.874345	
	NaN	
	417.570484	
	801.566044	
	427.490199	
	636.475666	
	NaN	
	260.051195	
	272.267764	
	311.013428	
	293.184391	
	271.153302	
	938.273952	
	NaN	
	263.936444	
	279.017782	
	807.063785	
	306.445481	
	899.879061	
	NaN	
	NaN	
	1081.453458	
	NaN	
	NaN	
	NaN	
	NaN	
	1033.021432	
	227.454898	
	953.929710	
	268.956741	
	963.514051	
	1042.564731	
	300.873112	
	976.908888	
	362.444309	
	413.384368	
	421.293799	
	837.088858	
	391.757744	
	905.550125	
	NaN	
	340.756815	
	NaN	
	883.575339	
	408.011137	
	NaN	
	341.860345	
	1057.131063	
	642.200544	
	268.909518	
	NaN	
	212.324013	
	NaN	
	NaN	
	NaN	
	NaN	
	NaN	
	273.473442	
	264.299981	
	1006.431476	
	1033.782737	
	309.113619	
	NaN	
	264.805273	
	NaN	
	340.453698	
	752.278126	
	407.873550	
	369.476378	
	305.957038	
	NaN	
	355.180223	
	NaN	
	NaN	
	410.388644	
	407.014899	
	460.229523	
	460.436406	
	998.069830	
	533.977725	
	1030.477249	
	420.708557	
	908.865929	
	845.925358	
	410.126009	
	404.919483	
	NaN	
	403.113485	
	415.368940	
	411.536708	
	NaN	
	326.245753	
	354.252652	
	370.686015	
	959.498146	
	667.167601	
	818.727332	
	374.077384	
	454.797289	
	491.618526	
	905.878011	
	401.723924	
	443.165213	
	344.056363	
	NaN	
	NaN	
	663.945453	
	NaN	
	341.149295	
	348.063631	
	714.752668	
	403.706383	
	916.007081	
	1140.766527	
	273.833796	
	NaN	
	924.814636	
	200.089769	
	201.364482	
	197.751960	
	NaN	
	231.808865	
	NaN	
	551.189710	
	450.153562	
	1116.188685	
	296.550280	
	307.718386	
	350.084552	
	445.587405	
	448.020118	
	NaN	
	NaN	
	343.645710	
	NaN	
	1019.243496	
	1016.723533	
	412.123830	
	824.716077	
	462.153103	
	937.071400	
	1003.305843	
	839.028174	
	415.828219	
	345.477053	
	900.319593	
	809.470437	
	269.097700	
	267.914064	
	917.139676	
	932.117473	
	922.615747	
	226.703266	
	267.154454	
	NaN	
	1062.691563	
	88.944420	
	NaN	
	407.873096	
	443.996455	
	404.792007	
	NaN	
	337.473706	
	454.883278	
	403.010081	
	NaN	
	1119.271871	
	404.374776	
	867.218227	
	1066.553421	
	NaN	
	409.068915	
	NaN	
	444.523758	
	NaN	
	100.445881	
	414.207445	
	NaN	
	NaN	
	NaN	
	NaN	
	NaN	
	NaN	
	NaN	
	NaN	
	NaN	
	NaN	
	NaN	
	400.016128	
	NaN	
	438.914794	
	453.185833	
	849.713066	
	785.393557	
	445.476122	
	406.712528	
	937.929857	
	331.795443	
	326.891068	
	300.882075	
	893.168284	
	959.262063	
	973.704863	
	275.586776	
	886.226830	
	NaN	
	270.981054	
	202.548174	
	NaN	
	NaN	
	264.599093	
	NaN	
	276.466235	
	226.939552	
	206.577344	
	NaN	
	NaN	
	NaN	
	NaN	
	NaN	
	NaN	
	NaN	
	NaN	
	NaN	
	728.571712	
	229.453894	
	271.300230	
	1188.816670	
	269.013607	
	784.122046	
	260.564952	
	NaN	
	NaN	
	303.142591	
	825.831221	
	342.992121	
	1035.774990	
	419.846971	
	861.086953	
	393.874147	
	936.456468	
	NaN	
	NaN	
	353.343542	
	1038.620651	
	421.361142	
	NaN	
	350.142309	
	948.022883	
	226.450758	
	501.762888	
	NaN	
	NaN	
	NaN	
	NaN	
	NaN	
	NaN	
	700.097655	
	268.993312	
	1006.953914	
	304.266115	
	1012.595928	
	984.101530	
	266.078440	
	939.809326	
	329.745536	
	783.067178	
	424.532707	
	345.730225	
	NaN	
	289.128584	
	NaN	
	336.160637	
	404.899135	
	921.692509	
	900.499139	
	1066.567613	
	1098.340359	
	543.104545	
	897.722623	
	440.693052	
	407.147612	
	416.472992	
	NaN	
	NaN	
	405.990389	
	398.850000	
	NaN	
	911.869965	
	724.908614	
	NaN	
	909.310117	
	351.209891	
	NaN	
	867.293954	
	460.317838	
	524.249769	
	1107.927879	
	408.696596	
	NaN	
	439.230013	
	336.377100	
	352.833905	
	305.482473	
	984.622183	
	335.656901	
	NaN	
	311.780653	
	1039.204336	
	330.713139	
	808.519558	
	404.406381	
	403.111681	
	NaN	
	NaN	
	NaN	
	1080.362771	
	NaN	
	NaN	
	NaN	
	NaN	
	NaN	
	NaN	
	90.180186	
	NaN	
	228.025466	
	982.197112	
	298.164844	
	732.814589	
	347.911800	
	454.132603	
	1021.775021	
	419.650672	
	308.579698	
	1024.408467	
	402.003925	
	895.769127	
	910.734993	
	455.674983	
	884.415644	
	975.307230	
	850.319357	
	402.870907	
	NaN	
	340.656150	
	342.592432	
	NaN	
	993.608875	
	935.760032	
	979.738801	
	270.567256	
	1027.628046	
	265.982497	
	265.296270	
	1002.929648	
	NaN	
	NaN	
	NaN	
	NaN	
	201.734443	
	NaN	
	342.218728	
	450.835216	
	450.876762	
	NaN	
	NaN	
	NaN	
	81.021289	
	456.375392	
	546.187823	
	NaN	
	340.178838	
	451.711817	
	NaN	
	606.377953	
	NaN	
	NaN	
