_Mode		
	-0.109445	
	-0.257668	
	-0.207852	
	-0.118187	
	-0.155889	
	-0.084692	
	-0.105310	
	-0.028322	
	-0.245964	
	-0.167526	
	-0.206545	
	-0.062377	
	-0.097784	
	0.002527	
	0.012041	
	-0.040184	
	0.214541	
	0.030647	
	-0.085077	
	-0.046488	
	-0.075197	
	-0.062302	
	-0.160654	
	-0.188975	
	0.120980	
	-0.003455	
	-0.012781	
	-0.150086	
	-0.235757	
	-0.194017	
	0.061148	
	0.167392	
	-0.053725	
	-0.061628	
	-0.105269	
	-0.197772	
	-0.089259	
	0.141417	
	-0.163628	
	-0.257635	
	0.027792	
	-0.203669	
	-0.178476	
	-0.135714	
	-0.093554	
	-0.025876	
	-0.058987	
	-0.279664	
	-0.135877	
	-0.135463	
	-0.082835	
	-0.005665	
	-0.043601	
	0.209431	
	0.069216	
	0.056221	
	-0.023689	
	0.013460	
	-0.054190	
	0.127491	
	-0.016032	
	-0.053024	
	0.029357	
	-0.054487	
	-0.188831	
	-0.023851	
	-0.074627	
	0.089743	
	0.023466	
	-0.160532	
	-0.028261	
	-0.063616	
	-0.159248	
	0.035519	
	-0.145605	
	-0.126870	
	-0.091680	
	0.016200	
	0.069685	
	0.143329	
	0.080042	
	0.182400	
	-0.046405	
	-0.056195	
	0.002377	
	-0.193287	
	-0.178715	
	-0.308246	
	-0.317718	
	-0.228895	
	0.099754	
	0.068143	
	0.056039	
	0.033073	
	0.021514	
	-0.094166	
	0.121744	
	0.071220	
	0.120579	
	0.094986	
	0.237397	
	-0.293157	
	-0.247399	
	-0.099165	
	-0.170001	
	-0.115408	
	-0.009277	
	-0.078593	
	-0.000089	
	0.084150	
	0.139361	
	0.012263	
	-0.143308	
	-0.121092	
	-0.065602	
	-0.056322	
	-0.206584	
	-0.212236	
	0.013037	
	-0.069498	
	0.117425	
	0.062239	
	0.222867	
	-0.253741	
	-0.152177	
	-0.088037	
	-0.127144	
	0.243787	
	0.028142	
	-0.009416	
	0.112393	
	0.132486	
	0.094920	
	0.292443	
	0.115501	
	-0.189641	
	-0.257077	
	0.144184	
	-0.005559	
	0.055536	
	-0.091391	
	-0.108370	
	0.070257	
	-0.037347	
	-0.301160	
	-0.150473	
	-0.159026	
	-0.094238	
	-0.102111	
	-0.086958	
	-0.229531	
	0.066581	
	0.106644	
	-0.033158	
	0.063508	
	0.025308	
	0.065632	
	0.012673	
	-0.034509	
	0.030191	
	0.116352	
	-0.005219	
	-0.161040	
	-0.230067	
	-0.265608	
	-0.307484	
	0.045309	
	0.081942	
	0.179305	
	-0.127422	
	0.021580	
	0.087599	
	-0.087683	
	0.037387	
	-0.217240	
	-0.050987	
	-0.127593	
	0.091577	
	0.016382	
	0.119410	
	0.169970	
	0.196663	
	0.041963	
	-0.271941	
	-0.228514	
	-0.031492	
	-0.056344	
	-0.191640	
	-0.061123	
	-0.240132	
	-0.135086	
	0.026977	
	0.061065	
	0.058499	
	0.027068	
	-0.061109	
	-0.085390	
	0.022636	
	0.014958	
	0.122562	
	0.082110	
	-0.052169	
	-0.276428	
	-0.279827	
	-0.307096	
	-0.225289	
	-0.122971	
	-0.119936	
	-0.309978	
	-0.332588	
	-0.241135	
	-0.091034	
	-0.078940	
	-0.157548	
	-0.212895	
	-0.146615	
	-0.155798	
	-0.245042	
	0.048393	
	0.089462	
	0.265949	
	-0.090078	
	-0.151439	
	-0.089290	
	-0.274515	
	-0.365225	
	-0.338720	
	-0.235847	
	-0.110976	
	-0.185726	
	-0.270421	
	-0.266561	
	-0.221788	
	-0.302698	
	0.029115	
	0.231607	
	0.220716	
	-0.064936	
	-0.306750	
	-0.279150	
	-0.200198	
	-0.223918	
	-0.258886	
	-0.253199	
	-0.128469	
	-0.099853	
	-0.104669	
	-0.220375	
	-0.177111	
	-0.178300	
	-0.155890	
	0.096969	
	0.248430	
	0.047062	
	0.158711	
	0.143996	
	-0.073333	
	-0.005080	
	0.007698	
	0.162710	
	0.039842	
	0.280256	
	-0.189352	
	-0.197786	
	-0.110726	
	-0.224316	
	-0.160124	
	-0.005052	
	-0.009578	
	0.114885	
	-0.009861	
	-0.137113	
	-0.081903	
	-0.111780	
	-0.190111	
	0.082198	
	-0.130916	
	-0.016393	
	0.163972	
	0.008206	
	0.044013	
	0.225557	
	-0.140707	
	-0.179564	
	-0.285807	
	-0.195525	
	-0.016509	
	-0.166977	
	-0.069917	
	-0.118295	
	-0.085854	
	-0.114456	
	0.156152	
	0.138759	
	0.219097	
	-0.238773	
	-0.281755	
	-0.181281	
	-0.315323	
	-0.171547	
	-0.172020	
	-0.078250	
	-0.133570	
	-0.199013	
	-0.295846	
	-0.282330	
	-0.126151	
	-0.110439	
	0.041704	
	0.170347	
	0.223100	
	0.182985	
	0.148339	
	0.056813	
	-0.312841	
	-0.324474	
	-0.303970	
	-0.153531	
	-0.268633	
	0.165096	
	0.098065	
	0.176020	
	-0.182439	
	-0.138489	
	-0.048729	
	-0.174414	
	-0.269201	
	-0.356595	
	-0.155962	
	-0.163839	
	-0.205207	
	-0.261178	
	-0.360616	
	-0.319047	
	-0.222364	
	-0.321531	
	0.044671	
	0.203654	
	0.153423	
	-0.364122	
	-0.335679	
	-0.251792	
	-0.327181	
	-0.246829	
	0.171134	
	0.036484	
	0.116152	
	-0.086240	
	-0.200375	
	-0.212157	
	-0.154474	
	-0.023299	
	0.069343	
	0.169613	
	-0.098327	
	0.025739	
	0.245602	
	0.096568	
	-0.050150	
	0.124200	
	0.062669	
	0.171507	
	0.237347	
	-0.100219	
	-0.275197	
	-0.175121	
	-0.186540	
	-0.136795	
	-0.244796	
	-0.018716	
	-0.025887	
	0.184253	
	-0.019350	
	0.133587	
	-0.089587	
	-0.080691	
	-0.014798	
	-0.173727	
	-0.159312	
	0.080587	
	-0.033257	
	0.056250	
	0.046703	
	0.114850	
	0.085080	
	-0.089701	
	-0.310279	
	-0.166811	
	-0.249515	
	-0.329342	
	-0.105479	
	-0.144977	
	-0.160591	
	-0.086315	
	-0.307322	
	0.165926	
	0.175311	
	0.237322	
	-0.008465	
	0.087600	
	0.190852	
	0.236469	
	-0.061795	
	0.071846	
	0.227583	
	0.147356	
	0.257781	
	-0.228754	
	-0.253574	
	-0.258184	
	-0.127675	
	-0.188964	
	0.017019	
	-0.074374	
	-0.128565	
	0.253897	
	0.016106	
	-0.146420	
	-0.171565	
	-0.219896	
	0.125603	
	-0.238891	
	-0.326473	
	-0.117177	
	0.022405	
	-0.025101	
	0.031245	
	0.164802	
	-0.014593	
	-0.321257	
	-0.265075	
	-0.250234	
	-0.326165	
	0.107565	
	-0.081630	
	-0.227221	
	-0.215136	
	-0.148815	
	-0.202723	
	0.037780	
	0.124602	
	0.002948	
	0.092267	
	0.270929	
	0.116954	
	-0.056438	
	0.068118	
	0.151724	
	0.170785	
	0.110493	
	-0.053723	
	-0.315029	
	-0.256784	
	-0.285953	
	-0.236099	
	-0.136736	
	-0.086305	
	0.017933	
	0.089392	
	0.238373	
	0.168992	
	-0.258735	
	-0.303791	
	-0.299233	
	-0.163470	
	-0.210825	
	-0.299145	
	0.010965	
	-0.054761	
	0.110502	
	0.217149	
	0.113045	
	-0.114855	
	-0.341723	
	-0.177452	
	-0.359440	
	-0.398909	
	-0.189253	
	-0.124430	
	-0.302534	
	-0.292365	
	-0.104423	
	-0.270602	
	0.245760	
	0.101624	
	0.024494	
	0.130123	
	0.306651	
	0.199486	
	0.137265	
	0.041671	
	0.161477	
	0.236861	
	0.166080	
	-0.082162	
	-0.346399	
	-0.213613	
	-0.128330	
	-0.012114	
	-0.173911	
	-0.082659	
	0.055717	
	0.110014	
	0.239280	
	0.226502	
	-0.128825	
	-0.329222	
	-0.262975	
	-0.204335	
	-0.294075	
	0.022362	
	-0.037188	
	0.054152	
	0.039954	
	0.168065	
	0.200283	
	-0.079207	
	-0.390977	
	-0.274760	
	-0.262850	
	0.044444	
	-0.180646	
	-0.094887	
	-0.268090	
	-0.254085	
	-0.194881	
	-0.287950	
	-0.005225	
	0.019726	
	0.141415	
	0.175103	
	0.210545	
	0.174070	
	-0.057209	
	0.098267	
	0.171936	
	0.189121	
	0.247927	
	-0.259559	
	-0.255076	
	-0.196506	
	-0.217106	
	-0.099168	
	0.175062	
	-0.062507	
	-0.021700	
	0.173162	
	0.115097	
	0.177014	
	-0.214187	
	-0.177735	
	-0.157652	
	-0.196513	
	-0.330829	
	0.096283	
	0.018399	
	-0.018448	
	0.105308	
	0.110393	
	0.071192	
	-0.163664	
	-0.304225	
	-0.275658	
	-0.271038	
	-0.133363	
	-0.161027	
	-0.224978	
	-0.339236	
	-0.258507	
	-0.254992	
	-0.124749	
	0.109797	
	0.049131	
	0.103112	
	0.099681	
	0.201743	
	0.000000	
	0.000000	
	0.000000	
