_Key	_Keyclarity	_Keystrength		
	6.000000	0.661316	5.000000	
	6.000000	0.722636	5.000000	
	6.000000	0.630158	5.000000	
	6.000000	0.779267	5.000000	
	6.000000	0.804426	5.000000	
	4.000000	0.613263	3.000000	
	4.000000	0.805441	3.000000	
	1.000000	0.677722	0.000000	
	1.000000	0.784173	0.000000	
	1.000000	0.761003	0.000000	
	1.000000	0.801449	0.000000	
	6.000000	0.754990	5.000000	
	6.000000	0.651358	5.000000	
	11.000000	0.639185	10.000000	
	11.000000	0.654655	10.000000	
	6.000000	0.699909	5.000000	
	2.000000	0.781201	1.000000	
	2.000000	0.660667	1.000000	
	11.000000	0.544826	10.000000	
	1.000000	0.544877	0.000000	
	6.000000	0.783888	5.000000	
	6.000000	0.789727	5.000000	
	6.000000	0.635910	5.000000	
	6.000000	0.779979	5.000000	
	4.000000	0.716382	3.000000	
	1.000000	0.627010	0.000000	
	1.000000	0.510772	0.000000	
	1.000000	0.809475	0.000000	
	1.000000	0.799147	0.000000	
	1.000000	0.607349	0.000000	
	1.000000	0.783808	0.000000	
	1.000000	0.585177	0.000000	
	2.000000	0.671247	1.000000	
	2.000000	0.670121	1.000000	
	6.000000	0.696135	5.000000	
	6.000000	0.742699	5.000000	
	11.000000	0.588293	10.000000	
	9.000000	0.803824	8.000000	
	6.000000	0.625147	5.000000	
	6.000000	0.772772	5.000000	
	4.000000	0.670893	3.000000	
	6.000000	0.798454	5.000000	
	6.000000	0.800748	5.000000	
	6.000000	0.497977	5.000000	
	6.000000	0.479779	5.000000	
	6.000000	0.447592	5.000000	
	6.000000	0.271745	5.000000	
	6.000000	0.623626	5.000000	
	11.000000	0.428014	10.000000	
	11.000000	0.481021	10.000000	
	9.000000	0.520499	8.000000	
	9.000000	0.345027	8.000000	
	1.000000	0.446042	0.000000	
	9.000000	0.749357	8.000000	
	9.000000	0.485986	8.000000	
	11.000000	0.389893	10.000000	
	11.000000	0.485293	10.000000	
	4.000000	0.367564	3.000000	
	8.000000	0.492320	7.000000	
	4.000000	0.564329	3.000000	
	6.000000	0.441505	5.000000	
	6.000000	0.657630	5.000000	
	9.000000	0.530617	8.000000	
	6.000000	0.424451	5.000000	
	6.000000	0.791864	5.000000	
	6.000000	0.233596	5.000000	
	9.000000	0.313223	8.000000	
	9.000000	0.367621	8.000000	
	4.000000	0.412679	3.000000	
	1.000000	0.492798	0.000000	
	1.000000	0.423266	0.000000	
	6.000000	0.310056	5.000000	
	6.000000	0.400649	5.000000	
	9.000000	0.357931	8.000000	
	1.000000	0.476688	0.000000	
	6.000000	0.536940	5.000000	
	1.000000	0.361842	0.000000	
	11.000000	0.467603	10.000000	
	4.000000	0.548547	3.000000	
	4.000000	0.551144	3.000000	
	4.000000	0.691864	3.000000	
	4.000000	0.603783	3.000000	
	6.000000	0.461294	5.000000	
	6.000000	0.629052	5.000000	
	9.000000	0.661890	8.000000	
	6.000000	0.734635	5.000000	
	6.000000	0.785723	5.000000	
	6.000000	0.908911	5.000000	
	6.000000	0.912258	5.000000	
	6.000000	0.847259	5.000000	
	2.000000	0.752628	1.000000	
	2.000000	0.741895	1.000000	
	2.000000	0.733437	1.000000	
	4.000000	0.788375	3.000000	
	4.000000	0.771857	3.000000	
	11.000000	0.753404	10.000000	
	2.000000	0.776655	1.000000	
	2.000000	0.803534	1.000000	
	4.000000	0.859780	3.000000	
	4.000000	0.865069	3.000000	
	4.000000	0.921091	3.000000	
	6.000000	0.847033	5.000000	
	6.000000	0.823657	5.000000	
	6.000000	0.692623	5.000000	
	6.000000	0.763562	5.000000	
	6.000000	0.622551	5.000000	
	4.000000	0.594407	3.000000	
	4.000000	0.684132	3.000000	
	4.000000	0.623357	3.000000	
	9.000000	0.508503	8.000000	
	9.000000	0.374845	8.000000	
	9.000000	0.718396	8.000000	
	1.000000	0.765072	0.000000	
	6.000000	0.785699	5.000000	
	6.000000	0.738900	5.000000	
	6.000000	0.762723	5.000000	
	6.000000	0.884441	5.000000	
	6.000000	0.804568	5.000000	
	9.000000	0.654534	8.000000	
	9.000000	0.723005	8.000000	
	9.000000	0.345026	8.000000	
	9.000000	0.398814	8.000000	
	9.000000	0.719867	8.000000	
	6.000000	0.747357	5.000000	
	6.000000	0.730443	5.000000	
	6.000000	0.564502	5.000000	
	6.000000	0.735843	5.000000	
	4.000000	0.711892	3.000000	
	4.000000	0.762766	3.000000	
	1.000000	0.679172	0.000000	
	4.000000	0.726213	3.000000	
	9.000000	0.421967	8.000000	
	9.000000	0.429970	8.000000	
	9.000000	0.786304	8.000000	
	9.000000	0.855311	8.000000	
	6.000000	0.837622	5.000000	
	6.000000	0.918736	5.000000	
	4.000000	0.730394	3.000000	
	4.000000	0.712263	3.000000	
	4.000000	0.678745	3.000000	
	6.000000	0.805327	5.000000	
	6.000000	0.695960	5.000000	
	9.000000	0.362322	8.000000	
	10.000000	0.358549	9.000000	
	6.000000	0.898267	5.000000	
	6.000000	0.520181	5.000000	
	6.000000	0.591298	5.000000	
	6.000000	0.386019	5.000000	
	6.000000	0.396578	5.000000	
	11.000000	0.288452	10.000000	
	11.000000	0.578703	10.000000	
	4.000000	0.362014	3.000000	
	4.000000	0.483427	3.000000	
	1.000000	0.431670	0.000000	
	9.000000	0.422290	8.000000	
	9.000000	0.558677	8.000000	
	11.000000	0.421772	10.000000	
	4.000000	0.452503	3.000000	
	1.000000	0.528073	0.000000	
	4.000000	0.394058	3.000000	
	4.000000	0.544534	3.000000	
	6.000000	0.466882	5.000000	
	6.000000	0.708714	5.000000	
	6.000000	0.644554	5.000000	
	6.000000	0.645950	5.000000	
	6.000000	0.775299	5.000000	
	6.000000	0.538954	5.000000	
	9.000000	0.355615	8.000000	
	9.000000	0.456293	8.000000	
	11.000000	0.493906	10.000000	
	9.000000	0.334570	8.000000	
	9.000000	0.576905	8.000000	
	6.000000	0.514379	5.000000	
	6.000000	0.362386	5.000000	
	6.000000	0.482860	5.000000	
	6.000000	0.592434	5.000000	
	6.000000	0.423821	5.000000	
	9.000000	0.596061	8.000000	
	11.000000	0.509816	10.000000	
	4.000000	0.433949	3.000000	
	4.000000	0.608975	3.000000	
	4.000000	0.688935	3.000000	
	4.000000	0.589525	3.000000	
	6.000000	0.603255	5.000000	
	6.000000	0.687241	5.000000	
	6.000000	0.495137	5.000000	
	6.000000	0.612298	5.000000	
	6.000000	0.668944	5.000000	
	6.000000	0.574163	5.000000	
	6.000000	0.806329	5.000000	
	6.000000	0.833229	5.000000	
	2.000000	0.736137	1.000000	
	2.000000	0.755065	1.000000	
	9.000000	0.753059	8.000000	
	4.000000	0.781238	3.000000	
	1.000000	0.807683	0.000000	
	11.000000	0.797935	10.000000	
	2.000000	0.774463	1.000000	
	2.000000	0.771731	1.000000	
	4.000000	0.892905	3.000000	
	4.000000	0.863549	3.000000	
	6.000000	0.817842	5.000000	
	6.000000	0.892464	5.000000	
	6.000000	0.849123	5.000000	
	6.000000	0.839570	5.000000	
	6.000000	0.784184	5.000000	
	6.000000	0.659898	5.000000	
	6.000000	0.757734	5.000000	
	1.000000	0.912241	0.000000	
	1.000000	0.896288	0.000000	
	1.000000	0.803484	0.000000	
	1.000000	0.700361	0.000000	
	1.000000	0.679971	0.000000	
	6.000000	0.713747	5.000000	
	6.000000	0.875625	5.000000	
	6.000000	0.730738	5.000000	
	6.000000	0.778548	5.000000	
	6.000000	0.818134	5.000000	
	2.000000	0.808709	1.000000	
	2.000000	0.740858	1.000000	
	2.000000	0.866568	1.000000	
	1.000000	0.777163	0.000000	
	1.000000	0.900782	0.000000	
	1.000000	0.860195	0.000000	
	6.000000	0.837846	5.000000	
	6.000000	0.888728	5.000000	
	6.000000	0.823327	5.000000	
	6.000000	0.799481	5.000000	
	6.000000	0.673897	5.000000	
	1.000000	0.672040	0.000000	
	1.000000	0.893115	0.000000	
	1.000000	0.864394	0.000000	
	1.000000	0.874411	0.000000	
	1.000000	0.898668	0.000000	
	2.000000	0.711387	1.000000	
	2.000000	0.813669	1.000000	
	2.000000	0.816793	1.000000	
	6.000000	0.680663	5.000000	
	1.000000	0.840026	0.000000	
	1.000000	0.787306	0.000000	
	6.000000	0.760244	5.000000	
	6.000000	0.865357	5.000000	
	6.000000	0.822965	5.000000	
	6.000000	0.771161	5.000000	
	6.000000	0.785823	5.000000	
	6.000000	0.643480	5.000000	
	6.000000	0.681384	5.000000	
	6.000000	0.679798	5.000000	
	6.000000	0.667698	5.000000	
	6.000000	0.749162	5.000000	
	11.000000	0.671362	10.000000	
	9.000000	0.714191	8.000000	
	9.000000	0.686722	8.000000	
	9.000000	0.582253	8.000000	
	9.000000	0.709023	8.000000	
	9.000000	0.780659	8.000000	
	9.000000	0.693885	8.000000	
	4.000000	0.527451	3.000000	
	4.000000	0.535583	3.000000	
	4.000000	0.663889	3.000000	
	4.000000	0.638730	3.000000	
	4.000000	0.894900	3.000000	
	6.000000	0.761903	5.000000	
	6.000000	0.819549	5.000000	
	6.000000	0.663980	5.000000	
	6.000000	0.619350	5.000000	
	6.000000	0.783097	5.000000	
	9.000000	0.588262	8.000000	
	9.000000	0.699692	8.000000	
	9.000000	0.609412	8.000000	
	11.000000	0.492635	10.000000	
	1.000000	0.674560	0.000000	
	1.000000	0.570551	0.000000	
	6.000000	0.548576	5.000000	
	6.000000	0.571073	5.000000	
	9.000000	0.509374	8.000000	
	1.000000	0.602061	0.000000	
	1.000000	0.515577	0.000000	
	4.000000	0.632683	3.000000	
	4.000000	0.623519	3.000000	
	4.000000	0.712646	3.000000	
	4.000000	0.671346	3.000000	
	1.000000	0.697197	0.000000	
	1.000000	0.805735	0.000000	
	6.000000	0.894563	5.000000	
	6.000000	0.814885	5.000000	
	6.000000	0.567394	5.000000	
	6.000000	0.569821	5.000000	
	6.000000	0.693105	5.000000	
	6.000000	0.688870	5.000000	
	6.000000	0.583619	5.000000	
	6.000000	0.858910	5.000000	
	2.000000	0.787680	1.000000	
	2.000000	0.835799	1.000000	
	2.000000	0.739629	1.000000	
	1.000000	0.772198	0.000000	
	1.000000	0.921845	0.000000	
	11.000000	0.721857	10.000000	
	11.000000	0.844851	10.000000	
	11.000000	0.859031	10.000000	
	1.000000	0.884791	0.000000	
	1.000000	0.768993	0.000000	
	1.000000	0.788726	0.000000	
	6.000000	0.845945	5.000000	
	6.000000	0.884616	5.000000	
	6.000000	0.763981	5.000000	
	6.000000	0.758015	5.000000	
	6.000000	0.675214	5.000000	
	4.000000	0.634146	3.000000	
	4.000000	0.753819	3.000000	
	4.000000	0.797241	3.000000	
	4.000000	0.770601	3.000000	
	4.000000	0.709590	3.000000	
	4.000000	0.629153	3.000000	
	6.000000	0.855270	5.000000	
	6.000000	0.880600	5.000000	
	6.000000	0.788520	5.000000	
	6.000000	0.747782	5.000000	
	6.000000	0.786813	5.000000	
	2.000000	0.786903	1.000000	
	2.000000	0.843430	1.000000	
	2.000000	0.833223	1.000000	
	1.000000	0.574642	0.000000	
	1.000000	0.894845	0.000000	
	6.000000	0.562579	5.000000	
	6.000000	0.761127	5.000000	
	6.000000	0.903404	5.000000	
	6.000000	0.922345	5.000000	
	6.000000	0.705828	5.000000	
	6.000000	0.775772	5.000000	
	1.000000	0.734226	0.000000	
	1.000000	0.844535	0.000000	
	1.000000	0.915433	0.000000	
	1.000000	0.915527	0.000000	
	1.000000	0.875125	0.000000	
	6.000000	0.807983	5.000000	
	2.000000	0.702622	1.000000	
	2.000000	0.856866	1.000000	
	9.000000	0.791492	8.000000	
	1.000000	0.923038	0.000000	
	1.000000	0.854972	0.000000	
	6.000000	0.689455	5.000000	
	6.000000	0.838928	5.000000	
	6.000000	0.724077	5.000000	
	2.000000	0.748578	1.000000	
	2.000000	0.634274	1.000000	
	2.000000	0.612373	1.000000	
	7.000000	0.689010	6.000000	
	7.000000	0.660835	6.000000	
	7.000000	0.810839	6.000000	
	7.000000	0.622387	6.000000	
	12.000000	0.472090	11.000000	
	5.000000	0.712434	4.000000	
	10.000000	0.721240	9.000000	
	10.000000	0.716118	9.000000	
	10.000000	0.621783	9.000000	
	10.000000	0.851294	9.000000	
	10.000000	0.727369	9.000000	
	5.000000	0.597824	4.000000	
	5.000000	0.617969	4.000000	
	5.000000	0.447565	4.000000	
	5.000000	0.799275	4.000000	
	5.000000	0.829654	4.000000	
	7.000000	0.737189	6.000000	
	7.000000	0.858331	6.000000	
	7.000000	0.750860	6.000000	
	7.000000	0.772444	6.000000	
	9.000000	0.786670	8.000000	
	7.000000	0.590933	6.000000	
	10.000000	0.636670	9.000000	
	10.000000	0.693014	9.000000	
	10.000000	0.671713	9.000000	
	2.000000	0.614004	1.000000	
	10.000000	0.656342	9.000000	
	7.000000	0.588639	6.000000	
	7.000000	0.429974	6.000000	
	7.000000	0.482372	6.000000	
	7.000000	0.715987	6.000000	
	7.000000	0.740769	6.000000	
	5.000000	0.521835	4.000000	
	5.000000	0.564144	4.000000	
	5.000000	0.667906	4.000000	
	5.000000	0.680268	4.000000	
	5.000000	0.698004	4.000000	
	5.000000	0.478413	4.000000	
	7.000000	0.651788	6.000000	
	7.000000	0.763195	6.000000	
	7.000000	0.622090	6.000000	
	7.000000	0.678365	6.000000	
	7.000000	0.845291	6.000000	
	7.000000	0.906883	6.000000	
	7.000000	0.825089	6.000000	
	7.000000	0.734996	6.000000	
	7.000000	0.745682	6.000000	
	7.000000	0.818836	6.000000	
	12.000000	0.693402	11.000000	
	10.000000	0.844525	9.000000	
	10.000000	0.810634	9.000000	
	10.000000	0.705399	9.000000	
	10.000000	0.589243	9.000000	
	10.000000	0.803935	9.000000	
	5.000000	0.677696	4.000000	
	5.000000	0.683504	4.000000	
	5.000000	0.618987	4.000000	
	5.000000	0.870209	4.000000	
	5.000000	0.773775	4.000000	
	5.000000	0.868873	4.000000	
	7.000000	0.814324	6.000000	
	7.000000	0.786646	6.000000	
	7.000000	0.866342	6.000000	
	7.000000	0.726315	6.000000	
	7.000000	0.729616	6.000000	
	10.000000	0.635878	9.000000	
	10.000000	0.712052	9.000000	
	10.000000	0.740145	9.000000	
	10.000000	0.800353	9.000000	
	10.000000	0.646392	9.000000	
	7.000000	0.661909	6.000000	
	7.000000	0.778898	6.000000	
	7.000000	0.870276	6.000000	
	10.000000	0.690483	9.000000	
	7.000000	0.805788	6.000000	
	7.000000	0.862986	6.000000	
	5.000000	0.682917	4.000000	
	5.000000	0.599273	4.000000	
	5.000000	0.616356	4.000000	
	5.000000	0.707135	4.000000	
	5.000000	0.812423	4.000000	
	7.000000	0.574286	6.000000	
	7.000000	0.813701	6.000000	
	7.000000	0.886077	6.000000	
	7.000000	0.894858	6.000000	
	7.000000	0.761052	6.000000	
	10.000000	0.730139	9.000000	
	7.000000	0.613847	6.000000	
	7.000000	0.798225	6.000000	
	7.000000	0.766599	6.000000	
	7.000000	0.808979	6.000000	
	7.000000	0.768242	6.000000	
	10.000000	0.720140	9.000000	
	10.000000	0.822804	9.000000	
	10.000000	0.803223	9.000000	
	10.000000	0.708583	9.000000	
	10.000000	0.813300	9.000000	
	10.000000	0.774830	9.000000	
	5.000000	0.679784	4.000000	
	5.000000	0.756247	4.000000	
	5.000000	0.726090	4.000000	
	5.000000	0.851671	4.000000	
	5.000000	0.826056	4.000000	
	7.000000	0.549352	6.000000	
	7.000000	0.846640	6.000000	
	7.000000	0.894924	6.000000	
	7.000000	0.899918	6.000000	
	7.000000	0.803919	6.000000	
	7.000000	0.759074	6.000000	
	10.000000	0.567830	9.000000	
	10.000000	0.705599	9.000000	
	10.000000	0.697756	9.000000	
	10.000000	0.842212	9.000000	
	10.000000	0.748363	9.000000	
	7.000000	0.649829	6.000000	
	7.000000	0.833745	6.000000	
	7.000000	0.862632	6.000000	
	7.000000	0.559473	6.000000	
	7.000000	0.834399	6.000000	
	7.000000	0.880450	6.000000	
	5.000000	0.723902	4.000000	
	5.000000	0.713667	4.000000	
	5.000000	0.815554	4.000000	
	5.000000	0.798680	4.000000	
	5.000000	0.814167	4.000000	
	7.000000	0.500672	6.000000	
	7.000000	0.856916	6.000000	
	7.000000	0.799412	6.000000	
	7.000000	0.908808	6.000000	
	7.000000	0.869229	6.000000	
	7.000000	0.891247	6.000000	
	7.000000	0.813844	6.000000	
	7.000000	0.876479	6.000000	
	7.000000	0.846378	6.000000	
	7.000000	0.778757	6.000000	
	7.000000	0.839557	6.000000	
	5.000000	0.892559	4.000000	
	10.000000	0.781316	9.000000	
	10.000000	0.767391	9.000000	
	10.000000	0.801095	9.000000	
	10.000000	0.853153	9.000000	
	10.000000	0.800553	9.000000	
	5.000000	0.748886	4.000000	
	5.000000	0.738349	4.000000	
	5.000000	0.755221	4.000000	
	5.000000	0.799887	4.000000	
	5.000000	0.830865	4.000000	
	7.000000	0.671425	6.000000	
	7.000000	0.890927	6.000000	
	7.000000	0.907745	6.000000	
	7.000000	0.802293	6.000000	
	7.000000	0.750186	6.000000	
	7.000000	0.594147	6.000000	
	10.000000	0.742408	9.000000	
	10.000000	0.653873	9.000000	
	10.000000	0.797652	9.000000	
	10.000000	0.766740	9.000000	
	10.000000	0.888890	9.000000	
	7.000000	0.652687	6.000000	
	7.000000	0.821714	6.000000	
	7.000000	0.836692	6.000000	
	7.000000	0.803219	6.000000	
	7.000000	0.766893	6.000000	
	10.000000	0.807872	9.000000	
	5.000000	0.759138	4.000000	
	5.000000	0.770896	4.000000	
	5.000000	0.736249	4.000000	
	5.000000	0.793998	4.000000	
	5.000000	0.728321	4.000000	
	7.000000	0.581463	6.000000	
	7.000000	0.927362	6.000000	
	7.000000	0.855086	6.000000	
	7.000000	0.903795	6.000000	
	10.000000	0.835335	9.000000	
	7.000000	0.783532	6.000000	
	7.000000	0.787342	6.000000	
	7.000000	0.817619	6.000000	
	7.000000	0.890687	6.000000	
	7.000000	0.700206	6.000000	
	7.000000	0.733746	6.000000	
	10.000000	0.735932	9.000000	
	10.000000	0.815866	9.000000	
	10.000000	0.789062	9.000000	
	10.000000	0.787645	9.000000	
	10.000000	0.793158	9.000000	
	5.000000	0.666388	4.000000	
	5.000000	0.773642	4.000000	
	5.000000	0.787088	4.000000	
	5.000000	0.811292	4.000000	
	5.000000	0.736848	4.000000	
	5.000000	0.793846	4.000000	
	7.000000	0.791680	6.000000	
	7.000000	0.888064	6.000000	
	7.000000	0.849064	6.000000	
	7.000000	0.853551	6.000000	
	7.000000	0.608472	6.000000	
	10.000000	0.748873	9.000000	
	10.000000	0.758187	9.000000	
	10.000000	0.704633	9.000000	
	10.000000	0.824130	9.000000	
	10.000000	0.821717	9.000000	
	10.000000	0.754423	9.000000	
	7.000000	0.822412	6.000000	
	7.000000	0.789650	6.000000	
	7.000000	0.762149	6.000000	
	7.000000	0.803800	6.000000	
	7.000000	0.902135	6.000000	
	5.000000	0.757861	4.000000	
	5.000000	0.747116	4.000000	
	5.000000	0.708587	4.000000	
	5.000000	0.800168	4.000000	
	5.000000	0.774998	4.000000	
	5.000000	0.716740	4.000000	
	7.000000	0.724221	6.000000	
	7.000000	0.914423	6.000000	
	7.000000	0.870203	6.000000	
	7.000000	0.832191	6.000000	
	7.000000	0.877141	6.000000	
	7.000000	0.792832	6.000000	
	7.000000	0.827429	6.000000	
	7.000000	0.898283	6.000000	
	7.000000	0.871357	6.000000	
	7.000000	0.860298	6.000000	
	7.000000	0.703404	6.000000	
	10.000000	0.866383	9.000000	
	10.000000	0.827887	9.000000	
	10.000000	0.799670	9.000000	
	10.000000	0.772417	9.000000	
	10.000000	0.821570	9.000000	
	1.000000	0.000000	0.000000	
	1.000000	0.000000	0.000000	
	1.000000	0.000000	0.000000	
