_Mode		
	-0.118774	
	-0.068604	
	-0.122492	
	-0.054989	
	-0.063816	
	-0.025321	
	0.012262	
	-0.077574	
	0.039890	
	0.191111	
	0.045864	
	-0.101379	
	0.112198	
	0.053465	
	-0.063994	
	-0.047096	
	-0.078651	
	-0.007168	
	-0.018646	
	-0.180543	
	-0.035956	
	0.067760	
	-0.181806	
	-0.056396	
	-0.102845	
	-0.121755	
	-0.236451	
	-0.184533	
	-0.059098	
	-0.061218	
	-0.096842	
	-0.070143	
	-0.097250	
	-0.110090	
	0.034425	
	-0.073498	
	0.060761	
	0.044519	
	0.176641	
	0.091893	
	0.086496	
	-0.096923	
	-0.070000	
	0.016113	
	0.237235	
	-0.117135	
	-0.092362	
	-0.016653	
	0.173624	
	-0.110800	
	-0.080726	
	-0.130034	
	0.071626	
	-0.102475	
	-0.094484	
	-0.055633	
	-0.179146	
	-0.051231	
	-0.034611	
	-0.127175	
	-0.155290	
	-0.070077	
	0.051702	
	-0.197745	
	-0.182069	
	0.040522	
	-0.092288	
	-0.029754	
	0.035433	
	-0.090773	
	0.011403	
	0.124108	
	0.092625	
	-0.065847	
	-0.164533	
	-0.163055	
	-0.182877	
	-0.117568	
	-0.025898	
	-0.208980	
	-0.076435	
	-0.203820	
	-0.213811	
	-0.225232	
	-0.246584	
	-0.198243	
	-0.189323	
	-0.266777	
	-0.058674	
	0.014541	
	0.021111	
	0.162961	
	0.094208	
	-0.039491	
	0.047345	
	0.040305	
	-0.169295	
	0.098826	
	0.122275	
	-0.076227	
	-0.081776	
	-0.206915	
	0.091134	
	0.031391	
	-0.058758	
	-0.088500	
	-0.260317	
	-0.218985	
	-0.089828	
	-0.106986	
	-0.140354	
	0.062204	
	-0.040039	
	0.043405	
	-0.045942	
	-0.079687	
	-0.110740	
	-0.067003	
	0.015534	
	0.067468	
	-0.027692	
	-0.038994	
	-0.082826	
	-0.126218	
	0.001847	
	-0.171791	
	0.120962	
	-0.173602	
	-0.059597	
	0.082391	
	-0.141724	
	-0.153622	
	-0.018607	
	-0.139193	
	-0.116799	
	-0.112448	
	-0.343501	
	-0.096103	
	-0.104605	
	-0.136981	
	-0.232819	
	-0.174739	
	-0.000977	
	-0.123819	
	0.147584	
	0.101632	
	0.064225	
	0.138625	
	0.141592	
	-0.101589	
	-0.047276	
	-0.096516	
	-0.088171	
	-0.239215	
	-0.034275	
	-0.064344	
	0.131992	
	-0.139901	
	-0.061522	
	-0.116536	
	-0.211670	
	-0.219206	
	-0.209751	
	-0.102214	
	-0.180005	
	-0.190004	
	0.002938	
	0.000946	
	-0.142721	
	-0.239053	
	-0.058750	
	0.121704	
	-0.072410	
	-0.096814	
	0.005040	
	0.030105	
	0.034653	
	-0.291445	
	0.008026	
	-0.241489	
	-0.117969	
	0.110807	
	-0.033997	
	-0.001274	
	-0.085920	
	-0.092139	
	-0.230530	
	-0.011177	
	-0.201136	
	-0.008390	
	0.053218	
	0.128509	
	-0.136668	
	0.002251	
	-0.099597	
	-0.078220	
	-0.068491	
	-0.232370	
	-0.122940	
	0.005274	
	-0.183144	
	-0.074034	
	-0.102148	
	-0.091350	
	-0.012830	
	-0.131411	
	-0.004406	
	-0.142090	
	0.162686	
	0.054075	
	0.214250	
	-0.005348	
	-0.017952	
	0.024944	
	-0.232865	
	-0.127629	
	-0.092124	
	-0.025175	
	-0.185138	
	-0.165056	
	-0.171154	
	-0.107317	
	-0.065094	
	-0.160877	
	-0.067607	
	-0.318053	
	-0.185205	
	0.101487	
	-0.137338	
	0.069719	
	-0.018515	
	0.048941	
	0.025653	
	-0.002482	
	0.097134	
	0.130055	
	-0.105813	
	-0.087273	
	-0.069805	
	-0.207452	
	-0.182248	
	-0.026692	
	0.160988	
	0.126487	
	0.016144	
	-0.089786	
	0.077724	
	-0.110357	
	0.003241	
	-0.080477	
	-0.085833	
	0.130623	
	-0.076307	
	-0.067038	
	-0.112673	
	-0.146058	
	-0.109017	
	-0.108946	
	-0.140166	
	-0.009806	
	-0.162663	
	-0.165965	
	-0.206087	
	-0.098697	
	-0.008187	
	-0.077712	
	0.035970	
	-0.113459	
	-0.025044	
	-0.089175	
	-0.081614	
	0.089989	
	-0.058353	
	-0.123492	
	0.242405	
	0.051972	
	-0.050640	
	0.018257	
	0.024630	
	-0.038598	
	0.124490	
	-0.110334	
	-0.124958	
	-0.040818	
	-0.050263	
	-0.035518	
	0.096302	
	0.138103	
	-0.213005	
	0.024622	
	-0.049920	
	-0.069005	
	-0.309346	
	-0.107695	
	-0.183663	
	-0.206611	
	-0.069802	
	-0.158116	
	-0.110795	
	-0.159851	
	0.078122	
	0.087139	
	0.133048	
	-0.048102	
	-0.014014	
	-0.089464	
	-0.054623	
	-0.086421	
