_Mode		
	0.084578	
	0.029567	
	-0.064330	
	0.007340	
	-0.060401	
	-0.027359	
	-0.087398	
	0.091992	
	-0.254898	
	0.049678	
	-0.183108	
	0.061778	
	0.024878	
	-0.081657	
	-0.045865	
	-0.003361	
	-0.098910	
	-0.102076	
	-0.091657	
	-0.130709	
	0.018718	
	-0.076007	
	-0.167750	
	-0.261221	
	-0.001624	
	-0.192576	
	-0.085903	
	0.012913	
	0.023402	
	0.072111	
	0.023491	
	0.105171	
	-0.150946	
	0.050968	
	0.016570	
	-0.001015	
	0.068581	
	-0.056736	
	-0.088045	
	0.028662	
	-0.084011	
	-0.065539	
	-0.015905	
	0.073124	
	0.060384	
	-0.051897	
	-0.039719	
	-0.056221	
	0.099367	
	-0.026522	
	-0.116564	
	0.034075	
	-0.191917	
	0.105514	
	-0.008680	
	0.012561	
	-0.208606	
	-0.100441	
	-0.034516	
	-0.118412	
	0.041233	
	0.097063	
	0.058319	
	0.000811	
	0.103838	
	-0.096794	
	0.141170	
	-0.223336	
	0.094084	
	0.000486	
	0.125297	
	0.097109	
	0.004101	
	-0.101998	
	-0.156283	
	-0.014867	
	-0.006708	
	-0.046994	
	-0.152582	
	0.017052	
	-0.025153	
	-0.327759	
	-0.011659	
	-0.012395	
	0.016104	
	-0.080869	
	-0.153875	
	-0.024537	
	-0.042695	
	-0.047708	
	-0.019894	
	-0.075126	
	0.007742	
	-0.027167	
	-0.018980	
	-0.061663	
	0.046271	
	0.190945	
	0.033739	
	-0.059593	
	-0.023134	
	0.076507	
	-0.083755	
	0.034875	
	0.037203	
	-0.134796	
	0.075136	
	0.071890	
	-0.213127	
	-0.073388	
	-0.022717	
	0.061068	
	0.008554	
	-0.162829	
	0.019690	
	0.122937	
	-0.144720	
	0.147705	
	-0.044292	
	-0.277437	
	0.043920	
	-0.159755	
	-0.002637	
	0.054448	
	-0.096024	
	0.047990	
	0.047444	
	-0.028434	
	-0.060633	
	0.000405	
	-0.169849	
	0.042699	
	-0.047754	
	0.230723	
	0.060395	
	0.074149	
	-0.133651	
	0.066500	
	0.024525	
	0.021683	
	-0.029395	
	0.055404	
	-0.068880	
	0.061957	
	0.077258	
	-0.030821	
	0.160023	
	0.016217	
	0.154845	
	-0.034625	
	-0.022669	
	0.025489	
	-0.084820	
	-0.001840	
	0.078916	
	-0.038328	
	-0.119287	
	-0.113153	
	-0.114166	
	-0.103549	
	-0.082280	
	-0.051653	
	-0.060642	
	0.169877	
	0.035654	
	-0.130223	
	-0.132489	
	-0.073849	
	-0.186110	
	-0.090869	
	-0.158447	
	0.074115	
	0.056722	
	-0.007633	
	-0.059338	
	0.039877	
	-0.018849	
	0.042654	
	0.084988	
	0.060284	
	0.012024	
	-0.117054	
	0.062527	
	0.061809	
	-0.070640	
	-0.141590	
	0.001253	
	-0.063767	
	-0.184767	
	0.087581	
	-0.026058	
	-0.034054	
	-0.170979	
	0.032281	
	0.001807	
	-0.126987	
	-0.299416	
	-0.078970	
	-0.093062	
	0.003898	
	-0.016953	
	-0.275684	
	-0.069945	
	0.116337	
	-0.011850	
	0.055432	
	0.044691	
	0.060586	
	0.034192	
	0.046009	
	-0.050345	
	-0.081514	
	-0.030461	
	-0.235069	
	-0.005767	
	0.072955	
	-0.005678	
	0.003303	
	0.107724	
	-0.067486	
	-0.118183	
	-0.069730	
	-0.026159	
	0.087702	
	-0.035519	
	0.103422	
	0.049103	
	0.047161	
	-0.065972	
	-0.087458	
	0.021166	
	0.091792	
	0.117191	
	0.105918	
	-0.024460	
	-0.154873	
	-0.053860	
	-0.023828	
	-0.008389	
	-0.078434	
	-0.046958	
	0.201916	
	0.097695	
	-0.033009	
	-0.055361	
	0.009583	
	-0.126419	
	0.010674	
	0.062640	
	-0.023731	
	0.059643	
	-0.002052	
	-0.107733	
	-0.079260	
	0.015423	
	0.071077	
	0.029626	
	0.090761	
	0.053671	
	0.039492	
	-0.064882	
	-0.070167	
	0.089676	
	-0.116630	
	-0.093277	
	-0.060540	
	-0.198131	
	0.007240	
	0.040670	
	-0.028121	
	-0.023710	
	-0.050020	
	0.018429	
	-0.099315	
	0.159231	
	-0.016102	
	0.107499	
	-0.177435	
	0.026271	
	-0.028665	
	-0.026332	
	0.016295	
	-0.055613	
	-0.060117	
	-0.038331	
	-0.020007	
	-0.047534	
	-0.045657	
	0.091434	
	-0.039369	
	0.060334	
	-0.068352	
	-0.022048	
	-0.029893	
	0.062845	
	-0.155728	
	-0.098736	
	0.061939	
	-0.057306	
	-0.007889	
	-0.006959	
	-0.050885	
	-0.014747	
	0.020330	
	0.026899	
	0.096625	
	0.127688	
	-0.100160	
	0.051538	
	0.004927	
	-0.075515	
	-0.069473	
	-0.055022	
	0.071912	
	-0.032475	
	-0.218934	
	0.008352	
	-0.060643	
	-0.029662	
	-0.021878	
	-0.049664	
	-0.097492	
	-0.114387	
	-0.128518	
	-0.085213	
	0.104457	
	0.013217	
	0.105461	
	-0.024959	
	0.036379	
	0.000000	
	0.000000	
	0.000000	
	0.000000	
	0.088560	
