_Mode		
	-0.009406	
	-0.034468	
	-0.135746	
	0.119478	
	0.053484	
	-0.106231	
	-0.014662	
	-0.077735	
	-0.040845	
	0.141399	
	0.012064	
	-0.009067	
	-0.003512	
	-0.032203	
	0.023500	
	-0.110429	
	-0.099522	
	-0.125539	
	-0.065472	
	-0.041041	
	0.003115	
	-0.009349	
	-0.205494	
	-0.037230	
	-0.018940	
	-0.224291	
	-0.080238	
	0.007262	
	-0.011972	
	0.018671	
	0.000377	
	-0.062725	
	-0.183035	
	-0.087851	
	-0.203363	
	-0.162056	
	-0.153669	
	-0.178664	
	-0.212880	
	-0.131946	
	-0.127015	
	-0.154081	
	-0.139576	
	-0.031361	
	0.016208	
	0.105569	
	0.016427	
	0.081221	
	0.064988	
	-0.119381	
	-0.130454	
	0.072175	
	-0.099710	
	0.071462	
	-0.044765	
	0.110152	
	-0.225091	
	-0.049504	
	-0.030106	
	0.091480	
	0.146204	
	0.049990	
	-0.205330	
	0.110522	
	-0.081597	
	-0.112267	
	-0.073998	
	0.000459	
	0.108713	
	0.067417	
	0.091777	
	-0.082629	
	0.028150	
	0.023124	
	-0.011381	
	-0.038762	
	-0.154255	
	0.038238	
	0.026767	
	-0.026745	
	-0.040816	
	-0.091871	
	-0.102525	
	-0.132928	
	-0.126928	
	-0.055454	
	-0.186182	
	-0.102459	
	-0.139212	
	-0.060057	
	0.041029	
	0.039595	
	-0.026622	
	0.199773	
	0.078099	
	-0.021971	
	-0.059442	
	-0.083336	
	0.067340	
	0.065384	
	-0.116022	
	-0.056102	
	-0.039854	
	-0.201869	
	0.007966	
	-0.161952	
	-0.079405	
	0.004396	
	0.011501	
	-0.041915	
	0.043753	
	0.020201	
	-0.070246	
	-0.042041	
	0.092861	
	0.029308	
	0.063107	
	-0.066016	
	0.026834	
	0.063174	
	-0.093990	
	-0.040907	
	-0.049801	
	-0.111491	
	0.067256	
	0.103563	
	-0.021756	
	0.003170	
	-0.099487	
	-0.089493	
	0.058552	
	-0.148425	
	0.059904	
	-0.059231	
	-0.020381	
	0.032985	
	-0.024746	
	0.040151	
	0.208573	
	-0.016199	
	-0.049804	
	0.005364	
	0.102082	
	0.071703	
	-0.119163	
	-0.065271	
	0.053731	
	0.097687	
	-0.008370	
	0.000008	
	-0.049189	
	0.047838	
	0.107870	
	0.130265	
	0.222812	
	0.105290	
	0.024127	
	-0.099317	
	-0.165374	
	-0.232452	
	-0.020933	
	0.116450	
	-0.152846	
	0.047833	
	0.005578	
	-0.067775	
	0.042223	
	-0.067108	
	0.021359	
	0.023161	
	0.038533	
	-0.025044	
	0.021036	
	-0.026894	
	-0.031265	
	0.040307	
	0.102932	
	0.115900	
	-0.072998	
	-0.033732	
	-0.075065	
	-0.116307	
	-0.026961	
	0.100638	
	0.065627	
	-0.019932	
	0.174757	
	0.164845	
	0.023843	
	-0.054459	
	0.026180	
	-0.073499	
	-0.096967	
	-0.040646	
	-0.079532	
	-0.081571	
	-0.131935	
	-0.083458	
	-0.124919	
	-0.012696	
	0.007461	
	0.006044	
	0.048365	
	-0.240111	
	0.115643	
	-0.026531	
	0.016519	
	0.069042	
	-0.107821	
	-0.052204	
	-0.189366	
	0.139913	
	0.017551	
	-0.209977	
	-0.107828	
	-0.049996	
	-0.023383	
	-0.052604	
	-0.082041	
	0.204704	
	-0.206542	
	-0.062067	
	-0.172995	
	-0.239616	
	-0.223987	
	-0.337797	
	-0.036957	
	0.015018	
	-0.009432	
	0.104040	
	0.104142	
	-0.061897	
	0.022895	
	0.024639	
	-0.098195	
	0.014340	
	0.087484	
	0.032171	
	-0.045486	
	-0.044807	
	-0.061011	
	0.068132	
	0.105662	
	-0.005480	
	0.053470	
	0.028057	
	-0.019987	
	0.190581	
	-0.038850	
	-0.066155	
	0.055508	
	0.099153	
	0.152169	
	0.139371	
	0.033788	
	0.172469	
	0.018497	
	0.038474	
	0.138262	
	0.132088	
	0.049389	
	0.166929	
	0.013990	
	0.082558	
	0.099399	
	0.037804	
	0.034190	
	0.010595	
	0.052880	
	-0.020065	
	-0.040464	
	0.168529	
	0.076961	
	-0.054223	
	-0.086584	
	-0.247218	
	-0.005934	
	0.080391	
	-0.027604	
	-0.167121	
	0.078183	
	-0.044699	
	-0.152503	
	0.195850	
	0.142824	
	0.081155	
	0.198475	
	0.114638	
	0.035865	
	0.023804	
	-0.052285	
	0.016130	
	0.025947	
	0.079319	
	-0.257588	
	-0.075003	
	0.053829	
	-0.031331	
	-0.073245	
	-0.122886	
	0.054555	
	-0.034367	
	-0.005025	
	0.142008	
	0.061819	
	-0.003442	
	0.140931	
	0.084757	
	0.054540	
	0.079590	
	0.041841	
	0.203590	
	0.011412	
	-0.042662	
	0.134418	
	0.124518	
	0.030624	
	0.079825	
	-0.014466	
	0.065736	
	0.095859	
	0.211313	
	-0.055811	
	0.025644	
	0.040437	
	-0.209524	
	-0.053286	
	0.187728	
	0.154623	
	0.093081	
	0.093831	
	-0.115102	
	-0.151051	
	-0.058694	
	-0.064685	
	-0.084319	
	0.005785	
	-0.028635	
	-0.029039	
	-0.086533	
	-0.053846	
	0.147947	
	0.213777	
	0.162627	
	0.081341	
	0.009713	
	0.123640	
	0.058488	
	0.026523	
	0.216085	
	-0.080953	
	-0.142145	
	0.049384	
	0.102590	
	-0.029575	
	0.067047	
	0.181040	
	0.054536	
	-0.082683	
	-0.245129	
	-0.251145	
	-0.120895	
	-0.036327	
	-0.064606	
	-0.040327	
	0.067627	
	0.061321	
	-0.028203	
	-0.023871	
	0.215002	
	0.085796	
	-0.277146	
	-0.008552	
	-0.145546	
	-0.103731	
	-0.101336	
	-0.053399	
	-0.069252	
	-0.138543	
	-0.046910	
	-0.106188	
	0.157935	
	0.117220	
	0.026823	
	0.053319	
	0.062344	
	-0.015173	
	0.150374	
	-0.041086	
	-0.129729	
	-0.318216	
	-0.364775	
	-0.355310	
	-0.172264	
	-0.140167	
	-0.211904	
	-0.270002	
	-0.245850	
	-0.209252	
	-0.183611	
	-0.187241	
	-0.169674	
	-0.223857	
	-0.358866	
	-0.360305	
	-0.159696	
	-0.127322	
	-0.037070	
	0.026002	
	0.000000	
	0.000000	
