_Brightness		
	NaN	
	NaN	
	NaN	
	NaN	
	NaN	
	NaN	
	NaN	
	NaN	
	NaN	
	NaN	
	NaN	
	NaN	
	NaN	
	NaN	
	NaN	
	NaN	
	NaN	
	NaN	
	NaN	
	NaN	
	NaN	
	NaN	
	NaN	
	NaN	
	NaN	
	NaN	
	NaN	
	NaN	
	NaN	
	NaN	
	NaN	
	NaN	
	NaN	
	NaN	
	NaN	
	NaN	
	NaN	
	NaN	
	NaN	
	NaN	
	NaN	
	NaN	
	NaN	
	NaN	
	NaN	
	NaN	
	NaN	
	NaN	
	0.715606	
	0.713876	
	0.733771	
	0.571529	
	0.471061	
	0.404431	
	0.275333	
	0.184316	
	0.181396	
	0.292682	
	0.582769	
	0.604239	
	0.618312	
	0.569440	
	0.541325	
	0.505083	
	0.472197	
	0.413839	
	0.385955	
	0.365994	
	0.283109	
	0.320094	
	0.441141	
	0.353270	
	0.311248	
	0.300362	
	0.363226	
	0.546955	
	0.371926	
	0.274147	
	0.244867	
	0.226209	
	0.376116	
	0.599001	
	0.605717	
	0.622500	
	0.570606	
	0.438760	
	0.331730	
	0.296196	
	0.283870	
	0.260116	
	0.205439	
	0.305379	
	0.385251	
	0.353428	
	0.395479	
	0.362051	
	0.348442	
	0.393643	
	0.299425	
	0.284922	
	0.248033	
	0.274426	
	0.562238	
	0.645779	
	0.671628	
	0.662823	
	0.684141	
	0.586915	
	0.451088	
	0.516491	
	0.464480	
	0.380918	
	0.462365	
	0.709173	
	0.619179	
	0.492835	
	0.445130	
	0.429951	
	0.491470	
	0.524617	
	0.573013	
	0.532536	
	0.571325	
	0.545684	
	0.621426	
	0.762184	
	0.737103	
	0.677864	
	0.697610	
	0.607761	
	0.459961	
	0.392515	
	0.400257	
	0.318291	
	0.259350	
	0.237365	
	0.365202	
	0.455320	
	0.321840	
	0.240858	
	0.225709	
	0.218023	
	0.243603	
	0.366428	
	0.296405	
	0.220203	
	0.251571	
	0.468076	
	0.800015	
	0.851866	
	0.840391	
	0.817145	
	0.845128	
	0.774350	
	0.698767	
	0.596685	
	0.593288	
	0.438423	
	0.534863	
	0.542407	
	0.430086	
	0.441669	
	0.528262	
	0.574379	
	0.589661	
	0.509269	
	0.503119	
	0.503057	
	0.558435	
	0.622167	
	0.600970	
	0.710423	
	0.577981	
	0.571364	
	0.461204	
	0.513802	
	0.505237	
	0.595545	
	0.480148	
	0.602969	
	0.618584	
	0.596032	
	0.648818	
	0.677127	
	0.653965	
	0.742930	
	0.805876	
	0.761166	
	0.804306	
	0.717609	
	0.609388	
	0.662372	
	0.485136	
	0.408996	
	0.551919	
	0.573502	
	0.571919	
	0.503301	
	0.498338	
	0.406545	
	0.402661	
	0.325879	
	0.308506	
	0.342795	
	0.586867	
	0.679127	
	0.538722	
	0.486384	
	0.487402	
	0.441177	
	0.710208	
	0.856709	
	0.814171	
	0.685097	
	0.815090	
	0.890420	
	0.916196	
	0.908793	
	0.910823	
	0.906445	
	0.922992	
	0.925219	
	0.927775	
	0.934141	
	0.930724	
	0.932137	
	0.925202	
	0.939329	
	0.943936	
	0.927841	
	0.939476	
	0.890406	
	0.797407	
	0.615071	
	0.537443	
	0.562579	
	0.608802	
	0.613939	
	0.662363	
	0.637278	
	0.645292	
	0.607332	
	0.626999	
	0.558635	
	0.420085	
	0.316503	
	0.341184	
	0.313721	
	0.222086	
	0.316915	
	0.333961	
	0.345563	
	0.389755	
	0.416663	
	0.459320	
	0.505096	
	0.325784	
	0.275246	
	0.226618	
	0.477806	
	0.641580	
	0.643016	
	0.594721	
	0.595822	
	0.528382	
	0.429273	
	0.443598	
	0.324290	
	0.273453	
	0.256550	
	0.238774	
	0.268606	
	0.299384	
	0.271135	
	0.353939	
	0.388281	
	0.412637	
	0.410825	
	0.357756	
	0.414585	
	0.398597	
	0.671263	
	0.800362	
	0.595654	
	0.640709	
	0.607619	
	0.612964	
	0.532422	
	0.524586	
	0.527544	
	0.547536	
	0.463187	
	0.447149	
	0.665119	
	0.581833	
	0.357360	
	0.299926	
	0.445133	
	0.444263	
	0.516507	
	0.542353	
	0.517536	
	0.526412	
	0.502435	
	0.684435	
	0.710460	
	0.719187	
	0.660432	
	0.617941	
	0.560176	
	0.432025	
	0.450013	
	0.423728	
	0.385595	
	0.332575	
	0.341629	
	0.539209	
	0.542223	
	0.402610	
	0.323253	
	0.249965	
	0.249777	
	0.329133	
	0.301183	
	0.244527	
	0.313346	
	0.274540	
	0.553509	
	0.496467	
	0.538822	
	0.550491	
	0.536967	
	0.500126	
	0.473240	
	0.447637	
	0.467553	
	0.398472	
	0.456919	
	0.486866	
	0.560891	
	0.412075	
	0.308552	
	0.289735	
	0.385623	
	0.367289	
	0.523837	
	0.448731	
	0.516448	
	0.507711	
	0.488466	
	0.478638	
	0.484460	
	0.485924	
	0.407320	
	0.430791	
	0.331935	
	0.327501	
	0.355989	
	0.268889	
	0.329414	
	0.395392	
	0.422152	
	0.488136	
	0.515553	
	0.543588	
	0.535296	
	0.527944	
	0.521193	
	0.566374	
	0.562749	
	0.612414	
	0.486858	
	0.439440	
	0.539958	
	0.464165	
	0.356319	
	0.282500	
	0.274388	
	0.561618	
	0.490676	
	0.508752	
	0.578294	
	0.633558	
	0.564151	
	0.590849	
	0.580941	
	0.527847	
	0.586081	
	0.559794	
	0.538582	
	0.593348	
	0.567184	
	0.503132	
	0.479529	
	0.555464	
	0.530625	
	0.595937	
	0.607284	
	0.594284	
	0.533145	
	0.474667	
	0.405507	
	0.401217	
	0.401592	
	0.419628	
	0.551247	
	0.565212	
	0.482403	
	0.601766	
	0.606856	
	0.515425	
	0.380445	
	0.306014	
	0.452269	
	0.580360	
	0.447823	
	0.445822	
	0.452407	
	0.637839	
	0.414397	
	0.585887	
	0.636696	
	0.661975	
	0.754935	
	0.711606	
	0.659958	
	0.504983	
	0.418713	
	0.483360	
	0.507630	
	0.421812	
	0.532083	
	0.565930	
	0.568313	
	0.556148	
	0.541043	
	0.617955	
	0.542098	
	0.548895	
	0.574045	
	0.579108	
	0.568255	
	0.525601	
	0.561991	
	0.548145	
	0.573881	
	0.548712	
	0.505747	
	0.582039	
	0.585478	
	0.439256	
	0.374214	
	0.372391	
	0.456007	
	0.494261	
	0.507260	
	0.452968	
	0.471658	
	0.490233	
	0.514346	
	0.571258	
	0.425540	
	0.535926	
	0.509226	
	0.571019	
	0.519267	
	0.568542	
	0.622617	
	0.559667	
	0.534112	
	0.537328	
	0.565127	
	0.512973	
	0.541961	
	0.661280	
	0.574824	
	0.571736	
	0.529310	
	0.628455	
	0.593329	
	0.535320	
	0.451165	
	0.505696	
	0.462976	
	0.370910	
	0.297050	
	0.305012	
	0.422295	
	0.461680	
	0.417819	
	0.441892	
	0.505229	
	0.445501	
	0.499010	
	0.547241	
	0.635432	
	0.609727	
	0.614841	
	0.507022	
	0.533422	
	0.576291	
	0.559591	
	0.480134	
	0.481304	
	0.553592	
	0.615759	
	0.569543	
	0.424949	
	0.480624	
	0.447752	
	0.501638	
	0.375270	
	0.253206	
	0.264292	
	0.240170	
	0.265807	
	0.270691	
	0.250547	
	0.234049	
	0.223756	
	0.249195	
	0.515706	
	0.570025	
	0.445296	
	0.298671	
	0.246893	
	0.268004	
	0.352734	
	0.320292	
	0.283919	
	0.338570	
	0.399691	
	0.283757	
	0.380038	
	0.317566	
	0.237581	
	0.226461	
	0.204114	
	0.189399	
	0.185884	
	0.169210	
	0.184421	
	0.384459	
	0.513741	
	0.474630	
	0.420712	
	0.337313	
	0.294118	
	0.317180	
	0.366441	
	0.331036	
	0.274972	
	0.393457	
	0.208268	
	0.254161	
	0.250797	
	0.279965	
	0.245593	
	0.305339	
	0.361490	
	0.346551	
	0.351943	
	0.402853	
	0.501321	
	0.461484	
	0.390873	
	0.332319	
	0.387986	
	0.430760	
	0.378607	
	0.365930	
	0.377634	
	0.437066	
	0.372298	
	0.392398	
	0.386194	
	0.269030	
	0.206644	
	0.187614	
	0.266818	
	0.239722	
	0.187384	
	0.169332	
	0.446265	
	0.555897	
	0.521207	
	0.492236	
	0.507733	
	0.474634	
	0.499915	
	0.480379	
	0.476191	
	0.492753	
	0.538039	
	0.399573	
	0.272121	
	0.318542	
	0.327831	
	0.326647	
	0.274520	
	0.351305	
	0.436717	
	0.397331	
	0.385881	
	0.495902	
	0.540747	
	0.528520	
	0.472745	
	0.434396	
	0.413660	
	0.727588	
	0.802555	
	0.803751	
	0.842761	
	0.632569	
	0.380726	
	0.416773	
	0.367537	
	0.308279	
	0.206844	
	0.245623	
	0.201255	
	0.168229	
	0.149376	
	0.186149	
	0.469312	
	0.495368	
	0.378804	
	0.219753	
	0.200680	
	0.201753	
	0.313440	
	0.365090	
	0.361404	
	0.430467	
	0.409411	
	0.279574	
	0.342633	
	0.314914	
	0.337009	
	0.334565	
	0.305916	
	0.327911	
	0.310487	
	0.324108	
	0.476610	
	0.511955	
	0.399240	
	0.348009	
	0.354206	
	0.392659	
	0.383812	
	0.299471	
	0.357174	
	0.363759	
	0.454504	
	0.381584	
	0.422124	
	0.296016	
	0.288108	
	0.238639	
	0.226232	
	0.313641	
	0.325433	
	0.274050	
	0.374052	
	0.625485	
	0.591337	
	0.602312	
	0.598130	
	0.595892	
	0.554891	
	0.590675	
	0.557332	
	0.513107	
	0.546583	
	0.618727	
	0.370398	
	0.497379	
	0.410744	
	0.344474	
	0.273532	
	0.262325	
	0.254681	
	0.236406	
	0.154044	
	0.209735	
	0.409050	
	0.443260	
	0.377873	
	0.322264	
	0.283354	
	0.320518	
	0.383482	
	0.369435	
	0.356324	
	0.416561	
	0.391765	
	0.381248	
	0.489379	
	0.350761	
	0.349760	
	0.407820	
	0.497604	
	0.358487	
	0.605483	
	0.765554	
	0.626724	
	0.475475	
	0.552829	
	0.490551	
	0.468634	
	0.397985	
	0.409614	
	0.625222	
	0.748456	
	0.788205	
	0.800039	
	0.629018	
	0.334308	
	0.417508	
	0.413988	
	0.414553	
	0.284639	
	0.332529	
	0.321873	
	0.291235	
	0.295640	
	0.474068	
	0.526794	
	0.685455	
	0.789831	
	0.685136	
	0.350791	
	0.332984	
	0.268368	
	0.304954	
	0.297856	
	0.455072	
	0.356622	
	0.358435	
	0.360529	
	0.258903	
	0.232898	
	0.589296	
	0.773298	
	0.782464	
	0.727670	
	0.458848	
	0.568763	
	0.621163	
	0.603046	
	0.627957	
	0.620910	
	0.616821	
	0.599948	
	0.668474	
	0.588386	
	0.556174	
	0.614537	
	0.323647	
	0.411232	
	0.343989	
	0.351366	
	0.386873	
	0.396219	
	0.396949	
	0.450088	
	0.503855	
	0.563356	
	0.572840	
	0.580319	
	0.505404	
	0.451859	
	0.435584	
	0.445412	
	0.459502	
	0.452895	
	0.434824	
	0.499250	
	0.429026	
	0.476186	
	0.524608	
	0.492752	
	0.415565	
	0.406009	
	0.422986	
	0.429582	
	0.501134	
	0.477456	
	0.442544	
	0.538938	
	0.500434	
	0.465685	
	0.418078	
	0.429331	
	0.470211	
	0.422807	
	0.427704	
	0.418825	
	0.510165	
	0.334729	
	0.419760	
	0.375441	
	0.406134	
	0.357615	
	0.374611	
	0.396603	
	0.406860	
	0.395049	
	0.488736	
	0.560760	
	0.590136	
	0.487498	
	0.377042	
	0.347621	
	0.314519	
	0.336256	
	0.337492	
	0.319284	
	0.357502	
	0.467885	
	0.390294	
	0.519948	
	0.390080	
	0.303332	
	0.330092	
	0.424243	
	0.408951	
	0.404861	
	0.405762	
	0.547096	
	0.624117	
	0.663575	
	0.672259	
	0.672885	
	0.663754	
	0.664455	
	0.711618	
	0.711128	
	0.723369	
	0.672239	
	0.583846	
	0.388652	
	0.454887	
	0.515179	
	0.482002	
	0.452273	
	0.470108	
	0.422919	
	0.366801	
	0.405297	
	0.585212	
	0.632623	
	0.556837	
	0.454491	
	0.376974	
	0.314194	
	0.322991	
	0.280685	
	0.297162	
	0.292529	
	0.362885	
	0.362640	
	0.347273	
	0.402552	
	0.362798	
	0.332445	
	0.300390	
	0.328861	
	0.376954	
	0.348501	
	0.297509	
	0.373955	
	0.447669	
	0.511789	
	0.402786	
	0.421338	
	0.464093	
	0.450777	
	0.498915	
	0.579608	
	0.818473	
	0.819646	
	0.760608	
	0.482226	
	0.487150	
	0.490498	
	0.492677	
	0.474643	
	0.480925	
	0.547264	
	0.510870	
	0.498111	
	0.578102	
	0.615387	
	0.568747	
	0.445391	
	0.401796	
	0.407298	
	0.358883	
	0.327188	
	0.283050	
	0.379191	
	0.528263	
	0.356354	
	0.413241	
	0.390923	
	0.350621	
	0.310540	
	0.333790	
	0.395779	
	0.405626	
	0.389127	
	0.399831	
	0.523441	
	0.550542	
	0.566218	
	0.588354	
	0.546035	
	0.543579	
	0.639795	
	0.582207	
	0.606350	
	0.696380	
	0.734482	
	0.478534	
	0.361988	
	0.379478	
	0.392341	
	0.404173	
	0.416955	
	0.471284	
	0.425198	
	0.429934	
	0.531100	
	0.588223	
	0.609653	
	0.524097	
	0.475441	
	0.654051	
	0.704212	
	0.699724	
	0.502564	
	0.494328	
	0.567126	
	0.483253	
	0.433664	
	0.544134	
	0.489783	
	0.506101	
	0.499309	
	0.472107	
	0.471819	
	0.469450	
	0.430775	
	0.348120	
	0.519762	
	0.622558	
	0.583722	
	0.512493	
	0.473133	
	0.443908	
	0.422756	
	0.341982	
	0.294001	
	0.304259	
	0.459915	
	0.238856	
	0.332694	
	0.374549	
	0.292671	
	0.274577	
	0.276293	
	0.296984	
	0.271104	
	0.238350	
	0.586183	
	0.769617	
	0.741147	
	0.755046	
	0.524804	
	0.435314	
	0.518823	
	0.538732	
	0.493910	
	0.427743	
	0.419467	
	0.369647	
	0.450255	
	0.418656	
	0.336557	
	0.336065	
	0.336390	
	0.365005	
	0.324632	
	0.321358	
	0.464433	
	0.760708	
	0.728269	
	0.703463	
	0.722433	
	0.691149	
	0.706229	
	0.720202	
	0.713151	
	0.875025	
	0.912251	
	0.628135	
	0.380972	
	0.482566	
	0.434236	
	0.427543	
	0.379092	
	0.401446	
	0.419237	
	0.372041	
	0.355730	
	0.447469	
	0.501406	
	0.500108	
	0.459848	
	0.442662	
	0.389492	
	0.433901	
	0.419633	
	0.407342	
	0.410463	
	0.462359	
	0.372217	
	0.360172	
	0.378118	
	0.272844	
	0.249494	
	0.323743	
	0.363434	
	0.347471	
	0.294175	
	0.267765	
	0.484017	
	0.508005	
	0.515115	
	0.557653	
	0.571923	
	0.573629	
	0.549725	
	0.555856	
	0.523516	
	0.498886	
	0.484522	
	0.424508	
	0.398148	
	0.452501	
	0.480366	
	0.493490	
	0.495994	
	0.496716	
	0.466848	
	0.465757	
	0.446892	
	0.464369	
	0.423876	
	0.440620	
	0.415194	
	0.314666	
	0.283896	
	0.351150	
	0.471547	
	0.480908	
	0.409764	
	0.408500	
	0.420178	
	0.325067	
	0.334613	
	0.320708	
	0.333961	
	0.415548	
	0.499557	
	0.446685	
	0.375354	
	0.463209	
	0.520677	
	0.558634	
	0.520609	
	0.488901	
	0.511254	
	0.475352	
	0.565620	
	0.566580	
	0.546854	
	0.840505	
	0.835126	
	0.544127	
	0.416797	
	0.473379	
	0.502806	
	0.514182	
	0.519597	
	0.456613	
	0.406058	
	0.361360	
	0.280988	
	0.278854	
	0.310912	
	0.392153	
	0.350693	
	0.338772	
	0.328018	
	0.830230	
	0.930669	
	0.932019	
	0.918252	
	0.932491	
	0.805483	
	0.578777	
	0.614725	
	0.587321	
	0.593435	
	0.587762	
	0.508091	
	0.498112	
	0.493261	
	0.504128	
	0.467697	
	0.702824	
	0.442935	
	0.311943	
	0.227755	
	0.254419	
	0.521984	
	0.444068	
	0.400947	
	0.357533	
	0.404329	
	0.418032	
	0.532433	
	0.509108	
	0.428535	
	0.481516	
	0.430382	
	0.460604	
	0.430617	
	0.415110	
	0.356967	
	0.469813	
	0.466182	
	0.435745	
	0.495617	
	0.557084	
	0.598312	
	0.593445	
	0.571761	
	0.624115	
	0.583552	
	0.592770	
	0.563373	
	0.642970	
	0.577050	
	0.540120	
	0.515692	
	0.317193	
	0.341461	
	0.482272	
	0.752913	
	0.822414	
	0.727284	
	0.499077	
	0.484837	
	0.521937	
	0.552036	
	0.552218	
	0.572063	
	0.496665	
	0.468946	
	0.440044	
	0.406377	
	0.385270	
	0.385460	
	0.390562	
	0.334295	
	0.342942	
	0.307702	
	0.339385	
	0.351443	
	0.307745	
	0.313076	
	0.300527	
	0.514408	
	0.590626	
	0.620813	
	0.624623	
	0.562581	
	0.539544	
	0.521126	
	0.507701	
	0.442174	
	0.421777	
	0.406041	
	0.432901	
	0.446053	
	0.447306	
	0.359250	
	0.312677	
	0.274535	
	0.296878	
	0.306629	
	0.278662	
	0.225978	
	0.220435	
	0.502035	
	0.567182	
	0.516694	
	0.455447	
	0.425646	
	0.407116	
	0.415688	
	0.414767	
	0.358962	
	0.309511	
	0.409124	
	0.448770	
	0.477632	
	0.529157	
	0.568079	
	0.544519	
	0.531713	
	0.543559	
	0.534245	
	0.568436	
	0.590025	
	0.615703	
	0.570800	
	0.629519	
	0.624818	
	0.554490	
	0.570751	
	0.555921	
	0.580672	
	0.621159	
	0.563063	
	0.490281	
	0.528770	
	0.483651	
	0.491984	
	0.510028	
	0.471617	
	0.404572	
	0.507832	
	0.543889	
	0.487866	
	0.459958	
	0.482323	
	0.535894	
	0.518475	
	0.484065	
	0.386537	
	0.317450	
	0.243032	
	0.186709	
	0.235084	
	0.362475	
	0.519675	
	0.288068	
	0.333114	
	0.296375	
	0.351242	
	0.317919	
	0.284949	
	0.290759	
	0.297865	
	0.316155	
	0.365897	
	0.631863	
	0.609982	
	0.551943	
	0.452308	
	0.378728	
	0.641425	
	0.760040	
	0.860776	
	0.883064	
	0.864218	
	0.539631	
	0.386514	
	0.391060	
	0.358005	
	0.273596	
	0.212899	
	0.229680	
	0.215699	
	0.189566	
	0.388115	
	0.789512	
	0.724373	
	0.611827	
	0.590723	
	0.611482	
	0.565060	
	0.551611	
	0.560775	
	0.532149	
	0.589122	
	0.593002	
	0.491416	
	0.286051	
	0.321553	
	0.307003	
	0.363529	
	0.416043	
	0.379461	
	0.373231	
	0.380966	
	0.349461	
	0.552966	
	0.562706	
	0.580634	
	0.596527	
	0.567854	
	0.569050	
	0.565703	
	0.482343	
	0.520276	
	0.554553	
	0.587256	
	0.391632	
	0.382358	
	0.375476	
	0.285337	
	0.231280	
	0.255141	
	0.273386	
	0.238386	
	0.226166	
	0.276034	
	0.445562	
	0.499580	
	0.493724	
	0.466483	
	0.409536	
	0.476355	
	0.523424	
	0.484815	
	0.362706	
	0.424909	
	0.535220	
	0.405811	
	0.528395	
	0.535642	
	0.482351	
	0.481379	
	0.446864	
	0.451570	
	0.444970	
	0.471997	
	0.532166	
	0.631833	
	0.604377	
	0.554935	
	0.567404	
	0.580004	
	0.521802	
	0.695816	
	0.743455	
	0.756057	
	0.588274	
	0.412402	
	0.439416	
	0.488973	
	0.407812	
	0.245035	
	0.240852	
	0.246123	
	0.250037	
	0.278089	
	0.640364	
	0.675992	
	0.709684	
	0.599873	
	0.441668	
	0.420624	
	0.328402	
	0.339837	
	0.373217	
	0.332717	
	0.380306	
	0.414452	
	0.426618	
	0.254074	
	0.326417	
	0.232684	
	0.327166	
	0.263547	
	0.241465	
	0.267502	
	0.256987	
	0.258068	
	0.426771	
	0.494022	
	0.425114	
	0.286846	
	0.242740	
	0.315062	
	0.259837	
	0.305924	
	0.266609	
	0.220345	
	0.413364	
	0.368165	
	0.436926	
	0.407811	
	0.220319	
	0.213567	
	0.285736	
	0.403320	
	0.377972	
	0.376097	
	0.416845	
	0.600429	
	0.610656	
	0.662592	
	0.664744	
	0.647266	
	0.604582	
	0.575906	
	0.572638	
	0.593650	
	0.678662	
	0.672486	
	0.473756	
	0.428997	
	0.540659	
	0.417703	
	0.424215	
	0.447033	
	0.473936	
	0.407606	
	0.776426	
	0.801087	
	0.510338	
	0.523124	
	0.513744	
	0.415045	
	0.367657	
	0.338206	
	0.349502	
	0.383243	
	0.381062	
	0.358593	
	0.461151	
	0.323797	
	0.474040	
	0.495313	
	0.372808	
	0.249299	
	0.264676	
	0.299853	
	0.221450	
	0.198256	
	0.209890	
	0.394319	
	0.541449	
	0.532511	
	0.425568	
	0.415832	
	0.411932	
	0.363484	
	0.438910	
	0.841030	
	0.815971	
	0.706817	
	0.367619	
	0.398271	
	0.424444	
	0.474413	
	0.539059	
	0.480333	
	0.489476	
	0.475417	
	0.478139	
	0.571573	
	0.645177	
	0.617232	
	0.573591	
	0.549062	
	0.573949	
	0.614889	
	0.524547	
	0.453997	
	0.469649	
	0.585082	
	0.401131	
	0.487354	
	0.538328	
	0.408746	
	0.373544	
	0.627333	
	0.771777	
	0.704356	
	0.579956	
	0.481261	
	0.607153	
	0.614541	
	0.567568	
	0.534933	
	0.584050	
	0.591697	
	0.600711	
	0.628539	
	0.595814	
	0.577250	
	0.606337	
	0.390929	
	0.450571	
	0.452448	
	0.408162	
	0.305674	
	0.342485	
	0.411318	
	0.329400	
	0.312333	
	0.470327	
	0.602002	
	0.559552	
	0.501167	
	0.418124	
	0.366557	
	0.412533	
	0.497846	
	0.466829	
	0.420590	
	0.369638	
	0.511390	
	0.342948	
	0.492103	
	0.515954	
	0.415123	
	0.366828	
	0.445763	
	0.477683	
	0.419104	
	0.348938	
	0.310301	
	0.516009	
	0.560941	
	0.524243	
	0.464779	
	0.373538	
	0.372552	
	0.395488	
	0.428523	
	0.325316	
	0.264445	
	0.454430	
	0.281236	
	0.397954	
	0.342140	
	0.262740	
	0.357014	
	0.381077	
	0.351531	
	0.356727	
	0.344270	
	0.579495	
	0.712643	
	0.696044	
	0.659821	
	0.584550	
	0.484029	
	0.540451	
	0.553598	
	0.524447	
	0.573494	
	0.618029	
	0.479873	
	0.462177	
	0.523145	
	0.483379	
	0.372240	
	0.467351	
	0.550446	
	0.554933	
	0.499600	
	0.448589	
	0.716747	
	0.721948	
	0.725792	
	0.694424	
	0.720723	
	0.735722	
	0.748168	
	0.736379	
	0.762523	
	0.778176	
	0.738145	
	0.489671	
	0.521597	
	0.507424	
	0.455281	
	0.401038	
	0.400750	
	0.455908	
	0.459623	
	0.792185	
	0.861890	
	0.645093	
	0.495280	
	0.493559	
	0.440714	
	0.314365	
	0.320450	
	0.376400	
	0.370588	
	0.317442	
	0.335983	
	0.487125	
	0.378516	
	0.503902	
	0.490449	
	0.450337	
	0.449484	
	0.393772	
	0.375973	
	0.311494	
	0.298703	
	0.258364	
	0.463273	
	0.507489	
	0.506790	
	0.429548	
	0.385198	
	0.474436	
	0.658424	
	0.728782	
	0.813036	
	0.844302	
	0.662898	
	0.419525	
	0.465774	
	0.453826	
	0.482243	
	0.548719	
	0.518817	
	0.545419	
	0.489695	
	0.479276	
	0.516688	
	0.564695	
	0.527606	
	0.443239	
	0.413786	
	0.414153	
	0.432157	
	0.416600	
	0.334120	
	0.464127	
	0.586378	
	0.395505	
	0.373160	
	0.481225	
	0.429525	
	0.351594	
	0.370374	
	0.391055	
	0.415415	
	0.404408	
	0.354117	
	0.490188	
	0.557272	
	0.569603	
	0.514703	
	0.564265	
	0.578764	
	0.599641	
	0.586891	
	0.676143	
	0.823529	
	0.802019	
	0.408168	
	0.455518	
	0.535752	
	0.506853	
	0.484013	
	0.455189	
	0.457614	
	0.473183	
	0.421543	
	0.465621	
	0.606067	
	0.581233	
	0.560639	
	0.674409	
	0.765442	
	0.791434	
	0.724536	
	0.573819	
	0.535726	
	0.518718	
	0.537747	
	0.444974	
	0.503209	
	0.469532	
	0.476714	
	0.502584	
	0.490379	
	0.408435	
	0.364320	
	0.386896	
	0.410904	
	0.568418	
	0.612655	
	0.580595	
	0.531954	
	0.492581	
	0.357136	
	0.467255	
	0.720023	
	0.798157	
	0.797321	
	0.535378	
	0.378842	
	0.538404	
	0.459168	
	0.574957	
	0.522582	
	0.538067	
	0.512815	
	0.497581	
	0.351657	
	0.482968	
	0.578796	
	0.483485	
	0.412168	
	0.318791	
	0.277657	
	0.327325	
	0.299161	
	0.295328	
	0.289879	
	0.467799	
	0.347314	
	0.481010	
	0.443399	
	0.351316	
	0.273726	
	0.347974	
	0.414247	
	0.438998	
	0.386807	
	0.395343	
	0.639646	
	0.673464	
	0.703592	
	0.687990	
	0.691271	
	0.674824	
	0.721271	
	0.706615	
	0.829904	
	0.845313	
	0.649400	
	0.439675	
	0.481925	
	0.524134	
	0.399374	
	0.365938	
	0.424336	
	0.405231	
	0.412020	
	0.374532	
	0.466993	
	0.517058	
	0.507137	
	0.500723	
	0.460142	
	0.398168	
	0.384083	
	0.425098	
	0.421759	
	0.438504	
	0.473534	
	0.413872	
	0.381261	
	0.336632	
	0.284975	
	0.228788	
	0.254266	
	0.385989	
	0.419952	
	0.380564	
	0.293675	
	0.459056	
	0.497242	
	0.524382	
	0.504802	
	0.491771	
	0.460748	
	0.487604	
	0.532393	
	0.522756	
	0.492167	
	0.438523	
	0.503472	
	0.342184	
	0.416257	
	0.431564	
	0.427338	
	0.457753	
	0.425274	
	0.412497	
	0.437546	
	0.418460	
	0.414703	
	0.434333	
	0.437063	
	0.469323	
	0.400070	
	0.383139	
	0.393458	
	0.389693	
	0.404424	
	0.429011	
	0.399333	
	0.439102	
	0.435272	
	0.438893	
	0.396715	
	0.416007	
	0.395158	
	0.433511	
	0.498343	
	0.455816	
	0.369295	
	0.386846	
	0.449550	
	0.510026	
	0.452854	
	0.371376	
	0.386053	
	0.389469	
	0.355217	
	0.427611	
	0.603256	
	0.861564	
	0.653725	
	0.613928	
	0.641681	
	0.633210	
	0.626858	
	0.667541	
	0.643538	
	0.644559	
	0.687168	
	0.662830	
	0.605970	
	0.589321	
	0.638969	
	0.654103	
	0.662885	
	0.567620	
	0.617708	
	0.863843	
	0.831727	
	0.843763	
	0.816833	
	0.743659	
	0.660224	
	0.595347	
	0.537730	
	0.497792	
	0.534659	
	0.490979	
	0.493589	
	0.488302	
	0.476100	
	0.357181	
	0.487076	
	0.578485	
	0.504002	
	0.606776	
	0.570133	
	0.432423	
	0.563231	
	0.580141	
	0.684933	
	0.518930	
	0.469893	
	0.483373	
	0.542837	
	0.513315	
	0.500454	
	0.519003	
	0.506646	
	0.517893	
	0.356179	
	0.365210	
	0.440050	
	0.431643	
	0.489204	
	0.507491	
	0.595841	
	0.597709	
	0.663080	
	0.627780	
	0.629182	
	0.646581	
	0.650984	
	0.588792	
	0.626544	
	0.618036	
	0.570344	
	0.529579	
	0.416869	
	0.307911	
	0.335760	
	0.604294	
	0.824915	
	0.699493	
	0.571989	
	0.521531	
	0.551648	
	0.633131	
	0.599536	
	0.655796	
	0.667402	
	0.638164	
	0.631792	
	0.614682	
	0.584993	
	0.588997	
	0.524882	
	0.470265	
	0.426180	
	0.354544	
	0.341840	
	0.357962	
	0.344138	
	0.326889	
	0.360028	
	0.584304	
	0.626421	
	0.659263	
	0.627625	
	0.639817	
	0.608963	
	0.541542	
	0.577353	
	0.580148	
	0.545909	
	0.475949	
	0.493283	
	0.399041	
	0.484342	
	0.462640	
	0.323449	
	0.369250	
	0.381290	
	0.394109	
	0.387365	
	0.381950	
	0.523837	
	0.667173	
	0.624945	
	0.612390	
	0.608997	
	0.617175	
	0.601971	
	0.582672	
	0.684623	
	0.684065	
	0.578818	
	0.559907	
	0.397797	
	0.437165	
	0.405285	
	0.383391	
	0.381500	
	0.395843	
	0.352045	
	0.339442	
	0.358900	
	0.517377	
	0.485717	
	0.484377	
	0.538316	
	0.585178	
	0.617783	
	0.592909	
	0.578254	
	0.616078	
	0.609095	
	0.622849	
	0.573332	
	0.546985	
	0.495355	
	0.410854	
	0.335837	
	0.316094	
	0.379391	
	0.547386	
	0.622843	
	0.629618	
	0.527516	
	0.718195	
	0.722553	
	0.691530	
	0.685032	
	0.710367	
	0.707364	
	0.699411	
	0.680892	
	0.703297	
	0.623214	
	0.566263	
	0.435786	
	0.418930	
	0.443222	
	0.459868	
	0.411113	
	0.429513	
	0.410794	
	0.420319	
	0.402825	
	0.447119	
	0.560731	
	0.594762	
	0.621263	
	0.621491	
	0.613569	
	0.571482	
	0.571179	
	0.590709	
	0.694131	
	0.775599	
	0.615282	
	0.505394	
	0.552941	
	0.524160	
	0.496846	
	0.484068	
	0.497212	
	0.506235	
	0.519802	
	0.526288	
	0.572406	
	0.669929	
	0.665602	
	0.630724	
	0.606482	
	0.605500	
	0.618137	
	0.623219	
	0.571976	
	0.583243	
	0.589390	
	0.480841	
	0.382739	
	0.488147	
	0.515489	
	0.484296	
	0.481615	
	0.525012	
	0.554236	
	0.525370	
	0.488629	
	0.560396	
	0.622142	
	0.611821	
	0.595649	
	0.589961	
	0.608355	
	0.660403	
	0.594336	
	0.548175	
	0.550647	
	0.573058	
	0.395723	
	0.475313	
	0.548303	
	0.527013	
	0.532089	
	0.540149	
	0.533342	
	0.521699	
	0.499108	
	0.553624	
	0.669277	
	0.700801	
	0.651145	
	0.600721	
	0.591535	
	0.664994	
	0.718355	
	0.636828	
	0.716900	
	0.755610	
	0.681083	
	0.528239	
	0.545664	
	0.506186	
	0.476123	
	0.473057	
	0.495986	
	0.539383	
	0.569013	
	0.520406	
	0.600818	
	0.668591	
	0.637860	
	0.597197	
	0.568677	
	0.594840	
	0.551197	
	0.548115	
	0.526921	
	0.530462	
	0.527715	
	0.333546	
	0.397791	
	0.462606	
	0.404289	
	0.401625	
	0.399894	
	0.400355	
	0.474797	
	0.450738	
	0.452574	
	0.445218	
	0.593597	
	0.610414	
	0.584659	
	0.572661	
	0.473630	
	0.480916	
	0.498434	
	0.451385	
	0.376380	
	0.498575	
	0.299327	
	0.356202	
	0.428209	
	0.404802	
	0.374963	
	0.353350	
	0.330962	
	0.299805	
	0.322214	
	0.375429	
	0.578975	
	0.597995	
	0.647510	
	0.677750	
	0.636033	
	0.664582	
	0.607385	
	0.542974	
	0.508745	
	0.452881	
	0.505722	
	0.347339	
	0.404871	
	0.376341	
	0.344439	
	0.366610	
	0.352353	
	0.391291	
	0.385794	
	0.382519	
	0.416455	
	0.574144	
	0.643615	
	0.624315	
	0.619101	
	0.571016	
	0.580367	
	0.603238	
	0.609004	
	0.573479	
	0.592621	
	0.484365	
	0.374590	
	0.458668	
	0.422858	
	0.454917	
	0.456862	
	0.400902	
	0.432035	
	0.371059	
	0.449164	
	0.749891	
	0.627569	
	0.648176	
	0.673289	
	0.646814	
	0.666290	
	0.568702	
	0.492440	
	0.481539	
	0.565812	
	0.587543	
	0.343828	
	0.470984	
	0.487495	
	0.462380	
	0.447420	
	0.454834	
	0.495023	
	0.455117	
	0.404949	
	0.413866	
	0.560945	
	0.645752	
	0.632667	
	0.584485	
	0.550922	
	0.493102	
	0.534423	
	0.546358	
	0.591896	
	0.495037	
	0.485404	
	0.339235	
	0.420168	
	0.424987	
	0.362571	
	0.478360	
	0.403077	
	0.421321	
	0.445183	
	0.439474	
	0.510731	
	0.569030	
	0.590262	
	0.558340	
	0.431964	
	0.482967	
	0.433643	
	0.390811	
	0.334945	
	0.338641	
	0.398759	
	0.414038	
	0.387827	
	0.437888	
	0.403507	
	0.380928	
	0.374758	
	0.453305	
	0.485462	
	0.414317	
	0.486953	
	0.550993	
	0.586532	
	0.651116	
	0.602349	
	0.605825	
	0.578811	
	0.618781	
	0.624553	
	0.612210	
	0.573312	
	0.479806	
	0.548751	
	0.370967	
	0.523184	
	0.632883	
	0.419859	
	0.372577	
	0.462290	
	0.509379	
	0.421445	
	0.407962	
	0.566191	
	0.579780	
	0.616753	
	0.530409	
	0.560866	
	0.555157	
	0.502933	
	0.524650	
	0.527453	
	0.494021	
	0.448508	
	0.423344	
	0.367351	
	0.440932	
	0.408322	
	0.349102	
	0.423556	
	0.463035	
	0.459892	
	0.464234	
	0.469064	
	0.515005	
	0.612784	
	0.639805	
	0.616230	
	0.589096	
	0.586843	
	0.613090	
	0.641533	
	0.636323	
	0.625027	
	0.565214	
	0.552830	
	0.457271	
	0.545378	
	0.464363	
	0.353809	
	0.399641	
	0.348635	
	0.309936	
	0.357688	
	0.429096	
	0.414515	
	0.387657	
	0.474663	
	0.522919	
	0.525982	
	0.442428	
	0.403643	
	0.473554	
	0.404143	
	0.530071	
	0.487500	
	0.456972	
	0.483435	
	0.452241	
	0.474271	
	0.498354	
	0.416142	
	0.462512	
	0.532043	
	0.551108	
	0.556234	
	0.516149	
	0.553354	
	0.523415	
	0.532572	
	0.532091	
	0.485015	
	0.456660	
	0.438256	
	0.490829	
	0.541666	
	0.517067	
	0.552067	
	0.417245	
	0.478113	
	0.494640	
	0.505250	
	0.488716	
	0.470713	
	0.469706	
	0.467706	
	0.628887	
	0.733593	
	0.701337	
	0.584153	
	0.583239	
	0.628159	
	0.609440	
	0.631130	
	0.619268	
	0.632187	
	0.625990	
	0.644054	
	0.486692	
	0.480225	
	0.558474	
	0.512610	
	0.482917	
	0.440067	
	0.375731	
	0.365629	
	0.354726	
	0.355249	
	0.348363	
	0.537000	
	0.595428	
	0.587918	
	0.603478	
	0.605989	
	0.655400	
	0.630287	
	0.581288	
	0.510033	
	0.522151	
	0.458756	
	0.424103	
	0.534908	
	0.467766	
	0.497913	
	0.496452	
	0.504406	
	0.542653	
	0.487018	
	0.548791	
	0.573824	
	0.633495	
	0.623675	
	0.565744	
	0.616696	
	0.579648	
	0.517133	
	0.642420	
	0.736398	
	0.754039	
	0.658363	
	0.467990	
	0.501627	
	0.501228	
	0.526735	
	0.512308	
	0.544260	
	0.568452	
	0.586763	
	0.582456	
	0.573173	
	0.593623	
	0.555608	
	0.539803	
	0.539319	
	0.496244	
	0.574724	
	0.545521	
	0.587395	
	0.723001	
	0.739437	
	0.512882	
	0.468593	
	0.437081	
	0.471347	
	0.451359	
	0.484809	
	0.508569	
	0.515696	
	0.505002	
	0.540116	
	0.627382	
	0.590392	
	0.585856	
	0.605300	
	0.585803	
	0.644942	
	0.569515	
	0.575861	
	0.500198	
	0.498687	
	0.448787	
	0.448425	
	0.540601	
	0.551975	
	0.486430	
	0.510726	
	0.590478	
	0.557254	
	0.527326	
	0.532003	
	0.527619	
	0.604334	
	0.620187	
	0.573318	
	0.473054	
	0.437446	
	0.473631	
	0.506307	
	0.451024	
	0.396725	
	0.627612	
	0.466261	
	0.341053	
	0.429006	
	0.443532	
	0.417281	
	0.416191	
	0.425365	
	0.495695	
	0.500820	
	0.398050	
	0.510174	
	0.579528	
	0.534317	
	0.533015	
	0.483189	
	0.496243	
	0.444462	
	0.514964	
	0.489027	
	0.450085	
	0.506486	
	0.353708	
	0.463144	
	0.506307	
	0.437895	
	0.436092	
	0.389175	
	0.425482	
	0.455591	
	0.367607	
	0.514557	
	0.621340	
	0.680309	
	0.746617	
	0.720479	
	0.721390	
	0.741699	
	0.769988	
	0.803027	
	0.874905	
	0.816082	
	0.609011	
	0.369387	
	0.337493	
	0.389891	
	0.378307	
	0.392394	
	0.405246	
	0.403623	
	0.421602	
	0.374156	
	0.411750	
	0.530849	
	0.515552	
	0.455355	
	0.401858	
	0.373665	
	0.501465	
	0.460596	
	0.404919	
	0.355068	
	0.329184	
	0.353871	
	0.386910	
	0.387601	
	0.329529	
	0.242077	
	0.263130	
	0.328257	
	0.305402	
	0.266736	
	0.207562	
	0.272792	
	0.451625	
	0.438978	
	0.412227	
	0.358460	
	0.326566	
	0.386967	
	0.478780	
	0.444383	
	0.361580	
	0.365901	
	0.380857	
	0.333579	
	0.365465	
	0.311900	
	0.370545	
	0.382395	
	0.464819	
	0.381602	
	0.338862	
	0.352899	
	0.414466	
	0.494314	
	0.425286	
	0.428631	
	0.394824	
	0.400317	
	0.434442	
	0.406331	
	0.403179	
	0.356399	
	0.452095	
	0.360827	
	0.417031	
	0.448503	
	0.381013	
	0.419469	
	0.448608	
	0.484188	
	0.458984	
	0.399278	
	0.496404	
	0.570353	
	0.559454	
	0.584156	
	0.554053	
	0.558728	
	0.545998	
	0.617410	
	0.615910	
	0.733060	
	0.708116	
	0.419350	
	0.423076	
	0.487850	
	0.455658	
	0.389537	
	0.402331	
	0.435881	
	0.428437	
	0.410525	
	0.397835	
	0.495807	
	0.486427	
	0.465873	
	0.376774	
	0.383001	
	0.403280	
	0.430334	
	0.426027	
	0.431259	
	0.425216	
	0.519407	
	0.330515	
	0.421612	
	0.388815	
	0.336701	
	0.285921	
	0.305780	
	0.334039	
	0.327089	
	0.287535	
	0.312284	
	0.473208	
	0.462224	
	0.413997	
	0.323288	
	0.264528	
	0.312012	
	0.377671	
	0.323442	
	0.264424	
	0.292948	
	0.428794	
	0.259742	
	0.254499	
	0.236873	
	0.235398	
	0.305439	
	0.391522	
	0.324722	
	0.273192	
	0.284055	
	0.485644	
	0.538922	
	0.487220	
	0.434113	
	0.315926	
	0.350553	
	0.359754	
	0.352566	
	0.294171	
	0.228370	
	0.468791	
	0.386874	
	0.407124	
	0.360637	
	0.306048	
	0.301650	
	0.412287	
	0.457966	
	0.442271	
	0.447187	
	0.495499	
	0.515474	
	0.564927	
	0.590168	
	0.619999	
	0.601606	
	0.537689	
	0.595525	
	0.609139	
	0.663847	
	0.517803	
	0.436460	
	0.401337	
	0.419389	
	0.368797	
	0.392220	
	0.412826	
	0.474252	
	0.464310	
	0.421436	
	0.413255	
	0.468290	
	0.526568	
	0.509694	
	0.532280	
	0.534579	
	0.481330	
	0.470821	
	0.469684	
	0.469871	
	0.413992	
	0.435884	
	0.372116	
	0.366236	
	0.410606	
	0.337573	
	0.304906	
	0.431182	
	0.457232	
	0.440830	
	0.385968	
	0.308866	
	0.501974	
	0.542773	
	0.539802	
	0.526351	
	0.539866	
	0.581823	
	0.503284	
	0.530240	
	0.510531	
	0.511257	
	0.501378	
	0.547050	
	0.400093	
	0.411133	
	0.408837	
	0.414797	
	0.460762	
	0.495032	
	0.500993	
	0.363675	
	0.330835	
	0.375341	
	0.430327	
	0.424800	
	0.397344	
	0.406692	
	0.452307	
	0.418836	
	0.463191	
	0.429067	
	0.416584	
	0.411650	
	0.397150	
	0.404181	
	0.439082	
	0.410732	
	0.389897	
	0.409070	
	0.471753	
	0.478922	
	0.433088	
	0.438907	
	0.382353	
	0.463622	
	0.448387	
	0.396861	
	0.413999	
	0.459496	
	0.542566	
	0.580443	
	0.720636	
	0.736798	
	0.613271	
	0.461761	
	0.459232	
	0.531733	
	0.483977	
	0.471326	
	0.405334	
	0.408361	
	0.387451	
	0.405826	
	0.440120	
	0.359457	
	0.409149	
	0.290651	
	0.299051	
	0.297900	
	0.355063	
	0.751705	
	0.818708	
	0.820617	
	0.839737	
	0.808154	
	0.707547	
	0.581613	
	0.597638	
	0.500434	
	0.537025	
	0.469654	
	0.525998	
	0.485064	
	0.529430	
	0.413432	
	0.393672	
	0.371775	
	0.406845	
	0.442813	
	0.416236	
	0.655219	
	0.414093	
	0.212302	
	0.310799	
	0.510219	
	0.441157	
	0.411032	
	0.545971	
	0.482589	
	0.552839	
	0.508932	
	0.476602	
	0.501624	
	0.443853	
	0.409850	
	0.359668	
	0.489386	
	0.579078	
	0.621587	
	0.657140	
	0.589711	
	0.449720	
	0.487732	
	0.569306	
	0.576242	
	0.464370	
	0.440738	
	0.464259	
	0.538285	
	0.626628	
	0.649904	
	0.728267	
	0.575909	
	0.617343	
	0.738178	
	0.821483	
	0.531779	
	0.462042	
	0.559360	
	0.538479	
	0.498245	
	0.435260	
	0.432985	
	0.403073	
	0.447922	
	0.516168	
	0.480521	
	0.417231	
	0.428277	
	0.472553	
	0.518632	
	0.511869	
	0.471421	
	0.504449	
	0.570896	
	0.490862	
	0.383460	
	0.451848	
	0.484810	
	0.420130	
	0.396334	
	0.401267	
	0.429354	
	0.512290	
	0.523517	
	0.497198	
	0.400550	
	0.395218	
	0.378004	
	0.442440	
	0.383318	
	0.311283	
	0.319229	
	0.402064	
	0.423372	
	0.375718	
	0.394503	
	0.440751	
	0.492133	
	0.536364	
	0.528549	
	0.595846	
	0.569772	
	0.539170	
	0.560401	
	0.508784	
	0.473393	
	0.462981	
	0.485740	
	0.325376	
	0.394447	
	0.419884	
	0.410556	
	0.415999	
	0.488953	
	0.487721	
	0.512111	
	0.390609	
	0.447045	
	0.563918	
	0.574550	
	0.557506	
	0.552924	
	0.545169	
	0.525704	
	0.509977	
	0.572832	
	0.624715	
	0.668142	
	0.564604	
	0.440303	
	0.568330	
	0.502241	
	0.464541	
	0.486114	
	0.503888	
	0.524033	
	0.469371	
	0.430741	
	0.575518	
	0.567340	
	0.607442	
	0.619184	
	0.665847	
	0.660352	
	0.644693	
	0.526424	
	0.558881	
	0.619169	
	0.647824	
	0.456326	
	0.473544	
	0.479778	
	0.532646	
	0.485717	
	0.528341	
	0.574434	
	0.611529	
	0.572111	
	0.620988	
	0.701582	
	0.635056	
	0.649358	
	0.508567	
	0.507025	
	0.483186	
	0.463514	
	0.439383	
	0.427692	
	0.411062	
	0.478405	
	0.335128	
	0.412764	
	0.476877	
	0.366227	
	0.294544	
	0.347449	
	0.441167	
	0.446056	
	0.468441	
	0.408681	
	0.470144	
	0.573128	
	0.599129	
	0.550731	
	0.463807	
	0.428223	
	0.450255	
	0.448359	
	0.450023	
	0.395635	
	0.421551	
	0.439384	
	0.289728	
	0.352868	
	0.290566	
	0.392258	
	0.330365	
	0.374281	
	0.397932	
	0.335911	
	0.317448	
	0.516106	
	0.612758	
	0.594874	
	0.484138	
	0.373356	
	0.374421	
	0.451476	
	0.481732	
	0.395522	
	0.331686	
	0.449418	
	0.458291	
	0.426447	
	0.460244	
	0.423323	
	0.355702	
	0.379166	
	0.437354	
	0.469824	
	0.438906	
	0.416089	
	0.533618	
	0.572417	
	0.604094	
	0.607996	
	0.569974	
	0.584425	
	0.551671	
	0.593040	
	0.655950	
	0.746464	
	0.614316	
	0.456933	
	0.491107	
	0.524855	
	0.513926	
	0.496914	
	0.567822	
	0.662043	
	0.677624	
	0.608245	
	0.590449	
	0.589205	
	0.589612	
	0.483295	
	0.485037	
	0.425803	
	0.455035	
	0.555331	
	0.540294	
	0.533771	
	0.539474	
	0.547978	
	0.410831	
	0.479833	
	0.522254	
	0.413697	
	0.368737	
	0.402848	
	0.475546	
	0.446624	
	0.406520	
	0.437673	
	0.505254	
	0.541324	
	0.518494	
	0.497201	
	0.461885	
	0.442772	
	0.415516	
	0.411714	
	0.452325	
	0.462925	
	0.487827	
	0.352093	
	0.434034	
	0.369441	
	0.322864	
	0.364323	
	0.352134	
	0.387897	
	0.359717	
	0.322726	
	0.435050	
	0.576957	
	0.610001	
	0.555689	
	0.541377	
	0.483995	
	0.493945	
	0.445538	
	0.429889	
	0.389595	
	0.346823	
	0.484225	
	0.370829	
	0.489922	
	0.444752	
	0.448748	
	0.452411	
	0.508882	
	0.489878	
	0.456443	
	0.416191	
	0.533241	
	0.590132	
	0.628924	
	0.636833	
	0.617677	
	0.651176	
	0.718968	
	0.748963	
	0.633600	
	0.603916	
	0.668940	
	0.580500	
	0.407104	
	0.553562	
	0.543743	
	0.458826	
	0.469560	
	0.483795	
	0.582290	
	0.532963	
	0.471811	
	0.499290	
	0.551423	
	0.607224	
	0.621267	
	0.605346	
	0.561400	
	0.538431	
	0.567690	
	0.560634	
	0.552436	
	0.501114	
	0.533856	
	0.414915	
	0.506848	
	0.510072	
	0.388765	
	0.406979	
	0.462748	
	0.432600	
	0.410392	
	0.383364	
	0.499249	
	0.494740	
	0.581486	
	0.550604	
	0.518643	
	0.449065	
	0.415404	
	0.528703	
	0.557165	
	0.519315	
	0.427515	
	0.469660	
	0.268872	
	0.304351	
	0.300610	
	0.343031	
	0.390088	
	0.441709	
	0.416138	
	0.397220	
	0.357935	
	0.479719	
	0.643779	
	0.670968	
	0.612933	
	0.582542	
	0.491837	
	0.444620	
	0.511679	
	0.492787	
	0.428021	
	0.448493	
	0.570398	
	0.428953	
	0.481123	
	0.452426	
	0.396950	
	0.356878	
	0.429686	
	0.431952	
	0.442645	
	0.384251	
	0.501346	
	0.555637	
	0.574022	
	0.616925	
	0.585101	
	0.621355	
	0.534441	
	0.560400	
	0.577588	
	0.657701	
	0.665977	
	0.622010	
	0.407568	
	0.469165	
	0.435383	
	0.397106	
	0.446945	
	0.525061	
	0.540291	
	0.543197	
	0.406340	
	0.550984	
	0.611264	
	0.587537	
	0.630806	
	0.571838	
	0.543470	
	0.570254	
	0.627466	
	0.616976	
	0.496433	
	0.408627	
	0.471193	
	0.480641	
	0.618516	
	0.549250	
	0.420957	
	0.352659	
	0.365779	
	0.336810	
	0.249511	
	0.200360	
	0.422615	
	0.615725	
	0.670754	
	0.588611	
	0.491025	
	0.448727	
	0.516196	
	0.547819	
	0.548135	
	0.581166	
	0.585458	
	0.393108	
	0.492886	
	0.520612	
	0.488157	
	0.554985	
	0.510557	
	0.519664	
	0.488895	
	0.490128	
	0.492108	
	0.588925	
	0.590524	
	0.577965	
	0.551007	
	0.524839	
	0.546530	
	0.537332	
	0.572069	
	0.533642	
	0.527738	
	0.511447	
	0.429510	
	0.514751	
	0.488920	
	0.480622	
	0.459906	
	0.478944	
	0.501228	
	0.559323	
	0.493829	
	0.541736	
	0.567908	
	0.615298	
	0.630794	
	0.610695	
	0.635633	
	0.600036	
	0.649607	
	0.692637	
	0.722412	
	0.672862	
	0.574370	
	0.432858	
	0.444833	
	0.430012	
	0.428371	
	0.436606	
	0.514142	
	0.529544	
	0.508331	
	0.419251	
	0.552229	
	0.598777	
	0.613709	
	0.597106	
	0.524023	
	0.499380	
	0.504130	
	0.569807	
	0.559979	
	0.540317	
	0.545721	
	0.349164	
	0.501265	
	0.511710	
	0.385363	
	0.343971	
	0.351674	
	0.473440	
	0.472396	
	0.465801	
	0.450818	
	0.577563	
	0.639450	
	0.651941	
	0.650019	
	0.612112	
	0.569411	
	0.602038	
	0.623438	
	0.639113	
	0.642638	
	0.595051	
	0.422658	
	0.475553	
	0.459321	
	0.406070	
	0.431985	
	0.439396	
	0.442712	
	0.448788	
	0.436461	
	0.551131	
	0.562654	
	0.611121	
	0.611804	
	0.570829	
	0.594915	
	0.593611	
	0.559032	
	0.556954	
	0.628568	
	0.574489	
	0.424244	
	0.479878	
	0.546880	
	0.452598	
	0.423407	
	0.415395	
	0.421409	
	0.500871	
	0.487935	
	0.422515	
	0.415290	
	0.466736	
	0.403448	
	0.400998	
	0.375311	
	0.525307	
	0.568909	
	0.610888	
	0.670511	
	0.727997	
	0.634448	
	0.393528	
	0.486633	
	0.590470	
	0.674357	
	0.623533	
	0.558651	
	0.558327	
	0.584309	
	0.550999	
	0.528982	
	0.503735	
	0.601248	
	0.614656	
	0.615132	
	0.574161	
	0.596070	
	0.655655	
	0.623196	
	0.597230	
	0.515951	
	0.513932	
	0.563233	
	0.642764	
	0.620838	
	0.542680	
	0.583949	
	0.626580	
	0.585526	
	0.533454	
	0.503190	
	0.553731	
	0.574377	
	0.586070	
	0.573176	
	0.548820	
	0.502958	
	0.564159	
	0.624367	
	0.581202	
	0.476009	
	0.424258	
	0.426987	
	0.429820	
	0.541678	
	0.592176	
	0.535779	
	0.539462	
	0.551591	
	0.570885	
	0.557443	
	0.517890	
	0.452093	
	0.556010	
	0.586245	
	0.624016	
	0.476109	
	0.438026	
	0.577211	
	0.645861	
	0.639791	
	0.544123	
	0.468752	
	0.623920	
	0.691835	
	0.706267	
	0.686475	
	0.596807	
	0.610170	
	0.644193	
	0.574165	
	0.515672	
	0.313434	
	0.383819	
	0.479562	
	0.561054	
	0.540872	
	0.549479	
	0.504197	
	0.569379	
	0.550943	
	0.459413	
	0.410960	
	0.338547	
	0.508262	
	0.583539	
	0.593248	
	0.474338	
	0.468651	
	0.512516	
	0.565786	
	0.570611	
	0.513307	
	0.504409	
	0.481412	
	0.525711	
	0.585995	
	0.554643	
	0.454573	
	0.509704	
	0.535352	
	0.652782	
	0.594815	
	0.587519	
	0.562558	
	0.602501	
	0.652276	
	0.686222	
	0.643296	
	0.451600	
	0.648132	
	0.720137	
	0.618579	
	0.501351	
	0.461100	
	0.274409	
	0.385444	
	0.445935	
	0.579719	
	0.607340	
	0.582593	
	0.427630	
	0.362088	
	0.389954	
	0.391031	
	0.451099	
	0.533457	
	0.594553	
	0.466479	
	0.470286	
	0.436225	
	0.495824	
	0.547624	
	0.506895	
	0.561112	
	0.610984	
	0.730888	
	0.759229	
	0.690487	
	0.588629	
	0.424139	
	0.572120	
	0.535359	
	0.528588	
	0.520820	
	0.499226	
	0.512860	
	0.491348	
	0.515600	
	0.500040	
	0.501591	
	0.436758	
	0.364906	
	0.403881	
	0.559815	
	0.452980	
	0.496733	
	0.567455	
	0.601025	
	0.619150	
	0.632198	
	0.613527	
	0.588140	
	0.551461	
	0.545741	
	0.586071	
	0.567085	
	0.623457	
	0.663965	
	0.568442	
	0.561457	
	0.461096	
	0.504745	
	0.566437	
	0.623065	
	0.645460	
	0.682323	
	0.684124	
	0.738879	
	0.795944	
	0.815629	
	0.728114	
	0.788802	
	0.741790	
	0.755564	
	0.660733	
	0.682601	
	0.559939	
	0.660520	
	0.637646	
	0.585186	
	0.575277	
	0.639061	
	0.588596	
	0.594892	
	0.534643	
	0.442674	
	0.440913	
	0.444229	
	0.438517	
	0.540348	
	0.289838	
	0.248020	
	0.339936	
	0.371175	
	0.373248	
	0.719421	
	0.402715	
	0.287040	
	0.286622	
	0.747821	
	0.706770	
	0.355450	
	0.336286	
	0.281844	
	0.237684	
	0.163391	
	0.193650	
	0.225434	
	0.242794	
	0.330942	
	0.403612	
	0.529554	
	0.464857	
	0.537046	
	0.620527	
	0.508813	
	0.447699	
	0.518006	
	0.576268	
	0.567368	
	0.560241	
	0.546646	
	0.532512	
	0.524672	
	0.567730	
	0.554548	
	0.526122	
	0.553272	
	0.556519	
	0.488412	
	0.389980	
	0.329215	
	0.303514	
	0.289097	
	0.383889	
	0.452341	
	0.390522	
	0.442527	
	0.435250	
	0.530593	
	0.630676	
	0.539171	
	0.629061	
	0.513459	
	0.516039	
	0.607200	
	0.582839	
	0.576416	
	0.478404	
	0.545389	
	0.613077	
	0.589951	
	0.530472	
	0.525020	
	0.562691	
	0.651405	
	0.578888	
	0.592188	
	0.536149	
	0.545703	
	0.494022	
	0.427806	
	0.285771	
	0.238055	
	0.327983	
	0.407697	
	0.452340	
	0.753425	
	0.712229	
	0.604375	
	0.537421	
	0.613538	
	0.550608	
	0.622433	
	0.540784	
	0.560111	
	0.534096	
	0.450406	
	0.444759	
	0.417406	
	0.472675	
	0.513685	
	0.579238	
	0.558234	
	0.513022	
	0.573716	
	0.341205	
	0.470790	
	0.393514	
	0.367559	
	0.325079	
	0.233048	
	0.213348	
	0.231121	
	0.212993	
	0.222811	
	0.567749	
	0.650022	
	0.566423	
	0.461387	
	0.391488	
	0.540567	
	0.665821	
	0.694312	
	0.638196	
	0.514366	
	0.498466	
	0.281844	
	0.373145	
	0.336826	
	0.274674	
	0.232747	
	0.283380	
	0.320486	
	0.299633	
	0.304813	
	0.399271	
	0.459619	
	0.545643	
	0.565500	
	0.595293	
	0.564736	
	0.543257	
	0.542316	
	0.534793	
	0.591319	
	0.596634	
	0.437694	
	0.267911	
	0.277385	
	0.282131	
	0.343129	
	0.444845	
	0.447698	
	0.436994	
	0.388320	
	0.421626	
	0.560529	
	0.585316	
	0.585806	
	0.606791	
	0.609062	
	0.592438	
	0.553588	
	0.550277	
	0.616982	
	0.605051	
	0.532345	
	0.390381	
	0.443833	
	0.406713	
	0.294405	
	0.290403	
	0.375357	
	0.454202	
	0.402932	
	0.395360	
	0.529354	
	0.617415	
	0.545188	
	0.507742	
	0.502027	
	0.497259	
	0.466316	
	0.526074	
	0.528057	
	0.523007	
	0.524480	
	0.477445	
	0.308604	
	0.473493	
	0.470786	
	0.390607	
	0.399129	
	0.532335	
	0.508668	
	0.451225	
	0.448697	
	0.536277	
	0.588710	
	0.561268	
	0.545916	
	0.450538	
	0.565387	
	0.779751	
	0.849846	
	0.855462	
	0.814048	
	0.524441	
	0.414173	
	0.458041	
	0.425121	
	0.350135	
	0.233516	
	0.235463	
	0.344329	
	0.248382	
	0.178831	
	0.281049	
	0.484820	
	0.584114	
	0.443782	
	0.337699	
	0.317967	
	0.291195	
	0.355408	
	0.385355	
	0.363529	
	0.392495	
	0.555540	
	0.345366	
	0.342884	
	0.313839	
	0.430046	
	0.436280	
	0.494902	
	0.516062	
	0.450045	
	0.371870	
	0.404916	
	0.556836	
	0.586921	
	0.589420	
	0.535370	
	0.481256	
	0.397635	
	0.393884	
	0.422676	
	0.397971	
	0.381804	
	0.445025	
	0.402630	
	0.498173	
	0.376191	
	0.342949	
	0.307651	
	0.386455	
	0.462751	
	0.448620	
	0.420554	
	0.531036	
	0.638746	
	0.664219	
	0.654078	
	0.640445	
	0.614961	
	0.619926	
	0.630626	
	0.558654	
	0.644022	
	0.736308	
	0.556278	
	0.386750	
	0.474985	
	0.419734	
	0.352901	
	0.305458	
	0.451804	
	0.467404	
	0.284922	
	0.248282	
	0.475380	
	0.520267	
	0.486175	
	0.445558	
	0.406986	
	0.378433	
	0.463509	
	0.513586	
	0.494292	
	0.394748	
	0.482135	
	0.366320	
	0.479092	
	0.501083	
	0.420202	
	0.404944	
	0.479565	
	0.336902	
	0.601248	
	0.732591	
	0.651699	
	0.481081	
	0.516943	
	0.531346	
	0.497532	
	0.440911	
	0.429288	
	0.524756	
	0.772668	
	0.813285	
	0.819232	
	0.679541	
	0.343217	
	0.422518	
	0.383512	
	0.410352	
	0.392666	
	0.377686	
	0.346164	
	0.315322	
	0.281326	
	0.418417	
	0.468744	
	0.713864	
	0.779074	
	0.668017	
	0.385093	
	0.398533	
	0.357539	
	0.345541	
	0.302081	
	0.347659	
	0.438106	
	0.405425	
	0.405686	
	0.352861	
	0.271713	
	0.639068	
	0.718547	
	0.719686	
	0.697128	
	0.442677	
	0.539735	
	0.600698	
	0.609745	
	0.598107	
	0.640567	
	0.637020	
	0.607599	
	0.558791	
	0.486942	
	0.541368	
	0.661798	
	0.502255	
	0.402222	
	0.479360	
	0.422514	
	0.424974	
	0.419242	
	0.475948	
	0.518560	
	0.504272	
	0.509392	
	0.582290	
	0.630741	
	0.606307	
	0.553379	
	0.502160	
	0.509429	
	0.518248	
	0.514503	
	0.479753	
	0.449628	
	0.530471	
	0.415923	
	0.505297	
	0.582723	
	0.499518	
	0.456371	
	0.456224	
	0.508807	
	0.540355	
	0.545533	
	0.539223	
	0.509134	
	0.577276	
	0.566926	
	0.531111	
	0.500802	
	0.469849	
	0.464961	
	0.450324	
	0.497917	
	0.491785	
	0.509457	
	0.425720	
	0.495672	
	0.478762	
	0.446127	
	0.534581	
	0.524167	
	0.529182	
	0.488830	
	0.457451	
	0.491608	
	0.603517	
	0.637425	
	0.610533	
	0.518856	
	0.417391	
	0.380119	
	0.473281	
	0.439273	
	0.396576	
	0.597858	
	0.428817	
	0.445848	
	0.492327	
	0.391208	
	0.302745	
	0.338937	
	0.489507	
	0.484751	
	0.495840	
	0.491822	
	0.650912	
	0.617181	
	0.678966	
	0.713920	
	0.692289	
	0.713829	
	0.681761	
	0.682092	
	0.671979	
	0.720090	
	0.681177	
	0.447614	
	0.531390	
	0.505859	
	0.479292	
	0.453720	
	0.511827	
	0.485338	
	0.354523	
	0.275070	
	0.460108	
	0.615293	
	0.640524	
	0.516791	
	0.409005	
	0.345517	
	0.328435	
	0.353150	
	0.301923	
	0.301920	
	0.250637	
	0.507071	
	0.387956	
	0.555431	
	0.497759	
	0.405900	
	0.424189	
	0.459396	
	0.453677	
	0.444319	
	0.410907	
	0.410810	
	0.558063	
	0.537124	
	0.509312	
	0.429476	
	0.419893	
	0.450757	
	0.541779	
	0.527460	
	0.624599	
	0.792023	
	0.696436	
	0.568443	
	0.578575	
	0.469203	
	0.542458	
	0.530064	
	0.476802	
	0.560067	
	0.582427	
	0.583089	
	0.598218	
	0.654299	
	0.636325	
	0.599796	
	0.588468	
	0.623040	
	0.594202	
	0.470780	
	0.432911	
	0.392179	
	0.520883	
	0.478909	
	0.419936	
	0.447969	
	0.468003	
	0.405658	
	0.468334	
	0.450110	
	0.445642	
	0.432867	
	0.520076	
	0.624045	
	0.608271	
	0.580955	
	0.628137	
	0.608860	
	0.591990	
	0.603707	
	0.652673	
	0.587337	
	0.625094	
	0.672263	
	0.487971	
	0.599391	
	0.513186	
	0.503679	
	0.506080	
	0.519195	
	0.478924	
	0.463979	
	0.453757	
	0.559800	
	0.608262	
	0.586699	
	0.531499	
	0.558252	
	0.481400	
	0.695398	
	0.750975	
	0.721036	
	0.555841	
	0.591676	
	0.465004	
	0.499563	
	0.579471	
	0.553100	
	0.498932	
	0.514966	
	0.585690	
	0.574923	
	0.557958	
	0.498630	
	0.471805	
	0.559780	
	0.558325	
	0.564385	
	0.552626	
	0.540193	
	0.537235	
	0.537383	
	0.459477	
	0.382218	
	0.450856	
	0.376168	
	0.307287	
	0.352059	
	0.404424	
	0.292721	
	0.332648	
	0.359591	
	0.337652	
	0.279003	
	0.312051	
	0.635927	
	0.766786	
	0.785921	
	0.733513	
	0.523681	
	0.489845	
	0.507547	
	0.507970	
	0.532167	
	0.537720	
	0.534012	
	0.371668	
	0.490422	
	0.459867	
	0.360478	
	0.375308	
	0.470554	
	0.532288	
	0.484633	
	0.510674	
	0.634144	
	0.668202	
	0.661159	
	0.672896	
	0.663606	
	0.668179	
	0.661871	
	0.660057	
	0.654736	
	0.778140	
	0.860570	
	0.657904	
	0.521270	
	0.535622	
	0.491411	
	0.484565	
	0.417674	
	0.479190	
	0.486843	
	0.478303	
	0.465327	
	0.519428	
	0.540889	
	0.547095	
	0.489089	
	0.459488	
	0.445474	
	0.486401	
	0.471846	
	0.454137	
	0.451321	
	0.553408	
	0.363725	
	0.430957	
	0.377104	
	0.272827	
	0.192744	
	0.251705	
	0.371825	
	0.362707	
	0.302152	
	0.279861	
	0.356729	
	0.441116	
	0.482347	
	0.449634	
	0.433349	
	0.367413	
	0.338920	
	0.375050	
	0.400865	
	0.361989	
	0.440683	
	0.319800	
	0.252919	
	0.296361	
	0.297497	
	0.324192	
	0.362369	
	0.380538	
	0.350309	
	0.335668	
	0.494511	
	0.529693	
	0.547379	
	0.549059	
	0.547589	
	0.532165	
	0.556310	
	0.638240	
	0.604846	
	0.622015	
	0.613940	
	0.461794	
	0.458594	
	0.492782	
	0.475974	
	0.489465	
	0.521455	
	0.484931	
	0.547802	
	0.522874	
	0.425214	
	0.481671	
	0.481951	
	0.587122	
	0.533772	
	0.391995	
	0.393061	
	0.370963	
	0.388112	
	0.561773	
	0.850953	
	0.859018	
	0.604558	
	0.493137	
	0.557434	
	0.604213	
	0.619161	
	0.639368	
	0.614572	
	0.621753	
	0.654039	
	0.638072	
	0.589208	
	0.617682	
	0.649231	
	0.575013	
	0.506134	
	0.459613	
	0.859280	
	0.840354	
	0.823355	
	0.850724	
	0.818686	
	0.635820	
	0.577295	
	0.558423	
	0.501799	
	0.543149	
	0.467094	
	0.514919	
	0.523752	
	0.591717	
	0.376478	
	0.461945	
	0.403748	
	0.444949	
	0.380719	
	0.336873	
	0.496150	
	0.275631	
	0.276976	
	0.455818	
	0.552125	
	0.461062	
	0.439415	
	0.471771	
	0.475939	
	0.484803	
	0.457034	
	0.460289	
	0.465728	
	0.378428	
	0.351387	
	0.543507	
	0.385933	
	0.500915	
	0.562789	
	0.581301	
	0.606133	
	0.573985	
	0.583550	
	0.596852	
	0.620456	
	0.599384	
	0.624161	
	0.638764	
	0.568451	
	0.511131	
	0.417828	
	0.259466	
	0.305563	
	0.646983	
	0.778902	
	0.694981	
	0.509326	
	0.543503	
	0.615464	
	0.649052	
	0.634773	
	0.659023	
	0.640912	
	0.642513	
	0.612283	
	0.589657	
	0.560752	
	0.526094	
	0.494266	
	0.424605	
	0.363279	
	0.322983	
	0.342859	
	0.334619	
	0.278267	
	0.273567	
	0.371947	
	0.559063	
	0.580578	
	0.566813	
	0.576163	
	0.547980	
	0.542725	
	0.577942	
	0.606700	
	0.567734	
	0.560518	
	0.454546	
	0.448503	
	0.492739	
	0.471546	
	0.382490	
	0.432017	
	0.486234	
	0.457551	
	0.493800	
	0.485323	
	0.509195	
	0.599739	
	0.577337	
	0.568588	
	0.565778	
	0.535146	
	0.577343	
	0.599854	
	0.570774	
	0.567339	
	0.555555	
	0.487946	
	0.548835	
	0.614495	
	0.579167	
	0.434410	
	0.376726	
	0.324986	
	0.323580	
	0.286998	
	0.272613	
	0.329870	
	0.403799	
	0.428502	
	0.276882	
	0.280930	
	0.401248	
	0.492687	
	0.457855	
	0.430294	
	0.314310	
	0.449590	
	0.475668	
	0.499445	
	0.445437	
	0.350675	
	0.272135	
	0.360245	
	0.393910	
	0.356607	
	0.319193	
	0.526650	
	0.455470	
	0.563058	
	0.533331	
	0.575506	
	0.558203	
	0.542640	
	0.545909	
	0.537931	
	0.518591	
	0.527719	
	0.559250	
	0.383293	
	0.491473	
	0.432144	
	0.394655	
	0.366750	
	0.396483	
	0.382367	
	0.363677	
	0.383985	
	0.650459	
	0.639004	
	0.695512	
	0.704330	
	0.724349	
	0.733599	
	0.759276	
	0.849484	
	0.895116	
	0.913012	
	0.875916	
	0.468608	
	0.466802	
	0.495239	
	0.445211	
	0.277119	
	0.355982	
	0.352766	
	0.254485	
	0.240436	
	0.641017	
	0.757802	
	0.690734	
	0.622577	
	0.610066	
	0.578851	
	0.481835	
	0.496066	
	0.592688	
	0.530510	
	0.425996	
	0.455366	
	0.250943	
	0.361464	
	0.302334	
	0.293997	
	0.408401	
	0.403713	
	0.433798	
	0.398175	
	0.376347	
	0.502517	
	0.617268	
	0.618750	
	0.553680	
	0.524392	
	0.527960	
	0.529307	
	0.468974	
	0.454101	
	0.488307	
	0.492873	
	0.402490	
	0.461191	
	0.440714	
	0.374867	
	0.394154	
	0.430882	
	0.486832	
	0.426597	
	0.414409	
	0.478536	
	0.553904	
	0.602060	
	0.605103	
	0.614769	
	0.643014	
	0.576388	
	0.599123	
	0.587114	
	0.521118	
	0.645903	
	0.509207	
	0.545060	
	0.633463	
	0.521192	
	0.516267	
	0.411385	
	0.473713	
	0.433058	
	0.393310	
	0.414317	
	0.590995	
	0.624229	
	0.599475	
	0.589449	
	0.576956	
	0.555212	
	0.582307	
	0.789712	
	0.794779	
	0.787388	
	0.629298	
	0.369409	
	0.456846	
	0.451771	
	0.334157	
	0.291154	
	0.207268	
	0.196267	
	0.188966	
	0.173014	
	0.255613	
	0.664549	
	0.748770	
	0.714782	
	0.504301	
	0.400269	
	0.357983	
	0.333687	
	0.324277	
	0.350764	
	0.341945	
	0.422304	
	0.254340	
	0.291019	
	0.227282	
	0.310615	
	0.317054	
	0.344889	
	0.392508	
	0.293717	
	0.237339	
	0.379682	
	0.592602	
	0.537372	
	0.382792	
	0.362093	
	0.387244	
	0.446388	
	0.379499	
	0.354508	
	0.268267	
	0.501099	
	0.392500	
	0.411638	
	0.358286	
	0.251685	
	0.359646	
	0.407388	
	0.488343	
	0.469712	
	0.462505	
	0.571434	
	0.731787	
	0.708745	
	0.681631	
	0.716212	
	0.679740	
	0.659063	
	0.681582	
	0.695367	
	0.691358	
	0.721083	
	0.604344	
	0.483180	
	0.577078	
	0.560375	
	0.424513	
	0.399649	
	0.358791	
	0.344270	
	0.720814	
	0.838523	
	0.617361	
	0.530344	
	0.563259	
	0.473265	
	0.385117	
	0.418784	
	0.453310	
	0.439091	
	0.427394	
	0.337693	
	0.411811	
	0.383705	
	0.444345	
	0.489532	
	0.430193	
	0.378236	
	0.314783	
	0.254382	
	0.257746	
	0.241361	
	0.235827	
	0.327265	
	0.501465	
	0.584055	
	0.564675	
	0.464605	
	0.423438	
	0.537261	
	0.523911	
	0.440679	
	0.528169	
	0.746599	
	0.550066	
	0.666486	
	0.480095	
	0.385289	
	0.417318	
	0.481652	
	0.554082	
	0.592822	
	0.486457	
	0.474335	
	0.623310	
	0.667947	
	0.623806	
	0.561200	
	0.564105	
	0.591814	
	0.504855	
	0.583868	
	0.566347	
	0.563758	
	0.430959	
	0.404818	
	0.502576	
	0.514664	
	0.523326	
	0.471706	
	0.537124	
	0.734754	
	0.786358	
	0.758551	
	0.651104	
	0.645934	
	0.656837	
	0.637214	
	0.652314	
	0.644854	
	0.656299	
	0.646142	
	0.651003	
	0.624437	
	0.581720	
	0.428723	
	0.511607	
	0.524818	
	0.478543	
	0.401085	
	0.389493	
	0.397797	
	0.351055	
	0.333742	
	0.485086	
	0.598249	
	0.540780	
	0.469048	
	0.413008	
	0.449317	
	0.517955	
	0.476234	
	0.419835	
	0.367866	
	0.464548	
	0.378256	
	0.409172	
	0.465987	
	0.345250	
	0.269740	
	0.307326	
	0.357473	
	0.359151	
	0.301250	
	0.243962	
	0.483042	
	0.569536	
	0.551012	
	0.551763	
	0.483782	
	0.362281	
	0.378643	
	0.359623	
	0.311781	
	0.309535	
	0.500280	
	0.314894	
	0.346725	
	0.284961	
	0.209409	
	0.231774	
	0.385189	
	0.353260	
	0.281318	
	0.214511	
	0.487062	
	0.652102	
	0.595630	
	0.547473	
	0.472756	
	0.395151	
	0.480736	
	0.522312	
	0.485085	
	0.471872	
	0.524462	
	0.403738	
	0.502593	
	0.514251	
	0.414495	
	0.369653	
	0.504012	
	0.578551	
	0.575468	
	0.516951	
	0.588569	
	0.701993	
	0.698764	
	0.688810	
	0.704570	
	0.719769	
	0.721381	
	0.763009	
	0.773063	
	0.755152	
	0.782798	
	0.560768	
	0.447410	
	0.480719	
	0.510760	
	0.470635	
	0.392572	
	0.514317	
	0.433943	
	0.681784	
	0.818237	
	0.623058	
	0.510204	
	0.525691	
	0.465794	
	0.399140	
	0.390354	
	0.425640	
	0.420230	
	0.405526	
	0.425208	
	0.440589	
	0.381426	
	0.542594	
	0.535053	
	0.485034	
	0.475544	
	0.471190	
	0.365801	
	0.306478	
	0.316013	
	0.335554	
	0.502106	
	0.557930	
	0.518322	
	0.440717	
	0.417952	
	0.591381	
	0.690711	
	0.745499	
	0.828766	
	0.830425	
	0.547671	
	0.467194	
	0.467713	
	0.511402	
	0.495442	
	0.518560	
	0.522070	
	0.546668	
	0.549063	
	0.532597	
	0.625732	
	0.655894	
	0.656057	
	0.641734	
	0.655071	
	0.573763	
	0.494853	
	0.499423	
	0.444225	
	0.590055	
	0.544746	
	0.408978	
	0.455980	
	0.400302	
	0.373354	
	0.389114	
	0.463407	
	0.458297	
	0.453549	
	0.447981	
	0.518145	
	0.565283	
	0.551616	
	0.543250	
	0.574112	
	0.542351	
	0.580320	
	0.622649	
	0.627772	
	0.738472	
	0.759007	
	0.458200	
	0.473091	
	0.517579	
	0.550642	
	0.472466	
	0.426909	
	0.459368	
	0.431792	
	0.442366	
	0.424589	
	0.552067	
	0.611974	
	0.605512	
	0.663720	
	0.726023	
	0.742432	
	0.722403	
	0.633551	
	0.562508	
	0.549316	
	0.543180	
	0.394345	
	0.528263	
	0.494981	
	0.519732	
	0.466850	
	0.468823	
	0.436413	
	0.382942	
	0.385784	
	0.375154	
	0.557136	
	0.599821	
	0.602695	
	0.574859	
	0.522694	
	0.434204	
	0.455126	
	0.635451	
	0.739897	
	0.766626	
	0.572717	
	0.347222	
	0.479983	
	0.450074	
	0.456487	
	0.493413	
	0.501374	
	0.488571	
	0.475372	
	0.445160	
	0.523431	
	0.599230	
	0.589184	
	0.489954	
	0.380427	
	0.317366	
	0.446113	
	0.479876	
	0.495105	
	0.473919	
	0.418918	
	0.390993	
	0.399671	
	0.400159	
	0.320209	
	0.266033	
	0.364154	
	0.452388	
	0.434707	
	0.443985	
	0.435215	
	0.664442	
	0.713992	
	0.670417	
	0.660441	
	0.635357	
	0.556424	
	0.613713	
	0.714306	
	0.803398	
	0.773951	
	0.700594	
	0.430310	
	0.486553	
	0.479779	
	0.440064	
	0.440903	
	0.472141	
	0.467306	
	0.478388	
	0.435141	
	0.426769	
	0.508338	
	0.515335	
	0.528106	
	0.462386	
	0.443169	
	0.481699	
	0.471142	
	0.493106	
	0.482747	
	0.433695	
	0.476977	
	0.363799	
	0.395579	
	0.320320	
	0.232696	
	0.239239	
	0.327416	
	0.313332	
	0.300989	
	0.246077	
	0.291719	
	0.462107	
	0.495425	
	0.457423	
	0.361220	
	0.385556	
	0.376000	
	0.384373	
	0.381231	
	0.346299	
	0.311947	
	0.376156	
	0.251852	
	0.281373	
	0.285520	
	0.286746	
	0.379136	
	0.377729	
	0.385267	
	0.376672	
	0.375656	
	0.520877	
	0.546268	
	0.529689	
	0.523562	
	0.537260	
	0.509462	
	0.501592	
	0.537997	
	0.580854	
	0.559072	
	0.493740	
	0.450671	
	0.534895	
	0.521356	
	0.509774	
	0.457627	
	0.448317	
	0.393926	
	0.339396	
	0.341423	
	0.311613	
	0.449150	
	0.542878	
	0.512306	
	0.477948	
	0.571084	
	0.563163	
	0.485566	
	0.506259	
	0.574441	
	0.784631	
	0.706960	
	0.498166	
	0.508008	
	0.586947	
	0.500842	
	0.496638	
	0.413888	
	0.337529	
	0.270744	
	0.227716	
	0.233202	
	0.283480	
	0.226909	
	0.345381	
	0.239485	
	0.304542	
	0.602157	
	0.866601	
	0.819287	
	0.844009	
	0.882562	
	0.764867	
	0.622940	
	0.529980	
	0.560693	
	0.492984	
	0.498644	
	0.543054	
	0.457282	
	0.512475	
	0.440260	
	0.380056	
	0.528638	
	0.550976	
	0.514278	
	0.545021	
	0.434848	
	0.512832	
	0.573508	
	0.599641	
	0.562687	
	0.425043	
	0.492372	
	0.574697	
	0.552428	
	0.485433	
	0.482747	
	0.554858	
	0.526631	
	0.477171	
	0.478194	
	0.454314	
	0.483474	
	0.458934	
	0.554989	
	0.581557	
	0.636768	
	0.638914	
	0.604149	
	0.610732	
	0.646068	
	0.622090	
	0.616003	
	0.640995	
	0.643173	
	0.606635	
	0.474314	
	0.381964	
	0.406118	
	0.529143	
	0.804412	
	0.755932	
	0.537200	
	0.530998	
	0.559235	
	0.611672	
	0.613080	
	0.592714	
	0.637841	
	0.637590	
	0.644358	
	0.586456	
	0.560621	
	0.484609	
	0.435546	
	0.400127	
	0.357400	
	0.356978	
	0.348255	
	0.368322	
	0.340546	
	0.299377	
	0.257020	
	0.431688	
	0.534448	
	0.571651	
	0.569138	
	0.532866	
	0.537751	
	0.561164	
	0.545900	
	0.508906	
	0.545191	
	0.521028	
	0.478305	
	0.433499	
	0.512176	
	0.458914	
	0.358568	
	0.332505	
	0.381911	
	0.431329	
	0.436039	
	0.354733	
	0.374894	
	0.550041	
	0.584415	
	0.540715	
	0.553173	
	0.532316	
	0.531918	
	0.585223	
	0.574207	
	0.546860	
	0.578771	
	0.512834	
	0.371827	
	0.501222	
	0.462709	
	0.515659	
	0.476438	
	0.462168	
	0.308185	
	0.293357	
	0.441897	
	0.452489	
	0.447709	
	0.497870	
	0.565489	
	0.591858	
	0.556222	
	0.592771	
	0.581303	
	0.579930	
	0.576461	
	0.567487	
	0.641642	
	0.625809	
	0.507145	
	0.325976	
	0.291975	
	0.308650	
	0.411055	
	0.412762	
	0.515449	
	0.488207	
	0.553048	
	0.451295	
	0.585375	
	0.606690	
	0.639551	
	0.656696	
	0.630435	
	0.610110	
	0.608652	
	0.552722	
	0.546848	
	0.548380	
	0.541358	
	0.490496	
	0.435922	
	0.458289	
	0.439200	
	0.469230	
	0.490072	
	0.400937	
	0.366367	
	0.526883	
	0.548264	
	0.536875	
	0.541914	
	0.578896	
	0.586052	
	0.586253	
	0.669359	
	0.681034	
	0.672353	
	0.629110	
	0.421063	
	0.461763	
	0.426975	
	0.403886	
	0.421237	
	0.457390	
	0.500737	
	0.491489	
	0.519139	
	0.468203	
	0.543283	
	0.557511	
	0.547742	
	0.554215	
	0.532491	
	0.507869	
	0.523189	
	0.497937	
	0.509333	
	0.484296	
	0.477232	
	0.352483	
	0.436316	
	0.398388	
	0.387621	
	0.402241	
	0.490051	
	0.459263	
	0.384684	
	0.426171	
	0.560173	
	0.540666	
	0.580417	
	0.556318	
	0.561462	
	0.563993	
	0.563375	
	0.530519	
	0.540824	
	0.531620	
	0.498712	
	0.370099	
	0.448393	
	0.485241	
	0.440582	
	0.458439	
	0.489182	
	0.550459	
	0.546728	
	0.543178	
	0.541347	
	0.621570	
	0.621667	
	0.558269	
	0.519683	
	0.520441	
	0.524420	
	0.594814	
	0.538893	
	0.621458	
	0.722169	
	0.485295	
	0.601102	
	0.588845	
	0.484789	
	0.455091	
	0.459159	
	0.470053	
	0.459561	
	0.435555	
	0.526442	
	0.612649	
	0.574797	
	0.573721	
	0.540674	
	0.569449	
	0.589685	
	0.539515	
	0.509416	
	0.590600	
	0.558532	
	0.541369	
	0.340432	
	0.403354	
	0.450957	
	0.385618	
	0.368914	
	0.415022	
	0.472857	
	0.478456	
	0.462532	
	0.426089	
	0.535739	
	0.571207	
	0.560169	
	0.578232	
	0.581912	
	0.541542	
	0.580865	
	0.573106	
	0.485064	
	0.424611	
	0.404402	
	0.274200	
	0.386025	
	0.362678	
	0.411076	
	0.452338	
	0.417082	
	0.399469	
	0.326162	
	0.386438	
	0.614262	
	0.661278	
	0.558585	
	0.571999	
	0.625518	
	0.647234	
	0.619503	
	0.611101	
	0.597221	
	0.519836	
	0.503700	
	0.355033	
	0.460583	
	0.494761	
	0.405699	
	0.363734	
	0.444092	
	0.427980	
	0.429771	
	0.424966	
	0.464031	
	0.550114	
	0.632592	
	0.600029	
	0.567341	
	0.602823	
	0.576063	
	0.607056	
	0.586127	
	0.588292	
	0.603491	
	0.513602	
	0.357848	
	0.418548	
	0.387463	
	0.369689	
	0.342284	
	0.344964	
	0.359812	
	0.443625	
	0.715950	
	0.686701	
	0.512934	
	0.515575	
	0.560286	
	0.575359	
	0.545032	
	0.511262	
	0.537048	
	0.511104	
	0.488874	
	0.516700	
	0.352096	
	0.445058	
	0.459057	
	0.307157	
	0.372995	
	0.466543	
	0.458588	
	0.472310	
	0.483294	
	0.542747	
	0.574449	
	0.568299	
	0.657326	
	0.645407	
	0.710289	
	0.697763	
	0.694924	
	0.622128	
	0.598411	
	0.656292	
	0.595144	
	0.386809	
	0.467295	
	0.515945	
	0.509446	
	0.460049	
	0.497691	
	0.521978	
	0.516798	
	0.521890	
	0.567378	
	0.611516	
	0.593495	
	0.617532	
	0.568807	
	0.525447	
	0.521792	
	0.482137	
	0.515212	
	0.516425	
	0.552031	
	0.398505	
	0.464429	
	0.431567	
	0.385659	
	0.422043	
	0.485045	
	0.524631	
	0.527597	
	0.421105	
	0.499541	
	0.584659	
	0.570532	
	0.584505	
	0.572335	
	0.573776	
	0.536588	
	0.540045	
	0.561747	
	0.458278	
	0.412642	
	0.531347	
	0.376695	
	0.489964	
	0.618678	
	0.435761	
	0.385175	
	0.435303	
	0.410422	
	0.394196	
	0.411261	
	0.484663	
	0.585107	
	0.616351	
	0.617766	
	0.675415	
	0.643878	
	0.617032	
	0.652556	
	0.613728	
	0.623056	
	0.571889	
	0.597037	
	0.482784	
	0.571070	
	0.539082	
	0.478683	
	0.482967	
	0.499658	
	0.512868	
	0.430955	
	0.421026	
	0.465803	
	0.496412	
	0.514292	
	0.458099	
	0.460119	
	0.505796	
	0.479783	
	0.450123	
	0.401981	
	0.402134	
	0.463111	
	0.488878	
	0.477848	
	0.478288	
	0.411889	
	0.379166	
	0.393582	
	0.368491	
	0.357922	
	0.334654	
	0.417941	
	0.516286	
	0.438112	
	0.493764	
	0.493688	
	0.413426	
	0.390818	
	0.287948	
	0.275746	
	0.349209	
	0.458286	
	0.449476	
	0.487289	
	0.451213	
	0.511127	
	0.535212	
	0.453204	
	0.469162	
	0.389893	
	0.449851	
	0.454671	
	0.441115	
	0.466343	
	0.513057	
	0.538671	
	0.530587	
	0.470723	
	0.440733	
	0.406036	
	0.467800	
	0.477233	
	0.523298	
	0.562022	
	0.522001	
	0.402327	
	0.473081	
	0.463657	
	0.489558	
	0.488742	
	0.448087	
	0.425279	
	0.431709	
	0.512156	
	0.704373	
	0.625745	
	0.586601	
	0.545991	
	0.540154	
	0.523083	
	0.512905	
	0.558561	
	0.533446	
	0.524771	
	0.560842	
	0.513776	
	0.420061	
	0.538807	
	0.512685	
	0.491209	
	0.418188	
	0.391421	
	0.414162	
	0.384250	
	0.338212	
	0.336814	
	0.529703	
	0.571552	
	0.575425	
	0.556440	
	0.599306	
	0.614703	
	0.598670	
	0.551462	
	0.492233	
	0.460907	
	0.508637	
	0.359437	
	0.413407	
	0.425058	
	0.487864	
	0.460251	
	0.488095	
	0.504727	
	0.515765	
	0.470447	
	0.524559	
	0.535950	
	0.589601	
	0.529064	
	0.520487	
	0.607377	
	0.561776	
	0.647191	
	0.709945	
	0.715857	
	0.711556	
	0.630686	
	0.439815	
	0.501754	
	0.478089	
	0.431496	
	0.467478	
	0.514522	
	0.493123	
	0.463343	
	0.471724	
	0.503117	
	0.497093	
	0.501506	
	0.461529	
	0.506850	
	0.537087	
	0.544416	
	0.516346	
	0.664424	
	0.776357	
	0.676745	
	0.525936	
	0.425686	
	0.467974	
	0.500458	
	0.484124	
	0.457932	
	0.494716	
	0.496114	
	0.482722	
	0.426556	
	0.503702	
	0.470838	
	0.532323	
	0.552078	
	0.586945	
	0.583162	
	0.532433	
	0.483551	
	0.435893	
	0.453044	
	0.459792	
	0.398424	
	0.486661	
	0.440355	
	0.414966	
	0.467034	
	0.480146	
	0.453363	
	0.481184	
	0.469004	
	0.466796	
	0.533836	
	0.573492	
	0.508132	
	0.420582	
	0.457423	
	0.426056	
	0.377200	
	0.383157	
	0.613820	
	0.548672	
	0.301786	
	0.407845	
	0.409232	
	0.452114	
	0.421420	
	0.431668	
	0.425840	
	0.409609	
	0.374625	
	0.433724	
	0.502608	
	0.525510	
	0.483339	
	0.455324	
	0.452301	
	0.430839	
	0.418908	
	0.394967	
	0.357737	
	0.439332	
	0.407123	
	0.380122	
	0.424384	
	0.359041	
	0.281449	
	0.342338	
	0.433664	
	0.437887	
	0.432814	
	0.559491	
	0.611408	
	0.633463	
	0.687669	
	0.696482	
	0.679842	
	0.648167	
	0.692043	
	0.683362	
	0.700910	
	0.663574	
	0.566807	
	0.404634	
	0.438271	
	0.428452	
	0.418810	
	0.418123	
	0.447818	
	0.460658	
	0.465549	
	0.444218	
	0.472944	
	0.482568	
	0.464864	
	0.459418	
	0.373931	
	0.397349	
	0.396165	
	0.381261	
	0.408838	
	0.371980	
	0.401327	
	0.361588	
	0.400127	
	0.388733	
	0.319689	
	0.263450	
	0.308080	
	0.320392	
	0.321701	
	0.288133	
	0.265634	
	0.438649	
	0.464950	
	0.420098	
	0.372410	
	0.324071	
	0.373308	
	0.405546	
	0.396418	
	0.346334	
	0.356517	
	0.373656	
	0.293945	
	0.288909	
	0.312883	
	0.323540	
	0.365883	
	0.325522	
	0.316961	
	0.314899	
	0.361797	
	0.501111	
	0.519619	
	0.518048	
	0.518618	
	0.584362	
	0.595415	
	0.535744	
	0.555510	
	0.509486	
	0.475585	
	0.517616	
	0.407847	
	0.404133	
	0.398458	
	0.348202	
	0.350107	
	0.400201	
	0.421384	
	0.372861	
	0.334936	
	0.442595	
	0.515997	
	0.543409	
	0.515538	
	0.504408	
	0.471197	
	0.518005	
	0.619093	
	0.680321	
	0.724854	
	0.652195	
	0.498764	
	0.367186	
	0.436572	
	0.444925	
	0.418727	
	0.405637	
	0.434648	
	0.436902	
	0.364315	
	0.414879	
	0.485082	
	0.527981	
	0.499313	
	0.468941	
	0.508767	
	0.501843	
	0.489158	
	0.480945	
	0.443824	
	0.437429	
	0.472560	
	0.393553	
	0.385246	
	0.384989	
	0.323582	
	0.278725	
	0.311612	
	0.379073	
	0.355605	
	0.300086	
	0.334766	
	0.391601	
	0.463456	
	0.456246	
	0.389494	
	0.341012	
	0.325803	
	0.369288	
	0.382704	
	0.279614	
	0.263569	
	0.320083	
	0.260385	
	0.289347	
	0.219651	
	0.230760	
	0.299793	
	0.364053	
	0.313270	
	0.256562	
	0.284068	
	0.471220	
	0.515936	
	0.531678	
	0.467996	
	0.453612	
	0.481381	
	0.475744	
	0.429564	
	0.425920	
	0.405026	
	0.447203	
	0.369513	
	0.442689	
	0.355913	
	0.289029	
	0.325733	
	0.401858	
	0.449766	
	0.450980	
	0.411971	
	0.446458	
	0.527638	
	0.550701	
	0.527969	
	0.498338	
	0.522833	
	0.527642	
	0.558183	
	0.535280	
	0.620741	
	0.522288	
	0.377431	
	0.378374	
	0.401391	
	0.421438	
	0.461537	
	0.500400	
	0.493472	
	0.455965	
	0.429816	
	0.447796	
	0.487848	
	0.503774	
	0.522667	
	0.482901	
	0.423895	
	0.470178	
	0.448587	
	0.461561	
	0.439801	
	0.456400	
	0.391621	
	0.369655	
	0.412621	
	0.326179	
	0.272516	
	0.357510	
	0.440752	
	0.437460	
	0.403084	
	0.330331	
	0.456992	
	0.523134	
	0.558176	
	0.533236	
	0.554511	
	0.623723	
	0.582318	
	0.541660	
	0.496489	
	0.566976	
	0.480771	
	0.421107	
	0.384085	
	0.388675	
	0.342840	
	0.393196	
	0.467724	
	0.476971	
	0.402186	
	0.357032	
	0.381585	
	0.428051	
	0.430051	
	0.429809	
	0.345441	
	0.413925	
	0.426069	
	0.445904	
	0.460580	
	0.380202	
	0.380710	
	0.423094	
	0.375691	
	0.393751	
	0.396415	
	0.400603	
	0.446897	
	0.515427	
	0.535652	
	0.475772	
	0.450947	
	0.436058	
	0.470890	
	0.427313	
	0.379133	
	0.357480	
	0.410605	
	0.449066	
	0.472544	
	0.530334	
	0.769564	
	0.659593	
	0.465335	
	0.484657	
	0.552852	
	0.534966	
	0.506670	
	0.439152	
	0.290508	
	0.258107	
	0.241466	
	0.249842	
	0.522142	
	0.282135	
	0.227129	
	0.235307	
	0.330635	
	0.657999	
	0.843176	
	0.883548	
	0.873838	
	0.881615	
	0.825352	
	0.764362	
	0.618851	
	0.657775	
	0.546213	
	0.616629	
	0.512374	
	0.461926	
	0.475903	
	0.514091	
	0.630966	
	0.361780	
	0.382994	
	0.363749	
	0.416001	
	0.662565	
	0.381352	
	0.299872	
	0.352039	
	0.371682	
	0.530921	
	0.362528	
	0.457531	
	0.400707	
	0.398808	
	0.389365	
	0.354262	
	0.358910	
	0.331503	
	0.340507	
	0.529327	
	0.283750	
	0.259404	
	0.398198	
	0.410788	
	0.419041	
	0.431394	
	0.430802	
	0.470901	
	0.490628	
	0.424002	
	0.405406	
	0.309214	
	0.370229	
	0.445272	
	0.475102	
	0.413126	
	0.380598	
	0.384195	
	0.567853	
	0.593302	
	0.668463	
	0.616826	
	0.512069	
	0.676498	
	0.551557	
	0.507602	
	0.470886	
	0.434023	
	0.493163	
	0.483346	
	0.458624	
	0.316587	
	0.383928	
	0.445339	
	0.459951	
	0.482728	
	0.413718	
	0.446117	
	0.384996	
	0.344994	
	0.312354	
	0.367382	
	0.545364	
	0.447142	
	0.453118	
	0.363826	
	0.352063	
	0.447611	
	0.494792	
	0.419185	
	0.385110	
	0.459671	
	0.312285	
	0.420519	
	0.358411	
	0.280676	
	0.279519	
	0.290860	
	0.374575	
	0.375439	
	0.363176	
	0.405230	
	0.563280	
	0.594816	
	0.554086	
	0.553907	
	0.541426	
	0.505641	
	0.532117	
	0.554360	
	0.530164	
	0.550338	
	0.508690	
	0.352624	
	0.401729	
	0.318332	
	0.282216	
	0.329715	
	0.344405	
	0.305245	
	0.244149	
	0.243832	
	0.446095	
	0.534496	
	0.505220	
	0.489751	
	0.447185	
	0.443726	
	0.518728	
	0.469475	
	0.503900	
	0.565856	
	0.527070	
	0.409887	
	0.448260	
	0.495008	
	0.394538	
	0.388756	
	0.437794	
	0.425570	
	0.392423	
	0.342536	
	0.371620	
	0.494547	
	0.551614	
	0.549609	
	0.630388	
	0.547116	
	0.512983	
	0.578350	
	0.580142	
	0.509235	
	0.499993	
	0.501421	
	0.410518	
	0.455848	
	0.502446	
	0.516854	
	0.470640	
	0.441686	
	0.456680	
	0.501229	
	0.423653	
	0.566282	
	0.542927	
	0.536094	
	0.509587	
	0.476583	
	0.506841	
	0.538721	
	0.499379	
	0.471809	
	0.444523	
	0.452459	
	0.445487	
	0.373034	
	0.494979	
	0.412292	
	0.341934	
	0.317131	
	0.374990	
	0.374020	
	0.408579	
	0.386939	
	0.458790	
	0.598662	
	0.616878	
	0.502334	
	0.456184	
	0.421219	
	0.415041	
	0.463010	
	0.455138	
	0.453461	
	0.468714	
	0.338762	
	0.369640	
	0.381076	
	0.324020	
	0.272594	
	0.378189	
	0.363950	
	0.386426	
	0.387875	
	0.408996	
	0.553827	
	0.532994	
	0.481478	
	0.392757	
	0.317277	
	0.332327	
	0.400805	
	0.328897	
	0.275303	
	0.264673	
	0.442558	
	0.381773	
	0.465981	
	0.459947	
	0.373126	
	0.378379	
	0.415931	
	0.441264	
	0.445734	
	0.407937	
	0.455291	
	0.591159	
	0.613375	
	0.568717	
	0.560034	
	0.573340	
	0.604820	
	0.613739	
	0.659324	
	0.731114	
	0.670049	
	0.512561	
	0.380608	
	0.482698	
	0.497160	
	0.461724	
	0.434380	
	0.487912	
	0.564631	
	0.626782	
	0.564922	
	0.445811	
	0.510643	
	0.489697	
	0.444048	
	0.389546	
	0.398177	
	0.460456	
	0.474365	
	0.440527	
	0.418034	
	0.487818	
	0.426592	
	0.480111	
	0.478369	
	0.381830	
	0.338943	
	0.361715	
	0.377462	
	0.349527	
	0.311499	
	0.359499	
	0.375513	
	0.557660	
	0.572262	
	0.560500	
	0.505152	
	0.443313	
	0.396646	
	0.394091	
	0.364626	
	0.349845	
	0.351036	
	0.434050	
	0.306162	
	0.305495	
	0.275248	
	0.276317	
	0.428110	
	0.365847	
	0.365196	
	0.332131	
	0.312745	
	0.531546	
	0.489571	
	0.463564	
	0.408902	
	0.359639	
	0.314668	
	0.401995	
	0.401134	
	0.353086	
	0.303751	
	0.443352	
	0.434867	
	0.439714	
	0.450244	
	0.347048	
	0.340772	
	0.379545	
	0.422928	
	0.428836	
	0.408732	
	0.452573	
	0.499195	
	0.540214	
	0.551410	
	0.534366	
	0.509649	
	0.558480	
	0.595678	
	0.616539	
	0.611323	
	0.664108	
	0.506008	
	0.468270	
	0.510697	
	0.533198	
	0.476373	
	0.470976	
	0.475472	
	0.535363	
	0.528980	
	0.457542	
	0.519383	
	0.568400	
	0.526580	
	0.462087	
	0.428604	
	0.439001	
	0.479251	
	0.469187	
	0.435009	
	0.456068	
	0.512985	
	0.358402	
	0.474270	
	0.518053	
	0.379088	
	0.335125	
	0.419558	
	0.375767	
	0.337320	
	0.315337	
	0.330317	
	0.471446	
	0.544223	
	0.554029	
	0.449594	
	0.367645	
	0.329419	
	0.356277	
	0.410729	
	0.392892	
	0.367760	
	0.462367	
	0.276571	
	0.274859	
	0.244471	
	0.209843	
	0.287945	
	0.308637	
	0.301225	
	0.277318	
	0.279770	
	0.295047	
	0.491481	
	0.507763	
	0.493012	
	0.493184	
	0.432647	
	0.432316	
	0.473463	
	0.431687	
	0.426403	
	0.411409	
	0.428387	
	0.425621	
	0.507843	
	0.498236	
	0.464003	
	0.462697	
	0.469857	
	0.445944	
	0.433975	
	0.463456	
	0.567592	
	0.593403	
	0.600002	
	0.569582	
	0.577540	
	0.552999	
	0.566992	
	0.598867	
	0.616279	
	0.608758	
	0.609965	
	0.390616	
	0.468170	
	0.511437	
	0.571327	
	0.532931	
	0.655127	
	0.707723	
	0.695485	
	0.662018	
	0.546164	
	0.628292	
	0.653695	
	0.592096	
	0.549891	
	0.553669	
	0.589977	
	0.610527	
	0.592393	
	0.566547	
	0.531039	
	0.459596	
	0.420310	
	0.538195	
	0.546668	
	0.423770	
	0.367333	
	0.442830	
	0.429332	
	0.364608	
	0.302176	
	0.294681	
	0.534194	
	0.599086	
	0.573498	
	0.525656	
	0.505544	
	0.577059	
	0.584309	
	0.576688	
	0.583343	
	0.564055	
	0.431865	
	0.497384	
	0.577650	
	0.553581	
	0.501634	
	0.516518	
	0.536954	
	0.478542	
	0.452467	
	0.432330	
	0.554208	
	0.574292	
	0.595836	
	0.582551	
	0.520261	
	0.501602	
	0.493692	
	0.488133	
	0.514763	
	0.539273	
	0.540754	
	0.419329	
	0.417505	
	0.465900	
	0.443831	
	0.481738	
	0.496798	
	0.464436	
	0.455156	
	0.468937	
	0.430982	
	0.557641	
	0.604607	
	0.623790	
	0.656479	
	0.644656	
	0.632789	
	0.707274	
	0.703514	
	0.704016	
	0.634100	
	0.556791	
	0.466244	
	0.373699	
	0.429131	
	0.455173	
	0.512473	
	0.537150	
	0.623358	
	0.623093	
	0.518448	
	0.566932	
	0.568091	
	0.499200	
	0.502553	
	0.468734	
	0.413358	
	0.486550	
	0.525895	
	0.524778	
	0.471677	
	0.419474	
	0.551142	
	0.402725	
	0.450017	
	0.395455	
	0.326451	
	0.346094	
	0.435805	
	0.471675	
	0.387017	
	0.371067	
	0.384570	
	0.593992	
	0.604260	
	0.546655	
	0.464237	
	0.387127	
	0.472441	
	0.543670	
	0.478359	
	0.462201	
	0.515840	
	0.421720	
	0.420497	
	0.477996	
	0.451082	
	0.422555	
	0.478775	
	0.463993	
	0.467837	
	0.387377	
	0.449105	
	0.603871	
	0.627291	
	0.596563	
	0.542187	
	0.483935	
	0.533640	
	0.555421	
	0.539404	
	0.515658	
	0.437338	
	0.485899	
	0.425905	
	0.428465	
	0.442700	
	0.417290	
	0.405003	
	0.451011	
	0.433540	
	0.463986	
	0.423052	
	0.548888	
	0.645663	
	0.645569	
	0.666266	
	0.654569	
	0.630099	
	0.597162	
	0.661117	
	0.646166	
	0.650842	
	0.653228	
	0.543020	
	0.404981	
	0.486282	
	0.546035	
	0.604909	
	0.538122	
	0.530529	
	0.601405	
	0.588244	
	0.515114	
	0.544761	
	0.637632	
	0.625283	
	0.676326	
	0.645985	
	0.611220	
	0.655755	
	0.647639	
	0.641706	
	0.615062	
	0.406468	
	0.627724	
	0.673531	
	0.684780	
	0.622118	
	0.551487	
	0.685150	
	0.710800	
	0.539389	
	0.646447	
	0.640936	
	0.698549	
	0.695631	
	0.697146	
	0.677984	
	0.672760	
	0.669306	
	0.673432	
	0.701544	
	0.564594	
	0.518826	
	0.487258	
	0.600171	
	0.500525	
	0.545552	
	0.584674	
	0.611032	
	0.650844	
	0.641818	
	0.596560	
	0.594393	
	0.568703	
	0.562657	
	0.553229	
	0.562954	
	0.582547	
	0.532030	
	0.579705	
	0.611603	
	0.576227	
	0.571434	
	0.516867	
	0.555184	
	0.684453	
	0.696860	
	0.680136	
	0.568845	
	0.415487	
	0.592541	
	0.715945	
	0.512239	
	0.617722	
	0.642432	
	0.674366	
	0.711641	
	0.677007	
	0.643802	
	0.617283	
	0.564159	
	0.539726	
	0.482472	
	0.405736	
	0.327438	
	0.436713	
	0.575310	
	0.607213	
	0.493681	
	0.511625	
	0.543489	
	0.552801	
	0.554583	
	0.593430	
	0.540764	
	0.536755	
	0.559709	
	0.547497	
	0.568512	
	0.588029	
	0.526851	
	0.540302	
	0.583173	
	0.607476	
	0.625128	
	0.522250	
	0.469095	
	0.694221	
	0.703156	
	0.631361	
	0.590577	
	0.579161	
	0.640986	
	0.681968	
	0.545460	
	0.553543	
	0.617023	
	0.657305	
	0.677673	
	0.616009	
	0.662764	
	0.631701	
	0.594492	
	0.489739	
	0.415355	
	0.334933	
	0.354794	
	0.479061	
	0.528605	
	0.456026	
	0.566739	
	0.586129	
	0.628691	
	0.626602	
	0.585169	
	0.530262	
	0.570491	
	0.666279	
	0.711575	
	0.550704	
	0.476154	
	0.601746	
	0.578657	
	0.573160	
	0.609290	
	0.626611	
	0.621673	
	0.646199	
	0.651058	
	0.671595	
	0.626549	
	0.521529	
	0.389882	
	0.335412	
	0.624795	
	0.533674	
	0.554504	
	0.669473	
	0.705691	
	0.724997	
	0.712411	
	0.697049	
	0.696544	
	0.651712	
	0.618124	
	0.568258	
	0.599580	
	0.583360	
	0.685511	
	0.599179	
	0.604821	
	0.632675	
	0.540625	
	0.607511	
	0.628479	
	0.648856	
	0.699369	
	0.733270	
	0.708065	
	0.752659	
	0.762343	
	0.716897	
	0.658155	
	0.520338	
	0.466893	
	0.503629	
	0.468223	
	0.505520	
	0.526466	
	0.522433	
	0.543572	
	0.558335	
	0.558034	
	0.542064	
	0.547966	
	0.554410	
	0.584976	
	0.587154	
	0.546822	
	0.536071	
	0.532832	
	0.562968	
	0.570721	
	0.568055	
	0.572396	
	0.558196	
	0.565361	
	0.594515	
	0.665529	
	0.587530	
	0.670828	
	0.682025	
	0.657613	
	0.650832	
	0.656642	
	0.678713	
	0.665086	
	0.663405	
	0.658520	
	0.630038	
	NaN	
	NaN	
	NaN	
	NaN	
	NaN	
	NaN	
	NaN	
	NaN	
	NaN	
	NaN	
	NaN	
	NaN	
	NaN	
	NaN	
	NaN	
	NaN	
	NaN	
	NaN	
	NaN	
	NaN	
	NaN	
	NaN	
	0.185907	
	NaN	
	NaN	
	NaN	
	NaN	
	NaN	
	NaN	
	NaN	
	NaN	
	NaN	
	NaN	
	0.277441	
	NaN	
	NaN	
	NaN	
	NaN	
	NaN	
	NaN	
	NaN	
	NaN	
	NaN	
	NaN	
	NaN	
	NaN	
	NaN	
	NaN	
	NaN	
	NaN	
	NaN	
	NaN	
	NaN	
	NaN	
	NaN	
	NaN	
	NaN	
	NaN	
	NaN	
	NaN	
	NaN	
	NaN	
	NaN	
	NaN	
	NaN	
	NaN	
	NaN	
	NaN	
	NaN	
	NaN	
	NaN	
	NaN	
	NaN	
	NaN	
	NaN	
	NaN	
	NaN	
	NaN	
	NaN	
	NaN	
	NaN	
	NaN	
	NaN	
	NaN	
	NaN	
	NaN	
	NaN	
	NaN	
	NaN	
	NaN	
	NaN	
	NaN	
	NaN	
	NaN	
	NaN	
	NaN	
	NaN	
	NaN	
	NaN	
	NaN	
	NaN	
	NaN	
	NaN	
	NaN	
	NaN	
	NaN	
	NaN	
	NaN	
	NaN	
	NaN	
	NaN	
	NaN	
	NaN	
	NaN	
	NaN	
	NaN	
	NaN	
	NaN	
	NaN	
	NaN	
	NaN	
	NaN	
	NaN	
	NaN	
	NaN	
	NaN	
	NaN	
	NaN	
	NaN	
	NaN	
	NaN	
	NaN	
	NaN	
	NaN	
	NaN	
	NaN	
	NaN	
	NaN	
	NaN	
	NaN	
	NaN	
	NaN	
	NaN	
	NaN	
	NaN	
	NaN	
	NaN	
	NaN	
	NaN	
	NaN	
	NaN	
	NaN	
	NaN	
	NaN	
	NaN	
	NaN	
	NaN	
	NaN	
	NaN	
	NaN	
	NaN	
	NaN	
	NaN	
	NaN	
	NaN	
	NaN	
	NaN	
	NaN	
	NaN	
	NaN	
	NaN	
	NaN	
	NaN	
	NaN	
	NaN	
	NaN	
	NaN	
	NaN	
	NaN	
	NaN	
	NaN	
	NaN	
	NaN	
	NaN	
	NaN	
	NaN	
	NaN	
	NaN	
	NaN	
	NaN	
	NaN	
	NaN	
	NaN	
	NaN	
	NaN	
	NaN	
	NaN	
	NaN	
	NaN	
	NaN	
	NaN	
	NaN	
	NaN	
	NaN	
	NaN	
	NaN	
	NaN	
	NaN	
	NaN	
	NaN	
	NaN	
	NaN	
	NaN	
	NaN	
	NaN	
	NaN	
	NaN	
	NaN	
