_Mode		
	0.066231	
	-0.024965	
	0.061187	
	-0.052934	
	-0.054217	
	-0.069523	
	-0.091143	
	-0.086438	
	0.033339	
	0.083445	
	-0.005253	
	0.071661	
	0.059616	
	-0.081990	
	-0.041678	
	0.100805	
	-0.082748	
	-0.025009	
	-0.017426	
	0.033094	
	-0.067087	
	-0.041152	
	0.001638	
	0.114218	
	0.079575	
	-0.169418	
	-0.149246	
	-0.054941	
	-0.004177	
	-0.183606	
	-0.094246	
	-0.011905	
	0.124766	
	0.190042	
	0.115648	
	0.108193	
	-0.214284	
	-0.040563	
	-0.038386	
	0.034558	
	0.000321	
	-0.081946	
	0.134044	
	-0.258197	
	-0.005876	
	-0.093643	
	-0.199095	
	0.107718	
	-0.105400	
	-0.029076	
	0.249668	
	-0.294988	
	-0.049257	
	-0.011623	
	-0.203132	
	-0.033077	
	-0.000870	
	-0.235153	
	-0.250857	
	0.006248	
	-0.042454	
	0.018017	
	0.000883	
	-0.006615	
	-0.020905	
	-0.014577	
	-0.077881	
	0.057969	
	-0.137725	
	-0.193259	
	-0.218628	
	0.058301	
	-0.036433	
	-0.048644	
	-0.090617	
	-0.015807	
	0.113150	
	-0.129601	
	-0.058727	
	0.085345	
	-0.254272	
	-0.014689	
	0.084609	
	-0.033864	
	-0.117705	
	-0.089844	
	-0.139469	
	-0.012266	
	-0.104856	
	-0.046488	
	-0.019534	
	-0.125013	
	0.067975	
	-0.005658	
	0.006705	
	-0.034198	
	-0.114819	
	-0.015140	
	-0.141976	
	-0.244626	
	-0.060628	
	-0.169282	
	0.065228	
	-0.229641	
	0.054483	
	0.146061	
	0.220984	
	0.010069	
	-0.094887	
	-0.069953	
	-0.114422	
	0.175724	
	0.025408	
	-0.323451	
	-0.069431	
	-0.013329	
	0.023350	
	-0.158765	
	0.108623	
	0.081257	
	-0.030473	
	-0.083378	
	0.102070	
	-0.088393	
	-0.104302	
	-0.070843	
	0.014843	
	0.031428	
	-0.144943	
	0.075094	
	-0.058028	
	0.050481	
	-0.094259	
	-0.079805	
	0.039133	
	-0.127367	
	0.115927	
	-0.028935	
	-0.045291	
	-0.097928	
	-0.080872	
	-0.023268	
	-0.034555	
	-0.009652	
	0.135347	
	0.122924	
	-0.047710	
	-0.209238	
	-0.060539	
	0.007667	
	0.029245	
	0.000336	
	0.087472	
	0.066839	
	-0.180169	
	-0.117937	
	0.203178	
	-0.018214	
	-0.016463	
	0.107423	
	-0.077894	
	-0.011806	
	-0.054102	
	-0.055662	
	0.037786	
	-0.044294	
	-0.001692	
	0.095545	
	-0.059873	
	-0.080070	
	-0.166234	
	-0.063077	
	-0.026590	
	-0.014515	
	-0.053492	
	-0.117738	
	-0.017157	
	-0.123340	
	0.086916	
	0.004544	
	-0.101808	
	-0.020868	
	-0.112111	
	-0.080452	
	-0.020035	
	-0.005869	
	-0.051251	
	-0.165693	
	-0.274075	
	-0.312877	
	-0.186978	
	-0.151474	
	-0.072294	
	0.070068	
	-0.046410	
	-0.140642	
	-0.220903	
	-0.071257	
	-0.068206	
	-0.021552	
	0.078229	
	-0.065511	
	0.110198	
	0.094733	
	0.045304	
	0.122216	
	-0.041362	
	-0.056692	
	-0.072726	
	0.299638	
	0.005865	
	-0.149950	
	-0.168382	
	-0.134938	
	-0.291300	
	-0.153897	
	-0.151476	
	-0.027600	
	0.054596	
	-0.117750	
	0.055409	
	0.153768	
	0.131016	
	-0.125004	
	0.057540	
	-0.006686	
	-0.072058	
	-0.050135	
	-0.073483	
	0.209440	
	-0.101755	
	-0.003718	
	0.059801	
	0.063970	
	0.073057	
	0.048765	
	0.026974	
	-0.058756	
	0.004944	
	0.009129	
	0.064546	
	-0.208430	
	-0.046637	
	-0.190356	
	0.021863	
	-0.024801	
	-0.082503	
	0.007463	
	0.040398	
	0.186007	
	-0.157956	
	-0.074331	
	-0.038158	
	-0.110956	
	-0.190422	
	0.076246	
	-0.067924	
	-0.035521	
	0.003142	
	-0.088738	
	-0.023986	
	-0.089636	
	0.042531	
	0.168529	
	0.048660	
	0.017689	
	0.057213	
	-0.159363	
	0.112480	
	0.006509	
	-0.018358	
	-0.189690	
	-0.071019	
	-0.171323	
	-0.107264	
	0.100268	
	-0.004782	
	-0.227138	
	-0.058651	
	-0.167936	
	-0.060783	
	0.006464	
	-0.224930	
	-0.145522	
	-0.033187	
	-0.074276	
	-0.219548	
	0.032999	
	0.123420	
	0.208518	
	0.173759	
	-0.207556	
	-0.003959	
	-0.117147	
	0.012768	
	-0.188509	
	-0.074988	
	0.111693	
	-0.099250	
	-0.129684	
	-0.211092	
	0.080407	
	0.060673	
	-0.155178	
	-0.031588	
	0.191513	
	0.185886	
	-0.162337	
	0.129022	
	-0.001551	
	-0.046830	
	-0.183272	
	0.013978	
	0.081176	
	-0.145148	
	-0.269233	
	0.080236	
	-0.104427	
	-0.152834	
	-0.147042	
	0.015583	
	-0.060580	
	-0.209592	
	-0.225277	
	0.026896	
	0.042564	
	-0.057554	
	0.096354	
	0.086617	
	-0.015733	
	-0.180568	
	0.116110	
	0.105580	
	0.026342	
	0.109914	
	0.074303	
	-0.088824	
	-0.102033	
	0.017564	
	0.200107	
	-0.115226	
	0.086385	
	-0.009064	
	-0.007808	
	-0.128171	
	-0.038666	
	0.050584	
	-0.091822	
	-0.019177	
	0.014899	
	0.167173	
	-0.068165	
	-0.129651	
	0.014393	
	-0.045544	
	-0.113594	
	-0.211783	
	-0.085245	
	0.138686	
	-0.004378	
	-0.247859	
	0.012474	
	-0.042584	
	0.000218	
	-0.011683	
	-0.145745	
	0.133801	
	-0.161858	
	0.142792	
	0.053226	
	-0.074166	
	-0.136770	
	-0.155160	
	-0.188501	
	0.116123	
	0.069625	
	-0.151824	
	-0.145459	
	-0.028550	
	-0.113964	
	-0.167306	
	-0.048113	
	0.118230	
	-0.094470	
	-0.188843	
	-0.103215	
	0.035918	
	0.034464	
	0.127711	
	-0.125333	
	-0.147698	
	-0.275373	
	-0.176776	
	-0.210724	
	0.036815	
	-0.014813	
	0.053682	
	-0.044975	
	0.052442	
	0.105147	
	0.001528	
	-0.051935	
	0.101747	
	0.155705	
	-0.021710	
	-0.216620	
	-0.037276	
	-0.114265	
	-0.114296	
	0.348777	
	0.035918	
	0.060295	
	-0.046630	
	-0.061391	
	-0.041841	
	0.005524	
	-0.069326	
	-0.158770	
	0.055600	
	0.126967	
	0.053280	
	0.072954	
	-0.155095	
	-0.014473	
	-0.097799	
	0.012709	
	-0.179660	
	0.159510	
	0.179563	
	-0.054922	
	-0.032387	
	-0.046880	
	0.067097	
	0.123844	
	0.016779	
	-0.114821	
	-0.287042	
	-0.025034	
	0.021493	
	-0.100067	
	-0.061412	
	-0.041404	
	-0.025534	
	0.017444	
	-0.091356	
	-0.189831	
	0.008588	
	-0.200869	
	-0.027776	
	-0.048460	
	0.158614	
	-0.065313	
	0.178588	
	0.165136	
	0.001644	
	0.087097	
	-0.036245	
	0.080411	
	-0.024426	
	0.027518	
	0.042483	
	0.126461	
	0.106680	
	0.121871	
	-0.002856	
	-0.106912	
	-0.026858	
	0.049154	
	-0.085024	
	-0.038916	
	0.054081	
	0.125328	
	0.162193	
	0.088005	
	0.077755	
	-0.219320	
	0.108072	
	0.071235	
	-0.018599	
	0.035929	
	-0.082893	
	0.142794	
	-0.117929	
	0.067881	
	-0.014104	
	-0.038921	
	0.098536	
	0.058189	
	-0.072747	
	-0.062822	
	0.054388	
	0.100321	
	0.049338	
	-0.031930	
	0.156580	
	-0.068927	
	-0.037107	
	0.017863	
	0.048481	
	0.065887	
	-0.185734	
	0.065816	
	0.128673	
	0.020239	
	-0.019053	
	0.149163	
	0.143208	
	0.131465	
	0.125851	
	0.187626	
	-0.032403	
	0.154345	
	-0.013336	
	0.139541	
	0.013074	
	0.106961	
	-0.014886	
	0.012974	
	0.039751	
	-0.012319	
	0.033521	
	0.050633	
	-0.046649	
	-0.008131	
	-0.103932	
	-0.068078	
	0.038855	
	0.033538	
	0.040970	
	0.034829	
	0.059760	
	-0.018289	
	-0.142506	
	-0.029122	
	-0.058801	
