_Mode		
	0.031364	
	0.008703	
	0.013738	
	0.049965	
	-0.023598	
	0.107799	
	0.023176	
	-0.049464	
	-0.092759	
	-0.073825	
	-0.009274	
	0.024353	
	0.024589	
	0.007274	
	0.023603	
	0.016478	
	-0.010854	
	-0.024246	
	0.026597	
	-0.037093	
	-0.034562	
	0.017999	
	0.068513	
	-0.118366	
	-0.059259	
	-0.095257	
	-0.288070	
	-0.079866	
	0.031154	
	0.023191	
	0.001985	
	0.063943	
	-0.026816	
	0.068091	
	0.060601	
	0.007566	
	0.004156	
	-0.096460	
	-0.022385	
	0.055174	
	-0.023772	
	-0.069751	
	-0.016634	
	0.080142	
	0.126057	
	-0.149832	
	-0.093668	
	-0.020756	
	0.002894	
	0.044507	
	0.088124	
	0.130448	
	-0.000134	
	-0.084048	
	-0.079903	
	-0.029265	
	0.062094	
	0.023691	
	0.040821	
	0.026628	
	0.029283	
	-0.235359	
	-0.019498	
	-0.117353	
	0.001148	
	0.000702	
	-0.048435	
	-0.050545	
	-0.153048	
	-0.025476	
	-0.145125	
	-0.035420	
	-0.062765	
	0.019908	
	-0.057912	
	-0.016508	
	-0.075291	
	-0.276509	
	0.066675	
	0.167798	
	0.014367	
	0.016756	
	-0.012002	
	-0.007951	
	-0.148150	
	-0.170859	
	-0.079810	
	-0.103349	
	-0.010571	
	0.009608	
	-0.077521	
	0.038830	
	0.043873	
	-0.075864	
	-0.313052	
	0.020151	
	0.022026	
	-0.016359	
	0.051425	
	-0.096812	
	-0.145462	
	-0.202349	
	-0.165978	
	-0.184222	
	-0.060828	
	0.044068	
	0.012146	
	-0.174841	
	-0.140168	
	-0.099897	
	0.136365	
	0.045928	
	-0.103720	
	-0.091597	
	-0.029718	
	-0.001939	
	-0.040238	
	0.051189	
	-0.139694	
	-0.108897	
	-0.077020	
	0.110138	
	0.030282	
	0.099725	
	-0.039704	
	-0.038139	
	-0.064425	
	-0.155354	
	-0.115953	
	-0.130187	
	0.137167	
	-0.068030	
	-0.026448	
	0.113051	
	0.030941	
	0.188546	
	0.024019	
	0.045349	
	0.129217	
	0.112618	
	-0.235171	
	-0.091970	
	0.088950	
	0.048487	
	0.061344	
	0.173988	
	0.053120	
	-0.146601	
	-0.194320	
	-0.153041	
	-0.103775	
	-0.140031	
	-0.210585	
	-0.214354	
	0.077482	
	0.232835	
	0.076714	
	0.130322	
	-0.005039	
	-0.049764	
	0.065693	
	-0.108707	
	0.109050	
	0.149131	
	-0.201155	
	0.097908	
	0.142222	
	-0.033236	
	-0.025714	
	0.100759	
	0.031846	
	-0.099885	
	0.260170	
	0.136765	
	0.132850	
	0.126251	
	0.107946	
	-0.106548	
	-0.031672	
	-0.056395	
	0.008890	
	-0.157747	
	-0.018796	
	-0.127063	
	-0.060812	
	-0.058177	
	-0.018265	
	-0.022219	
	0.208925	
	-0.045702	
	-0.198934	
	-0.163406	
	-0.131626	
	-0.158156	
	0.252605	
	-0.116377	
	-0.015208	
	-0.074023	
	0.075074	
	0.070512	
	0.089197	
	0.118376	
	0.069030	
	0.088756	
	0.143150	
	0.133144	
	-0.022234	
	-0.086916	
	-0.134424	
	0.063801	
	0.090368	
	-0.054590	
	-0.045472	
	-0.186219	
	0.158461	
	-0.145805	
	-0.066374	
	-0.140689	
	-0.240542	
	-0.187062	
	-0.176120	
	-0.097199	
	-0.114962	
	-0.003314	
	-0.082846	
	0.001035	
	-0.182646	
	0.114361	
	0.291110	
	0.078027	
	-0.150345	
	-0.056670	
	0.073044	
	-0.041973	
	0.005730	
	-0.022981	
	-0.118766	
	-0.134735	
	-0.110653	
	-0.137240	
	0.007512	
	-0.245867	
	-0.039956	
	-0.068580	
	-0.004342	
	0.125755	
	0.019516	
	0.071685	
	-0.059271	
	-0.099085	
	0.093185	
	-0.051481	
	-0.119336	
	0.087021	
	0.141529	
	0.187907	
	0.111538	
	0.129027	
	-0.265824	
	-0.089630	
	-0.252057	
	-0.300769	
	0.049538	
	-0.013571	
	-0.124360	
	-0.091688	
	0.173633	
	0.029444	
	0.077599	
	0.091184	
	0.078403	
	0.130852	
	0.081780	
	0.134117	
	0.271010	
	-0.172205	
	-0.204092	
	-0.225340	
	-0.203729	
	-0.158158	
	-0.362280	
	-0.317159	
	-0.278641	
	-0.116321	
	0.181823	
	0.071187	
	0.224187	
	0.093047	
	-0.024563	
	-0.164741	
	0.041927	
	0.192626	
	0.095805	
	-0.021851	
	0.290723	
	0.064107	
	-0.022342	
	0.035501	
	0.001559	
	0.031560	
	0.092764	
	0.192427	
	0.105798	
	0.065582	
	0.099408	
	0.067797	
	0.245072	
	0.173393	
	0.132140	
	0.034352	
	0.087685	
	0.047212	
	0.070989	
	0.069915	
	0.016062	
	0.060768	
	0.048558	
	0.066881	
	0.002296	
	-0.020453	
	0.045875	
	0.040336	
	0.072303	
	0.059794	
	0.104907	
	0.180088	
