_Mode		
	-0.123641	
	0.032458	
	-0.017410	
	0.094724	
	-0.090452	
	-0.057697	
	0.027804	
	0.022674	
	-0.145359	
	-0.025712	
	0.028581	
	-0.145233	
	0.053803	
	0.073588	
	0.027558	
	-0.038665	
	-0.087651	
	-0.095019	
	-0.244872	
	-0.177832	
	-0.126618	
	-0.023563	
	-0.099302	
	-0.130483	
	-0.196310	
	-0.175474	
	-0.060008	
	-0.020436	
	-0.315304	
	-0.139913	
	-0.085152	
	-0.081954	
	-0.179389	
	0.133806	
	0.002840	
	-0.271650	
	0.035922	
	-0.234022	
	-0.006740	
	-0.216975	
	0.143029	
	-0.217757	
	-0.093045	
	-0.167053	
	-0.004598	
	-0.130362	
	-0.308575	
	-0.026256	
	-0.248168	
	-0.239669	
	-0.040597	
	0.080439	
	-0.248050	
	-0.194300	
	-0.266702	
	-0.175099	
	-0.335779	
	-0.278883	
	0.075384	
	-0.270086	
	0.029838	
	0.050920	
	-0.178378	
	0.030389	
	0.020906	
	-0.151987	
	-0.055115	
	-0.021868	
	-0.098526	
	-0.008963	
	-0.182234	
	-0.202834	
	-0.195959	
	0.202527	
	-0.062945	
	-0.055260	
	-0.041165	
	-0.084271	
	-0.011996	
	0.040078	
	-0.247912	
	-0.253378	
	-0.176540	
	-0.161730	
	-0.304799	
	-0.321770	
	-0.213646	
	-0.178060	
	-0.270723	
	-0.247351	
	-0.040988	
	-0.181901	
	0.117559	
	0.043994	
	-0.102319	
	0.018139	
	-0.107371	
	-0.029186	
	-0.255354	
	-0.147436	
	0.114106	
	-0.174031	
	0.116784	
	-0.222156	
	-0.304812	
	0.007059	
	-0.103570	
	-0.023803	
	0.076035	
	0.051959	
	-0.138121	
	0.074441	
	0.054575	
	0.119574	
	-0.048685	
	-0.092299	
	-0.133801	
	-0.163693	
	-0.179810	
	0.027130	
	-0.120823	
	0.167793	
	0.098985	
	-0.192294	
	-0.118596	
	-0.171674	
	-0.151706	
	-0.084513	
	-0.127725	
	-0.128740	
	0.041137	
	0.110111	
	-0.307018	
	-0.107567	
	0.168293	
	0.094331	
	-0.217162	
	-0.094062	
	-0.217540	
	0.081521	
	0.203930	
	0.125961	
	0.249207	
	0.062753	
	0.105841	
	-0.189799	
	-0.061908	
	-0.050642	
	-0.101854	
	0.034853	
	0.046544	
	0.062580	
	-0.030569	
	-0.144008	
	-0.177427	
	-0.173092	
	-0.092558	
	-0.154655	
	-0.111163	
	-0.061810	
	-0.114957	
	-0.097627	
	-0.065347	
	-0.179593	
	-0.112057	
	-0.058329	
	-0.253673	
	-0.163247	
	-0.184848	
	0.046449	
	-0.123741	
	0.101212	
	0.160910	
	0.048600	
	-0.078988	
	-0.148817	
	0.011958	
	0.298876	
	-0.005885	
	-0.265242	
	-0.254353	
	-0.083157	
	-0.119362	
	-0.094429	
	-0.160995	
	0.125168	
	-0.124828	
	-0.078662	
	-0.148365	
	-0.158299	
	-0.160509	
	-0.094355	
	-0.102253	
	-0.068478	
	-0.178891	
	-0.044338	
	-0.033068	
	-0.335301	
	-0.015208	
	-0.177733	
	0.139089	
	0.068725	
	0.139908	
	0.128313	
	0.012867	
	-0.274145	
	-0.195426	
	-0.191558	
	0.198826	
	0.029094	
	0.211814	
	0.044086	
	-0.225286	
	-0.147330	
	0.005326	
	0.173580	
	-0.102977	
	-0.006479	
	-0.017085	
	0.107214	
	-0.138949	
	0.011015	
	0.051477	
	0.004847	
	0.100120	
	-0.023714	
	-0.014451	
	0.048364	
	-0.008527	
	0.087751	
	-0.112130	
	0.047340	
	-0.079574	
	0.142064	
	-0.148083	
	-0.076091	
	0.009318	
	-0.141108	
	-0.031112	
	0.058100	
	0.034227	
	-0.084932	
	-0.295000	
	0.006292	
	0.171650	
	0.132535	
	0.169333	
	0.045569	
	0.003733	
	-0.314961	
	0.081856	
	0.039513	
	0.139862	
	-0.154714	
	-0.146643	
	0.010749	
	-0.111242	
	0.083250	
	0.026991	
	0.075479	
	-0.025170	
	-0.242343	
	-0.106805	
	-0.097744	
	-0.021223	
	0.006091	
	-0.164396	
	-0.040056	
	-0.057791	
	-0.027878	
	-0.174906	
	-0.159336	
	-0.129575	
	-0.183839	
	-0.309392	
	-0.100003	
	-0.103505	
	-0.141583	
	-0.144964	
	-0.175403	
	-0.040879	
	-0.044891	
	0.066144	
	-0.155239	
	-0.146220	
	0.025257	
	-0.017992	
	0.131194	
	-0.311361	
	-0.130591	
	0.179544	
	-0.077580	
	0.131724	
	-0.123734	
	-0.282499	
	-0.101813	
	0.102331	
	-0.158823	
	0.074390	
	-0.258525	
	-0.164266	
	-0.055909	
	0.056804	
	-0.250086	
	-0.035516	
	-0.172110	
	-0.065656	
	0.024107	
	-0.051099	
	0.050485	
	-0.155572	
	0.144925	
	0.064418	
	-0.079232	
	-0.149366	
	0.140867	
	-0.094683	
	0.170306	
	-0.219738	
	0.153352	
	-0.088324	
	-0.096628	
	-0.011073	
	-0.042399	
	-0.216853	
	-0.161342	
	-0.222054	
	-0.081067	
	-0.136920	
	0.010696	
	-0.143085	
	-0.072274	
	-0.027863	
	-0.063023	
	-0.043825	
	-0.255332	
	-0.195425	
	-0.025247	
	-0.112467	
	-0.303077	
	-0.233211	
	-0.042217	
	0.229782	
	-0.075746	
	0.035340	
	0.034775	
	-0.017784	
	-0.160043	
	-0.168558	
	0.162447	
	-0.251344	
	0.012390	
	0.097401	
	-0.353673	
	-0.116556	
	-0.061940	
	-0.082702	
	-0.255556	
	0.042060	
	0.018896	
	0.031528	
	-0.267919	
	-0.245463	
	-0.223603	
	-0.125100	
	-0.191091	
	-0.144755	
	0.052894	
	-0.145027	
	0.021274	
	-0.036351	
	-0.345368	
	-0.083594	
	-0.212993	
	-0.332011	
	-0.088692	
	0.159758	
	-0.052933	
	-0.142398	
	-0.082085	
	-0.036437	
	-0.058703	
	-0.170496	
	-0.131793	
	-0.005190	
	-0.158778	
	-0.250047	
	-0.318525	
	0.082425	
	-0.301264	
	-0.333842	
	-0.088648	
	0.068460	
	-0.118554	
	-0.077208	
	0.076505	
	-0.232605	
	-0.235378	
	-0.192023	
	-0.112588	
	-0.291050	
	0.061376	
	-0.017655	
	0.011756	
	-0.037984	
	-0.185450	
	0.057214	
	-0.115817	
	0.016206	
	-0.093614	
	-0.031097	
	0.118090	
	0.035751	
	0.036235	
	0.080165	
	0.145394	
	0.035283	
	-0.008288	
	0.135434	
	-0.145930	
	-0.071247	
	0.029186	
	0.072482	
	-0.232043	
	-0.004146	
	0.002272	
	-0.269842	
	-0.106210	
	-0.001400	
	-0.061604	
	-0.012796	
	-0.018843	
	0.027663	
	-0.227130	
	-0.082089	
	0.070169	
	0.123375	
	-0.097270	
	-0.029272	
	-0.195582	
	0.019775	
	0.013669	
	-0.167876	
	0.086189	
	0.148980	
	0.053717	
	0.008074	
	0.069331	
	-0.089900	
	-0.061211	
	-0.151927	
	-0.183713	
	-0.132734	
	-0.154504	
	0.116847	
	-0.051521	
	-0.150813	
	-0.117420	
	-0.069236	
	-0.019006	
	0.007663	
	0.056807	
	-0.216687	
	-0.091788	
	-0.103720	
	0.098917	
	-0.012005	
	0.134778	
	-0.031864	
	-0.050461	
	0.158199	
	-0.285235	
	-0.045712	
	-0.134018	
	0.087559	
	-0.192924	
	0.017052	
	-0.029547	
	-0.121002	
	-0.126405	
	-0.050032	
	-0.105919	
	-0.038378	
	-0.156014	
	-0.135440	
	-0.210808	
	-0.185001	
	-0.091490	
	0.034415	
	0.052286	
	0.049944	
	-0.063275	
	0.024904	
	-0.178972	
	-0.139325	
	0.087615	
	-0.067385	
	-0.108692	
	0.038510	
	0.102799	
	-0.102308	
	0.000751	
	0.086452	
	0.121736	
	0.100775	
	-0.019145	
	-0.072600	
	-0.210237	
	-0.037084	
	0.045557	
	-0.014666	
	-0.087544	
	-0.083201	
	-0.067037	
	-0.064596	
	-0.061251	
	-0.054993	
	-0.103694	
	-0.103352	
	-0.101867	
	-0.059235	
	-0.088750	
	-0.058953	
	-0.081286	
	0.155402	
	0.105274	
	0.000000	
	0.000000	
	0.000000	
	0.000000	
	0.000000	
