_Brightness		
	NaN	
	NaN	
	NaN	
	NaN	
	NaN	
	NaN	
	NaN	
	NaN	
	NaN	
	NaN	
	NaN	
	NaN	
	NaN	
	NaN	
	NaN	
	NaN	
	NaN	
	NaN	
	NaN	
	NaN	
	NaN	
	NaN	
	NaN	
	NaN	
	NaN	
	NaN	
	NaN	
	NaN	
	NaN	
	NaN	
	NaN	
	NaN	
	NaN	
	NaN	
	NaN	
	NaN	
	NaN	
	NaN	
	NaN	
	NaN	
	NaN	
	0.334676	
	0.403016	
	0.463931	
	0.628874	
	0.584357	
	0.592631	
	0.679019	
	0.733651	
	0.681638	
	0.658666	
	0.636148	
	0.522605	
	0.515637	
	0.446411	
	0.516004	
	0.535234	
	0.577371	
	0.598294	
	0.543155	
	0.441152	
	0.335494	
	0.291117	
	0.302569	
	0.257083	
	0.302312	
	0.355798	
	0.297731	
	0.360316	
	0.275534	
	0.325659	
	0.336122	
	0.393259	
	0.420566	
	0.464159	
	0.482682	
	0.435034	
	0.416244	
	0.338461	
	0.343477	
	0.316610	
	0.346703	
	0.306727	
	0.290578	
	0.344068	
	0.388163	
	0.344995	
	0.302681	
	0.428669	
	0.484660	
	0.516884	
	0.463179	
	0.407414	
	0.408163	
	0.415326	
	0.450366	
	0.499510	
	0.457039	
	0.479885	
	0.469665	
	0.494232	
	0.463709	
	0.489612	
	0.525204	
	0.534103	
	0.518805	
	0.534004	
	0.548358	
	0.584731	
	0.564259	
	0.596580	
	0.568703	
	0.588940	
	0.555990	
	0.610971	
	0.531870	
	0.660020	
	0.626831	
	0.593130	
	0.593747	
	0.593129	
	0.601609	
	0.569276	
	0.610258	
	0.588062	
	0.574312	
	0.540678	
	0.549976	
	0.529489	
	0.567817	
	0.613410	
	0.583218	
	0.555564	
	0.512347	
	0.557227	
	0.589464	
	0.526677	
	0.596270	
	0.614656	
	0.578331	
	0.564407	
	0.722608	
	0.628536	
	0.594446	
	0.557868	
	0.591311	
	0.625583	
	0.587859	
	0.600872	
	0.591874	
	0.587298	
	0.602076	
	0.574080	
	0.582857	
	0.569417	
	0.573779	
	0.501125	
	0.397549	
	0.483818	
	0.597006	
	0.604128	
	0.620374	
	0.522634	
	0.519436	
	0.495101	
	0.514883	
	0.549145	
	0.614382	
	0.517771	
	0.575089	
	0.815253	
	0.845802	
	0.840207	
	0.835025	
	0.842342	
	0.832129	
	0.837796	
	0.803872	
	0.818049	
	0.816004	
	0.851318	
	0.833052	
	0.815184	
	0.851452	
	0.831057	
	0.814924	
	0.766760	
	0.800126	
	0.814172	
	0.743728	
	0.711312	
	0.727380	
	0.737609	
	0.717427	
	0.778491	
	0.641938	
	0.623515	
	0.669380	
	0.740470	
	0.698517	
	0.669876	
	0.712629	
	0.710083	
	0.680559	
	0.625315	
	0.648463	
	0.698075	
	0.695505	
	0.614174	
	0.643368	
	0.629024	
	0.663839	
	0.626974	
	0.589774	
	0.575952	
	0.619512	
	0.551204	
	0.521739	
	0.356981	
	0.467444	
	0.544367	
	0.518012	
	0.567988	
	0.552206	
	0.475633	
	0.520527	
	0.454656	
	0.484609	
	0.471162	
	0.445827	
	0.505196	
	0.456757	
	0.446859	
	0.443034	
	0.454061	
	0.441020	
	0.485301	
	0.459185	
	0.408154	
	0.448489	
	0.444576	
	0.403645	
	0.426937	
	0.449104	
	0.471345	
	0.462905	
	0.429598	
	0.433899	
	0.378668	
	0.392584	
	0.322370	
	0.400539	
	0.414482	
	0.393008	
	0.395151	
	0.387671	
	0.394418	
	0.353802	
	0.390140	
	0.363835	
	0.291956	
	0.349312	
	0.355665	
	0.381826	
	0.365758	
	0.366599	
	0.419322	
	0.414141	
	0.399110	
	0.449452	
	0.397131	
	0.452386	
	0.378412	
	0.380241	
	0.414814	
	0.326609	
	0.388549	
	0.346725	
	0.414968	
	0.303893	
	0.353136	
	0.397546	
	0.390805	
	0.415817	
	0.415967	
	0.342893	
	0.381466	
	0.359857	
	0.343457	
	0.392933	
	0.351279	
	0.393164	
	0.366752	
	0.411329	
	0.385522	
	0.382779	
	0.328492	
	0.358063	
	0.275373	
	0.267671	
	0.335613	
	0.356462	
	0.313625	
	0.335982	
	0.334283	
	0.313555	
	0.285709	
	0.285316	
	0.344488	
	0.346689	
	0.326441	
	0.381155	
	0.370021	
	0.380681	
	0.361607	
	0.357310	
	0.384976	
	0.347932	
	0.331285	
	0.315478	
	0.311390	
	0.332965	
	0.372285	
	0.317285	
	0.315913	
	0.378447	
	0.343277	
	0.319881	
	0.270651	
	0.347927	
	0.322507	
	0.310286	
	0.370537	
	0.372279	
	0.343125	
	0.326897	
	0.339232	
	0.367900	
	0.412816	
	0.365893	
	0.367531	
	0.321141	
	0.417031	
	0.338496	
	0.380303	
	0.418389	
	0.408524	
	0.347390	
	0.386318	
	0.357085	
	0.354216	
	0.303244	
	0.328142	
	0.333193	
	0.308277	
	0.272271	
	0.299556	
	0.322049	
	0.305218	
	0.338655	
	0.331273	
	0.349019	
	0.318293	
	0.325264	
	0.279893	
	0.272222	
	0.329129	
	0.319106	
	0.297381	
	0.366523	
	0.325483	
	0.290060	
	0.320445	
	0.355746	
	0.315432	
	0.299447	
	0.338213	
	0.300239	
	0.430021	
	0.353090	
	0.278092	
	0.364808	
	0.342610	
	0.307609	
	0.338656	
	0.298135	
	0.387473	
	0.301208	
	0.355318	
	0.384062	
	0.390580	
	0.348662	
	0.408683	
	0.403816	
	0.390019	
	0.395552	
	0.414028	
	0.407794	
	0.379320	
	0.382931	
	0.360800	
	0.339035	
	0.356156	
	0.372381	
	0.350303	
	0.424767	
	0.355134	
	0.340430	
	0.345979	
	0.371001	
	0.319734	
	0.349164	
	0.377173	
	0.350473	
	0.309966	
	0.343213	
	0.283950	
	0.299232	
	0.319765	
	0.297628	
	0.296681	
	0.282311	
	0.269550	
	0.336196	
	0.282864	
	0.263643	
	0.260399	
	0.256830	
	0.204689	
	0.227616	
	0.279859	
	0.266209	
	0.327476	
	0.278517	
	0.316748	
	0.337503	
	0.362173	
	0.330370	
	0.333518	
	0.300256	
	0.345364	
	0.305102	
	0.302163	
	0.309147	
	0.280340	
	0.306731	
	0.298042	
	0.303694	
	0.302855	
	0.346022	
	0.333250	
	0.357628	
	0.314965	
	0.305956	
	0.317058	
	0.337352	
	0.323845	
	0.337371	
	0.298180	
	0.348264	
	0.320437	
	0.355395	
	0.296752	
	0.324913	
	0.328294	
	0.317346	
	0.345113	
	0.291534	
	0.327103	
	0.349483	
	0.408492	
	0.715002	
	0.714536	
	0.669707	
	0.698864	
	0.733477	
	0.699099	
	0.646347	
	0.608326	
	0.453571	
	0.371254	
	0.445522	
	0.437543	
	0.330134	
	0.284085	
	0.220387	
	0.243225	
	0.341756	
	0.270299	
	0.253255	
	0.270373	
	0.279899	
	0.365348	
	0.339152	
	0.646779	
	0.542680	
	0.397725	
	0.325879	
	0.326329	
	0.316542	
	0.354905	
	0.373759	
	0.362394	
	0.436179	
	0.564463	
	0.634007	
	0.773670	
	0.677688	
	0.533953	
	0.398022	
	0.366189	
	0.351064	
	0.339772	
	0.352882	
	0.341788	
	0.362147	
	0.476772	
	0.582676	
	0.444516	
	0.370126	
	0.379655	
	0.303250	
	0.486098	
	0.562307	
	0.476603	
	0.350157	
	0.381486	
	0.362083	
	0.333346	
	0.342461	
	0.304919	
	0.356689	
	0.337585	
	0.334676	
	0.575767	
	0.849011	
	0.811774	
	0.675473	
	0.582668	
	0.453005	
	0.354951	
	0.345229	
	0.365420	
	0.320546	
	0.326252	
	0.443456	
	0.427754	
	0.434092	
	0.464997	
	0.394605	
	0.586735	
	0.730341	
	0.874530	
	0.804609	
	0.663932	
	0.571864	
	0.484826	
	0.469859	
	0.449345	
	0.368801	
	0.512525	
	0.486057	
	0.464291	
	0.661202	
	0.551947	
	0.546363	
	0.695766	
	0.683704	
	0.769910	
	0.658055	
	0.497409	
	0.491544	
	0.486242	
	0.724813	
	0.699433	
	0.581247	
	0.463981	
	0.327657	
	0.376501	
	0.321124	
	0.334197	
	0.337967	
	0.325972	
	0.321647	
	0.330320	
	0.395952	
	0.375516	
	0.294143	
	0.296053	
	0.386690	
	0.388576	
	0.451933	
	0.567324	
	0.636685	
	0.549041	
	0.666280	
	0.668766	
	0.769630	
	0.872428	
	0.777842	
	0.662440	
	0.545469	
	0.632206	
	0.653720	
	0.588930	
	0.577541	
	0.600965	
	0.531407	
	0.492387	
	0.331655	
	0.204516	
	0.163951	
	0.205213	
	0.495703	
	0.808978	
	0.793194	
	0.781337	
	0.778456	
	0.748330	
	0.633450	
	0.634890	
	0.516430	
	0.458654	
	0.520685	
	0.515991	
	0.648283	
	0.519203	
	0.367060	
	0.272082	
	0.327611	
	0.532893	
	0.552968	
	0.365607	
	0.308567	
	0.326198	
	0.378650	
	0.443182	
	0.451703	
	0.365297	
	0.375098	
	0.380271	
	0.577676	
	0.792583	
	0.869727	
	0.785016	
	0.689850	
	0.689782	
	0.653353	
	0.599373	
	0.646358	
	0.657696	
	0.538547	
	0.521719	
	0.661877	
	0.621381	
	0.503062	
	0.621340	
	0.538540	
	0.460375	
	0.657543	
	0.618709	
	0.467430	
	0.720136	
	0.659734	
	0.746924	
	0.772717	
	0.674552	
	0.463615	
	0.280750	
	0.278684	
	0.223254	
	0.205841	
	0.234071	
	0.244272	
	0.252772	
	0.357068	
	0.462091	
	0.439812	
	0.396736	
	0.411348	
	0.433012	
	0.513134	
	0.785290	
	0.796877	
	0.714929	
	0.647994	
	0.715763	
	0.610040	
	0.799468	
	0.774270	
	0.629903	
	0.481229	
	0.323725	
	0.435695	
	0.574521	
	0.639435	
	0.649660	
	0.656890	
	0.660042	
	0.706493	
	0.539127	
	0.486716	
	0.472063	
	0.315236	
	0.466447	
	0.558546	
	0.442031	
	0.313869	
	0.254331	
	0.348735	
	0.434078	
	0.490763	
	0.494195	
	0.489150	
	0.559959	
	0.604599	
	0.762325	
	0.913688	
	0.890802	
	0.706738	
	0.677368	
	0.631558	
	0.578298	
	0.586757	
	0.558905	
	0.575106	
	0.465881	
	0.371338	
	0.465088	
	0.526065	
	0.479275	
	0.494953	
	0.626247	
	0.724557	
	0.756952	
	0.658688	
	0.540389	
	0.425870	
	0.441392	
	0.456704	
	0.444663	
	0.382908	
	0.388746	
	0.369529	
	0.409736	
	0.678782	
	0.591989	
	0.526444	
	0.453921	
	0.419195	
	0.610139	
	0.660305	
	0.596273	
	0.533583	
	0.548436	
	0.597411	
	0.533209	
	0.544171	
	0.645168	
	0.627577	
	0.595206	
	0.607646	
	0.639628	
	0.578073	
	0.631375	
	0.716842	
	0.700851	
	0.532403	
	0.408041	
	0.533571	
	0.521735	
	0.451846	
	0.422629	
	0.410758	
	0.331810	
	0.397411	
	0.410296	
	0.348002	
	0.573691	
	0.533937	
	0.544176	
	0.572276	
	0.572207	
	0.552261	
	0.551890	
	0.553947	
	0.487138	
	0.408843	
	0.526554	
	0.502719	
	0.489159	
	0.583444	
	0.592370	
	0.543809	
	0.631941	
	0.652651	
	0.412168	
	0.396283	
	0.456854	
	0.423547	
	0.432344	
	0.481976	
	0.531810	
	0.630213	
	0.679006	
	0.735655	
	0.726575	
	0.652592	
	0.605222	
	0.637731	
	0.611600	
	0.594818	
	0.558166	
	0.535800	
	0.519987	
	0.560830	
	0.590878	
	0.636154	
	0.603187	
	0.464171	
	0.575628	
	0.607762	
	0.614203	
	0.635748	
	0.620698	
	0.625346	
	0.573986	
	0.552759	
	0.578264	
	0.573549	
	0.530390	
	0.429409	
	0.526420	
	0.527374	
	0.561939	
	0.577192	
	0.534011	
	0.590741	
	0.671988	
	0.688542	
	0.704180	
	0.716329	
	0.695640	
	0.662720	
	0.624654	
	0.589342	
	0.565135	
	0.611883	
	0.464980	
	0.531079	
	0.571090	
	0.576670	
	0.562155	
	0.602016	
	0.527588	
	0.478063	
	0.464932	
	0.439683	
	0.464284	
	0.443604	
	0.502367	
	0.422561	
	0.439921	
	0.436002	
	0.450700	
	0.575672	
	0.553649	
	0.677636	
	0.632828	
	0.692278	
	0.565949	
	0.512249	
	0.507480	
	0.494834	
	0.485759	
	0.488685	
	0.573673	
	0.559147	
	0.573514	
	0.608471	
	0.608811	
	0.654911	
	0.691292	
	0.493948	
	0.444441	
	0.387503	
	0.350395	
	0.359287	
	0.432233	
	0.406820	
	0.328292	
	0.321219	
	0.389284	
	0.478622	
	0.437325	
	0.350801	
	0.363481	
	0.365080	
	0.396618	
	0.460562	
	0.478814	
	0.441123	
	0.391642	
	0.403655	
	0.489881	
	0.471289	
	0.448063	
	0.473157	
	0.530982	
	0.474105	
	0.436815	
	0.436373	
	0.392852	
	0.381209	
	0.460932	
	0.680200	
	0.533076	
	0.488195	
	0.541883	
	0.466521	
	0.439911	
	0.399921	
	0.350277	
	0.359156	
	0.328769	
	0.322802	
	0.461152	
	0.458851	
	0.532105	
	0.462000	
	0.478799	
	0.474643	
	0.536629	
	0.632571	
	0.650541	
	0.587684	
	0.572586	
	0.553567	
	0.497598	
	0.511289	
	0.370924	
	0.419100	
	0.376633	
	0.300494	
	0.342638	
	0.350841	
	0.329104	
	0.314179	
	0.303593	
	0.371050	
	0.446344	
	0.552216	
	0.537453	
	0.539862	
	0.527648	
	0.513452	
	0.595205	
	0.347379	
	0.494808	
	0.732887	
	0.852042	
	0.884598	
	0.647145	
	0.666581	
	0.632453	
	0.577391	
	0.563822	
	0.571202	
	0.662124	
	0.578010	
	0.520440	
	0.552920	
	0.542939	
	0.517164	
	0.450947	
	0.424277	
	0.422156	
	0.373877	
	0.410294	
	0.374438	
	0.360986	
	0.352926	
	0.315424	
	0.334113	
	0.350982	
	0.399654	
	0.417607	
	0.354535	
	0.346236	
	0.397688	
	0.414989	
	0.416265	
	0.377139	
	0.329249	
	0.405906	
	0.594261	
	0.564672	
	0.516580	
	0.527900	
	0.635361	
	0.668224	
	0.676316	
	0.714744	
	0.687144	
	0.713928	
	0.705115	
	0.767327	
	0.554572	
	0.521556	
	0.532340	
	0.529137	
	0.477580	
	0.422016	
	0.437058	
	0.376952	
	0.416043	
	0.457951	
	0.486925	
	0.512682	
	0.679106	
	0.704810	
	0.675479	
	0.626820	
	0.624490	
	0.621168	
	0.661065	
	0.711689	
	0.717760	
	0.751641	
	0.740032	
	0.577108	
	0.460768	
	0.449477	
	0.431068	
	0.389126	
	0.331778	
	0.345547	
	0.353751	
	0.321816	
	0.307735	
	0.303214	
	0.430185	
	0.512822	
	0.509850	
	0.560698	
	0.483025	
	0.456865	
	0.424575	
	0.364975	
	0.405680	
	0.417211	
	0.603851	
	0.576183	
	0.533108	
	0.563006	
	0.552696	
	0.496378	
	0.484614	
	0.489298	
	0.523804	
	0.465568	
	0.456055	
	0.437119	
	0.445954	
	0.588747	
	0.478394	
	0.439426	
	0.425369	
	0.426218	
	0.414131	
	0.472309	
	0.498358	
	0.407704	
	0.354932	
	0.332125	
	0.332741	
	0.486550	
	0.436585	
	0.348345	
	0.334482	
	0.361786	
	0.403667	
	0.479883	
	0.593018	
	0.607783	
	0.619846	
	0.733108	
	0.587783	
	0.612352	
	0.571052	
	0.589256	
	0.622589	
	0.616512	
	0.617981	
	0.599034	
	0.558576	
	0.641906	
	0.680802	
	0.703041	
	0.483514	
	0.498556	
	0.480313	
	0.467324	
	0.463969	
	0.481192	
	0.488212	
	0.466512	
	0.592574	
	0.454354	
	0.410419	
	0.464369	
	0.557943	
	0.415711	
	0.398094	
	0.394455	
	0.441426	
	0.508281	
	0.621021	
	0.602130	
	0.588791	
	0.663878	
	0.425797	
	0.412395	
	0.392532	
	0.414601	
	0.406593	
	0.509751	
	0.518877	
	0.591158	
	0.542129	
	0.490321	
	0.466888	
	0.468544	
	0.584957	
	0.527161	
	0.481878	
	0.503783	
	0.496509	
	0.449196	
	0.379181	
	0.345457	
	0.362719	
	0.336985	
	0.409799	
	0.494335	
	0.544819	
	0.578442	
	0.471535	
	0.458692	
	0.407713	
	0.441251	
	0.480433	
	0.505728	
	0.564498	
	0.637783	
	0.662994	
	0.548479	
	0.477740	
	0.401279	
	0.381776	
	0.395290	
	0.404765	
	0.412206	
	0.401922	
	0.388612	
	0.403371	
	0.418354	
	0.469308	
	0.452590	
	0.416878	
	0.380547	
	0.382270	
	0.392073	
	0.384807	
	0.332269	
	0.311584	
	0.333215	
	0.376645	
	0.535429	
	0.505670	
	0.529573	
	0.567206	
	0.606431	
	0.630228	
	0.647341	
	0.445029	
	0.417807	
	0.398923	
	0.516713	
	0.602648	
	0.526759	
	0.517118	
	0.557648	
	0.524849	
	0.507626	
	0.481676	
	0.447410	
	0.372168	
	0.411559	
	0.458114	
	0.517927	
	0.479036	
	0.611537	
	0.566066	
	0.561783	
	0.519882	
	0.526398	
	0.540283	
	0.484318	
	0.523212	
	0.519832	
	0.592229	
	0.688183	
	0.447323	
	0.366243	
	0.376142	
	0.345255	
	0.335516	
	0.354889	
	0.467145	
	0.464762	
	0.403926	
	0.358814	
	0.421977	
	0.419493	
	0.460970	
	0.369146	
	0.341492	
	0.373855	
	0.361910	
	0.362199	
	0.378671	
	0.403189	
	0.391813	
	0.359849	
	0.439648	
	0.456210	
	0.544459	
	0.517544	
	0.452297	
	0.428640	
	0.500410	
	0.604554	
	0.696253	
	0.775809	
	0.817255	
	0.742513	
	0.559348	
	0.508497	
	0.459653	
	0.335717	
	0.276621	
	0.254148	
	0.402853	
	0.508200	
	0.612006	
	0.486199	
	0.420089	
	0.422353	
	0.470973	
	0.473901	
	0.426692	
	0.433618	
	0.470208	
	0.585113	
	0.735296	
	0.820217	
	0.725224	
	0.615992	
	0.704380	
	0.783025	
	0.617980	
	0.538105	
	0.513548	
	0.543575	
	0.546312	
	0.456756	
	0.368998	
	0.399042	
	0.441528	
	0.503959	
	0.518478	
	0.559315	
	0.591966	
	0.582882	
	0.517271	
	0.498002	
	0.412972	
	0.494434	
	0.511769	
	0.436779	
	0.508605	
	0.557411	
	0.544697	
	0.570968	
	0.557676	
	0.481252	
	0.491293	
	0.464023	
	0.459636	
	0.504891	
	0.533401	
	0.686227	
	0.724886	
	0.638598	
	0.438469	
	0.321913	
	0.307207	
	0.256915	
	0.306497	
	0.314913	
	0.353505	
	0.346210	
	0.364898	
	0.333600	
	0.388956	
	0.386668	
	0.530239	
	0.451740	
	0.486827	
	0.473493	
	0.500059	
	0.425079	
	0.370299	
	0.485499	
	0.558660	
	0.629356	
	0.538604	
	0.533472	
	0.515609	
	0.531984	
	0.484664	
	0.534119	
	0.577061	
	0.549427	
	0.532897	
	0.484385	
	0.475487	
	0.395658	
	0.399166	
	0.356721	
	0.349715	
	0.309777	
	0.331696	
	0.374327	
	0.417723	
	0.389504	
	0.358648	
	0.326550	
	0.366036	
	0.322990	
	0.376338	
	0.403526	
	0.447983	
	0.468014	
	0.505695	
	0.538826	
	0.560327	
	0.552465	
	0.492819	
	0.580539	
	0.542644	
	0.416691	
	0.463279	
	0.478906	
	0.534324	
	0.500632	
	0.513132	
	0.494560	
	0.418037	
	0.333651	
	0.332084	
	0.459203	
	0.438616	
	0.457207	
	0.462194	
	0.478797	
	0.463052	
	0.401303	
	0.478497	
	0.518466	
	0.585297	
	0.560254	
	0.535606	
	0.536484	
	0.712577	
	0.665173	
	0.556887	
	0.529098	
	0.550073	
	0.504929	
	0.512289	
	0.482668	
	0.514284	
	0.493317	
	0.596548	
	0.542617	
	0.405579	
	0.384645	
	0.317803	
	0.319576	
	0.338892	
	0.401417	
	0.385989	
	0.386762	
	0.369752	
	0.356685	
	0.396423	
	0.489595	
	0.429167	
	0.362614	
	0.382644	
	0.356294	
	0.314256	
	0.289298	
	0.345003	
	0.299538	
	0.323562	
	0.452629	
	0.574878	
	0.566568	
	0.530650	
	0.521720	
	0.481657	
	0.537483	
	0.569451	
	0.597168	
	0.623635	
	0.662844	
	0.736036	
	0.789621	
	0.558018	
	0.427684	
	0.429516	
	0.377991	
	0.374279	
	0.418624	
	0.364102	
	0.352478	
	0.301843	
	0.326806	
	0.417415	
	0.517822	
	0.486783	
	0.482618	
	0.499635	
	0.559632	
	0.638909	
	0.493347	
	0.555327	
	0.619092	
	0.676072	
	0.669940	
	0.548012	
	0.472818	
	0.509381	
	0.603320	
	0.626587	
	0.642967	
	0.666238	
	0.640082	
	0.661972	
	0.588654	
	0.688451	
	0.537467	
	0.528920	
	0.528506	
	0.531144	
	0.526979	
	0.495802	
	0.501013	
	0.512460	
	0.478081	
	0.425740	
	0.411031	
	0.430738	
	0.529526	
	0.705143	
	0.730678	
	0.773564	
	0.829402	
	0.845550	
	0.816583	
	0.841331	
	0.809369	
	0.842173	
	0.833325	
	0.710018	
	0.466639	
	0.375778	
	0.339902	
	0.299984	
	0.422849	
	0.482166	
	0.450126	
	0.412972	
	0.442187	
	0.443265	
	0.450202	
	0.495828	
	0.567870	
	0.597089	
	0.545999	
	0.633929	
	0.640885	
	0.392772	
	0.411296	
	0.537288	
	0.527457	
	0.632626	
	0.539581	
	0.612982	
	0.656045	
	0.665313	
	0.723756	
	0.663377	
	0.682528	
	0.657882	
	0.640648	
	0.653994	
	0.686651	
	0.700733	
	0.564241	
	0.449536	
	0.402562	
	0.274055	
	0.316987	
	0.291764	
	0.379397	
	0.397334	
	0.418715	
	0.480820	
	0.461602	
	0.537355	
	0.611614	
	0.601236	
	0.592930	
	0.593393	
	0.642062	
	0.512616	
	0.629402	
	0.702551	
	0.703352	
	0.731787	
	0.718927	
	0.579277	
	0.564760	
	0.593545	
	0.680308	
	0.731809	
	0.682336	
	0.715804	
	0.644400	
	0.726092	
	0.779288	
	0.769795	
	0.620322	
	0.579531	
	0.592455	
	0.558815	
	0.507129	
	0.466734	
	0.347698	
	0.351282	
	0.356670	
	0.373000	
	0.376899	
	0.417334	
	0.509718	
	0.616231	
	0.548048	
	0.560593	
	0.587367	
	0.522414	
	0.579542	
	0.671273	
	0.709804	
	0.742098	
	0.790777	
	0.545479	
	0.467845	
	0.497768	
	0.522085	
	0.585452	
	0.577643	
	0.515688	
	0.466865	
	0.427966	
	0.344181	
	0.529967	
	0.485918	
	0.463335	
	0.385834	
	0.435512	
	0.449202	
	0.534918	
	0.717992	
	0.840008	
	0.926885	
	0.945892	
	0.912654	
	0.637962	
	0.552474	
	0.556661	
	0.526264	
	0.476591	
	0.470222	
	0.488552	
	0.540484	
	0.468132	
	0.438603	
	0.416645	
	0.432863	
	0.347191	
	0.347162	
	0.309195	
	0.268670	
	0.287618	
	0.344596	
	0.382103	
	0.454461	
	0.483027	
	0.694757	
	0.779479	
	0.751291	
	0.549123	
	0.454204	
	0.447810	
	0.440492	
	0.485825	
	0.550814	
	0.555502	
	0.592721	
	0.568173	
	0.522143	
	0.525340	
	0.615703	
	0.493410	
	0.453737	
	0.444417	
	0.455302	
	0.438364	
	0.462964	
	0.444698	
	0.421338	
	0.421624	
	0.455887	
	0.438896	
	0.498090	
	0.518758	
	0.498128	
	0.413901	
	0.400950	
	0.433113	
	0.390447	
	0.385021	
	0.416115	
	0.432620	
	0.480478	
	0.651254	
	0.505311	
	0.476285	
	0.451758	
	0.468819	
	0.479120	
	0.520849	
	0.649197	
	0.842176	
	0.909633	
	0.916330	
	0.694036	
	0.566743	
	0.426078	
	0.366811	
	0.382472	
	0.315029	
	0.481391	
	0.532444	
	0.452733	
	0.406985	
	0.456742	
	0.528983	
	0.548463	
	0.445366	
	0.416354	
	0.382974	
	0.402543	
	0.364964	
	0.355592	
	0.424067	
	0.586945	
	0.844081	
	0.838440	
	0.689899	
	0.618807	
	0.531349	
	0.505085	
	0.475769	
	0.446668	
	0.614845	
	0.609091	
	0.592900	
	0.558753	
	0.699017	
	0.640342	
	0.537421	
	0.444023	
	0.404160	
	0.365323	
	0.349396	
	0.363599	
	0.474546	
	0.463045	
	0.400294	
	0.372100	
	0.371762	
	0.413857	
	0.495837	
	0.484376	
	0.442607	
	0.411162	
	0.451547	
	0.519581	
	0.498833	
	0.540620	
	0.624567	
	0.666383	
	0.362972	
	0.470453	
	0.472593	
	0.486065	
	0.590376	
	0.611599	
	0.653801	
	0.642288	
	0.673818	
	0.646130	
	0.627994	
	0.634745	
	0.503682	
	0.554688	
	0.495419	
	0.429690	
	0.444664	
	0.419521	
	0.356437	
	0.399339	
	0.413462	
	0.408176	
	0.413087	
	0.537963	
	0.589286	
	0.593955	
	0.621775	
	0.605829	
	0.666322	
	0.713011	
	0.765782	
	0.767479	
	0.745629	
	0.767987	
	0.643287	
	0.450913	
	0.445278	
	0.365209	
	0.351629	
	0.393546	
	0.375256	
	0.396331	
	0.369993	
	0.315846	
	0.320873	
	0.412521	
	0.525645	
	0.637612	
	0.467113	
	0.387369	
	0.402472	
	0.504188	
	0.405966	
	0.330278	
	0.418548	
	0.570102	
	0.502251	
	0.524824	
	0.540744	
	0.540430	
	0.561080	
	0.597801	
	0.536766	
	0.495915	
	0.463754	
	0.463923	
	0.436289	
	0.396008	
	0.410636	
	0.458487	
	0.408818	
	0.363796	
	0.364189	
	0.376241	
	0.604237	
	0.750685	
	0.732097	
	0.718669	
	0.737603	
	0.557869	
	0.392400	
	0.463343	
	0.363091	
	0.369619	
	0.407386	
	0.387571	
	0.410194	
	0.464739	
	0.474826	
	0.484629	
	0.435400	
	0.489423	
	0.483057	
	0.480832	
	0.551162	
	0.572099	
	0.578587	
	0.564324	
	0.528894	
	0.535537	
	0.520322	
	0.547531	
	0.577897	
	0.500992	
	0.488398	
	0.477392	
	0.472895	
	0.441341	
	0.451996	
	0.587889	
	0.730553	
	0.740135	
	0.772135	
	0.781743	
	0.702774	
	0.589946	
	0.563648	
	0.569699	
	0.594926	
	0.583214	
	0.624749	
	0.595521	
	0.546515	
	0.589863	
	0.566523	
	0.591288	
	0.479559	
	0.374086	
	0.394740	
	0.390143	
	0.401650	
	0.431726	
	0.440929	
	0.533792	
	0.716434	
	0.782151	
	0.784492	
	0.794215	
	0.752112	
	0.620233	
	0.501881	
	0.481672	
	0.489193	
	0.463744	
	0.356840	
	0.434854	
	0.432321	
	0.405184	
	0.474010	
	0.476217	
	0.571690	
	0.562738	
	0.526861	
	0.504228	
	0.576346	
	0.549811	
	0.546270	
	0.510181	
	0.475197	
	0.533658	
	0.644799	
	0.420158	
	0.444920	
	0.388708	
	0.329106	
	0.313594	
	0.310121	
	0.383439	
	0.403382	
	0.321301	
	0.353902	
	0.413356	
	0.486919	
	0.463432	
	0.413389	
	0.381706	
	0.414312	
	0.410489	
	0.459436	
	0.501613	
	0.465000	
	0.417127	
	0.629713	
	0.589857	
	0.498316	
	0.505060	
	0.468350	
	0.524957	
	0.570857	
	0.552762	
	0.445602	
	0.504416	
	0.538302	
	0.566163	
	0.600690	
	0.532615	
	0.545600	
	0.517138	
	0.490082	
	0.467626	
	0.412878	
	0.504325	
	0.555824	
	0.499130	
	0.476677	
	0.599974	
	0.511519	
	0.363178	
	0.354844	
	0.374061	
	0.355547	
	0.367510	
	0.468104	
	0.545622	
	0.446395	
	0.423257	
	0.544028	
	0.628834	
	0.456413	
	0.409886	
	0.440867	
	0.418777	
	0.463322	
	0.526567	
	0.589539	
	0.496700	
	0.424777	
	0.452473	
	0.424072	
	0.448862	
	0.512595	
	0.490019	
	0.434788	
	0.454644	
	0.507815	
	0.418840	
	0.342285	
	0.386968	
	0.390968	
	0.474644	
	0.474573	
	0.513023	
	0.547280	
	0.516635	
	0.494545	
	0.482318	
	0.502799	
	0.522706	
	0.536408	
	0.438401	
	0.406875	
	0.421013	
	0.464718	
	0.429566	
	0.308222	
	0.346403	
	0.423548	
	0.396661	
	0.427675	
	0.476578	
	0.447719	
	0.417632	
	0.424967	
	0.441262	
	0.516343	
	0.527998	
	0.484989	
	0.465044	
	0.467702	
	0.510387	
	0.505980	
	0.464328	
	0.404740	
	0.415914	
	0.437381	
	0.419367	
	0.373371	
	0.386487	
	0.369430	
	0.422292	
	0.452204	
	0.465465	
	0.426824	
	0.423117	
	0.435211	
	0.426250	
	0.564769	
	0.488599	
	0.442614	
	0.390984	
	0.385244	
	0.375236	
	0.342420	
	0.322330	
	0.376047	
	0.416444	
	0.434255	
	0.427640	
	0.557705	
	0.611833	
	0.557110	
	0.531304	
	0.566162	
	0.560101	
	0.609727	
	0.668889	
	0.713077	
	0.749739	
	0.657173	
	0.510586	
	0.420587	
	0.363737	
	0.360417	
	0.362602	
	0.406796	
	0.355408	
	0.338884	
	0.334009	
	0.347067	
	0.360799	
	0.416153	
	0.518978	
	0.420801	
	0.360291	
	0.362823	
	0.395906	
	0.380839	
	0.346329	
	0.366263	
	0.335963	
	0.327710	
	0.390624	
	0.480605	
	0.526945	
	0.531893	
	0.503169	
	0.471314	
	0.473878	
	0.456008	
	0.451230	
	0.442138	
	0.391978	
	0.542641	
	0.541558	
	0.475069	
	0.463886	
	0.365746	
	0.390390	
	0.433494	
	0.385640	
	0.395369	
	0.358429	
	0.335879	
	0.368230	
	0.477339	
	0.477376	
	0.507648	
	0.504521	
	0.614687	
	0.648209	
	0.616518	
	0.530203	
	0.575260	
	0.541170	
	0.432625	
	0.328517	
	0.381231	
	0.406522	
	0.329354	
	0.357537	
	0.461441	
	0.499298	
	0.501116	
	0.572504	
	0.567471	
	0.532979	
	0.505690	
	0.496846	
	0.518803	
	0.516625	
	0.512349	
	0.540577	
	0.527001	
	0.559149	
	0.607014	
	0.667006	
	0.827130	
	0.872004	
	0.851432	
	0.782004	
	0.635353	
	0.589651	
	0.590735	
	0.525325	
	0.512348	
	0.513531	
	0.489670	
	0.500852	
	0.488461	
	0.554669	
	0.515973	
	0.410011	
	0.313611	
	0.317405	
	0.320269	
	0.365983	
	0.413680	
	0.530151	
	0.442870	
	0.372127	
	0.364247	
	0.412473	
	0.485826	
	0.517241	
	0.397268	
	0.377160	
	0.372179	
	0.415665	
	0.351059	
	0.325977	
	0.330952	
	0.316238	
	0.440077	
	0.503467	
	0.489651	
	0.493576	
	0.468077	
	0.452766	
	0.424916	
	0.479186	
	0.458962	
	0.434793	
	0.430943	
	0.416788	
	0.535472	
	0.524310	
	0.474656	
	0.398183	
	0.324672	
	0.309307	
	0.350233	
	0.403149	
	0.424854	
	0.385038	
	0.366317	
	0.381978	
	0.455328	
	0.462673	
	0.488610	
	0.458534	
	0.455504	
	0.452332	
	0.438072	
	0.435110	
	0.461335	
	0.437640	
	0.431995	
	0.516613	
	0.557081	
	0.455152	
	0.401933	
	0.398078	
	0.492011	
	0.478148	
	0.470659	
	0.446446	
	0.452983	
	0.456388	
	0.473188	
	0.450928	
	0.443429	
	0.458941	
	0.398124	
	0.387582	
	0.400908	
	0.344073	
	0.325161	
	0.334050	
	0.351951	
	0.373946	
	0.398608	
	0.567857	
	0.595476	
	0.602769	
	0.583303	
	0.570490	
	0.548207	
	0.527325	
	0.532515	
	0.543838	
	0.573483	
	0.572020	
	0.409666	
	0.306706	
	0.356844	
	0.341763	
	0.386082	
	0.442977	
	0.458951	
	0.302655	
	0.365574	
	0.383994	
	0.424913	
	0.460041	
	0.432815	
	0.314536	
	0.320898	
	0.403421	
	0.346274	
	0.384316	
	0.280337	
	0.311452	
	0.281603	
	0.395477	
	0.513193	
	0.499043	
	0.526452	
	0.537298	
	0.510074	
	0.499167	
	0.472714	
	0.326004	
	0.295977	
	0.297085	
	0.368222	
	0.473266	
	0.529826	
	0.400522	
	0.382793	
	0.370091	
	0.365487	
	0.469343	
	0.454536	
	0.444695	
	0.416292	
	0.464094	
	0.531625	
	0.472421	
	0.443467	
	0.371052	
	0.407917	
	0.440156	
	0.461321	
	0.466488	
	0.378532	
	0.345054	
	0.411528	
	0.477256	
	0.556878	
	0.656173	
	0.522783	
	0.436354	
	0.434332	
	0.462687	
	0.467079	
	0.399874	
	0.341879	
	0.397722	
	0.437315	
	0.505410	
	0.639931	
	0.520395	
	0.575185	
	0.558308	
	0.503451	
	0.490948	
	0.478934	
	0.434491	
	0.332096	
	0.376175	
	0.407267	
	0.425797	
	0.503177	
	0.447219	
	0.419111	
	0.462075	
	0.394606	
	0.501265	
	0.534858	
	0.443776	
	0.349325	
	0.420649	
	0.372416	
	0.337308	
	0.392293	
	0.537180	
	0.623590	
	0.637884	
	0.647818	
	0.628870	
	0.571784	
	0.527529	
	0.540252	
	0.522871	
	0.495377	
	0.477032	
	0.438519	
	0.432660	
	0.441668	
	0.452395	
	0.457356	
	0.461824	
	0.410294	
	0.414838	
	0.464302	
	0.755529	
	0.713414	
	0.428168	
	0.328518	
	0.323369	
	0.334872	
	0.318167	
	0.312098	
	0.337895	
	0.337117	
	0.310148	
	0.297042	
	0.250566	
	0.242852	
	0.270538	
	0.248058	
	0.292167	
	0.339155	
	0.353481	
	0.334571	
	0.274375	
	0.266799	
	0.254556	
	0.274658	
	0.244172	
	0.241038	
	0.222162	
	0.251925	
	0.245935	
	0.292223	
	0.336667	
	0.318490	
	0.224768	
	0.218390	
	0.222966	
	0.556346	
	0.631158	
	0.315753	
	0.328058	
	0.368436	
	0.324499	
	0.337183	
	0.331691	
	0.328498	
	0.584236	
	0.651068	
	0.613121	
	0.709203	
	0.680026	
	0.370052	
	0.280385	
	0.245328	
	0.246661	
	0.201276	
	0.194326	
	0.202567	
	0.235214	
	0.237816	
	0.517670	
	0.728702	
	0.644138	
	0.560954	
	0.451273	
	0.427855	
	0.434948	
	0.428392	
	0.474387	
	0.809913	
	0.752093	
	0.793317	
	0.609381	
	0.466728	
	0.410505	
	0.410636	
	0.442400	
	0.483595	
	0.464496	
	0.449267	
	0.470217	
	0.485348	
	0.491499	
	0.500562	
	0.505333	
	0.518218	
	0.523455	
	0.499954	
	0.482561	
	0.460851	
	0.436001	
	0.443483	
	0.434300	
	0.449087	
	0.511076	
	0.465039	
	0.414290	
	0.410168	
	0.388146	
	0.399120	
	0.360639	
	0.377151	
	0.334071	
	0.300143	
	0.321527	
	0.314814	
	0.376697	
	0.400997	
	0.421805	
	0.399890	
	0.389428	
	0.386379	
	0.366797	
	0.332325	
	0.299644	
	0.287552	
	0.294764	
	0.440400	
	0.370114	
	0.299949	
	0.341902	
	0.350805	
	0.332159	
	0.344718	
	0.321668	
	0.304948	
	0.313137	
	0.250456	
	0.237097	
	0.240486	
	0.232754	
	0.244025	
	0.263303	
	0.273963	
	0.277833	
	0.329249	
	0.517608	
	0.594551	
	0.593207	
	0.550811	
	0.440836	
	0.378547	
	0.368372	
	0.367690	
	0.336282	
	0.419312	
	0.484717	
	0.394197	
	0.375635	
	0.382768	
	0.362237	
	0.425542	
	0.450372	
	0.446932	
	0.458873	
	0.492483	
	0.468023	
	0.490820	
	0.476436	
	0.495546	
	0.441577	
	0.521403	
	0.527746	
	0.398078	
	0.369265	
	0.461691	
	0.460511	
	0.470335	
	0.457001	
	0.450679	
	0.451596	
	0.472841	
	0.459478	
	0.453692	
	0.461316	
	0.454227	
	0.463751	
	0.443658	
	0.391683	
	0.335695	
	0.354970	
	0.320404	
	0.337355	
	0.400849	
	0.414095	
	0.508100	
	0.535258	
	0.542291	
	0.485045	
	0.541210	
	0.434218	
	0.439805	
	0.400669	
	0.597115	
	0.686522	
	0.622168	
	0.611154	
	0.509578	
	0.344394	
	0.401885	
	0.374504	
	0.363773	
	0.338914	
	0.303029	
	0.334706	
	0.327658	
	0.322042	
	0.317776	
	0.319909	
	0.382373	
	0.409746	
	0.364867	
	0.316884	
	0.297617	
	0.305084	
	0.291258	
	0.264374	
	0.231677	
	0.246195	
	0.238829	
	0.302552	
	0.423883	
	0.277590	
	0.250113	
	0.271029	
	0.245565	
	0.236721	
	0.306032	
	0.241251	
	0.248283	
	0.227959	
	0.228560	
	0.288628	
	0.517832	
	0.405978	
	0.339709	
	0.318861	
	0.346625	
	0.363285	
	0.364905	
	0.340138	
	0.555386	
	0.795311	
	0.888005	
	0.842808	
	0.769657	
	0.417972	
	0.358072	
	0.423406	
	0.403653	
	0.376301	
	0.351515	
	0.345504	
	0.358269	
	0.369449	
	0.340418	
	0.351526	
	0.398398	
	0.489255	
	0.463372	
	0.452210	
	0.487206	
	0.452871	
	0.476152	
	0.485755	
	0.475790	
	0.478207	
	0.413213	
	0.413293	
	0.424066	
	0.419537	
	0.400544	
	0.386713	
	0.447054	
	0.483773	
	0.452249	
	0.387727	
	0.431711	
	0.364723	
	0.325524	
	0.323691	
	0.366831	
	0.360392	
	0.290269	
	0.314551	
	0.421326	
	0.438343	
	0.475253	
	0.464973	
	0.422204	
	0.394809	
	0.389132	
	0.409624	
	0.434372	
	0.399090	
	0.345966	
	0.331410	
	0.344701	
	0.348203	
	0.365831	
	0.430991	
	0.479245	
	0.482967	
	0.473578	
	0.459445	
	0.437794	
	0.424213	
	0.396760	
	0.353460	
	0.350924	
	0.409118	
	0.436098	
	0.424233	
	0.435072	
	0.448913	
	0.401441	
	0.452502	
	0.434126	
	0.314815	
	0.322398	
	0.319534	
	0.504410	
	0.414723	
	0.365566	
	0.479429	
	0.493669	
	0.306938	
	0.276537	
	0.287304	
	0.348154	
	0.279472	
	0.233897	
	0.278695	
	0.239595	
	0.294593	
	0.303077	
	0.420143	
	0.292795	
	0.317036	
	0.334957	
	0.279722	
	0.283895	
	0.264663	
	0.246678	
	0.256429	
	0.393370	
	0.445408	
	0.578447	
	0.607957	
	0.644477	
	0.697430	
	0.685191	
	0.680305	
	0.637758	
	0.586390	
	0.613116	
	0.640633	
	0.596129	
	0.542896	
	0.544200	
	0.572178	
	0.557505	
	0.571632	
	0.609193	
	0.516857	
	0.470256	
	0.576035	
	0.734107	
	0.674609	
	0.456249	
	0.480464	
	0.460782	
	0.439243	
	0.455109	
	0.412197	
	0.446954	
	0.426849	
	0.425352	
	0.423364	
	0.427109	
	0.375354	
	0.319373	
	0.317930	
	0.336618	
	0.373135	
	0.368493	
	0.343771	
	0.364180	
	0.376586	
	0.351966	
	0.324743	
	0.387943	
	0.493831	
	0.463156	
	0.524706	
	0.529248	
	0.528032	
	0.445810	
	0.447938	
	0.352498	
	0.340074	
	0.289173	
	0.433267	
	0.654086	
	0.478519	
	0.356540	
	0.417468	
	0.412781	
	0.402589	
	0.347069	
	0.345903	
	0.441860	
	0.611124	
	0.710989	
	0.749701	
	0.750817	
	0.574736	
	0.366892	
	0.332357	
	0.278345	
	0.299489	
	0.328153	
	0.336577	
	0.445913	
	0.385909	
	0.315760	
	0.428943	
	0.412248	
	0.399383	
	0.381298	
	0.347705	
	0.381066	
	0.436503	
	0.434458	
	0.484594	
	0.618229	
	0.605573	
	0.525782	
	0.494930	
	0.464125	
	0.478757	
	0.461673	
	0.499808	
	0.550680	
	0.565292	
	0.554121	
	0.578737	
	0.572493	
	0.535998	
	0.512974	
	0.518363	
	0.492067	
	0.476446	
	0.415792	
	0.418000	
	0.374834	
	0.379035	
	0.437816	
	0.449553	
	0.579551	
	0.467386	
	0.383378	
	0.371639	
	0.350078	
	0.420550	
	0.392813	
	0.401577	
	0.375012	
	0.351015	
	0.320913	
	0.319347	
	0.334247	
	0.351830	
	0.362764	
	0.333196	
	0.310564	
	0.345321	
	0.366386	
	0.362912	
	0.396985	
	0.364514	
	0.363089	
	0.358360	
	0.397256	
	0.715838	
	0.557653	
	0.466514	
	0.432962	
	0.382682	
	0.385507	
	0.382734	
	0.337573	
	0.344713	
	0.334022	
	0.308428	
	0.319686	
	0.335635	
	0.330359	
	0.297917	
	0.311457	
	0.307780	
	0.345518	
	0.336122	
	0.359160	
	0.324746	
	0.345262	
	0.372832	
	0.394739	
	0.419690	
	0.403798	
	0.407636	
	0.430606	
	0.447715	
	0.490539	
	0.501366	
	0.462196	
	0.629170	
	0.707731	
	0.665085	
	0.506796	
	0.614820	
	0.480518	
	0.433975	
	0.573449	
	0.461463	
	0.485397	
	0.433341	
	0.370043	
	0.487107	
	0.435642	
	0.469042	
	0.483080	
	0.530207	
	0.589718	
	0.556491	
	0.567550	
	0.573503	
	0.551969	
	0.506479	
	0.489920	
	0.536557	
	0.529452	
	0.503087	
	0.490096	
	0.460929	
	0.470152	
	0.506936	
	0.504778	
	0.508493	
	0.512658	
	0.537735	
	0.495822	
	0.463219	
	0.475051	
	0.492795	
	0.466237	
	0.463814	
	0.483245	
	0.479469	
	0.513621	
	0.622785	
	0.604986	
	0.613372	
	0.643565	
	0.475498	
	0.388110	
	0.381202	
	0.451751	
	0.444272	
	0.355525	
	0.312190	
	0.325443	
	0.332324	
	0.310335	
	0.353961	
	0.400476	
	0.394139	
	0.431834	
	0.416999	
	0.444251	
	0.451792	
	0.471262	
	0.520741	
	0.546997	
	0.558956	
	0.572219	
	0.527926	
	0.550059	
	0.444047	
	0.481103	
	0.481805	
	0.494928	
	0.469170	
	0.459950	
	0.481239	
	0.431441	
	0.460162	
	0.545353	
	0.668348	
	0.548161	
	0.489214	
	0.459810	
	0.493141	
	0.436865	
	0.447295	
	0.409584	
	0.455809	
	0.482566	
	0.590651	
	0.792366	
	0.785613	
	0.732318	
	0.639907	
	0.403836	
	0.353685	
	0.286533	
	0.332413	
	0.308408	
	0.321264	
	0.305887	
	0.651670	
	0.607000	
	0.558307	
	0.513987	
	0.527826	
	0.520953	
	0.518312	
	0.510220	
	0.535112	
	0.524395	
	0.516119	
	0.497376	
	0.495593	
	0.468875	
	0.494516	
	0.468081	
	0.480357	
	0.484320	
	0.480517	
	0.473954	
	0.444584	
	0.417637	
	0.394564	
	0.373495	
	0.356915	
	0.390044	
	0.361522	
	0.330813	
	0.327545	
	0.350819	
	0.311759	
	0.327320	
	0.324213	
	0.333244	
	0.322309	
	0.372682	
	0.417998	
	0.405169	
	0.389826	
	0.315176	
	0.296264	
	0.295025	
	0.243636	
	0.263023	
	0.272956	
	0.265867	
	0.334845	
	0.414467	
	0.458856	
	0.400918	
	0.326853	
	0.295517	
	0.378431	
	0.476323	
	0.500016	
	0.479507	
	0.419570	
	0.388468	
	0.449413	
	0.290568	
	0.271284	
	0.278279	
	0.226275	
	0.263266	
	0.239404	
	0.257827	
	0.251386	
	0.225713	
	0.287901	
	0.417102	
	0.486353	
	0.570057	
	0.508371	
	0.389236	
	0.325185	
	0.432176	
	0.513879	
	0.495512	
	0.456059	
	0.381810	
	0.348894	
	0.455733	
	0.491698	
	0.358074	
	0.296393	
	0.278739	
	0.494589	
	0.322527	
	0.405346	
	0.524074	
	0.634651	
	0.620655	
	0.579148	
	0.627853	
	0.656195	
	0.731907	
	0.740993	
	0.717365	
	0.721096	
	0.704902	
	0.691561	
	0.672846	
	0.636952	
	0.628466	
	0.667377	
	0.627643	
	0.629893	
	0.602380	
	0.556879	
	0.596351	
	0.557263	
	0.562642	
	0.579763	
	0.556900	
	0.618638	
	0.656963	
	0.612848	
	0.689949	
	0.681646	
	0.696652	
	0.706000	
	0.685582	
	0.666583	
	0.626543	
	0.691023	
	0.593271	
	0.518045	
	0.457306	
	0.559741	
	0.565198	
	0.562351	
	0.619515	
	0.673208	
	0.556310	
	0.615897	
	0.600286	
	0.604806	
	0.583752	
	0.532783	
	0.616817	
	0.644617	
	0.706448	
	0.715992	
	0.753389	
	0.693626	
	0.658257	
	0.646347	
	0.648810	
	0.658857	
	0.669484	
	0.679551	
	0.642383	
	0.624388	
	0.639606	
	0.575436	
	0.536753	
	0.549927	
	0.569455	
	0.588162	
	0.605570	
	0.652570	
	0.551984	
	0.615634	
	0.666537	
	0.735965	
	0.721431	
	0.726045	
	0.727957	
	0.691999	
	0.718469	
	0.722651	
	0.697946	
	0.712568	
	0.633814	
	0.616077	
	0.625256	
	0.599103	
	0.554330	
	0.532448	
	0.619098	
	0.532667	
	0.490414	
	0.507228	
	0.556214	
	0.491240	
	0.535902	
	0.614884	
	0.619156	
	0.658586	
	0.665323	
	0.722647	
	0.646046	
	0.621258	
	0.654323	
	0.627280	
	0.613033	
	0.593307	
	0.611714	
	0.589591	
	0.624783	
	0.597019	
	0.492269	
	0.464181	
	0.567134	
	0.524638	
	0.552012	
	0.593054	
	0.660755	
	0.575451	
	0.656994	
	0.696085	
	0.659014	
	0.681609	
	0.683182	
	0.694799	
	0.644703	
	0.642917	
	0.675570	
	0.577077	
	0.551249	
	0.526473	
	0.623344	
	0.603445	
	0.621932	
	0.610157	
	0.586947	
	0.567181	
	0.586128	
	0.582408	
	0.529349	
	0.585880	
	0.573723	
	0.511737	
	0.543565	
	0.584455	
	0.599479	
	0.582214	
	0.552251	
	0.580334	
	0.527255	
	0.529924	
	0.586594	
	0.578162	
	0.613670	
	0.575030	
	0.583560	
	0.520193	
	0.524776	
	0.560633	
	0.558032	
	0.557674	
	0.556988	
	0.529550	
	0.572827	
	0.586698	
	0.587629	
	0.590861	
	0.600612	
	0.611072	
	0.616641	
	0.599337	
	0.601101	
	0.602130	
	0.568766	
	0.586594	
	0.544684	
	0.552858	
	0.562451	
	0.524284	
	0.458569	
	0.481346	
	0.447257	
	0.543069	
	0.537638	
	0.509651	
	0.466313	
	0.502662	
	0.534315	
	0.531582	
	0.585078	
	0.556186	
	0.584110	
	0.591066	
	0.544008	
	0.532237	
	0.522483	
	0.505544	
	0.517777	
	0.539655	
	0.519668	
	0.540594	
	0.539403	
	0.552885	
	0.512359	
	0.486324	
	0.489089	
	0.545946	
	0.548996	
	0.558946	
	0.583089	
	0.557020	
	0.557828	
	0.569609	
	0.592403	
	0.581529	
	0.577785	
	0.569613	
	0.553013	
	0.569016	
	0.614900	
	0.514015	
	0.520855	
	0.539876	
	0.528864	
	0.536011	
	0.614157	
	0.565903	
	0.546227	
	0.526008	
	0.558976	
	0.544875	
	0.509482	
	0.565924	
	0.583189	
	0.600170	
	0.605082	
	0.601860	
	0.603563	
	0.596156	
	0.598906	
	0.604735	
	0.583946	
	0.559502	
	0.514849	
	0.528024	
	0.536142	
	0.582227	
	0.562991	
	0.567735	
	0.533840	
	0.542012	
	0.532777	
	0.549166	
	0.563218	
	0.572251	
	0.554653	
	0.555611	
	0.598873	
	0.561869	
	0.510259	
	0.572505	
	0.586791	
	0.619883	
	0.646239	
	0.607441	
	0.456306	
	0.544240	
	0.560670	
	0.579009	
	0.569653	
	0.557315	
	0.567571	
	0.560243	
	0.581796	
	0.610121	
	0.611360	
	0.576016	
	0.520852	
	0.641586	
	0.699613	
	0.656275	
	0.712469	
	0.663575	
	0.633673	
	0.635565	
	0.615447	
	0.607163	
	0.634788	
	0.666114	
	0.657825	
	0.634031	
	0.658894	
	0.603499	
	0.491648	
	0.564956	
	0.624547	
	0.574295	
	0.545307	
	0.627612	
	0.692660	
	0.698060	
	0.681820	
	0.723638	
	0.715919	
	0.704969	
	0.686246	
	0.697282	
	0.689051	
	0.658652	
	0.692790	
	0.607363	
	0.458580	
	0.573369	
	0.541999	
	0.569612	
	0.601574	
	0.706980	
	0.631213	
	0.562205	
	0.546645	
	0.524514	
	0.502372	
	0.481797	
	0.503287	
	0.559537	
	0.594166	
	0.640086	
	0.635270	
	0.618051	
	0.657877	
	0.651349	
	0.636436	
	0.620270	
	0.607104	
	0.662636	
	0.691350	
	0.687290	
	0.755754	
	0.786310	
	0.531395	
	0.555489	
	0.708869	
	0.706969	
	0.748811	
	0.742263	
	0.564671	
	0.659569	
	0.675884	
	0.674573	
	0.597739	
	0.571300	
	0.572704	
	0.594875	
	0.604737	
	0.624201	
	0.606030	
	0.575962	
	0.634896	
	0.622404	
	0.616686	
	0.696391	
	0.545071	
	0.605926	
	0.639163	
	0.683694	
	0.631090	
	0.601687	
	0.587132	
	0.488676	
	0.539227	
	0.576510	
	0.536653	
	0.516160	
	0.545716	
	0.517651	
	0.525943	
	0.571948	
	0.550293	
	0.543801	
	0.524313	
	0.524764	
	0.540741	
	0.564619	
	0.541704	
	0.526138	
	0.478396	
	0.468805	
	0.501834	
	0.527357	
	0.516292	
	0.541674	
	0.509062	
	0.519439	
	0.561663	
	0.602504	
	0.548946	
	0.597002	
	0.550663	
	0.510872	
	0.484087	
	0.547707	
	0.574492	
	0.521393	
	0.513043	
	0.568425	
	0.524960	
	0.509667	
	0.549323	
	0.547742	
	0.500461	
	0.495252	
	0.532990	
	0.529186	
	0.536905	
	0.578917	
	0.571135	
	0.555883	
	0.572253	
	0.595011	
	0.604272	
	0.501892	
	0.475158	
	0.460610	
	0.514772	
	0.555415	
	0.482067	
	0.450421	
	0.518866	
	0.491863	
	0.512380	
	0.490925	
	0.435647	
	0.455634	
	0.465223	
	0.497468	
	0.543661	
	0.485523	
	0.569691	
	0.607024	
	0.603968	
	0.557026	
	0.582909	
	0.625418	
	0.536741	
	0.560515	
	0.592223	
	0.633866	
	0.633577	
	0.501174	
	0.527652	
	0.534162	
	0.534075	
	0.538820	
	0.542657	
	0.479605	
	0.505001	
	0.476386	
	0.474220	
	0.533342	
	0.535254	
	0.529252	
	0.616758	
	0.663450	
	0.659441	
	0.635314	
	0.486350	
	0.516112	
	0.595333	
	0.635122	
	0.632595	
	0.527458	
	0.619885	
	0.616262	
	0.640094	
	0.637126	
	0.569392	
	0.469806	
	0.474104	
	0.536565	
	0.521122	
	0.556891	
	0.596708	
	0.500250	
	0.498139	
	0.597285	
	0.618682	
	0.630796	
	0.643837	
	0.515967	
	0.593562	
	0.588634	
	0.577720	
	0.615712	
	0.501759	
	0.537970	
	0.578448	
	0.605240	
	0.640846	
	0.671299	
	0.520956	
	0.491624	
	0.527328	
	0.585836	
	0.527323	
	0.482307	
	0.436973	
	0.529202	
	0.495783	
	0.539089	
	0.540999	
	0.605786	
	0.508746	
	0.520957	
	0.538278	
	0.487053	
	0.536748	
	0.521270	
	0.511746	
	0.523001	
	0.522957	
	0.514740	
	0.527557	
	0.434905	
	0.496956	
	0.494583	
	0.530237	
	0.581647	
	0.560388	
	0.494166	
	0.580240	
	0.583067	
	0.626523	
	0.568796	
	0.562510	
	0.547245	
	0.543197	
	0.558375	
	0.556629	
	0.520844	
	0.491508	
	0.515271	
	0.502745	
	0.519533	
	0.578154	
	0.688988	
	0.586047	
	0.509074	
	0.567737	
	0.582196	
	0.606634	
	0.587895	
	0.500977	
	0.601902	
	0.549952	
	0.567164	
	0.566684	
	0.605057	
	0.508364	
	0.546416	
	0.616074	
	0.553483	
	0.560233	
	0.455623	
	0.477021	
	0.504008	
	0.551078	
	0.561860	
	0.551072	
	0.476722	
	0.473873	
	0.513223	
	0.544773	
	0.560937	
	0.503656	
	0.528596	
	0.558894	
	0.554862	
	0.570644	
	0.562494	
	0.531697	
	0.543880	
	0.525178	
	0.527020	
	0.540173	
	0.545079	
	0.550630	
	0.539822	
	0.519517	
	0.546330	
	0.588601	
	0.557409	
	0.526460	
	0.532633	
	0.559929	
	0.538220	
	0.589561	
	0.574439	
	0.566195	
	0.594397	
	0.603895	
	0.593940	
	0.577581	
	0.542904	
	0.556675	
	0.530045	
	0.557733	
	0.535815	
	0.449330	
	0.499779	
	0.546213	
	0.505131	
	0.426118	
	0.469906	
	0.435105	
	0.421249	
	0.465746	
	0.568831	
	0.509658	
	0.542418	
	0.559098	
	0.489836	
	0.572444	
	0.610413	
	0.642794	
	0.682045	
	0.624976	
	0.494256	
	0.643331	
	0.644198	
	0.663373	
	0.600369	
	0.527955	
	0.570303	
	0.576501	
	0.531680	
	0.558819	
	0.476880	
	0.472605	
	0.538080	
	0.527009	
	0.615583	
	0.625951	
	0.627753	
	0.592734	
	0.601873	
	0.645380	
	0.652506	
	0.663468	
	0.619998	
	0.531250	
	0.555284	
	0.541657	
	0.585588	
	0.553466	
	0.490127	
	0.563911	
	0.545883	
	0.597921	
	0.616601	
	0.577838	
	0.444724	
	0.490068	
	0.593149	
	0.569701	
	0.558934	
	0.553904	
	0.571515	
	0.624576	
	0.608780	
	0.655634	
	0.621062	
	0.579634	
	0.523544	
	0.559659	
	0.615304	
	0.620898	
	0.586353	
	0.557537	
	0.609158	
	0.623673	
	0.589717	
	0.578420	
	0.532114	
	0.596005	
	0.604316	
	0.503110	
	0.569874	
	0.633104	
	0.582629	
	0.574813	
	0.550790	
	0.551791	
	0.571371	
	0.585019	
	0.520948	
	0.550444	
	0.665153	
	0.725501	
	0.638762	
	0.507313	
	0.586771	
	0.699441	
	0.725893	
	0.836861	
	0.791643	
	0.463222	
	0.456664	
	0.548323	
	0.663535	
	0.741368	
	0.443534	
	0.558659	
	0.685795	
	0.752155	
	0.788119	
	0.803931	
	0.757846	
	0.520144	
	0.569442	
	0.685889	
	0.745097	
	0.749659	
	0.545442	
	0.603806	
	0.630705	
	0.565298	
	0.676269	
	0.603146	
	0.642827	
	0.666198	
	0.606485	
	0.573317	
	0.641811	
	0.574666	
	0.455854	
	0.594400	
	0.713673	
	0.718363	
	0.732399	
	0.739664	
	0.737651	
	0.738027	
	0.738554	
	0.694433	
	0.645357	
	0.547003	
	0.530981	
	0.624842	
	0.589616	
	0.542674	
	0.541576	
	0.542833	
	0.643541	
	0.701266	
	0.699434	
	0.685140	
	0.610920	
	0.543102	
	0.557528	
	0.598018	
	0.636912	
	0.736861	
	0.754763	
	0.780398	
	0.777109	
	0.629700	
	0.593133	
	0.551502	
	0.505744	
	0.516383	
	0.586063	
	0.543471	
	0.526064	
	0.544483	
	0.551921	
	0.549702	
	0.571525	
	0.632334	
	0.641477	
	0.590323	
	0.494268	
	0.544087	
	0.617270	
	0.578282	
	0.592632	
	0.617333	
	0.589818	
	0.561116	
	0.600851	
	0.591242	
	0.565704	
	0.482859	
	0.538466	
	0.518456	
	0.555725	
	0.541383	
	0.492771	
	0.518534	
	0.591511	
	0.704850	
	0.827628	
	0.862480	
	0.792999	
	0.455663	
	0.478530	
	0.441232	
	0.496455	
	0.441532	
	0.466520	
	0.470877	
	0.576951	
	0.684089	
	0.796854	
	0.724563	
	0.646793	
	0.599921	
	0.621131	
	0.607691	
	0.592235	
	0.588394	
	0.577145	
	0.603903	
	0.635803	
	0.630533	
	0.654455	
	0.517967	
	0.546035	
	0.539693	
	0.535328	
	0.544987	
	0.536812	
	0.504654	
	0.511813	
	0.490616	
	0.533584	
	0.589147	
	0.579159	
	0.669818	
	0.664949	
	0.643787	
	0.676059	
	0.682184	
	0.640931	
	0.641621	
	0.667284	
	0.597603	
	0.579241	
	0.587603	
	0.473464	
	0.542085	
	0.526422	
	0.514733	
	0.477712	
	0.486792	
	0.500143	
	0.588343	
	0.604538	
	0.567209	
	0.612843	
	0.523391	
	0.580759	
	0.578169	
	0.557250	
	0.578941	
	0.624589	
	0.576733	
	0.471677	
	0.496023	
	0.532510	
	0.534020	
	0.567641	
	0.527455	
	0.495465	
	0.554810	
	0.547588	
	0.596950	
	0.577495	
	0.487876	
	0.465182	
	0.506467	
	0.559363	
	0.511378	
	0.640625	
	0.682557	
	0.644833	
	0.676867	
	0.692947	
	0.632524	
	0.630126	
	0.644776	
	0.668438	
	0.663019	
	0.600575	
	0.537543	
	0.565156	
	0.616510	
	0.600351	
	0.650352	
	0.644413	
	0.497111	
	0.587231	
	0.675538	
	0.647241	
	0.616932	
	0.561820	
	0.567036	
	0.654693	
	0.731259	
	0.774014	
	0.799172	
	0.770816	
	0.791005	
	0.786653	
	0.796474	
	0.784222	
	0.776955	
	0.648920	
	0.526427	
	0.512686	
	0.622062	
	0.695874	
	0.704660	
	0.655631	
	0.646287	
	0.615094	
	0.602575	
	0.560746	
	0.495804	
	0.562016	
	0.594698	
	0.569011	
	0.582085	
	0.503006	
	0.516903	
	0.545379	
	0.525360	
	0.550073	
	0.559500	
	0.548672	
	0.467096	
	0.540487	
	0.518284	
	0.530481	
	0.604466	
	0.664858	
	0.707367	
	0.751619	
	0.840460	
	0.838891	
	0.822882	
	0.638943	
	0.610700	
	0.620979	
	0.570052	
	0.577288	
	0.629151	
	0.628631	
	0.570637	
	0.572010	
	0.564368	
	0.493268	
	0.547513	
	0.509897	
	0.500935	
	0.519680	
	0.502815	
	0.525991	
	0.504726	
	0.461796	
	0.445578	
	0.572155	
	0.520357	
	0.552248	
	0.437189	
	0.503718	
	0.572974	
	0.519352	
	0.592885	
	0.548228	
	0.571575	
	0.690472	
	0.860892	
	0.865665	
	0.844755	
	0.869885	
	0.622288	
	0.461158	
	0.530513	
	0.525454	
	0.549392	
	0.531186	
	0.489751	
	0.519071	
	0.556818	
	0.558652	
	0.588074	
	0.544003	
	0.670939	
	0.634337	
	0.641531	
	0.653029	
	0.631786	
	0.622926	
	0.638118	
	0.675884	
	0.654785	
	0.623839	
	0.547744	
	0.511813	
	0.523345	
	0.474385	
	0.487233	
	0.461952	
	0.472150	
	0.474382	
	0.459340	
	0.503716	
	0.580347	
	0.570848	
	0.561444	
	0.623891	
	0.687467	
	0.631364	
	0.623767	
	0.641452	
	0.615501	
	0.598219	
	0.586607	
	0.579458	
	0.531515	
	0.447264	
	0.453748	
	0.497627	
	0.499169	
	0.501565	
	0.519225	
	0.484613	
	0.500624	
	0.546177	
	0.585224	
	0.724403	
	0.704059	
	0.547906	
	0.604149	
	0.615159	
	0.524071	
	0.543670	
	0.571688	
	0.546827	
	0.547613	
	0.512765	
	0.493361	
	0.513688	
	0.530228	
	0.528313	
	0.477954	
	0.541449	
	0.589644	
	0.620376	
	0.582708	
	0.564260	
	0.582826	
	0.594875	
	0.603935	
	0.513806	
	0.616170	
	0.694812	
	0.680641	
	0.677681	
	0.633271	
	0.642852	
	0.662031	
	0.670083	
	0.673298	
	0.717623	
	0.680782	
	0.628092	
	0.668064	
	0.679029	
	0.639320	
	0.589500	
	0.572301	
	0.468675	
	0.422598	
	0.505793	
	0.504899	
	0.606856	
	0.610895	
	0.563784	
	0.496097	
	0.537874	
	0.555521	
	0.497940	
	0.475688	
	0.523683	
	0.570022	
	0.549193	
	0.588667	
	0.599160	
	0.487707	
	0.525171	
	0.587178	
	0.662671	
	0.708676	
	0.737454	
	0.682622	
	0.691291	
	0.664835	
	0.664547	
	0.693394	
	0.607998	
	0.626310	
	0.656338	
	0.681167	
	0.707298	
	0.718004	
	0.717171	
	0.719247	
	0.694378	
	0.703486	
	0.694642	
	0.720980	
	0.634439	
	0.659007	
	0.671911	
	0.675524	
	0.642895	
	0.642879	
	0.558616	
	0.601298	
	0.606802	
	0.563284	
	0.604132	
	0.546638	
	0.615212	
	0.674513	
	0.676491	
	0.671163	
	0.640155	
	0.632030	
	0.617160	
	0.583415	
	0.580327	
	0.631943	
	0.592030	
	0.495293	
	0.526880	
	0.575358	
	0.595592	
	0.606432	
	0.656742	
	0.624053	
	0.589498	
	0.613132	
	0.621843	
	0.650236	
	0.608613	
	0.632258	
	0.652219	
	0.684831	
	0.685370	
	0.681457	
	0.693657	
	0.681329	
	0.687904	
	0.640923	
	0.658902	
	0.623933	
	0.545172	
	0.625108	
	0.658394	
	0.626084	
	0.627650	
	0.665479	
	0.469740	
	0.528568	
	0.565127	
	0.524836	
	0.491774	
	0.590528	
	0.628368	
	0.638246	
	0.688040	
	0.655880	
	0.646448	
	0.650949	
	0.667847	
	0.650568	
	0.665831	
	0.668890	
	0.614208	
	0.559856	
	0.523292	
	0.598787	
	0.564605	
	0.550889	
	0.611925	
	0.521792	
	0.445749	
	0.473084	
	0.530166	
	0.501111	
	0.563665	
	0.587170	
	0.663104	
	0.666214	
	0.692396	
	0.684784	
	0.709673	
	0.701311	
	0.650744	
	0.644550	
	0.619157	
	0.633086	
	0.553092	
	0.537841	
	0.560586	
	0.544753	
	0.569894	
	0.454015	
	0.545869	
	0.624399	
	0.517144	
	0.547633	
	0.508792	
	0.590744	
	0.606336	
	0.568957	
	0.574413	
	0.575352	
	0.604158	
	0.646023	
	0.631422	
	0.604289	
	0.616300	
	0.741901	
	0.686703	
	0.537598	
	0.539029	
	0.490633	
	0.497621	
	0.540756	
	0.546579	
	0.530331	
	0.543092	
	0.502269	
	0.520846	
	0.541995	
	0.562807	
	0.634098	
	0.592243	
	0.546977	
	0.618259	
	0.603373	
	0.541303	
	0.525001	
	0.555285	
	0.564133	
	0.551202	
	0.491030	
	0.409476	
	0.469995	
	0.421176	
	0.498433	
	0.433869	
	0.460955	
	0.545984	
	0.575406	
	0.562212	
	0.582608	
	0.521412	
	0.670996	
	0.694898	
	0.591767	
	0.592238	
	0.563891	
	0.566786	
	0.583958	
	0.616844	
	0.573893	
	0.531457	
	0.492287	
	0.502847	
	0.552140	
	0.541216	
	0.550823	
	0.566598	
	0.571011	
	0.559036	
	0.559961	
	0.549740	
	0.578508	
	0.585000	
	0.562847	
	0.576373	
	0.576561	
	0.568484	
	0.600956	
	0.594985	
	0.614281	
	0.623770	
	0.622920	
	0.622666	
	0.585126	
	0.610727	
	0.520550	
	0.526361	
	0.589946	
	0.588645	
	0.544449	
	0.541909	
	0.446003	
	0.426631	
	0.473157	
	0.462382	
	0.487949	
	0.462407	
	0.550765	
	0.579524	
	0.569484	
	0.547408	
	0.536161	
	0.527565	
	0.501720	
	0.480734	
	0.556833	
	0.550080	
	0.548934	
	0.473015	
	0.540507	
	0.538836	
	0.562041	
	0.508177	
	0.511825	
	0.468394	
	0.448026	
	0.498685	
	0.462875	
	0.488157	
	0.523870	
	0.579562	
	0.627179	
	0.632949	
	0.616762	
	0.576277	
	0.527239	
	0.533727	
	0.589888	
	0.588235	
	0.613175	
	0.597888	
	0.547854	
	0.579430	
	0.598161	
	0.604987	
	0.572049	
	0.510129	
	0.438014	
	0.506832	
	0.522038	
	0.521582	
	0.529376	
	0.604906	
	0.606627	
	0.639633	
	0.595057	
	0.617001	
	0.571806	
	0.486014	
	0.469437	
	0.452037	
	0.426532	
	0.446289	
	0.477736	
	0.469375	
	0.516964	
	0.506688	
	0.482070	
	0.476743	
	0.426216	
	0.354544	
	0.377333	
	0.375826	
	0.430337	
	0.485372	
	0.483219	
	0.465574	
	0.420520	
	0.432701	
	0.415070	
	0.395794	
	0.379145	
	0.383133	
	0.353296	
	0.348516	
	0.382230	
	0.445826	
	0.404340	
	0.366339	
	0.416094	
	0.444224	
	0.432680	
	0.425693	
	0.440903	
	0.429246	
	0.396197	
	0.381633	
	0.437689	
	0.439507	
	0.379493	
	0.439551	
	0.389390	
	0.412794	
	0.453905	
	0.391683	
	0.381472	
	0.438497	
	0.410579	
	0.450935	
	0.475408	
	0.502806	
	0.450807	
	0.455687	
	0.466201	
	0.451753	
	0.341668	
	0.355263	
	0.357035	
	0.364279	
	0.402322	
	0.379053	
	0.399977	
	0.382039	
	0.421335	
	0.434547	
	0.442326	
	0.401269	
	0.353016	
	0.424007	
	0.454162	
	0.399134	
	0.444650	
	0.513358	
	0.462271	
	0.414229	
	0.495682	
	0.470943	
	0.558062	
	0.428983	
	0.442433	
	0.449643	
	0.463606	
	0.507226	
	0.514162	
	0.476701	
	0.526819	
	0.560653	
	0.524964	
	0.531054	
	0.520914	
	0.510550	
	0.468526	
	0.406911	
	0.534991	
	0.479682	
	0.408841	
	0.414014	
	0.478411	
	0.591125	
	0.604574	
	0.579361	
	0.599275	
	0.570611	
	0.572998	
	0.576078	
	0.535827	
	0.540747	
	0.529638	
	0.535330	
	0.510555	
	0.504998	
	0.472671	
	0.457974	
	0.480291	
	0.478422	
	0.466998	
	0.465936	
	0.426309	
	0.370145	
	0.396140	
	0.444013	
	0.454322	
	0.448820	
	0.407001	
	0.405325	
	0.413669	
	0.427901	
	0.437523	
	0.380088	
	0.400585	
	0.431418	
	0.427306	
	0.393933	
	0.381947	
	0.443977	
	0.405178	
	0.389849	
	0.377689	
	0.406894	
	0.419297	
	0.388621	
	0.369122	
	0.317721	
	0.370537	
	0.305570	
	0.321673	
	0.316880	
	0.293855	
	0.315687	
	0.326533	
	0.310805	
	0.331937	
	0.361737	
	0.384788	
	0.377117	
	0.371217	
	0.349416	
	0.365888	
	0.387479	
	0.411604	
	0.391684	
	0.256313	
	0.282034	
	0.555169	
	0.624146	
	0.516581	
	0.471039	
	0.433104	
	0.429547	
	0.412295	
	0.362917	
	0.294754	
	0.267279	
	0.272142	
	0.309182	
	0.347290	
	0.448125	
	0.425495	
	0.389178	
	0.406535	
	0.373825	
	0.362312	
	0.399007	
	0.589098	
	0.819951	
	0.764791	
	0.645231	
	0.402224	
	0.440645	
	0.510902	
	0.553989	
	0.560215	
	0.543981	
	0.548446	
	0.538602	
	0.562370	
	0.540304	
	0.545611	
	0.567443	
	0.623735	
	0.721669	
	0.729954	
	0.654272	
	0.492485	
	0.495670	
	0.496295	
	0.454042	
	0.450013	
	0.422360	
	0.413564	
	0.517867	
	0.443062	
	0.439900	
	0.462249	
	0.442794	
	0.429343	
	0.415200	
	0.408554	
	0.450030	
	0.424578	
	0.388545	
	0.385827	
	0.335425	
	0.336577	
	0.342831	
	0.346380	
	0.354558	
	0.337858	
	0.314092	
	0.309773	
	0.326187	
	0.315017	
	0.337087	
	0.357012	
	0.341400	
	0.316682	
	0.362776	
	0.348957	
	0.351755	
	0.368455	
	0.342262	
	0.367479	
	0.374465	
	0.367761	
	0.466505	
	0.461871	
	0.484063	
	0.524349	
	0.543703	
	0.595830	
	0.599691	
	0.574112	
	0.592133	
	0.590735	
	0.609455	
	0.568923	
	0.559581	
	0.593530	
	0.582511	
	0.586620	
	0.655538	
	0.590243	
	0.564190	
	0.631557	
	0.648780	
	0.636471	
	0.690322	
	0.627778	
	0.633072	
	0.622780	
	0.603433	
	0.670161	
	0.648566	
	0.595100	
	0.598443	
	0.625322	
	0.625948	
	0.601341	
	0.514695	
	0.522913	
	0.646334	
	0.627881	
	0.679061	
	0.666145	
	0.662964	
	0.671619	
	0.690384	
	0.720560	
	0.714551	
	0.661977	
	0.610320	
	0.612414	
	0.559088	
	0.577475	
	0.550000	
	0.572084	
	0.555728	
	0.528452	
	0.526074	
	0.506645	
	0.493318	
	0.536529	
	0.622366	
	0.541231	
	0.511800	
	0.469861	
	0.449329	
	0.446059	
	0.425467	
	0.435891	
	0.468965	
	0.512825	
	0.461784	
	0.416583	
	0.454415	
	0.461500	
	0.415703	
	0.384281	
	0.428343	
	0.396855	
	0.404730	
	0.389592	
	0.379785	
	0.360902	
	0.611776	
	0.576824	
	0.439918	
	0.398895	
	0.439060	
	0.392707	
	0.355225	
	0.322182	
	0.367361	
	0.324322	
	0.492600	
	0.569971	
	0.527191	
	0.559624	
	0.553770	
	0.550065	
	0.564347	
	0.536671	
	0.510526	
	0.525257	
	0.549401	
	0.526718	
	0.429439	
	0.546161	
	0.581390	
	0.602215	
	0.550960	
	0.581892	
	0.603557	
	0.548717	
	0.565893	
	0.506889	
	0.498112	
	0.526112	
	0.506459	
	0.516297	
	0.542343	
	0.529042	
	0.516264	
	0.534899	
	0.532962	
	0.497332	
	0.521510	
	0.502062	
	0.464260	
	0.432345	
	0.315491	
	0.378479	
	0.439992	
	0.464088	
	0.450966	
	0.462285	
	0.447267	
	0.448061	
	0.453319	
	0.450280	
	0.438032	
	0.454897	
	0.440553	
	0.432740	
	0.433057	
	0.432912	
	0.428689	
	0.469711	
	0.441506	
	0.424671	
	0.439246	
	0.419945	
	0.416305	
	0.519647	
	0.438337	
	0.406788	
	0.391420	
	0.378117	
	0.386015	
	0.388165	
	0.375732	
	0.388838	
	0.353800	
	0.343347	
	0.363423	
	0.359329	
	0.352810	
	0.338946	
	0.327341	
	0.340282	
	0.337573	
	0.348038	
	0.347791	
	0.317890	
	0.334955	
	0.352903	
	0.488759	
	0.442786	
	0.541608	
	0.582474	
	0.538435	
	0.445870	
	0.390186	
	0.327855	
	0.285210	
	0.327456	
	0.339597	
	0.302976	
	0.309466	
	0.310419	
	0.428287	
	0.311729	
	0.377219	
	0.316516	
	0.317823	
	0.301748	
	0.351925	
	0.488539	
	0.447167	
	0.290913	
	0.336460	
	0.351793	
	0.398585	
	0.331048	
	0.336433	
	0.356245	
	0.369789	
	0.240742	
	0.210491	
	0.221589	
	0.311835	
	0.436848	
	0.420556	
	0.409687	
	0.541804	
	0.670181	
	0.810919	
	0.795491	
	0.850285	
	0.820482	
	0.634540	
	0.475738	
	0.570642	
	0.646461	
	0.685941	
	0.696029	
	0.693739	
	0.711102	
	0.708438	
	0.724116	
	0.708977	
	0.689248	
	0.645430	
	0.617840	
	0.611383	
	0.608194	
	0.611414	
	0.585551	
	0.569000	
	0.544430	
	0.546310	
	0.507438	
	0.550955	
	0.518662	
	0.411166	
	0.478943	
	0.474830	
	0.453126	
	0.475304	
	0.412122	
	0.453868	
	0.396587	
	0.413558	
	0.435256	
	0.372247	
	0.313041	
	0.372184	
	0.411115	
	0.426412	
	0.357331	
	0.317739	
	0.284577	
	0.322861	
	0.327915	
	0.296558	
	0.310020	
	0.303506	
	0.293409	
	0.446187	
	0.466764	
	0.389019	
	0.323465	
	0.349463	
	0.337919	
	0.324041	
	0.260308	
	0.216601	
	0.209830	
	0.346920	
	0.445047	
	0.435484	
	0.438364	
	0.386541	
	0.388002	
	0.412581	
	0.389586	
	0.412113	
	0.412505	
	0.287890	
	0.338109	
	0.401552	
	0.421843	
	0.432521	
	0.419754	
	0.444737	
	0.439983	
	0.440115	
	0.461765	
	0.448752	
	0.562578	
	0.832620	
	0.873360	
	0.834448	
	0.540266	
	0.430130	
	0.453991	
	0.483294	
	0.481803	
	0.498401	
	0.568028	
	0.530890	
	0.476558	
	0.413643	
	0.472950	
	0.571012	
	0.582704	
	0.595687	
	0.610426	
	0.602764	
	0.591126	
	0.572291	
	0.605184	
	0.576301	
	0.628634	
	0.565967	
	0.567883	
	0.506350	
	0.423596	
	0.434600	
	0.447669	
	0.423301	
	0.425779	
	0.408954	
	0.390115	
	0.382308	
	0.481549	
	0.434540	
	0.444760	
	0.500614	
	0.483995	
	0.475825	
	0.471200	
	0.431047	
	0.427743	
	0.442220	
	0.375172	
	0.356984	
	0.360750	
	0.391414	
	0.343046	
	0.332797	
	0.321031	
	0.337570	
	0.311610	
	0.304091	
	0.299284	
	0.286412	
	0.259891	
	0.269698	
	0.284338	
	0.327902	
	0.315066	
	0.309580	
	0.295079	
	0.352056	
	0.343798	
	0.289002	
	0.301323	
	0.300008	
	0.299605	
	0.348572	
	0.353164	
	0.386556	
	0.366940	
	0.406959	
	0.378318	
	0.387660	
	0.416117	
	0.430708	
	0.396364	
	0.396798	
	0.437328	
	0.498177	
	0.518342	
	0.579078	
	0.567363	
	0.586459	
	0.581592	
	0.558386	
	0.587173	
	0.605510	
	0.614594	
	0.612433	
	0.652639	
	0.590115	
	0.581669	
	0.545102	
	0.585128	
	0.609024	
	0.583396	
	0.652837	
	0.647711	
	0.614014	
	0.520669	
	0.494590	
	0.490005	
	0.550916	
	0.604591	
	0.558644	
	0.557092	
	0.575538	
	0.592837	
	0.622951	
	0.634574	
	0.607229	
	0.587420	
	0.569936	
	0.547678	
	0.522978	
	0.531004	
	0.534216	
	0.537553	
	0.540555	
	0.520524	
	0.516841	
	0.458669	
	0.459785	
	0.616879	
	0.609862	
	0.537946	
	0.499582	
	0.575783	
	0.685852	
	0.788721	
	0.759287	
	0.785703	
	0.722103	
	0.515336	
	0.389696	
	0.425448	
	0.444041	
	0.440431	
	0.460123	
	0.452359	
	0.495055	
	0.448724	
	0.461221	
	0.485788	
	0.445476	
	0.409519	
	0.573554	
	0.492539	
	0.420152	
	0.445221	
	0.367124	
	0.311333	
	0.373418	
	0.372704	
	0.288573	
	0.304721	
	0.325226	
	0.392935	
	0.409782	
	0.364776	
	0.343388	
	0.304066	
	0.327018	
	0.441707	
	0.312272	
	0.277102	
	0.287453	
	0.317772	
	0.536803	
	0.572920	
	0.580420	
	0.575769	
	0.558291	
	0.561381	
	0.543017	
	0.596667	
	0.595953	
	0.632453	
	0.625427	
	0.651663	
	0.636713	
	0.652303	
	0.612772	
	0.681288	
	0.665825	
	0.639940	
	0.631654	
	0.618833	
	0.534230	
	0.509236	
	0.493637	
	0.443051	
	0.427619	
	0.440241	
	0.412040	
	0.401836	
	0.397889	
	0.401330	
	0.382342	
	0.366352	
	0.365115	
	0.363827	
	0.331754	
	0.339349	
	0.319198	
	0.318091	
	0.313215	
	0.330649	
	0.314841	
	0.294010	
	0.317007	
	0.303462	
	0.325204	
	0.319847	
	0.301843	
	0.354169	
	0.436703	
	0.388470	
	0.350017	
	0.336422	
	0.328906	
	0.361796	
	0.351127	
	0.355919	
	0.315096	
	0.328619	
	0.439617	
	0.452557	
	0.345468	
	0.298715	
	0.314735	
	0.333197	
	0.304598	
	0.304426	
	0.284775	
	0.278875	
	0.357496	
	0.478247	
	0.497330	
	0.435930	
	0.446200	
	0.514080	
	0.484922	
	0.397698	
	0.441156	
	0.472535	
	0.469233	
	0.445067	
	0.514304	
	0.450606	
	0.369649	
	0.540640	
	0.541728	
	0.464276	
	0.478381	
	0.512532	
	0.465956	
	0.506116	
	0.506535	
	0.493328	
	0.490386	
	0.536504	
	0.533138	
	0.474918	
	0.443623	
	0.347129	
	0.333470	
	0.372438	
	0.368500	
	0.325989	
	0.329308	
	0.327969	
	0.248938	
	0.317447	
	0.311773	
	0.305294	
	0.219085	
	0.249512	
	0.238673	
	0.225241	
	0.489141	
	0.523584	
	0.550789	
	0.554999	
	0.686820	
	0.738183	
	0.736068	
	0.739236	
	0.702527	
	0.696344	
	0.721960	
	0.738395	
	0.755159	
	0.788693	
	0.682202	
	0.676154	
	0.668087	
	0.718741	
	0.725060	
	0.724233	
	0.506326	
	0.486362	
	0.560666	
	0.591709	
	0.638790	
	0.610572	
	0.597941	
	0.589766	
	0.583105	
	0.614514	
	0.674398	
	0.643797	
	0.611164	
	0.587143	
	0.592056	
	0.601301	
	0.632159	
	0.531157	
	0.528706	
	0.541337	
	0.625228	
	0.628811	
	0.621550	
	0.645339	
	0.661564	
	0.638102	
	0.653669	
	0.666867	
	0.487061	
	0.566137	
	0.630859	
	0.647777	
	0.703818	
	0.741165	
	0.670330	
	0.582861	
	0.603328	
	0.649607	
	0.617603	
	0.617824	
	0.604195	
	0.628124	
	0.611723	
	0.588631	
	0.592696	
	0.576641	
	0.603607	
	0.589972	
	0.659640	
	0.691538	
	0.653469	
	0.622724	
	0.622118	
	0.642774	
	0.626708	
	0.650463	
	0.673004	
	0.667793	
	0.671914	
	0.627595	
	0.647837	
	0.672990	
	0.652394	
	0.616969	
	0.619708	
	0.662977	
	0.666063	
	0.518826	
	0.583842	
	0.594981	
	0.512721	
	0.596900	
	0.654108	
	0.530103	
	0.489962	
	0.548274	
	0.589387	
	0.566942	
	0.609762	
	0.606398	
	0.564341	
	0.603941	
	0.607721	
	0.670825	
	0.658193	
	0.565722	
	0.553379	
	0.597967	
	0.593594	
	0.607427	
	0.706456	
	0.538257	
	0.452545	
	0.492349	
	0.568738	
	0.560578	
	0.549553	
	0.588074	
	0.587633	
	0.591437	
	0.605703	
	0.627126	
	0.695027	
	0.687059	
	0.667285	
	0.634569	
	0.689991	
	0.581878	
	0.493813	
	0.497972	
	0.493091	
	0.562811	
	0.552699	
	0.580517	
	0.544209	
	0.555822	
	0.619015	
	0.546967	
	0.537911	
	0.505875	
	0.520596	
	0.623862	
	0.632926	
	0.602032	
	0.600755	
	0.608938	
	0.568362	
	0.570362	
	0.603235	
	0.610120	
	0.604801	
	0.614941	
	0.560553	
	0.586707	
	0.618293	
	0.592939	
	0.600435	
	0.485363	
	0.576931	
	0.670330	
	0.617847	
	0.583946	
	0.547033	
	0.552202	
	0.545790	
	0.547411	
	0.581375	
	0.547648	
	0.549006	
	0.536892	
	0.590091	
	0.542709	
	0.583542	
	0.579977	
	0.500459	
	0.476874	
	0.518074	
	0.543210	
	0.521533	
	0.549703	
	0.543680	
	0.570880	
	0.570469	
	0.550342	
	0.590011	
	0.538580	
	0.497379	
	0.560839	
	0.598576	
	0.578801	
	0.572475	
	0.607469	
	0.575266	
	0.624367	
	0.594582	
	0.601038	
	0.632333	
	0.566357	
	0.595154	
	0.594489	
	0.569496	
	0.598176	
	0.531914	
	0.489634	
	0.512894	
	0.562303	
	0.533206	
	0.555524	
	0.549203	
	0.543328	
	0.557698	
	0.582967	
	0.603111	
	0.610244	
	0.606039	
	0.618788	
	0.586936	
	0.614251	
	0.587928	
	0.546593	
	0.515034	
	0.575162	
	0.572906	
	0.567105	
	0.558505	
	0.591648	
	0.597469	
	0.586398	
	0.602263	
	0.627778	
	0.598578	
	0.529696	
	0.579579	
	0.603093	
	0.602725	
	0.658053	
	0.675934	
	0.637304	
	0.638405	
	0.612510	
	0.594631	
	0.603507	
	0.592896	
	0.592326	
	0.626088	
	0.590637	
	0.610196	
	0.599230	
	0.589912	
	0.596531	
	0.576157	
	0.609493	
	0.600182	
	0.626048	
	0.565223	
	0.623938	
	0.655276	
	0.641144	
	0.685117	
	0.701452	
	0.681826	
	0.655040	
	0.649230	
	0.657866	
	0.603395	
	0.660589	
	0.630503	
	0.667511	
	0.695312	
	0.692336	
	0.592156	
	0.623217	
	0.597082	
	0.538091	
	0.595704	
	0.657255	
	0.556148	
	0.467934	
	0.526787	
	0.571760	
	0.607007	
	0.611817	
	0.641877	
	0.658482	
	0.694502	
	0.683524	
	0.692474	
	0.696198	
	0.650917	
	0.671292	
	0.626467	
	0.595538	
	0.685599	
	0.714095	
	0.566348	
	0.455842	
	0.508332	
	0.551077	
	0.565369	
	0.563186	
	0.589525	
	0.623026	
	0.657731	
	0.666746	
	0.672083	
	0.681762	
	0.695419	
	0.717253	
	0.731986	
	0.684716	
	0.712604	
	0.528476	
	0.499026	
	0.543709	
	0.637219	
	0.598843	
	0.621341	
	0.615074	
	0.585905	
	0.589330	
	0.559871	
	0.533830	
	0.464788	
	0.533655	
	0.601114	
	0.613540	
	0.602701	
	0.614920	
	0.626419	
	0.579405	
	0.556926	
	0.580720	
	0.620050	
	0.629248	
	0.603807	
	0.611410	
	0.573309	
	0.611993	
	0.610681	
	0.678282	
	0.729062	
	0.776804	
	0.771168	
	0.770022	
	0.735511	
	0.609374	
	0.628215	
	0.634509	
	0.628272	
	0.611753	
	0.607607	
	0.554777	
	0.600592	
	0.593016	
	0.582105	
	0.615511	
	0.567201	
	0.559604	
	0.577619	
	0.596289	
	0.572183	
	0.648872	
	0.526581	
	0.605483	
	0.676775	
	0.719825	
	0.724713	
	0.577390	
	0.517461	
	0.582373	
	0.537289	
	0.544864	
	0.542379	
	0.526048	
	0.499725	
	0.521673	
	0.516926	
	0.551979	
	0.547213	
	0.506662	
	0.483099	
	0.527152	
	0.522776	
	0.546794	
	0.448227	
	0.502074	
	0.523522	
	0.539349	
	0.502182	
	0.515335	
	0.538553	
	0.516483	
	0.555775	
	0.592516	
	0.528511	
	0.547153	
	0.573102	
	0.540380	
	0.508541	
	0.528469	
	0.506222	
	0.553130	
	0.558387	
	0.552240	
	0.538358	
	0.549621	
	0.553937	
	0.571320	
	0.550591	
	0.506562	
	0.571087	
	0.536697	
	0.538383	
	0.581287	
	0.506650	
	0.595062	
	0.594684	
	0.547038	
	0.540043	
	0.567665	
	0.503489	
	0.541394	
	0.554575	
	0.575845	
	0.584969	
	0.570352	
	0.518739	
	0.537761	
	0.549838	
	0.573722	
	0.582300	
	0.537246	
	0.546153	
	0.559572	
	0.565364	
	0.590003	
	0.550862	
	0.516950	
	0.578259	
	0.649579	
	0.622651	
	0.613636	
	0.584379	
	0.566456	
	0.523040	
	0.558024	
	0.565847	
	0.529209	
	0.485747	
	0.545661	
	0.519454	
	0.538754	
	0.594465	
	0.549107	
	0.498219	
	0.575616	
	0.564373	
	0.560749	
	0.594934	
	0.588657	
	0.545236	
	0.551069	
	0.597644	
	0.610508	
	0.640760	
	0.684089	
	0.595869	
	0.557922	
	0.596306	
	0.549156	
	0.576168	
	0.450737	
	0.464224	
	0.544055	
	0.516541	
	0.573827	
	0.673925	
	0.496795	
	0.477194	
	0.558225	
	0.586419	
	0.594921	
	0.487420	
	0.562443	
	0.571828	
	0.607785	
	0.605244	
	0.647886	
	0.553636	
	0.560139	
	0.526671	
	0.611537	
	0.670124	
	0.586813	
	0.612352	
	0.652404	
	0.631957	
	0.670896	
	0.698488	
	0.615470	
	0.487357	
	0.466159	
	0.450446	
	0.494809	
	0.524972	
	0.486013	
	0.514082	
	0.557348	
	0.546003	
	0.589055	
	0.566528	
	0.530137	
	0.498326	
	0.514785	
	0.536636	
	0.524278	
	0.576719	
	0.480457	
	0.486649	
	0.565899	
	0.552532	
	0.512985	
	0.467515	
	0.485146	
	0.524995	
	0.517051	
	0.549417	
	0.631933	
	0.557763	
	0.524545	
	0.620547	
	0.587318	
	0.564661	
	0.577843	
	0.498115	
	0.563257	
	0.531263	
	0.541167	
	0.530242	
	0.498689	
	0.544642	
	0.590170	
	0.608674	
	0.576683	
	0.581805	
	0.529634	
	0.457799	
	0.533319	
	0.547036	
	0.575266	
	0.491660	
	0.504853	
	0.570554	
	0.566621	
	0.539617	
	0.570391	
	0.567909	
	0.530468	
	0.471243	
	0.521791	
	0.535523	
	0.527267	
	0.525603	
	0.471447	
	0.517281	
	0.533871	
	0.547930	
	0.548952	
	0.518386	
	0.541940	
	0.509384	
	0.499534	
	0.546369	
	0.527565	
	0.517525	
	0.555139	
	0.611111	
	0.515665	
	0.547449	
	0.497996	
	0.487739	
	0.522100	
	0.535021	
	0.548168	
	0.526371	
	0.491039	
	0.537783	
	0.562646	
	0.510689	
	0.538040	
	0.542215	
	0.502635	
	0.480935	
	0.510285	
	0.511606	
	0.552110	
	0.526437	
	0.486114	
	0.546300	
	0.564042	
	0.544732	
	0.550723	
	0.543255	
	0.500841	
	0.515358	
	0.515347	
	0.538771	
	0.549009	
	0.456322	
	0.510320	
	0.477868	
	0.481658	
	0.524378	
	0.499837	
	0.406541	
	0.489174	
	0.539526	
	0.538919	
	0.562108	
	0.556870	
	0.509167	
	0.669926	
	0.743482	
	0.675826	
	0.691102	
	0.542328	
	0.580613	
	0.617593	
	0.614079	
	0.624004	
	0.537423	
	0.546484	
	0.537993	
	0.564768	
	0.624463	
	0.628705	
	0.582585	
	0.465293	
	0.521956	
	0.557499	
	0.562911	
	0.614064	
	0.527474	
	0.543832	
	0.647832	
	0.652119	
	0.701968	
	0.746553	
	0.757863	
	0.621793	
	0.629114	
	0.682093	
	0.721713	
	0.691278	
	0.616546	
	0.682612	
	0.635845	
	0.658620	
	0.694816	
	0.611988	
	0.574907	
	0.633729	
	0.604029	
	0.588465	
	0.596149	
	0.548208	
	0.553527	
	0.661222	
	0.686292	
	0.651663	
	0.675194	
	0.662318	
	0.570228	
	0.541696	
	0.638734	
	0.630469	
	0.585882	
	0.578933	
	0.626251	
	0.637306	
	0.650124	
	0.617660	
	0.570477	
	0.458861	
	0.495846	
	0.510743	
	0.461589	
	0.529663	
	0.508989	
	0.490439	
	0.517886	
	0.497783	
	0.502737	
	0.532737	
	0.501704	
	0.448675	
	0.548236	
	0.584024	
	0.636548	
	0.571311	
	0.509272	
	0.505901	
	0.607032	
	0.672457	
	0.708661	
	0.484277	
	0.427473	
	0.502342	
	0.597006	
	0.640176	
	0.622823	
	0.545993	
	0.575964	
	0.646239	
	0.658911	
	0.650064	
	0.659536	
	0.571611	
	0.568738	
	0.574148	
	0.620995	
	0.647148	
	0.547867	
	0.651307	
	0.755476	
	0.820362	
	0.818034	
	0.846144	
	0.864364	
	0.827340	
	0.824289	
	0.746201	
	0.737717	
	0.619012	
	0.563744	
	0.515095	
	0.524111	
	0.551302	
	0.579320	
	0.574877	
	0.555692	
	0.564918	
	0.546701	
	0.560192	
	0.579557	
	0.595066	
	0.528588	
	0.622028	
	0.621007	
	0.573239	
	0.590487	
	0.543582	
	0.486274	
	0.527400	
	0.558361	
	0.484417	
	0.528556	
	0.554085	
	0.545225	
	0.535854	
	0.595903	
	0.555295	
	0.598944	
	0.597805	
	0.584718	
	0.546510	
	0.579225	
	0.614222	
	0.520664	
	0.518830	
	0.553309	
	0.572527	
	0.552377	
	0.546345	
	0.559845	
	0.572273	
	0.591611	
	0.596738	
	0.613792	
	0.545177	
	0.543611	
	0.548834	
	0.588352	
	0.597311	
	0.615629	
	0.667062	
	0.596459	
	0.586010	
	0.585087	
	0.583223	
	0.570354	
	0.532584	
	0.555998	
	0.608525	
	0.536050	
	0.622235	
	0.531105	
	0.506246	
	0.558675	
	0.592797	
	0.574175	
	0.585252	
	0.598132	
	0.580619	
	0.654913	
	0.678726	
	0.701705	
	0.726671	
	0.713772	
	0.723992	
	0.706239	
	0.703636	
	0.711034	
	0.718482	
	0.661468	
	0.664843	
	0.634419	
	0.642399	
	0.642373	
	0.524395	
	0.579666	
	0.637088	
	0.537697	
	0.640127	
	0.685228	
	0.472822	
	0.468170	
	0.527789	
	0.584040	
	0.631994	
	0.647964	
	0.681814	
	0.671703	
	0.700193	
	0.715799	
	0.719960	
	0.660431	
	0.594908	
	0.690703	
	0.674279	
	0.693408	
	0.706167	
	0.614669	
	0.450758	
	0.491655	
	0.548673	
	0.553771	
	0.545278	
	0.542728	
	0.592624	
	0.668289	
	0.663645	
	0.671651	
	0.668481	
	0.675663	
	0.671488	
	0.712134	
	0.743506	
	0.740753	
	0.652703	
	0.510870	
	0.523820	
	0.606135	
	0.579921	
	0.589887	
	0.613243	
	0.564856	
	0.635450	
	0.606700	
	0.595698	
	0.411258	
	0.360606	
	0.399274	
	0.371647	
	0.414723	
	0.420481	
	0.417006	
	0.472987	
	0.382090	
	0.378588	
	0.322567	
	0.364081	
	0.347091	
	0.331966	
	0.372789	
	0.485041	
	0.618851	
	0.638867	
	0.536820	
	0.556351	
	0.571901	
	0.599926	
	0.543835	
	0.537950	
	0.613083	
	0.614216	
	0.576591	
	0.557553	
	0.535736	
	0.518697	
	0.512212	
	0.511411	
	0.513680	
	0.530340	
	0.489579	
	0.425969	
	0.430077	
	0.453329	
	0.479176	
	0.578259	
	0.632690	
	0.588103	
	0.633551	
	0.537815	
	0.595909	
	0.578920	
	0.524755	
	0.295718	
	0.278015	
	0.332653	
	0.305812	
	0.327021	
	0.354201	
	0.326997	
	0.416428	
	0.540989	
	0.695932	
	0.749631	
	0.586942	
	0.523339	
	0.421151	
	0.433489	
	0.458208	
	0.454125	
	0.429564	
	0.421017	
	0.378750	
	0.430870	
	0.402036	
	0.417547	
	0.473128	
	0.560108	
	0.546733	
	0.532149	
	0.524420	
	0.555073	
	0.608124	
	0.630383	
	0.576899	
	0.581990	
	0.553631	
	0.463590	
	0.492955	
	0.555713	
	0.556308	
	0.626409	
	0.615429	
	0.611943	
	0.609228	
	0.594107	
	0.666829	
	0.671187	
	0.526034	
	0.578280	
	0.644108	
	0.652101	
	0.727703	
	0.760695	
	0.653270	
	0.648896	
	0.630007	
	0.614071	
	0.612044	
	0.598415	
	0.607044	
	0.615099	
	0.630469	
	0.672718	
	0.677845	
	0.500546	
	0.523922	
	0.595558	
	0.623595	
	0.576158	
	0.629179	
	0.717714	
	0.695765	
	0.732368	
	0.709338	
	0.718951	
	0.716640	
	0.682360	
	0.699465	
	0.727932	
	0.742672	
	0.766912	
	0.729509	
	0.674841	
	0.667913	
	0.687619	
	0.660977	
	0.597610	
	0.531876	
	0.579410	
	0.506960	
	0.566684	
	0.556952	
	0.597373	
	0.487334	
	0.476587	
	0.540571	
	0.546429	
	0.583981	
	0.622498	
	0.616936	
	0.607425	
	0.653761	
	0.727347	
	0.690772	
	0.651534	
	0.575017	
	0.593098	
	0.551853	
	0.597742	
	0.621425	
	0.477641	
	0.521647	
	0.518384	
	0.523614	
	0.556226	
	0.623269	
	0.644740	
	0.642247	
	0.706392	
	0.712117	
	0.693535	
	0.707163	
	0.709090	
	0.708718	
	0.708484	
	0.731574	
	0.615519	
	0.698934	
	0.600796	
	0.601980	
	0.593555	
	0.606896	
	0.533520	
	0.428821	
	0.409812	
	0.467174	
	0.470417	
	0.382129	
	0.325793	
	0.397046	
	0.495304	
	0.483907	
	0.440533	
	0.473952	
	0.446399	
	0.453410	
	0.439384	
	0.424728	
	0.409511	
	0.392282	
	0.312573	
	0.384270	
	0.406516	
	0.591700	
	0.687134	
	0.755926	
	0.584149	
	0.625568	
	0.680395	
	0.697324	
	0.678892	
	0.690966	
	0.633235	
	0.607241	
	0.562084	
	0.510600	
	0.477913	
	0.457253	
	0.464077	
	0.404988	
	0.412804	
	0.462752	
	0.447190	
	0.450777	
	0.479589	
	0.525500	
	0.546664	
	0.650755	
	0.721873	
	0.729547	
	0.735874	
	0.720861	
	0.729651	
	0.654040	
	0.481240	
	0.305446	
	0.345372	
	0.335310	
	0.328172	
	0.356678	
	0.342190	
	0.427852	
	0.580937	
	0.615110	
	0.643829	
	0.568266	
	0.475976	
	0.393485	
	0.375072	
	0.372677	
	0.503141	
	0.481277	
	0.405447	
	0.486264	
	0.455855	
	0.461022	
	0.445972	
	0.497391	
	0.494268	
	0.588823	
	0.607641	
	0.549769	
	0.487929	
	0.485295	
	0.499061	
	0.561862	
	0.600705	
	0.571051	
	0.571944	
	0.519687	
	0.557293	
	0.549989	
	0.586637	
	0.622888	
	0.573585	
	0.419045	
	0.484365	
	0.526567	
	0.477385	
	0.519169	
	0.487661	
	0.551350	
	0.598858	
	0.613427	
	0.671933	
	0.665643	
	0.628226	
	0.498250	
	0.518682	
	0.558907	
	0.578564	
	0.563387	
	0.462990	
	0.505183	
	0.608244	
	0.556239	
	0.567479	
	0.463098	
	0.426854	
	0.505511	
	0.552867	
	0.573063	
	0.593829	
	0.522275	
	0.560203	
	0.629040	
	0.619495	
	0.639930	
	0.647492	
	0.494849	
	0.506472	
	0.581213	
	0.626253	
	0.657422	
	0.544093	
	0.569182	
	0.538822	
	0.584962	
	0.627076	
	0.613981	
	0.508780	
	0.512678	
	0.506846	
	0.578283	
	0.572016	
	0.559809	
	0.488496	
	0.640495	
	0.660526	
	0.663660	
	0.705419	
	0.637152	
	0.483542	
	0.619329	
	0.580479	
	0.607181	
	0.615960	
	0.487611	
	0.601119	
	0.578885	
	0.647601	
	0.670631	
	0.618875	
	0.551430	
	0.497329	
	0.554389	
	0.541973	
	0.553301	
	0.573141	
	0.444915	
	0.538444	
	0.562502	
	0.603592	
	0.639325	
	0.570290	
	0.433375	
	0.594557	
	0.597927	
	0.625276	
	0.609227	
	0.551429	
	0.493983	
	0.492001	
	0.586619	
	0.611765	
	0.678084	
	0.464538	
	0.507826	
	0.550912	
	0.565746	
	0.516288	
	0.351835	
	0.366184	
	0.358380	
	0.372192	
	0.396981	
	0.364986	
	0.329002	
	0.295519	
	0.330812	
	0.372971	
	0.339635	
	0.362632	
	0.311273	
	0.304421	
	0.372440	
	0.369012	
	0.486152	
	0.592697	
	0.494176	
	0.461749	
	0.495419	
	0.527266	
	0.549288	
	0.485446	
	0.501974	
	0.546580	
	0.512066	
	0.480931	
	0.416278	
	0.401785	
	0.357882	
	0.341558	
	0.365045	
	0.442042	
	0.410306	
	0.404588	
	0.430215	
	0.397368	
	0.432633	
	0.525037	
	0.584205	
	0.509959	
	0.482391	
	0.515783	
	0.558934	
	0.554218	
	0.365441	
	0.382203	
	0.383375	
	0.387692	
	0.393133	
	0.379815	
	0.421370	
	0.419513	
	0.612701	
	0.649966	
	0.574571	
	0.494730	
	0.392904	
	0.365343	
	0.424770	
	0.403441	
	0.445587	
	0.442683	
	0.452042	
	0.444876	
	0.419528	
	0.461787	
	0.431304	
	0.478339	
	0.559392	
	0.598331	
	0.577344	
	0.555983	
	0.557970	
	0.566361	
	0.428714	
	0.545930	
	0.589407	
	0.535844	
	0.506256	
	0.511593	
	0.539836	
	0.546109	
	0.579607	
	0.637955	
	0.605210	
	0.492394	
	0.524198	
	0.543425	
	0.532290	
	0.601170	
	0.504588	
	0.596293	
	0.668124	
	0.730621	
	0.689957	
	0.742772	
	0.660052	
	0.512795	
	0.608075	
	0.671958	
	0.644132	
	0.636248	
	0.578707	
	0.569482	
	0.556552	
	0.613725	
	0.638570	
	0.581840	
	0.477238	
	0.570631	
	0.521071	
	0.608001	
	0.641092	
	0.541783	
	0.487084	
	0.588598	
	0.621806	
	0.607594	
	0.676184	
	0.499193	
	0.559265	
	0.621926	
	0.652605	
	0.532654	
	0.535069	
	0.527198	
	0.546145	
	0.604667	
	0.579691	
	0.574348	
	0.466599	
	0.528961	
	0.538558	
	0.565401	
	0.599835	
	0.675562	
	0.590038	
	0.602238	
	0.612243	
	0.589229	
	0.603216	
	0.665108	
	0.642929	
	0.539618	
	0.596787	
	0.602857	
	0.625971	
	0.498679	
	0.614849	
	0.596291	
	0.641887	
	0.685279	
	0.619651	
	0.539745	
	0.556197	
	0.539448	
	0.590616	
	0.539030	
	0.589090	
	0.501627	
	0.577263	
	0.574386	
	0.646467	
	0.672425	
	0.575849	
	0.566884	
	0.596103	
	0.616178	
	0.592521	
	0.612827	
	0.570777	
	0.591191	
	0.622137	
	0.609511	
	0.600721	
	0.624102	
	0.512278	
	0.615364	
	0.586358	
	0.491751	
	0.351671	
	0.339082	
	0.324260	
	0.320617	
	0.412014	
	0.365809	
	0.369253	
	0.297576	
	0.359977	
	0.290425	
	0.324036	
	0.308090	
	0.331091	
	0.323838	
	0.357211	
	0.388142	
	0.474749	
	0.430507	
	0.438386	
	0.531032	
	0.520158	
	0.559527	
	0.545843	
	0.457551	
	0.430932	
	0.470571	
	0.431940	
	0.398068	
	0.348147	
	0.359479	
	0.364941	
	0.361698	
	0.366394	
	0.327657	
	0.386533	
	0.462892	
	0.486836	
	0.467041	
	0.482278	
	0.547770	
	0.527397	
	0.526256	
	0.590433	
	0.631279	
	0.603084	
	0.391719	
	0.286923	
	0.219680	
	0.145352	
	0.118312	
	0.120309	
	0.159338	
	0.155425	
	0.224781	
	0.362395	
	0.690727	
	0.735907	
	0.485323	
	0.317726	
	0.190041	
	0.122905	
	0.128171	
	0.146625	
	0.167012	
	0.128705	
	0.100429	
	0.104029	
	0.123050	
	0.117045	
	0.106021	
	0.101862	
	0.123557	
	0.150160	
	0.168729	
	0.156553	
	0.170906	
	0.210934	
	0.200146	
	0.175610	
	0.169090	
	0.182928	
	0.207271	
	0.249509	
	0.295659	
	0.302645	
	0.337632	
	0.273737	
	0.297145	
	0.296779	
	0.185247	
	0.329823	
	0.300580	
	0.336926	
	0.357229	
	0.336259	
	0.341796	
	0.308694	
	0.380195	
	0.361131	
	0.333863	
	0.341158	
	0.337977	
	0.363051	
	NaN	
	NaN	
	0.408997	
	NaN	
	NaN	
	NaN	
	NaN	
	NaN	
	NaN	
	NaN	
	NaN	
	NaN	
	NaN	
	NaN	
	NaN	
	NaN	
	NaN	
	NaN	
	NaN	
	NaN	
	NaN	
	NaN	
	NaN	
	NaN	
	NaN	
	NaN	
	NaN	
	NaN	
	NaN	
	NaN	
	NaN	
	NaN	
	NaN	
	NaN	
	NaN	
	NaN	
	NaN	
	NaN	
	NaN	
	NaN	
	NaN	
	NaN	
	NaN	
	NaN	
	NaN	
	NaN	
	NaN	
	NaN	
	NaN	
	NaN	
	NaN	
	NaN	
	0.409009	
	0.422014	
	0.416218	
	0.414596	
	0.402785	
	0.405940	
	0.422984	
	0.422584	
	0.412192	
	0.405808	
	0.409059	
	0.411152	
	0.396558	
	0.408275	
	0.397371	
	0.393183	
	0.394718	
	0.402938	
	0.392989	
	0.384410	
	0.387697	
	0.387113	
	0.387881	
	0.383897	
	0.359211	
	0.364174	
	0.364469	
	0.357887	
	0.355092	
	0.356388	
	0.355261	
	0.345048	
	0.344611	
	0.339254	
	0.350698	
	0.348278	
	0.351137	
	0.340469	
	0.329301	
	0.334520	
	0.340196	
	0.334924	
	0.327585	
	0.322617	
	0.327626	
	0.320933	
	0.318542	
	0.318729	
	0.323338	
	0.322190	
	0.329284	
	0.326486	
	0.327831	
	0.318922	
	0.322995	
	0.318098	
	0.321435	
	0.325687	
	0.323595	
	0.315713	
	0.317597	
	0.331472	
	0.318931	
	0.315135	
	0.321020	
	0.327010	
	0.324367	
	0.329735	
	0.324262	
	0.326989	
	0.322737	
	0.285158	
	0.197208	
	NaN	
	NaN	
	NaN	
	NaN	
	NaN	
	NaN	
	NaN	
	NaN	
	NaN	
	NaN	
	NaN	
	NaN	
	NaN	
	NaN	
	NaN	
	NaN	
	NaN	
	NaN	
	NaN	
	NaN	
	NaN	
	NaN	
	NaN	
	NaN	
	NaN	
	NaN	
	NaN	
	NaN	
	NaN	
	NaN	
	NaN	
	NaN	
	NaN	
	NaN	
	NaN	
	NaN	
	NaN	
	NaN	
	NaN	
