_Mode		
	0.147779	
	-0.007365	
	-0.011768	
	-0.135820	
	-0.147302	
	-0.000974	
	0.089670	
	-0.268740	
	0.012005	
	0.016007	
	-0.096973	
	0.084373	
	-0.031166	
	0.034401	
	0.038428	
	-0.021025	
	-0.157921	
	-0.152566	
	-0.135220	
	-0.116425	
	-0.113429	
	0.086411	
	0.041025	
	-0.080905	
	-0.165136	
	-0.120905	
	-0.105364	
	-0.105220	
	-0.089321	
	-0.088834	
	-0.080045	
	-0.066512	
	-0.103961	
	-0.178193	
	-0.082227	
	-0.016556	
	-0.153717	
	-0.103722	
	-0.093169	
	-0.107675	
	0.046912	
	0.045585	
	-0.089885	
	-0.152342	
	-0.098636	
	0.075387	
	0.108488	
	0.231442	
	-0.089992	
	-0.020588	
	0.067739	
	0.073994	
	0.072751	
	-0.089638	
	-0.114523	
	-0.067048	
	-0.097066	
	0.086953	
	0.048106	
	0.153894	
	0.006121	
	-0.102369	
	0.088678	
	-0.017735	
	0.079238	
	-0.126098	
	-0.077934	
	-0.102539	
	0.079189	
	-0.338977	
	-0.113389	
	-0.264209	
	-0.117161	
	-0.116757	
	0.011612	
	-0.081848	
	-0.104874	
	-0.099646	
	-0.067987	
	-0.104522	
	-0.041349	
	-0.087064	
	-0.001866	
	-0.196738	
	-0.050422	
	0.007631	
	0.012154	
	-0.048905	
	-0.064368	
	-0.051187	
	-0.089754	
	-0.091406	
	0.044089	
	-0.114758	
	-0.088607	
	-0.049346	
	-0.094783	
	-0.061496	
	0.063631	
	-0.212361	
	-0.037318	
	-0.257984	
	-0.127612	
	0.081449	
	0.015647	
	-0.053543	
	0.053259	
	0.076875	
	0.051374	
	-0.074812	
	-0.102687	
	-0.144361	
	-0.027659	
	-0.057301	
	-0.090314	
	-0.104522	
	-0.035834	
	-0.016458	
	-0.076563	
	-0.053294	
	0.071129	
	0.029303	
	0.036726	
	0.062913	
	-0.037624	
	-0.057699	
	0.027369	
	0.045616	
	-0.217651	
	-0.237409	
	0.021168	
	0.042575	
	-0.031053	
	0.020412	
	0.085612	
	-0.086969	
	-0.158372	
	-0.085200	
	-0.087642	
	-0.011494	
	-0.173177	
	-0.023271	
	0.070793	
	0.064345	
	0.032468	
	-0.114262	
	-0.113999	
	-0.103939	
	0.031066	
	-0.054436	
	-0.005165	
	0.066952	
	-0.016420	
	0.059616	
	-0.060602	
	-0.039477	
	-0.065496	
	-0.036398	
	0.020933	
	0.014388	
	-0.261234	
	0.053580	
	-0.075504	
	-0.033713	
	0.078560	
	-0.069252	
	-0.018904	
	0.004841	
	0.027074	
	-0.099521	
	-0.082794	
	-0.084080	
	-0.050911	
	-0.105708	
	-0.078106	
	-0.044146	
	-0.059263	
	-0.104522	
	-0.119739	
	-0.067920	
	-0.050306	
	-0.005603	
	-0.092680	
	0.016596	
	-0.021105	
	-0.039541	
	-0.085640	
	0.034500	
	-0.067045	
	-0.135219	
	-0.085337	
	-0.037631	
	0.012958	
	-0.109354	
	-0.083608	
	0.052587	
	0.000053	
	0.042714	
	0.043857	
	-0.082608	
	0.022799	
	-0.030324	
	-0.166648	
	-0.052656	
	-0.094404	
	-0.101718	
	-0.045655	
	-0.013704	
	-0.062381	
	-0.051284	
	-0.037135	
	0.024759	
	0.030864	
	0.041846	
	-0.088844	
	0.041511	
	-0.090762	
	0.076977	
	0.121252	
	-0.047078	
	0.043933	
	-0.029719	
	-0.051983	
	0.062150	
	-0.129911	
	0.035118	
	0.054021	
	0.228163	
	0.087571	
	-0.070296	
	-0.153351	
	-0.091528	
	0.120156	
	-0.064206	
	0.064092	
	-0.101751	
	-0.188047	
	0.064129	
	-0.040225	
	0.169597	
	-0.011492	
	-0.042402	
	-0.104522	
	-0.079360	
	0.053326	
	-0.061810	
	-0.086308	
	-0.103574	
	-0.099126	
	0.066649	
	-0.203312	
	-0.023690	
	-0.033417	
	0.018330	
	-0.039807	
	0.070610	
	-0.078303	
	0.070978	
	-0.036340	
	-0.012925	
	0.101368	
	0.072846	
	-0.220893	
	-0.011893	
	0.031267	
	-0.043350	
	-0.022739	
	0.062430	
	0.057412	
	0.120468	
	-0.043987	
	-0.016734	
	-0.031896	
	-0.175782	
	0.020066	
	0.020653	
	-0.088347	
	0.069956	
	-0.139718	
	-0.059792	
	-0.036753	
	0.026352	
	0.063867	
	-0.026035	
	-0.173836	
	-0.021145	
	0.110184	
	0.093483	
	0.035099	
	-0.084856	
	0.018349	
	-0.050876	
	0.247381	
	-0.002466	
	0.072770	
	-0.035197	
	-0.066910	
	-0.077500	
	-0.062936	
	-0.113224	
	0.028113	
	-0.113867	
	0.029892	
	-0.076931	
	-0.066157	
	-0.068159	
	-0.046380	
	-0.104476	
	-0.104522	
	-0.026407	
	-0.053831	
	-0.005452	
	-0.051319	
	-0.030332	
	0.047599	
	-0.030130	
	-0.054099	
	0.076412	
	-0.100478	
	-0.104741	
	-0.284397	
	0.069735	
	0.062260	
	0.161428	
	-0.123080	
	-0.085695	
	-0.092971	
	-0.034140	
	0.009231	
	-0.133198	
	0.060045	
	0.064722	
	0.126874	
	-0.150610	
	-0.111191	
	-0.035273	
	-0.114043	
	-0.083504	
	-0.093059	
	-0.061650	
	-0.056507	
	-0.104522	
	-0.100854	
	-0.031416	
	-0.091345	
	-0.073808	
	0.019018	
	-0.003162	
	0.036316	
	-0.012877	
	-0.091695	
	-0.000744	
	0.026593	
	0.052489	
	0.013662	
	-0.220637	
	0.019254	
	-0.043382	
	0.004534	
	0.068688	
	0.001655	
	-0.074269	
	-0.028957	
	-0.022425	
	-0.086318	
	-0.096743	
	-0.055142	
	-0.065790	
	0.011254	
	-0.230594	
	-0.020203	
	0.004390	
	-0.104783	
	-0.080708	
	-0.010098	
	-0.057737	
	0.028639	
	0.042336	
	0.011922	
	-0.089290	
	0.042928	
	-0.153402	
	-0.091618	
	0.011263	
	0.032966	
	-0.132903	
	0.060577	
	-0.047320	
	-0.101657	
	0.024030	
	0.028921	
	-0.128547	
	-0.082086	
	-0.055330	
	-0.032574	
	-0.114048	
	-0.203852	
	-0.008265	
	0.041342	
	-0.063942	
	-0.039339	
	-0.018038	
	0.008923	
	-0.099123	
	-0.118524	
	-0.072809	
	-0.067593	
	0.075615	
	-0.097174	
	-0.015922	
	0.009390	
	-0.057930	
	-0.113731	
	0.085745	
	-0.087128	
	-0.145902	
	-0.100067	
	0.048519	
	0.012665	
	-0.198685	
	0.066074	
	-0.049284	
	-0.032091	
	-0.029942	
	0.013738	
	-0.120536	
	-0.010456	
	-0.007160	
	-0.011085	
	-0.104426	
	-0.104522	
	-0.086445	
	0.000988	
	0.007774	
	-0.070389	
	-0.088516	
	0.031482	
	-0.004454	
	-0.016019	
	0.024750	
	-0.104659	
	0.011796	
	-0.012651	
	0.039685	
	0.154754	
	-0.073042	
	-0.052438	
	-0.111003	
	-0.039479	
	0.032235	
	0.059823	
	-0.007873	
	0.055194	
	-0.289363	
	-0.104008	
	-0.005723	
	-0.140144	
	0.168012	
	-0.035477	
	-0.040560	
	-0.066763	
	-0.354115	
	-0.125712	
	0.055631	
	0.022648	
	-0.002934	
	-0.044439	
	-0.064319	
	0.031656	
	-0.088479	
	-0.083794	
	-0.089973	
	-0.084196	
	-0.204354	
	-0.058595	
	-0.084902	
	-0.032588	
	-0.025739	
	0.013808	
	-0.003208	
	-0.121156	
	-0.077905	
	-0.051690	
	0.069626	
	-0.032244	
	-0.042170	
	-0.100493	
	0.030182	
	-0.109569	
	-0.102357	
	-0.270331	
	-0.320824	
	0.023865	
	-0.054982	
	0.009930	
	-0.064840	
	-0.087740	
	-0.070332	
	-0.006886	
	0.029729	
	-0.080149	
	-0.018092	
	0.109496	
	-0.095023	
	0.014338	
	-0.300126	
	-0.066476	
	-0.011362	
	0.010249	
	0.004230	
	-0.014149	
	-0.036358	
	-0.008205	
	-0.020100	
	-0.103460	
	-0.098686	
	-0.009968	
	-0.038185	
	0.014229	
	-0.164083	
	-0.025622	
	0.046562	
	-0.022344	
	-0.118906	
	-0.098601	
	-0.105854	
	0.077809	
	0.008658	
	-0.002831	
	-0.018621	
	0.103021	
	0.016405	
	-0.011552	
	-0.015221	
	-0.260982	
	-0.072965	
	0.084390	
	0.085225	
	0.035214	
	0.021850	
	-0.044615	
	-0.086322	
	-0.005070	
	-0.042435	
	0.087623	
	0.023078	
	-0.132105	
	0.030239	
	0.068197	
	0.075393	
	-0.137330	
	-0.096775	
	-0.021956	
	0.059569	
	-0.045574	
	-0.054706	
	-0.058210	
	-0.026991	
	-0.056121	
	-0.089605	
	0.022824	
	0.080257	
	-0.046334	
	-0.169705	
	-0.094236	
	-0.144567	
	0.155928	
	0.029980	
	0.066204	
	-0.065367	
	-0.058687	
	-0.066738	
	-0.211222	
	0.038354	
	-0.008624	
	0.005364	
	0.015070	
	0.025465	
	0.052936	
	0.017281	
	-0.192983	
	0.102157	
	-0.047309	
	-0.061107	
	-0.176517	
	0.048492	
	-0.010326	
	-0.193894	
	0.045780	
	0.058650	
	0.094820	
	-0.114277	
	-0.202039	
	-0.018588	
	0.039900	
	-0.142289	
	-0.124487	
	0.055986	
	0.030155	
	-0.198647	
	0.007099	
	0.060733	
	0.092229	
	0.269725	
	-0.068084	
	-0.056478	
	0.073633	
	0.063873	
	0.134917	
	-0.046772	
	-0.067857	
	-0.024481	
	0.104568	
	-0.117883	
	0.028877	
	-0.061183	
	-0.022204	
	0.075863	
	0.023575	
	0.064343	
	-0.002653	
	-0.197099	
	-0.019419	
	-0.110031	
	-0.103342	
	-0.118224	
	-0.001086	
	-0.059485	
	0.063842	
	-0.007127	
	0.070937	
	-0.102797	
	-0.080655	
	-0.112359	
	-0.102174	
	0.042838	
	0.051265	
	-0.159342	
	-0.000602	
	-0.202969	
	-0.032811	
	-0.067843	
	-0.068633	
	-0.029744	
	0.022880	
	0.040654	
	0.022515	
	-0.137394	
	-0.091861	
	-0.096298	
	-0.115027	
	-0.010381	
	0.030242	
	-0.119372	
	-0.106562	
	-0.047882	
	-0.112633	
	-0.055072	
	0.014845	
	-0.081356	
	-0.100763	
	-0.056192	
	-0.004867	
	-0.085329	
	-0.124881	
	-0.014650	
	-0.037386	
	-0.022833	
	0.024714	
	0.042270	
	-0.030413	
	0.002919	
	0.047806	
	0.053316	
	-0.111779	
	-0.088263	
	0.009465	
	0.014175	
	0.086359	
	-0.083506	
	0.013642	
	-0.097821	
	0.022019	
	-0.055720	
	-0.000785	
	0.014508	
	0.107545	
	-0.104522	
	-0.104314	
	-0.117617	
	-0.074323	
	-0.046341	
	-0.036943	
	-0.169441	
	0.080151	
	0.082410	
	-0.034211	
	-0.104556	
	0.014733	
	0.072372	
	0.099202	
	-0.117619	
	-0.104522	
	-0.229402	
	0.033977	
	-0.029802	
	-0.012322	
	0.039627	
	-0.275662	
	-0.104522	
	-0.089516	
	-0.042898	
	-0.080740	
	-0.091990	
	0.067510	
	0.037310	
	-0.082399	
	0.049886	
	0.034595	
	0.008832	
	-0.100330	
	-0.097303	
	0.035048	
	-0.053545	
	-0.085357	
	-0.042653	
	-0.001574	
	-0.088519	
	-0.002267	
	-0.211649	
	-0.186478	
	-0.095421	
	0.005204	
	0.046920	
	0.069071	
	-0.076329	
	-0.064283	
	-0.099645	
	-0.025506	
	0.026420	
	-0.042725	
	-0.092270	
	-0.071730	
	-0.078252	
	-0.122406	
	0.037825	
	-0.014870	
	0.025327	
	-0.079990	
	-0.166072	
	-0.102822	
	-0.104151	
	-0.075936	
	-0.114248	
	-0.115133	
	-0.114724	
	-0.060079	
	-0.019475	
	-0.178211	
	-0.048283	
	0.027539	
	0.029319	
	0.003874	
	-0.109480	
	0.046223	
	0.022574	
	-0.017332	
	0.033379	
	-0.214489	
	-0.026221	
	-0.024682	
	-0.097917	
	-0.006927	
	-0.219788	
	-0.123333	
	0.029476	
	-0.063282	
	0.038416	
	0.032025	
	0.044541	
	-0.088289	
	0.011065	
	0.032929	
	-0.077366	
	-0.085796	
	-0.076725	
	0.064295	
	0.133424	
	0.052062	
	0.114983	
	-0.038755	
	-0.068180	
	0.074260	
	0.065439	
	0.027187	
	-0.063303	
	-0.153115	
	-0.189531	
	-0.059087	
	0.051284	
	0.030795	
	0.011888	
	0.066068	
	0.080843	
	0.013473	
	0.018342	
	0.082835	
	0.060884	
	0.040758	
	0.070858	
	0.024742	
	-0.044394	
	-0.102485	
	-0.063247	
	0.042220	
	0.092629	
	0.044560	
	-0.021351	
	-0.067957	
	-0.190770	
	-0.071961	
	0.009949	
	0.173254	
	-0.143661	
	0.000000	
	0.000000	
