_Brightness		
	NaN	
	NaN	
	NaN	
	NaN	
	NaN	
	NaN	
	NaN	
	NaN	
	NaN	
	NaN	
	NaN	
	NaN	
	NaN	
	NaN	
	NaN	
	NaN	
	NaN	
	NaN	
	NaN	
	NaN	
	NaN	
	NaN	
	0.520579	
	0.507994	
	0.552357	
	0.575782	
	0.552805	
	0.467265	
	0.435357	
	0.421126	
	0.276269	
	0.211338	
	0.211325	
	0.222777	
	0.261864	
	0.304735	
	0.363036	
	0.289157	
	0.184682	
	0.206891	
	0.228401	
	0.300943	
	0.305999	
	0.653791	
	0.625729	
	0.595374	
	0.476750	
	0.431247	
	0.447150	
	0.315580	
	0.262297	
	0.258953	
	0.218199	
	0.249233	
	0.285009	
	0.274654	
	0.278563	
	0.321336	
	0.339713	
	0.203581	
	0.222519	
	0.219234	
	0.237020	
	0.427773	
	0.657756	
	0.506005	
	0.558320	
	0.486480	
	0.348785	
	0.271020	
	0.262981	
	0.175634	
	0.228414	
	0.176645	
	0.178730	
	0.219879	
	0.236033	
	0.236907	
	0.319934	
	0.318651	
	0.201406	
	0.246488	
	0.230573	
	0.409786	
	0.555712	
	0.638730	
	0.505565	
	0.546217	
	0.371064	
	0.223007	
	0.202918	
	0.186060	
	0.217599	
	0.247337	
	0.167472	
	0.167328	
	0.178830	
	0.170403	
	0.441573	
	0.243215	
	0.176437	
	0.181548	
	0.166171	
	0.366829	
	0.643394	
	0.567378	
	0.470153	
	0.502874	
	0.475859	
	0.421110	
	0.443109	
	0.358217	
	0.307961	
	0.359245	
	0.316860	
	0.235881	
	0.264457	
	0.304350	
	0.307104	
	0.286284	
	0.256517	
	0.223349	
	0.249981	
	0.213289	
	0.302709	
	0.434012	
	0.438594	
	0.435190	
	0.338942	
	0.306056	
	0.323240	
	0.264934	
	0.236166	
	0.273218	
	0.251327	
	0.236660	
	0.250077	
	0.231909	
	0.263529	
	0.271109	
	0.264226	
	0.291897	
	0.314704	
	0.331021	
	0.327284	
	0.291687	
	0.368245	
	0.695558	
	0.423159	
	0.361594	
	0.309882	
	0.615922	
	0.440979	
	0.349223	
	0.294080	
	0.343004	
	0.354873	
	0.331334	
	0.364371	
	0.329203	
	0.310925	
	0.465855	
	0.319316	
	0.339040	
	0.395853	
	0.385175	
	0.414461	
	0.402286	
	0.368000	
	0.399354	
	0.522379	
	0.345411	
	0.361563	
	0.362506	
	0.440284	
	0.571476	
	0.389559	
	0.333399	
	0.346408	
	0.394097	
	0.362558	
	0.341840	
	0.375898	
	0.358030	
	0.413442	
	0.405712	
	0.560996	
	0.463559	
	0.527949	
	0.563276	
	0.557390	
	0.586913	
	0.611120	
	0.553576	
	0.577398	
	0.569317	
	0.592318	
	0.579802	
	0.577765	
	0.617317	
	0.587460	
	0.592777	
	0.593097	
	0.584026	
	0.585506	
	0.597798	
	0.608693	
	0.557486	
	0.521574	
	0.537309	
	0.524265	
	0.557756	
	0.499827	
	0.454631	
	0.420131	
	0.438950	
	0.416545	
	0.406465	
	0.577792	
	0.627945	
	0.590748	
	0.577746	
	0.584665	
	0.593517	
	0.579708	
	0.561894	
	0.571095	
	0.556159	
	0.490440	
	0.477491	
	0.455737	
	0.477047	
	0.493148	
	0.514110	
	0.520241	
	0.496651	
	0.508237	
	0.519138	
	0.567555	
	0.551712	
	0.545763	
	0.541774	
	0.543069	
	0.547127	
	0.568810	
	0.593546	
	0.579175	
	0.570169	
	0.526978	
	0.506710	
	0.481791	
	0.491791	
	0.466085	
	0.476228	
	0.515790	
	0.524470	
	0.468876	
	0.464912	
	0.556216	
	0.582237	
	0.564589	
	0.567700	
	0.526593	
	0.532792	
	0.481977	
	0.508228	
	0.521909	
	0.563840	
	0.543330	
	0.533913	
	0.509796	
	0.504113	
	0.509633	
	0.461867	
	0.477137	
	0.503857	
	0.449789	
	0.420661	
	0.499959	
	0.549035	
	0.535255	
	0.509156	
	0.468255	
	0.486114	
	0.527811	
	0.538292	
	0.552302	
	0.563539	
	0.486684	
	0.556293	
	0.547978	
	0.468643	
	0.488440	
	0.507914	
	0.565795	
	0.542236	
	0.486535	
	0.511166	
	0.513083	
	0.658185	
	0.623040	
	0.615846	
	0.551211	
	0.556439	
	0.542685	
	0.559237	
	0.529543	
	0.542740	
	0.536302	
	0.505606	
	0.517146	
	0.477553	
	0.427626	
	0.408621	
	0.448929	
	0.405406	
	0.392516	
	0.375314	
	0.381372	
	0.535119	
	0.555469	
	0.545017	
	0.544746	
	0.575214	
	0.472772	
	0.489521	
	0.500969	
	0.492224	
	0.511012	
	0.509623	
	0.529782	
	0.409914	
	0.338145	
	0.284488	
	0.323157	
	0.386818	
	0.315566	
	0.272067	
	0.314234	
	0.500290	
	0.455483	
	0.405958	
	0.411143	
	0.408309	
	0.434819	
	0.467171	
	0.405661	
	0.368576	
	0.386371	
	0.517431	
	0.537472	
	0.561880	
	0.465150	
	0.481971	
	0.444832	
	0.490734	
	0.494944	
	0.491314	
	0.477168	
	0.644690	
	0.653676	
	0.612962	
	0.638318	
	0.624649	
	0.587034	
	0.573258	
	0.611305	
	0.582047	
	0.585290	
	0.506329	
	0.483912	
	0.484389	
	0.442313	
	0.455999	
	0.461372	
	0.460465	
	0.363367	
	0.308306	
	0.330909	
	0.527893	
	0.578378	
	0.621323	
	0.617803	
	0.598633	
	0.548882	
	0.547999	
	0.559716	
	0.542190	
	0.555305	
	0.569349	
	0.535761	
	0.494616	
	0.493539	
	0.498366	
	0.501462	
	0.507046	
	0.487307	
	0.513341	
	0.501865	
	0.534575	
	0.686732	
	0.680974	
	0.629065	
	0.638149	
	0.616825	
	0.619227	
	0.612794	
	0.594847	
	0.596604	
	0.595613	
	0.566268	
	0.525061	
	0.512208	
	0.508557	
	0.494695	
	0.537243	
	0.543362	
	0.507594	
	0.471907	
	0.489039	
	0.607548	
	0.607906	
	0.634164	
	0.614149	
	0.631413	
	0.611013	
	0.599441	
	0.628669	
	0.618344	
	0.576463	
	0.524360	
	0.574642	
	0.540094	
	0.494433	
	0.515871	
	0.520269	
	0.564931	
	0.547895	
	0.549845	
	0.554286	
	0.631092	
	0.601768	
	0.628783	
	0.616873	
	0.608585	
	0.570667	
	0.658622	
	0.672371	
	0.617313	
	0.604731	
	0.560137	
	0.512613	
	0.559768	
	0.496592	
	0.475644	
	0.507571	
	0.551688	
	0.532708	
	0.484809	
	0.475277	
	0.542312	
	0.615618	
	0.629516	
	0.591172	
	0.525173	
	0.542582	
	0.575430	
	0.574294	
	0.560585	
	0.532802	
	0.578085	
	0.503987	
	0.489998	
	0.452380	
	0.436041	
	0.468896	
	0.468448	
	0.456124	
	0.379972	
	0.381478	
	0.434545	
	0.683834	
	0.622854	
	0.634659	
	0.629769	
	0.607855	
	0.617513	
	0.615588	
	0.616321	
	0.589607	
	0.583443	
	0.559467	
	0.542173	
	0.509304	
	0.446416	
	0.367202	
	0.342838	
	0.523139	
	0.438480	
	0.387275	
	0.414422	
	0.664000	
	0.656413	
	0.674088	
	0.682552	
	0.710151	
	0.663836	
	0.656079	
	0.650630	
	0.605177	
	0.600900	
	0.529450	
	0.504276	
	0.517843	
	0.495975	
	0.492006	
	0.473744	
	0.440273	
	0.398532	
	0.362284	
	0.376117	
	0.458238	
	0.639251	
	0.608204	
	0.586504	
	0.545956	
	0.577481	
	0.584760	
	0.548290	
	0.543040	
	0.550437	
	0.533609	
	0.490066	
	0.528772	
	0.481877	
	0.419488	
	0.393943	
	0.438943	
	0.509151	
	0.481100	
	0.442029	
	0.444006	
	0.596293	
	0.628625	
	0.603136	
	0.559738	
	0.540676	
	0.509212	
	0.518330	
	0.500001	
	0.512988	
	0.552022	
	0.490377	
	0.522051	
	0.485478	
	0.464378	
	0.409277	
	0.384768	
	0.403179	
	0.392628	
	0.416209	
	0.410143	
	0.573535	
	0.611645	
	0.592191	
	0.592231	
	0.572553	
	0.555538	
	0.524987	
	0.515593	
	0.506242	
	0.533897	
	0.543294	
	0.473194	
	0.496888	
	0.482587	
	0.455713	
	0.415464	
	0.435453	
	0.486477	
	0.451834	
	0.441807	
	0.465980	
	0.625017	
	0.640152	
	0.578688	
	0.584490	
	0.566657	
	0.594989	
	0.671907	
	0.653226	
	0.680890	
	0.732098	
	0.523286	
	0.519786	
	0.500573	
	0.445158	
	0.371579	
	0.335844	
	0.322315	
	0.280895	
	0.285112	
	0.282957	
	0.575685	
	0.598115	
	0.558890	
	0.533745	
	0.512201	
	0.504155	
	0.485445	
	0.491564	
	0.455431	
	0.476331	
	0.509579	
	0.445901	
	0.430743	
	0.361817	
	0.277839	
	0.390383	
	0.405112	
	0.372540	
	0.315809	
	0.295173	
	0.499107	
	0.591274	
	0.570438	
	0.556410	
	0.541891	
	0.527134	
	0.525665	
	0.500599	
	0.491292	
	0.490440	
	0.478120	
	0.437611	
	0.387598	
	0.379111	
	0.386192	
	0.399848	
	0.369365	
	0.415212	
	0.418404	
	0.438337	
	0.655657	
	0.631989	
	0.602413	
	0.614319	
	0.596178	
	0.558496	
	0.558860	
	0.567076	
	0.551810	
	0.537394	
	0.638511	
	0.582333	
	0.568232	
	0.517900	
	0.451670	
	0.437954	
	0.465506	
	0.428306	
	0.428273	
	0.449348	
	0.522692	
	0.573205	
	0.502464	
	0.481855	
	0.495332	
	0.477473	
	0.513522	
	0.510869	
	0.511680	
	0.512863	
	0.538630	
	0.518275	
	0.497785	
	0.490220	
	0.454963	
	0.421384	
	0.400617	
	0.411624	
	0.426646	
	0.443850	
	0.461929	
	0.602117	
	0.577899	
	0.539456	
	0.541476	
	0.515252	
	0.489058	
	0.478245	
	0.457603	
	0.465374	
	0.496573	
	0.526627	
	0.483628	
	0.418356	
	0.393604	
	0.367565	
	0.325247	
	0.328816	
	0.351324	
	0.319331	
	0.286262	
	0.507737	
	0.596538	
	0.534612	
	0.486809	
	0.493353	
	0.474108	
	0.448358	
	0.465722	
	0.428238	
	0.468969	
	0.510576	
	0.469534	
	0.447805	
	0.419827	
	0.445549	
	0.442050	
	0.440142	
	0.412043	
	0.411193	
	0.400535	
	0.418278	
	0.534119	
	0.534448	
	0.512977	
	0.503771	
	0.505270	
	0.462711	
	0.453192	
	0.497678	
	0.470991	
	0.448630	
	0.597613	
	0.626683	
	0.606144	
	0.560629	
	0.529501	
	0.466788	
	0.450018	
	0.445536	
	0.438001	
	0.486139	
	0.568121	
	0.505603	
	0.419229	
	0.435698	
	0.433281	
	0.424013	
	0.419569	
	0.415606	
	0.432613	
	0.459297	
	0.460462	
	0.499072	
	0.482944	
	0.468625	
	0.406000	
	0.483715	
	0.491521	
	0.500581	
	0.480723	
	0.387631	
	0.300537	
	0.259811	
	0.343168	
	0.320551	
	0.408210	
	0.700364	
	0.566465	
	0.531186	
	0.478763	
	0.444289	
	0.573114	
	0.519973	
	0.532635	
	0.463607	
	0.360745	
	0.252448	
	0.221362	
	0.244843	
	0.257992	
	0.267526	
	0.695249	
	0.631504	
	0.566098	
	0.514768	
	0.457832	
	0.482430	
	0.469620	
	0.529767	
	0.530233	
	0.477824	
	0.450526	
	0.301543	
	0.295672	
	0.277932	
	0.279698	
	0.269535	
	0.279478	
	0.300058	
	0.311359	
	0.276994	
	0.321238	
	0.325442	
	0.295862	
	0.249826	
	0.297656	
	0.298275	
	0.301895	
	0.306827	
	0.276185	
	0.728123	
	0.723134	
	0.575196	
	0.606332	
	0.601177	
	0.593943	
	0.585014	
	0.573490	
	0.571662	
	0.574624	
	0.544670	
	0.528984	
	0.542345	
	0.525611	
	0.591692	
	0.606584	
	0.630546	
	0.686196	
	0.677416	
	0.713441	
	0.732083	
	0.652319	
	0.518891	
	0.481583	
	0.486219	
	0.458366	
	0.475466	
	0.508732	
	0.481418	
	0.511396	
	0.488215	
	0.530276	
	0.507608	
	0.477461	
	0.528773	
	0.442627	
	0.418978	
	0.434490	
	0.408934	
	0.359686	
	0.423175	
	0.416778	
	0.604113	
	0.528793	
	0.448089	
	0.382527	
	0.347590	
	0.348251	
	0.331062	
	0.327944	
	0.291438	
	0.295704	
	0.312534	
	0.339982	
	0.406344	
	0.445338	
	0.498937	
	0.513699	
	0.499753	
	0.502807	
	0.508016	
	0.516275	
	0.590364	
	0.625819	
	0.541230	
	0.499123	
	0.454023	
	0.463565	
	0.462356	
	0.516718	
	0.490999	
	0.517648	
	0.489654	
	0.491208	
	0.484352	
	0.497449	
	0.479173	
	0.475034	
	0.476150	
	0.496486	
	0.509265	
	0.463183	
	0.479615	
	0.526093	
	0.697819	
	0.569896	
	0.465706	
	0.396182	
	0.369408	
	0.319226	
	0.292571	
	0.299956	
	0.299021	
	0.282332	
	0.443386	
	0.449443	
	0.519847	
	0.483658	
	0.424409	
	0.272832	
	0.325942	
	0.359145	
	0.353718	
	0.396903	
	0.623614	
	0.492692	
	0.421242	
	0.451657	
	0.510979	
	0.525322	
	0.522072	
	0.580894	
	0.551729	
	0.551338	
	0.557925	
	0.513349	
	0.499156	
	0.417575	
	0.425856	
	0.415258	
	0.435178	
	0.375478	
	0.398756	
	0.417600	
	0.404661	
	0.564639	
	0.432074	
	0.385937	
	0.364125	
	0.361773	
	0.376280	
	0.360553	
	0.394729	
	0.419676	
	0.404042	
	0.416924	
	0.457592	
	0.516933	
	0.522082	
	0.473680	
	0.559444	
	0.567370	
	0.583341	
	0.633391	
	0.616472	
	0.622488	
	0.612131	
	0.537896	
	0.509325	
	0.512470	
	0.500390	
	0.434371	
	0.431234	
	0.453419	
	0.449661	
	0.432634	
	0.445776	
	0.443550	
	0.428232	
	0.423246	
	0.453785	
	0.473622	
	0.490453	
	0.487325	
	0.413549	
	0.463510	
	0.627172	
	0.409642	
	0.288158	
	0.303158	
	0.300679	
	0.219401	
	0.215693	
	0.233032	
	0.202763	
	0.441541	
	0.450561	
	0.474334	
	0.448105	
	0.303262	
	0.574954	
	0.663855	
	0.684361	
	0.624836	
	0.580637	
	0.706919	
	0.495342	
	0.428411	
	0.460184	
	0.425246	
	0.427615	
	0.469405	
	0.442653	
	0.468583	
	0.519733	
	0.420762	
	0.356831	
	0.318026	
	0.298228	
	0.293824	
	0.320844	
	0.325859	
	0.394303	
	0.324404	
	0.389075	
	0.491596	
	0.577893	
	0.507108	
	0.417826	
	0.442502	
	0.430440	
	0.424768	
	0.411997	
	0.395596	
	0.382441	
	0.371574	
	0.344277	
	0.288319	
	0.401555	
	0.535552	
	0.530180	
	0.552262	
	0.562459	
	0.589418	
	0.537494	
	0.523706	
	0.533806	
	0.704613	
	0.486246	
	0.393184	
	0.334094	
	0.315493	
	0.303721	
	0.266878	
	0.282241	
	0.269057	
	0.278954	
	0.487784	
	0.518630	
	0.474883	
	0.431269	
	0.390101	
	0.405867	
	0.437899	
	0.489808	
	0.439070	
	0.609490	
	0.632285	
	0.513257	
	0.458352	
	0.459630	
	0.450814	
	0.373709	
	0.355791	
	0.374418	
	0.280906	
	0.356300	
	0.537533	
	0.569687	
	0.547882	
	0.512213	
	0.494923	
	0.617877	
	0.617386	
	0.594955	
	0.555006	
	0.590571	
	0.592592	
	0.584602	
	0.535689	
	0.479153	
	0.501016	
	0.568937	
	0.575785	
	0.525609	
	0.535063	
	0.530423	
	0.504469	
	0.477318	
	0.499397	
	0.462469	
	0.472226	
	0.446188	
	0.457929	
	0.460197	
	0.431017	
	0.526353	
	0.664716	
	0.583320	
	0.470584	
	0.453069	
	0.435302	
	0.428822	
	0.461808	
	0.432643	
	0.396802	
	0.422263	
	0.364813	
	0.428569	
	0.458061	
	0.491596	
	0.552617	
	0.630968	
	0.550411	
	0.472220	
	0.449263	
	0.455868	
	0.511997	
	0.621022	
	0.472272	
	0.372515	
	0.345177	
	0.304119	
	0.308616	
	0.339456	
	0.359182	
	0.291631	
	0.270860	
	0.272629	
	0.322730	
	0.377942	
	0.367370	
	0.342851	
	0.423058	
	0.544683	
	0.440583	
	0.392982	
	0.535358	
	0.504801	
	0.450389	
	0.414791	
	0.421183	
	0.411510	
	0.398864	
	0.383733	
	0.440462	
	0.483823	
	0.496620	
	0.521833	
	0.539766	
	0.625559	
	0.493616	
	0.413349	
	0.451707	
	0.448274	
	0.440063	
	0.454145	
	0.426084	
	0.382857	
	0.561188	
	0.517182	
	0.456603	
	0.471619	
	0.493591	
	0.461526	
	0.476876	
	0.491308	
	0.523368	
	0.483241	
	0.354042	
	0.398325	
	0.412228	
	0.414596	
	0.445441	
	0.421819	
	0.435202	
	0.425121	
	0.388609	
	0.452946	
	0.566725	
	0.503639	
	0.437640	
	0.420504	
	0.413022	
	0.423006	
	0.464036	
	0.470293	
	0.389619	
	0.435837	
	0.629857	
	0.596075	
	0.553422	
	0.521696	
	0.507322	
	0.527919	
	0.546034	
	0.562001	
	0.556313	
	0.584032	
	0.558849	
	0.572896	
	0.529506	
	0.516434	
	0.542297	
	0.530690	
	0.511916	
	0.509134	
	0.508531	
	0.513625	
	0.493218	
	0.540881	
	0.605027	
	0.550190	
	0.561344	
	0.543725	
	0.537661	
	0.509102	
	0.537077	
	0.520186	
	0.512175	
	0.590000	
	0.538197	
	0.478958	
	0.455947	
	0.484589	
	0.432378	
	0.493032	
	0.482320	
	0.431155	
	0.387778	
	0.433765	
	0.462018	
	0.525907	
	0.514300	
	0.450459	
	0.469550	
	0.455030	
	0.436112	
	0.398540	
	0.384487	
	0.540684	
	0.460206	
	0.445759	
	0.457087	
	0.466912	
	0.466543	
	0.490303	
	0.430909	
	0.476642	
	0.434473	
	0.361829	
	0.422251	
	0.420230	
	0.410005	
	0.399910	
	0.364995	
	0.406896	
	0.384810	
	0.338433	
	0.346990	
	0.411562	
	0.499069	
	0.416720	
	0.388115	
	0.391754	
	0.390401	
	0.375204	
	0.390289	
	0.368651	
	0.295751	
	0.402973	
	0.411941	
	0.416373	
	0.437014	
	0.482459	
	0.467360	
	0.496922	
	0.478180	
	0.472359	
	0.477176	
	0.455774	
	0.496141	
	0.516494	
	0.467125	
	0.430459	
	0.437941	
	0.423226	
	0.452106	
	0.441380	
	0.460163	
	0.510413	
	0.525554	
	0.524658	
	0.464358	
	0.489246	
	0.460264	
	0.453895	
	0.485675	
	0.414434	
	0.411988	
	0.505180	
	0.490569	
	0.492998	
	0.431556	
	0.403969	
	0.402298	
	0.402509	
	0.387826	
	0.388191	
	0.447545	
	0.389511	
	0.321262	
	0.419521	
	0.405269	
	0.431927	
	0.468423	
	0.451015	
	0.402797	
	0.348695	
	0.339413	
	0.393520	
	0.652664	
	0.450037	
	0.455482	
	0.419523	
	0.420478	
	0.431055	
	0.470165	
	0.458433	
	0.388308	
	0.386992	
	0.432734	
	0.419912	
	0.450777	
	0.417957	
	0.363379	
	0.367908	
	0.350045	
	0.386007	
	0.354262	
	0.320622	
	0.418751	
	0.506821	
	0.445484	
	0.324613	
	0.323208	
	0.321621	
	0.311202	
	0.300328	
	0.286120	
	0.291599	
	0.315924	
	0.352222	
	0.386804	
	0.406482	
	0.416914	
	0.400157	
	0.437248	
	0.468341	
	0.360110	
	0.364075	
	0.319718	
	0.403521	
	0.359532	
	0.333139	
	0.310837	
	0.294844	
	0.306347	
	0.263825	
	0.225330	
	0.253206	
	0.426673	
	0.377566	
	0.422614	
	0.411689	
	0.441706	
	0.377430	
	0.412028	
	0.332571	
	0.218598	
	0.479591	
	0.518196	
	0.517953	
	0.486705	
	0.420413	
	0.322257	
	0.286811	
	0.240745	
	0.263033	
	0.270414	
	0.231968	
	0.539789	
	0.548828	
	0.469959	
	0.458813	
	0.452541	
	0.408354	
	0.392655	
	0.453665	
	0.408278	
	0.420743	
	0.442720	
	0.436448	
	0.435379	
	0.447682	
	0.487083	
	0.485967	
	0.478907	
	0.466774	
	0.453701	
	0.493329	
	0.469379	
	0.446976	
	0.483047	
	0.515847	
	0.575340	
	0.527089	
	0.466056	
	0.455859	
	0.411594	
	0.449499	
	0.446984	
	0.454029	
	0.450384	
	0.427141	
	0.438264	
	0.425759	
	0.423177	
	0.430756	
	0.414680	
	0.457268	
	0.457902	
	0.454862	
	0.458960	
	0.449696	
	0.391273	
	0.406704	
	0.417980	
	0.414391	
	0.399432	
	0.411909	
	0.415185	
	0.405538	
	0.388451	
	0.381162	
	0.340694	
	0.341916	
	0.359532	
	0.404905	
	0.399702	
	0.368225	
	0.363274	
	0.388773	
	0.383144	
	0.401937	
	0.361936	
	0.373411	
	0.393474	
	0.424457	
	0.437290	
	0.393048	
	0.394982	
	0.419512	
	0.520691	
	0.454547	
	0.471535	
	0.410692	
	0.353457	
	0.381290	
	0.361363	
	0.357975	
	0.369906	
	0.319134	
	0.348962	
	0.451376	
	0.493533	
	0.498404	
	0.527894	
	0.494991	
	0.510470	
	0.514850	
	0.479842	
	0.455508	
	0.626307	
	0.551428	
	0.508810	
	0.508907	
	0.501132	
	0.539825	
	0.558066	
	0.596646	
	0.580082	
	0.551234	
	0.521077	
	0.508537	
	0.474330	
	0.478642	
	0.486842	
	0.470403	
	0.447940	
	0.463338	
	0.447218	
	0.565311	
	0.595353	
	0.561353	
	0.503728	
	0.430469	
	0.423942	
	0.413229	
	0.389911	
	0.365617	
	0.362833	
	0.385535	
	0.418063	
	0.430331	
	0.411333	
	0.460932	
	0.445728	
	0.417652	
	0.425781	
	0.437411	
	0.494330	
	0.508858	
	0.455351	
	0.482579	
	0.470774	
	0.438997	
	0.445805	
	0.453605	
	0.408445	
	0.415243	
	0.465288	
	0.460700	
	0.453794	
	0.441099	
	0.426087	
	0.426301	
	0.484684	
	0.497270	
	0.516542	
	0.490926	
	0.468512	
	0.439508	
	0.551466	
	0.635930	
	0.612153	
	0.590836	
	0.546343	
	0.405828	
	0.365170	
	0.360223	
	0.366411	
	0.351236	
	0.353776	
	0.340822	
	0.288933	
	0.413441	
	0.518918	
	0.533116	
	0.504426	
	0.395006	
	0.389917	
	0.406541	
	0.537927	
	0.285264	
	0.430380	
	0.484836	
	0.466189	
	0.424839	
	0.430889	
	0.427283	
	0.443524	
	0.458470	
	0.420979	
	0.450045	
	0.491916	
	0.472299	
	0.476242	
	0.416302	
	0.347680	
	0.306888	
	0.342156	
	0.310131	
	0.367983	
	0.474407	
	0.591110	
	0.559767	
	0.456967	
	0.448913	
	0.359286	
	0.357261	
	0.325017	
	0.275688	
	0.276700	
	0.310434	
	0.300346	
	0.304256	
	0.414170	
	0.507957	
	0.527375	
	0.509542	
	0.486785	
	0.470961	
	0.442707	
	0.470450	
	0.469508	
	0.453378	
	0.451157	
	0.414035	
	0.402053	
	0.420751	
	0.494836	
	0.490280	
	0.496359	
	0.460623	
	0.509264	
	0.537760	
	0.486485	
	0.459877	
	0.461341	
	0.491793	
	0.497102	
	0.328293	
	0.331946	
	0.337199	
	0.507796	
	0.540893	
	0.545995	
	0.550925	
	0.494893	
	0.508627	
	0.411537	
	0.381228	
	0.371685	
	0.392762	
	0.332554	
	0.345791	
	0.445543	
	0.463860	
	0.500483	
	0.523703	
	0.562563	
	0.549866	
	0.548508	
	0.550932	
	0.481618	
	0.361625	
	0.322567	
	0.447201	
	0.479171	
	0.513603	
	0.536867	
	0.521739	
	0.478594	
	0.525022	
	0.468433	
	0.384488	
	0.364061	
	0.316528	
	0.301429	
	0.298191	
	0.293691	
	0.360424	
	0.363034	
	0.385864	
	0.373431	
	0.738292	
	0.577004	
	0.490303	
	0.405928	
	0.418417	
	0.398303	
	0.468802	
	0.495674	
	0.469132	
	0.409563	
	0.401903	
	0.396614	
	0.278468	
	0.449474	
	0.574924	
	0.537113	
	0.580107	
	0.575497	
	0.490048	
	0.422828	
	0.444132	
	0.497233	
	0.473669	
	0.437128	
	0.403027	
	0.352759	
	0.353250	
	0.336581	
	0.305750	
	0.304578	
	0.286850	
	0.264014	
	0.472460	
	0.516544	
	0.386907	
	0.444776	
	0.516852	
	0.557546	
	0.561100	
	0.492060	
	0.512855	
	0.591708	
	0.611877	
	0.544163	
	0.501488	
	0.428604	
	0.397819	
	0.360624	
	0.367607	
	0.347910	
	0.334075	
	0.332790	
	0.515527	
	0.537094	
	0.544273	
	0.536713	
	0.573864	
	0.588786	
	0.606315	
	0.589327	
	0.615488	
	0.597928	
	0.593294	
	0.485023	
	0.505612	
	0.497243	
	0.486947	
	0.483188	
	0.488643	
	0.508129	
	0.445350	
	0.477036	
	0.481829	
	0.462841	
	0.458811	
	0.500765	
	0.447855	
	0.480571	
	0.505115	
	0.534948	
	0.385353	
	0.435070	
	0.566254	
	0.580089	
	0.498613	
	0.436590	
	0.385998	
	0.370964	
	0.367420	
	0.364292	
	0.361911	
	0.416162	
	0.389846	
	0.396100	
	0.490818	
	0.496235	
	0.455439	
	0.504665	
	0.432406	
	0.399405	
	0.341085	
	0.382666	
	0.613393	
	0.492874	
	0.382217	
	0.353527	
	0.364061	
	0.325010	
	0.322932	
	0.303801	
	0.382978	
	0.356874	
	0.338859	
	0.350807	
	0.354759	
	0.347912	
	0.442243	
	0.528041	
	0.509464	
	0.501996	
	0.479313	
	0.388448	
	0.547096	
	0.540797	
	0.457080	
	0.387708	
	0.386973	
	0.372830	
	0.503101	
	0.478093	
	0.461937	
	0.486719	
	0.551352	
	0.557867	
	0.520988	
	0.518233	
	0.526560	
	0.509553	
	0.503604	
	0.486485	
	0.434548	
	0.336522	
	0.539039	
	0.552115	
	0.489728	
	0.505868	
	0.536358	
	0.509819	
	0.517063	
	0.491124	
	0.494317	
	0.481119	
	0.473357	
	0.450756	
	0.390426	
	0.370357	
	0.365386	
	0.378875	
	0.393805	
	0.425504	
	0.390716	
	0.386904	
	0.416533	
	0.603945	
	0.484200	
	0.406101	
	0.388785	
	0.421098	
	0.435532	
	0.419694	
	0.414077	
	0.386476	
	0.405357	
	0.561576	
	0.548607	
	0.553954	
	0.534171	
	0.549857	
	0.540530	
	0.508988	
	0.505755	
	0.538896	
	0.526367	
	0.535432	
	0.609420	
	0.544912	
	0.514764	
	0.501991	
	0.491822	
	0.529380	
	0.551541	
	0.528860	
	0.494786	
	0.513506	
	0.549152	
	0.565947	
	0.564444	
	0.561834	
	0.541657	
	0.523970	
	0.536617	
	0.560507	
	0.525591	
	0.488848	
	0.517615	
	0.522277	
	0.490624	
	0.464671	
	0.417575	
	0.406316	
	0.479031	
	0.428592	
	0.393730	
	0.403542	
	0.396988	
	0.451395	
	0.445586	
	0.458795	
	0.489317	
	0.451359	
	0.483593	
	0.434247	
	0.395916	
	0.343986	
	0.361263	
	0.571739	
	0.463556	
	0.449801	
	0.421368	
	0.414828	
	0.409752	
	0.405694	
	0.410446	
	0.414197	
	0.387822	
	0.383527	
	0.355077	
	0.368860	
	0.460000	
	0.418590	
	0.351155	
	0.371407	
	0.387174	
	0.349650	
	0.413755	
	0.526243	
	0.439985	
	0.378137	
	0.392220	
	0.373962	
	0.385207	
	0.369248	
	0.371564	
	0.382915	
	0.347244	
	0.412751	
	0.427365	
	0.450054	
	0.496413	
	0.490972	
	0.497695	
	0.471306	
	0.446259	
	0.506386	
	0.510517	
	0.534950	
	0.499132	
	0.447086	
	0.472241	
	0.514942	
	0.537290	
	0.554032	
	0.497306	
	0.472295	
	0.433299	
	0.443845	
	0.455934	
	0.511539	
	0.497984	
	0.460940	
	0.411200	
	0.409252	
	0.422930	
	0.389890	
	0.344557	
	0.582227	
	0.501705	
	0.482495	
	0.461340	
	0.418477	
	0.450416	
	0.425838	
	0.425888	
	0.367086	
	0.399903	
	0.386790	
	0.318873	
	0.367462	
	0.381405	
	0.415148	
	0.526300	
	0.462081	
	0.386443	
	0.364659	
	0.322319	
	0.368871	
	0.413512	
	0.479635	
	0.530399	
	0.531744	
	0.501759	
	0.518486	
	0.489959	
	0.469929	
	0.518185	
	0.509675	
	0.522624	
	0.505688	
	0.503419	
	0.602519	
	0.539785	
	0.500745	
	0.516398	
	0.485550	
	0.516916	
	0.512520	
	0.531291	
	0.390483	
	0.400074	
	0.374471	
	0.406018	
	0.448409	
	0.407692	
	0.420084	
	0.407766	
	0.373471	
	0.400523	
	0.440217	
	0.463597	
	0.457555	
	0.474854	
	0.504186	
	0.539806	
	0.446583	
	0.409614	
	0.414663	
	0.443070	
	0.443932	
	0.472296	
	0.462254	
	0.411223	
	0.394904	
	0.427073	
	0.403548	
	0.384758	
	0.299975	
	0.426593	
	0.433155	
	0.428975	
	0.460226	
	0.415485	
	0.382660	
	0.410745	
	0.403149	
	0.404620	
	0.318130	
	0.372761	
	0.501478	
	0.436758	
	0.309334	
	0.289619	
	0.293907	
	0.274873	
	0.261201	
	0.245703	
	0.193840	
	0.243529	
	0.373044	
	0.546258	
	0.480457	
	0.552179	
	0.500258	
	0.503873	
	0.523169	
	0.469509	
	0.468764	
	0.465760	
	0.436501	
	0.421929	
	0.457708	
	0.435428	
	0.430566	
	0.401762	
	0.393819	
	0.421415	
	0.414171	
	0.415003	
	0.360928	
	0.383626	
	0.395465	
	0.394816	
	0.460154	
	0.403409	
	0.409944	
	0.417033	
	0.380743	
	0.370219	
	0.420464	
	0.501954	
	0.508460	
	0.439243	
	0.409419	
	0.397272	
	0.390095	
	0.359800	
	0.353624	
	0.382170	
	0.403197	
	0.386390	
	0.357835	
	0.382235	
	0.358270	
	0.405847	
	0.447410	
	0.400032	
	0.472541	
	0.462792	
	0.444712	
	0.404774	
	0.380257	
	0.365522	
	0.399858	
	0.412772	
	0.390005	
	0.448310	
	0.435008	
	0.431323	
	0.421744	
	0.450532	
	0.428030	
	0.606132	
	0.465402	
	0.421253	
	0.432015	
	0.430552	
	0.414313	
	0.504180	
	0.548440	
	0.477915	
	0.437146	
	0.413398	
	0.461607	
	0.406797	
	0.419199	
	0.445369	
	0.398829	
	0.393321	
	0.363083	
	0.364674	
	0.352255	
	0.391826	
	0.284960	
	0.168184	
	0.301509	
	0.259988	
	0.306004	
	0.449873	
	0.446554	
	0.395290	
	0.448945	
	0.460662	
	0.386756	
	0.364419	
	0.403594	
	0.394493	
	0.366452	
	0.351282	
	0.434920	
	0.425521	
	0.410382	
	0.412233	
	0.434915	
	0.398588	
	0.241565	
	0.279415	
	0.242527	
	0.240173	
	0.233506	
	0.310410	
	0.343346	
	0.455099	
	0.446886	
	0.432352	
	0.487069	
	0.474704	
	0.479878	
	0.440681	
	0.433669	
	0.455269	
	0.469241	
	0.463503	
	0.366931	
	0.365147	
	0.456670	
	0.476064	
	0.442323	
	0.438439	
	0.435042	
	0.334652	
	0.394997	
	0.344297	
	0.350890	
	0.338054	
	0.398086	
	0.397334	
	0.388707	
	0.380124	
	0.401518	
	0.410740	
	0.410750	
	0.446061	
	0.451826	
	0.396082	
	0.422899	
	0.451384	
	0.433382	
	0.456801	
	0.471204	
	0.483674	
	0.492879	
	0.490581	
	0.480251	
	0.459087	
	0.474480	
	0.471753	
	0.459611	
	0.478388	
	0.474223	
	0.477221	
	0.450917	
	0.483756	
	0.487176	
	0.490826	
	0.501416	
	0.538781	
	0.509323	
	0.498253	
	0.519671	
	0.529150	
	0.455499	
	0.402829	
	0.391926	
	0.368262	
	0.366795	
	0.362572	
	0.368407	
	0.371920	
	0.393681	
	0.363387	
	0.373664	
	0.371794	
	0.360264	
	0.325213	
	0.373255	
	0.308312	
	0.294091	
	0.313145	
	0.312739	
	0.336598	
	0.409873	
	0.500806	
	0.416485	
	0.362064	
	0.335370	
	0.320646	
	0.318773	
	0.345401	
	0.356290	
	0.352448	
	0.346415	
	0.330963	
	0.392891	
	0.416397	
	0.426698	
	0.438864	
	0.400812	
	0.400363	
	0.387528	
	0.404319	
	0.361440	
	0.392521	
	0.365045	
	0.347128	
	0.359602	
	0.372997	
	0.373444	
	0.359022	
	0.323829	
	0.308205	
	0.345535	
	0.344481	
	0.323827	
	0.356521	
	0.378268	
	0.361365	
	0.368129	
	0.364471	
	0.370795	
	0.380864	
	0.358231	
	0.394635	
	0.414054	
	0.411350	
	0.392091	
	0.384178	
	0.394429	
	0.416536	
	0.433072	
	0.387821	
	0.357163	
	0.347409	
	0.443860	
	0.478862	
	0.476731	
	0.456940	
	0.373402	
	0.422943	
	0.412821	
	0.450392	
	0.352595	
	0.375843	
	0.422512	
	0.344188	
	0.414236	
	0.385010	
	0.377852	
	0.350818	
	0.335121	
	0.332235	
	0.309238	
	0.316417	
	0.327391	
	0.323903	
	0.336882	
	0.368966	
	0.309543	
	0.300638	
	0.304618	
	0.276442	
	0.273525	
	0.281031	
	0.395820	
	0.507480	
	0.428723	
	0.352773	
	0.308453	
	0.329447	
	0.355011	
	0.353142	
	0.390553	
	0.371098	
	0.333868	
	0.352163	
	0.341906	
	0.360178	
	0.367587	
	0.414083	
	0.439861	
	0.441605	
	0.460814	
	0.486655	
	0.484491	
	0.517923	
	0.353577	
	0.380336	
	0.429963	
	0.469042	
	0.467451	
	0.440408	
	0.461103	
	0.457982	
	0.474760	
	0.482947	
	0.472985	
	0.469439	
	0.467663	
	0.496709	
	0.486605	
	0.510962	
	0.499089	
	0.505624	
	0.533092	
	0.480421	
	0.549373	
	0.597619	
	0.496153	
	0.460303	
	0.449214	
	0.472357	
	0.449893	
	0.465256	
	0.458898	
	0.436975	
	0.444543	
	0.457448	
	0.436333	
	0.481227	
	0.489952	
	0.473636	
	0.464008	
	0.445037	
	0.428837	
	0.406580	
	0.383195	
	0.380223	
	0.376937	
	0.400432	
	0.385727	
	0.435013	
	0.428026	
	0.424454	
	0.412350	
	0.366320	
	0.335479	
	0.322207	
	0.363723	
	0.334115	
	0.301886	
	0.338546	
	0.310996	
	0.310731	
	0.261693	
	0.313997	
	0.341824	
	0.379344	
	0.342039	
	0.302298	
	0.280010	
	0.272452	
	0.228474	
	0.228219	
	0.218936	
	0.209113	
	0.299327	
	0.364620	
	0.428961	
	0.451329	
	0.420657	
	0.442419	
	0.481625	
	0.456856	
	0.451117	
	0.418925	
	0.468164	
	0.384385	
	0.333009	
	0.366837	
	0.379308	
	0.383900	
	0.357654	
	0.361370	
	0.362219	
	0.349695	
	0.380356	
	0.375191	
	0.341824	
	0.378111	
	0.425535	
	0.460190	
	0.463700	
	0.480069	
	0.482148	
	0.480328	
	0.485091	
	0.556010	
	0.489776	
	0.418507	
	0.420844	
	0.444608	
	0.432035	
	0.430644	
	0.413399	
	0.390769	
	0.401164	
	0.350207	
	0.346688	
	0.295125	
	0.295513	
	0.413774	
	0.430910	
	0.414602	
	0.383916	
	0.402397	
	0.496181	
	0.372122	
	0.295637	
	0.363495	
	0.387323	
	0.424395	
	0.550302	
	0.459811	
	0.415176	
	0.421837	
	0.438879	
	0.456261	
	0.479188	
	0.399568	
	0.322456	
	0.187602	
	0.177784	
	0.164537	
	0.177847	
	0.187726	
	0.265536	
	0.476675	
	0.543155	
	0.553711	
	0.512685	
	0.549503	
	0.487805	
	0.492153	
	0.442272	
	0.546378	
	0.429918	
	0.392254	
	0.377053	
	0.406019	
	0.417587	
	0.457871	
	0.434851	
	0.493539	
	0.432218	
	0.357714	
	0.342081	
	0.508003	
	0.470660	
	0.432391	
	0.465725	
	0.443184	
	0.478194	
	0.484110	
	0.457127	
	0.429549	
	0.407694	
	0.500377	
	0.578339	
	0.415428	
	0.405960	
	0.422427	
	0.397361	
	0.404626	
	0.406003	
	0.398652	
	0.378828	
	0.413720	
	0.485138	
	0.462172	
	0.465421	
	0.400978	
	0.392219	
	0.411608	
	0.377974	
	0.350303	
	0.352559	
	0.361575	
	0.386817	
	0.524808	
	0.639817	
	0.660506	
	0.562137	
	0.520647	
	0.565861	
	0.562758	
	0.543119	
	0.495210	
	0.475967	
	0.475141	
	0.484283	
	0.487822	
	0.490483	
	0.456812	
	0.482790	
	0.459465	
	0.466142	
	0.470020	
	0.458118	
	0.484603	
	0.461705	
	0.520214	
	0.485673	
	0.506153	
	0.537845	
	0.575439	
	0.487183	
	0.551332	
	0.547962	
	0.513054	
	0.536252	
	0.527925	
	0.488524	
	0.473487	
	0.495628	
	0.544664	
	0.636276	
	0.597599	
	0.533110	
	0.495068	
	0.520960	
	0.557809	
	0.529317	
	0.580618	
	0.532556	
	0.552223	
	0.547547	
	0.585374	
	0.483387	
	0.503881	
	0.521765	
	0.497051	
	0.604230	
	0.575217	
	0.552804	
	0.522846	
	0.567514	
	0.522033	
	0.575088	
	0.552026	
	0.532727	
	0.552457	
	0.483894	
	0.467457	
	0.452564	
	0.501842	
	0.445927	
	0.520540	
	0.505724	
	0.614685	
	0.584978	
	0.559364	
	0.496578	
	0.487795	
	0.476757	
	0.440015	
	0.422117	
	0.373975	
	0.369865	
	0.347951	
	0.331247	
	0.301966	
	0.295234	
	0.292213	
	0.267673	
	0.236895	
	0.294251	
	0.316545	
	0.307626	
	0.234645	
	0.209452	
	0.217283	
	0.182277	
	0.253910	
	0.233336	
	0.242696	
	0.250279	
	0.279023	
	0.294727	
	0.214561	
	0.250925	
	0.324630	
	0.391034	
	0.411549	
	0.415805	
	0.380374	
	0.438552	
	0.348610	
	0.396967	
	0.564367	
	0.426328	
	0.349520	
	0.331000	
	0.328351	
	0.357924	
	0.332614	
	0.283706	
	0.296967	
	0.338670	
	0.317675	
	0.344205	
	0.372902	
	0.353900	
	0.349231	
	0.394590	
	0.386153	
	0.284776	
	0.267469	
	0.449788	
	0.458259	
	0.463758	
	0.435349	
	0.398184	
	0.364000	
	0.360695	
	0.349764	
	0.372713	
	0.319862	
	0.395058	
	0.374312	
	0.374919	
	0.384175	
	0.360278	
	0.368938	
	0.423178	
	0.421670	
	0.307317	
	0.443990	
	0.563839	
	0.532000	
	0.485168	
	0.424686	
	0.301739	
	0.296216	
	0.342379	
	0.303157	
	0.264735	
	0.194915	
	0.170000	
	0.447198	
	0.616969	
	0.671889	
	0.638083	
	0.537061	
	0.511638	
	0.493181	
	0.513317	
	0.541707	
	0.504355	
	0.544438	
	0.557076	
	0.526728	
	0.532472	
	0.562489	
	0.558168	
	0.537567	
	0.570899	
	0.543213	
	0.540621	
	0.565680	
	0.557722	
	0.506031	
	0.486731	
	0.504863	
	0.453352	
	0.495894	
	0.503792	
	0.482356	
	0.536125	
	0.562471	
	0.573617	
	0.576816	
	0.532103	
	0.501651	
	0.501596	
	0.459609	
	0.460608	
	0.482136	
	0.454144	
	0.458273	
	0.479188	
	0.469550	
	0.462976	
	0.454087	
	0.466284	
	0.495751	
	0.472900	
	0.487493	
	0.489441	
	0.507302	
	0.515669	
	0.526818	
	0.441651	
	0.458871	
	0.470063	
	0.472785	
	0.487279	
	0.508106	
	0.484192	
	0.500208	
	0.523394	
	0.522330	
	0.468865	
	0.472651	
	0.487406	
	0.513140	
	0.514375	
	0.535648	
	0.525818	
	0.505486	
	0.484543	
	0.531540	
	0.546059	
	0.480216	
	0.453512	
	0.434099	
	0.408692	
	0.371957	
	0.394842	
	0.398153	
	0.406596	
	0.413799	
	0.484797	
	0.478430	
	0.474123	
	0.505076	
	0.401322	
	0.478795	
	0.528296	
	0.524753	
	0.579684	
	0.464837	
	0.548307	
	0.525124	
	0.430374	
	0.399149	
	0.473143	
	0.458519	
	0.517269	
	0.462026	
	0.494796	
	0.435520	
	0.426303	
	0.496795	
	0.543051	
	0.648793	
	0.595328	
	0.564780	
	0.570824	
	0.606666	
	0.586562	
	0.574435	
	0.613491	
	0.573293	
	0.523854	
	0.546333	
	0.551056	
	0.555392	
	0.593189	
	0.536105	
	0.549522	
	0.581642	
	0.552671	
	0.551551	
	0.546239	
	0.553665	
	0.563339	
	0.535678	
	0.602841	
	0.566637	
	0.575276	
	0.554189	
	0.511003	
	0.487814	
	0.461565	
	0.472265	
	0.476706	
	0.421837	
	0.457504	
	0.480601	
	0.515720	
	0.505045	
	0.527918	
	0.518645	
	0.517986	
	0.571530	
	0.515166	
	0.526441	
	0.571923	
	0.586133	
	0.588522	
	0.674655	
	0.614768	
	0.540294	
	0.464821	
	0.468482	
	0.470304	
	0.483608	
	0.490605	
	0.479095	
	0.535706	
	0.473168	
	0.471733	
	0.443312	
	0.392960	
	0.409883	
	0.449568	
	0.436740	
	0.422857	
	0.443100	
	0.435092	
	0.409451	
	0.472728	
	0.511483	
	0.449844	
	0.480805	
	0.559928	
	0.526879	
	0.532823	
	0.466173	
	0.476445	
	0.493105	
	0.548193	
	0.548475	
	0.518922	
	0.518065	
	0.455545	
	0.418679	
	0.449939	
	0.465771	
	0.401261	
	0.427830	
	0.509809	
	0.490789	
	0.466327	
	0.336757	
	0.363836	
	0.334504	
	0.367187	
	0.374707	
	0.412977	
	0.391626	
	0.374485	
	0.423611	
	0.484460	
	0.529642	
	0.518712	
	0.482177	
	0.487123	
	0.524944	
	0.602888	
	0.589094	
	0.525016	
	0.382370	
	0.375599	
	0.368780	
	0.353215	
	0.365313	
	0.393370	
	0.360798	
	0.354378	
	0.404436	
	0.382801	
	0.413403	
	0.413711	
	0.523515	
	0.553490	
	0.482340	
	0.541259	
	0.556171	
	0.564211	
	0.593503	
	0.559143	
	0.580685	
	0.530634	
	0.519307	
	0.510047	
	0.555430	
	0.552332	
	0.536322	
	0.564072	
	0.556821	
	0.524225	
	0.519999	
	0.543161	
	0.513957	
	0.519261	
	0.510921	
	0.430251	
	0.437178	
	0.483531	
	0.423126	
	0.344700	
	0.404436	
	0.524683	
	0.430810	
	0.419597	
	0.516945	
	0.515622	
	0.532748	
	0.492052	
	0.517951	
	0.524347	
	0.495352	
	0.456344	
	0.374532	
	0.278511	
	0.316044	
	0.331443	
	0.458164	
	0.443715	
	0.447496	
	0.475428	
	0.503992	
	0.477143	
	0.566939	
	0.483669	
	0.395887	
	0.358584	
	0.359700	
	0.377011	
	0.293071	
	0.354850	
	0.346483	
	0.330519	
	0.354297	
	0.391912	
	0.380365	
	0.457712	
	0.508517	
	0.530053	
	0.534354	
	0.471604	
	0.420039	
	0.439432	
	0.427594	
	0.426474	
	0.411986	
	0.374836	
	0.379228	
	0.332416	
	0.369912	
	0.345712	
	0.303995	
	0.311321	
	0.250434	
	0.289267	
	0.275427	
	0.397079	
	0.493226	
	0.453774	
	0.471040	
	0.438198	
	0.439299	
	0.450055	
	0.591522	
	0.551171	
	0.468920	
	0.449456	
	0.414990	
	0.392970	
	0.340134	
	0.346112	
	0.348157	
	0.374149	
	0.470756	
	0.338980	
	0.282802	
	0.346436	
	0.435633	
	0.461306	
	0.420743	
	0.395574	
	0.450050	
	0.390256	
	0.598893	
	0.588486	
	0.525554	
	0.506820	
	0.514705	
	0.519034	
	0.498928	
	0.471154	
	0.407547	
	0.372117	
	0.399789	
	0.437647	
	0.509321	
	0.468255	
	0.524512	
	0.504026	
	0.539342	
	0.438711	
	0.403617	
	0.414903	
	0.754420	
	0.555929	
	0.448159	
	0.319411	
	0.289467	
	0.293899	
	0.314995	
	0.269005	
	0.247001	
	0.244524	
	0.234032	
	0.215611	
	0.406732	
	0.566140	
	0.552173	
	0.531297	
	0.484128	
	0.459855	
	0.520357	
	0.527521	
	0.543658	
	0.490422	
	0.397445	
	0.321888	
	0.338955	
	0.322135	
	0.359605	
	0.353879	
	0.375429	
	0.335104	
	0.316395	
	0.294328	
	0.291213	
	0.287573	
	0.339612	
	0.362277	
	0.368588	
	0.360651	
	0.363924	
	0.408778	
	0.516194	
	0.619524	
	0.477755	
	0.381483	
	0.395653	
	0.402663	
	0.367007	
	0.384934	
	0.440366	
	0.454764	
	0.425812	
	0.424081	
	0.389155	
	0.419681	
	0.468830	
	0.468211	
	0.493965	
	0.475811	
	0.460719	
	0.395444	
	0.374548	
	0.550653	
	0.571514	
	0.557891	
	0.520572	
	0.496528	
	0.507792	
	0.496031	
	0.475839	
	0.365738	
	0.371847	
	0.359778	
	0.374190	
	0.335634	
	0.325254	
	0.439099	
	0.519047	
	0.475278	
	0.484508	
	0.456962	
	0.433620	
	0.634009	
	0.551766	
	0.485513	
	0.455005	
	0.466132	
	0.451949	
	0.481704	
	0.480602	
	0.472732	
	0.467424	
	0.442160	
	0.369876	
	0.272428	
	0.446619	
	0.594949	
	0.579536	
	0.581825	
	0.538412	
	0.553567	
	0.589078	
	0.570857	
	0.559176	
	0.545454	
	0.511644	
	0.351240	
	0.370996	
	0.356479	
	0.325322	
	0.326939	
	0.363188	
	0.361967	
	0.387536	
	0.402079	
	0.411819	
	0.436855	
	0.433098	
	0.443462	
	0.446269	
	0.407539	
	0.471179	
	0.411924	
	0.488739	
	0.725552	
	0.489387	
	0.412226	
	0.364585	
	0.335388	
	0.321494	
	0.366320	
	0.312456	
	0.360503	
	0.358055	
	0.376696	
	0.438208	
	0.479470	
	0.468100	
	0.491657	
	0.535971	
	0.599200	
	0.586991	
	0.659363	
	0.581898	
	0.496159	
	0.453369	
	0.507308	
	0.534926	
	0.548624	
	0.540245	
	0.541282	
	0.525097	
	0.522945	
	0.547374	
	0.586710	
	0.557652	
	0.476068	
	0.467733	
	0.503886	
	0.439643	
	0.414808	
	0.384156	
	0.361043	
	0.463281	
	0.486882	
	0.484911	
	0.439186	
	0.451906	
	0.449240	
	0.469614	
	0.460422	
	0.468554	
	0.422147	
	0.436069	
	0.440012	
	0.413388	
	0.409809	
	0.505757	
	0.587508	
	0.495662	
	0.498513	
	0.498698	
	0.477216	
	0.510903	
	0.596638	
	0.470406	
	0.303507	
	0.246559	
	0.264495	
	0.298428	
	0.309260	
	0.297556	
	0.300043	
	0.270310	
	0.297121	
	0.307789	
	0.353060	
	0.347661	
	0.383389	
	0.399279	
	0.414928	
	0.426138	
	0.460155	
	0.388900	
	0.402658	
	0.529318	
	0.522343	
	0.506349	
	0.521694	
	0.478346	
	0.475990	
	0.484963	
	0.454334	
	0.413998	
	0.410236	
	0.379533	
	0.473923	
	0.501297	
	0.519711	
	0.608198	
	0.522329	
	0.474253	
	0.441734	
	0.417359	
	0.355500	
	0.329069	
	0.494370	
	0.472241	
	0.497618	
	0.501655	
	0.443325	
	0.501734	
	0.480616	
	0.461417	
	0.450990	
	0.475311	
	0.473076	
	0.525032	
	0.541321	
	0.577421	
	0.500051	
	0.402447	
	0.423046	
	0.410327	
	0.455426	
	0.566618	
	0.446405	
	0.378381	
	0.432746	
	0.412383	
	0.420683	
	0.419202	
	0.451518	
	0.438061	
	0.413014	
	0.394302	
	0.384222	
	0.379955	
	0.316008	
	0.369870	
	0.447312	
	0.401378	
	0.310929	
	0.310267	
	0.265431	
	0.323759	
	0.431257	
	0.334368	
	0.383091	
	0.448230	
	0.410209	
	0.445823	
	0.468312	
	0.441306	
	0.436513	
	0.414542	
	0.464445	
	0.454500	
	0.419907	
	0.392390	
	0.460945	
	0.439224	
	0.471239	
	0.470060	
	0.470418	
	0.417378	
	0.431892	
	0.350914	
	0.406612	
	0.344194	
	0.359904	
	0.310252	
	0.327701	
	0.363285	
	0.365155	
	0.353086	
	0.312000	
	0.317947	
	0.466038	
	0.522169	
	0.494959	
	0.555472	
	0.501722	
	0.515237	
	0.488744	
	0.493288	
	0.545132	
	0.536933	
	0.537296	
	0.499522	
	0.496521	
	0.516775	
	0.515541	
	0.589544	
	0.617590	
	0.577765	
	0.613355	
	0.650841	
	0.661795	
	0.663300	
	0.635323	
	0.548242	
	0.572966	
	0.646135	
	0.646559	
	0.665658	
	0.691949	
	0.648244	
	0.553376	
	0.551964	
	0.609211	
	0.602512	
	0.591650	
	0.562178	
	0.389394	
	0.388231	
	0.421057	
	0.455707	
	0.507758	
	0.549372	
	0.411276	
	0.289890	
	0.347987	
	0.365368	
	0.358870	
	0.411502	
	0.541867	
	0.511447	
	0.355791	
	0.329760	
	0.343924	
	0.350145	
	0.343740	
	0.350630	
	0.215604	
	0.189611	
	0.232474	
	0.239316	
	0.196244	
	0.182115	
	0.238229	
	0.358031	
	0.492872	
	0.543405	
	0.521639	
	0.519844	
	0.512393	
	0.536177	
	0.716929	
	0.789399	
	0.674823	
	0.441956	
	0.341537	
	0.295388	
	0.352460	
	0.194019	
	0.118579	
	0.129109	
	0.160857	
	0.168260	
	0.380558	
	0.362946	
	0.370823	
	0.357303	
	0.351932	
	0.345852	
	0.310854	
	0.277734	
	0.313802	
	0.256813	
	0.409792	
	0.289278	
	0.242431	
	0.226395	
	0.224533	
	0.235036	
	0.241785	
	0.264941	
	0.255225	
	0.253634	
	0.264671	
	0.273661	
	0.283197	
	0.292930	
	0.275841	
	0.295875	
	0.273050	
	0.284415	
	0.364826	
	0.523089	
	0.376480	
	0.277323	
	0.269386	
	0.243122	
	0.253567	
	0.239102	
	0.250743	
	0.260439	
	0.240651	
	0.240907	
	0.259601	
	0.258118	
	0.325389	
	0.299505	
	0.209337	
	0.232818	
	0.239945	
	0.274538	
	0.265707	
	0.341644	
	0.242803	
	0.193994	
	0.197800	
	0.214944	
	0.282006	
	0.321399	
	0.273414	
	0.279328	
	0.279039	
	0.288481	
	0.292517	
	0.254355	
	0.260637	
	0.294255	
	0.382074	
	0.404574	
	0.316168	
	0.306340	
	0.306794	
	0.501362	
	0.491850	
	0.371654	
	0.275253	
	0.241862	
	0.240114	
	0.258578	
	0.283930	
	0.258980	
	0.238750	
	0.248814	
	0.243332	
	0.249807	
	0.268707	
	0.264506	
	0.264259	
	0.266916	
	0.265302	
	0.265394	
	0.277014	
	0.374069	
	0.337118	
	0.297480	
	0.235845	
	0.236534	
	0.248996	
	0.271975	
	0.286986	
	0.271112	
	0.282889	
	0.237456	
	0.287053	
	0.291492	
	0.281048	
	0.307690	
	0.335148	
	0.335334	
	0.341128	
	0.351219	
	0.342682	
	0.368464	
	0.505093	
	0.401148	
	0.306368	
	0.292171	
	0.239103	
	0.260535	
	0.285312	
	0.244485	
	0.261135	
	0.227244	
	0.258759	
	0.237509	
	0.249150	
	0.256882	
	0.284683	
	0.320010	
	0.291933	
	0.293887	
	0.283883	
	0.339251	
	0.370920	
	0.307863	
	0.257966	
	0.232075	
	0.194472	
	0.214282	
	0.238936	
	0.247827	
	0.234211	
	0.247089	
	0.223430	
	0.263331	
	0.236950	
	0.224390	
	0.237524	
	0.251220	
	0.251744	
	0.280932	
	0.286348	
	0.256308	
	0.435944	
	0.466945	
	0.313873	
	0.238068	
	0.218450	
	0.220718	
	0.176460	
	0.150196	
	0.139553	
	0.153133	
	0.155088	
	0.136510	
	0.163101	
	0.176653	
	0.217682	
	0.228946	
	0.227539	
	0.170419	
	0.168812	
	0.279100	
	0.344589	
	0.358713	
	0.233204	
	0.140672	
	0.168265	
	0.190389	
	0.186039	
	0.179693	
	0.185839	
	0.202862	
	0.202650	
	0.200647	
	0.221034	
	0.217865	
	0.211578	
	0.210395	
	0.227016	
	0.253016	
	0.251854	
	0.274641	
	0.275069	
	0.508404	
	0.408431	
	0.286784	
	0.212051	
	0.193445	
	0.203385	
	0.185895	
	0.180262	
	0.180682	
	0.197424	
	0.197671	
	0.186267	
	0.181834	
	0.227373	
	0.309605	
	0.290281	
	0.312691	
	0.275608	
	0.250870	
	0.245579	
	0.261132	
	0.232080	
	0.162678	
	0.170013	
	0.188746	
	0.183211	
	0.182028	
	0.179530	
	0.163783	
	0.169186	
	0.164238	
	0.175894	
	0.206283	
	0.208691	
	0.264718	
	0.211081	
	0.198569	
	0.199772	
	0.203040	
	0.214944	
	0.402485	
	0.426126	
	0.374637	
	0.326773	
	0.263738	
	0.278696	
	0.252352	
	0.270290	
	0.256056	
	0.268060	
	0.257860	
	0.278479	
	0.267238	
	0.280337	
	0.286760	
	0.243090	
	0.230476	
	0.211024	
	0.211073	
	0.224958	
	0.238650	
	0.226308	
	0.240407	
	0.155515	
	0.154996	
	0.179104	
	0.194192	
	0.198006	
	0.204223	
	0.198240	
	0.209972	
	0.231326	
	0.233234	
	0.263481	
	0.297491	
	0.259743	
	0.332188	
	0.287626	
	0.236101	
	0.197871	
	0.210577	
	0.275898	
	0.293325	
	0.271667	
	0.192852	
	0.155811	
	0.158124	
	0.155244	
	0.161002	
	0.184359	
	0.142697	
	0.134299	
	0.129552	
	0.143517	
	0.155895	
	0.158647	
	0.138683	
	0.144905	
	0.123639	
	0.116888	
	0.138973	
	0.141563	
	0.223295	
	0.290063	
	0.225847	
	0.200139	
	0.150903	
	0.134214	
	0.111976	
	0.122349	
	0.109947	
	0.093997	
	0.077367	
	0.079907	
	0.082440	
	0.160642	
	0.278118	
	0.180985	
	0.152642	
	0.171836	
	0.187601	
	0.181836	
	0.310859	
	0.494132	
	0.464914	
	0.391052	
	0.359076	
	0.322588	
	0.326778	
	0.293658	
	0.272535	
	0.264378	
	0.278348	
	0.345791	
	0.364549	
	0.415179	
	0.257756	
	0.185708	
	0.186861	
	0.167635	
	0.145423	
	0.159790	
	0.208593	
	0.235982	
	0.134865	
	0.181076	
	0.233778	
	0.236723	
	0.228829	
	0.226839	
	0.227616	
	0.230460	
	0.202346	
	0.214975	
	0.211583	
	0.210008	
	0.212304	
	0.290414	
	0.272679	
	0.259449	
	0.260957	
	0.241572	
	0.265797	
	0.383171	
	0.376200	
	0.241903	
	0.205050	
	0.187153	
	0.222507	
	0.205136	
	0.208366	
	0.213026	
	0.204776	
	0.236594	
	0.220956	
	0.253940	
	0.241614	
	0.210621	
	0.238363	
	0.251448	
	0.274996	
	0.297259	
	0.271692	
	0.272183	
	0.275170	
	0.286785	
	0.309587	
	0.323492	
	0.340922	
	0.356408	
	0.335395	
	0.337206	
	0.249467	
	0.397466	
	0.425327	
	0.403941	
	0.325974	
	0.295212	
	0.323901	
	0.312016	
	0.326105	
	0.281059	
	0.272790	
	0.370468	
	0.380813	
	0.421691	
	0.395775	
	0.360092	
	0.368896	
	0.384528	
	0.403404	
	0.351765	
	0.362577	
	0.401810	
	0.423590	
	0.415538	
	0.370878	
	0.313468	
	0.296894	
	0.253894	
	0.283355	
	0.287103	
	0.301312	
	0.406468	
	0.425885	
	0.411517	
	0.367215	
	0.364975	
	0.370458	
	0.359958	
	0.370903	
	0.339219	
	0.357457	
	0.257081	
	0.466201	
	0.458824	
	0.467229	
	0.428477	
	0.282210	
	0.246548	
	0.231959	
	0.301186	
	0.293788	
	0.335366	
	0.336487	
	0.503926	
	0.467935	
	0.324079	
	0.289103	
	0.301940	
	0.285369	
	0.293236	
	0.316972	
	0.270288	
	0.286451	
	0.291264	
	0.347367	
	0.373919	
	0.291776	
	0.301452	
	0.266617	
	0.238705	
	0.260404	
	0.294848	
	0.362165	
	0.278782	
	0.218785	
	0.178791	
	0.173340	
	0.191716	
	0.197230	
	0.189331	
	0.198929	
	0.190067	
	0.180753	
	0.174860	
	0.192396	
	0.206091	
	0.225246	
	0.215871	
	0.187591	
	0.182851	
	0.175157	
	0.180942	
	0.224063	
	0.497564	
	0.404020	
	0.214001	
	0.167494	
	0.152345	
	0.104256	
	0.148318	
	0.102042	
	0.122671	
	0.100690	
	0.187118	
	0.107178	
	0.190240	
	0.145208	
	0.119447	
	0.119231	
	0.149549	
	0.133335	
	0.120240	
	0.103627	
	0.212524	
	0.222904	
	0.120854	
	0.146787	
	0.173116	
	0.179098	
	0.162920	
	0.172914	
	0.177185	
	0.175890	
	0.206124	
	0.180571	
	0.184343	
	0.199519	
	0.235788	
	0.219148	
	0.198393	
	0.200628	
	0.215317	
	0.251153	
	0.346179	
	0.380350	
	0.267367	
	0.237664	
	0.207210	
	0.226387	
	0.244228	
	0.229878	
	0.238343	
	0.247053	
	0.243073	
	0.291972	
	0.308989	
	0.267324	
	0.320312	
	0.358438	
	0.315662	
	0.357114	
	0.317283	
	0.321513	
	0.323294	
	0.274583	
	0.243833	
	0.297371	
	0.331399	
	0.322260	
	0.418475	
	0.358354	
	0.368962	
	0.365091	
	0.352963	
	0.296820	
	0.312781	
	0.418959	
	0.407087	
	0.397058	
	0.322123	
	0.380688	
	0.367807	
	0.349948	
	0.360064	
	0.344364	
	0.386857	
	0.391820	
	0.343132	
	0.316211	
	0.297795	
	0.293363	
	0.290727	
	0.268637	
	0.258542	
	0.221847	
	0.209861	
	0.314198	
	0.380739	
	0.388965	
	0.381539	
	0.348282	
	0.290557	
	0.301966	
	0.307226	
	0.301804	
	0.381709	
	0.388034	
	0.419719	
	0.371482	
	0.366030	
	0.345356	
	0.369296	
	0.378585	
	0.346222	
	0.324902	
	0.335648	
	0.406744	
	0.411878	
	0.379768	
	0.297629	
	0.380863	
	0.332188	
	0.342489	
	0.307333	
	0.313806	
	0.384536	
	0.271187	
	0.225197	
	0.223773	
	0.236533	
	0.250491	
	0.217302	
	0.215845	
	0.248557	
	0.243674	
	0.241748	
	0.233419	
	0.238621	
	0.257203	
	0.268923	
	0.287350	
	0.233341	
	0.201507	
	0.179740	
	0.203936	
	0.261709	
	0.208770	
	0.170023	
	0.147950	
	0.134882	
	0.121103	
	0.117788	
	0.164574	
	0.183895	
	0.172416	
	0.152457	
	0.151770	
	0.175580	
	0.196928	
	0.315552	
	0.299934	
	0.259639	
	0.207006	
	0.189522	
	0.178146	
	0.385884	
	0.468034	
	0.439795	
	0.375775	
	0.419399	
	0.397218	
	0.402286	
	0.428695	
	0.366606	
	0.375932	
	0.368275	
	0.363364	
	0.328175	
	0.378240	
	0.339725	
	0.340844	
	0.487818	
	0.466885	
	0.473574	
	0.490431	
	0.514082	
	0.561671	
	0.430609	
	0.554213	
	0.516845	
	0.492970	
	0.542553	
	0.541159	
	0.498948	
	0.451727	
	0.531126	
	0.517573	
	0.445216	
	0.384367	
	0.404282	
	0.484039	
	0.479366	
	0.431303	
	0.451148	
	0.397300	
	0.353908	
	0.384567	
	0.379971	
	0.514959	
	0.471766	
	0.422837	
	0.429081	
	0.472806	
	0.507413	
	0.394994	
	0.396130	
	0.439865	
	0.448433	
	0.466656	
	0.500886	
	0.541571	
	0.404676	
	0.452353	
	0.491931	
	0.521104	
	0.518350	
	0.513794	
	0.458464	
	0.373578	
	0.426752	
	0.389309	
	0.407094	
	0.490590	
	0.507428	
	0.473916	
	0.527335	
	0.505335	
	0.448732	
	0.420006	
	0.476150	
	0.447088	
	0.474205	
	0.423580	
	0.368097	
	0.407348	
	0.443132	
	0.421662	
	0.458651	
	0.438587	
	0.418902	
	0.380453	
	0.356105	
	0.335274	
	0.335862	
	0.283664	
	0.386010	
	0.378497	
	0.322694	
	0.310880	
	0.390350	
	0.468662	
	0.428652	
	0.524239	
	0.454203	
	0.425378	
	0.485374	
	0.431630	
	0.456526	
	0.448773	
	0.451411	
	0.425286	
	0.461549	
	0.440462	
	0.350853	
	0.349336	
	0.390001	
	0.415543	
	0.454977	
	0.477581	
	0.446000	
	0.404488	
	0.398417	
	0.466111	
	0.439595	
	0.474016	
	0.542801	
	0.586467	
	0.537410	
	0.493781	
	0.523648	
	0.474612	
	0.452567	
	0.439691	
	0.428632	
	0.474262	
	0.442971	
	0.473978	
	0.494549	
	0.427980	
	0.428486	
	0.519771	
	0.467155	
	0.555258	
	0.545493	
	0.542134	
	0.471110	
	0.452562	
	0.492487	
	0.454221	
	0.449478	
	0.413453	
	0.371034	
	0.375181	
	0.439469	
	0.494844	
	0.470178	
	0.411832	
	0.413089	
	0.458449	
	0.461705	
	0.500234	
	0.557795	
	0.516622	
	0.482124	
	0.438788	
	0.455935	
	0.470491	
	0.460398	
	0.487092	
	0.496998	
	0.459995	
	0.450489	
	0.443838	
	0.471332	
	0.416761	
	0.427110	
	0.441121	
	0.438534	
	0.390547	
	0.397126	
	0.446369	
	0.392995	
	0.371174	
	0.415778	
	0.471144	
	0.490440	
	0.470733	
	0.442564	
	0.501863	
	0.433127	
	0.408918	
	0.419517	
	0.402758	
	0.414477	
	0.417681	
	0.403293	
	0.343459	
	0.364079	
	0.376518	
	0.350882	
	0.372426	
	0.405285	
	0.400208	
	0.427433	
	0.340746	
	0.364627	
	0.460939	
	0.456130	
	0.517256	
	0.520077	
	0.547813	
	0.493365	
	0.469666	
	0.492446	
	0.517446	
	0.495353	
	0.406762	
	0.474188	
	0.418929	
	0.457266	
	0.472544	
	0.522290	
	0.555196	
	0.517695	
	0.544230	
	0.494087	
	0.473360	
	0.492621	
	0.506299	
	0.432649	
	0.475597	
	0.381458	
	0.350320	
	0.343075	
	0.362530	
	0.379155	
	0.322023	
	0.325871	
	0.331924	
	0.376479	
	0.361511	
	0.353723	
	0.314704	
	0.303247	
	0.389705	
	0.332375	
	0.384788	
	0.390147	
	0.365028	
	0.418537	
	0.582520	
	0.408291	
	0.408724	
	0.410632	
	0.381939	
	0.394123	
	0.395487	
	0.416071	
	0.463977	
	0.476062	
	0.479585	
	0.432082	
	0.417642	
	0.356476	
	0.409865	
	0.380497	
	0.432509	
	0.401594	
	0.420036	
	0.417574	
	0.439875	
	0.412843	
	0.378130	
	0.407394	
	0.471308	
	0.460759	
	0.468819	
	0.458414	
	0.440060	
	0.442111	
	0.417424	
	0.368587	
	0.392116	
	0.359339	
	0.403227	
	0.397907	
	0.375251	
	0.413672	
	0.446747	
	0.449265	
	0.407989	
	0.511246	
	0.416809	
	0.355087	
	0.289621	
	0.295332	
	0.270375	
	0.282003	
	0.265580	
	0.232344	
	0.242221	
	0.240299	
	0.308792	
	0.351911	
	0.390519	
	0.364158	
	0.392752	
	0.408790	
	0.403806	
	0.382738	
	0.426749	
	0.418984	
	0.345861	
	0.363405	
	0.351048	
	0.368700	
	0.377704	
	0.382853	
	0.394893	
	0.428675	
	0.468195	
	0.458448	
	0.405678	
	0.415266	
	0.427373	
	0.411429	
	0.442205	
	0.510497	
	0.492459	
	0.523042	
	0.571262	
	0.612809	
	0.525949	
	0.414804	
	0.375843	
	0.370011	
	0.364333	
	0.340761	
	0.363260	
	0.340420	
	0.269249	
	0.226093	
	0.240642	
	0.226228	
	0.280078	
	0.191832	
	0.211414	
	0.208385	
	0.223636	
	0.279040	
	0.387910	
	0.594234	
	0.463824	
	0.289078	
	0.289736	
	0.269246	
	0.272963	
	0.321872	
	0.311013	
	0.338030	
	0.330140	
	0.283259	
	0.283349	
	0.375062	
	0.445464	
	0.426032	
	0.429743	
	0.416623	
	0.424438	
	0.456451	
	0.353186	
	0.407981	
	0.518490	
	0.515924	
	0.486171	
	0.482502	
	0.471241	
	0.484866	
	0.472428	
	0.463930	
	0.471856	
	0.460136	
	0.316485	
	0.546556	
	0.565904	
	0.542292	
	0.517670	
	0.565304	
	0.542961	
	0.533904	
	0.575702	
	0.559514	
	0.500402	
	0.513313	
	0.523219	
	0.554120	
	0.571571	
	0.580495	
	0.525193	
	0.549924	
	0.549451	
	0.489986	
	0.506694	
	0.473002	
	0.493923	
	0.548589	
	0.563947	
	0.502105	
	0.504157	
	0.520025	
	0.502320	
	0.545763	
	0.473417	
	0.538266	
	0.490004	
	0.435504	
	0.474255	
	0.261522	
	0.236130	
	0.185788	
	0.236643	
	0.181203	
	0.282064	
	0.409826	
	0.523639	
	0.544941	
	0.532766	
	0.510080	
	0.565672	
	0.594498	
	0.576269	
	0.533626	
	0.568395	
	0.574488	
	0.573662	
	0.542731	
	0.546902	
	0.548110	
	0.543406	
	0.562275	
	0.563945	
	0.581146	
	0.556818	
	0.532843	
	0.483580	
	0.633764	
	0.523050	
	0.529402	
	0.497811	
	0.491473	
	0.513844	
	0.485195	
	0.518023	
	0.490016	
	0.464679	
	0.461652	
	0.481228	
	0.516572	
	0.398656	
	0.305976	
	0.302764	
	0.366976	
	0.321235	
	0.340528	
	0.419640	
	0.514907	
	0.431370	
	0.467751	
	0.498623	
	0.557203	
	0.525145	
	0.557997	
	0.515512	
	0.522949	
	0.488788	
	0.542330	
	0.522516	
	0.524614	
	0.548237	
	0.555135	
	0.482063	
	0.528218	
	0.474158	
	0.504117	
	0.510123	
	0.561348	
	0.553484	
	0.491566	
	0.462124	
	0.450897	
	0.468130	
	0.485787	
	0.540808	
	0.606190	
	0.568522	
	0.517188	
	0.501372	
	0.445698	
	0.354007	
	0.413924	
	0.398664	
	0.368923	
	0.414749	
	0.342150	
	0.429218	
	0.534654	
	0.421691	
	0.564593	
	0.611516	
	0.575676	
	0.571733	
	0.586421	
	0.556160	
	0.514480	
	0.538205	
	0.509737	
	0.528123	
	0.517847	
	0.495997	
	0.473976	
	0.429394	
	0.436358	
	0.486160	
	0.451706	
	0.472306	
	0.459511	
	0.468268	
	0.638810	
	0.490865	
	0.406147	
	0.393248	
	0.389456	
	0.389647	
	0.576175	
	0.718815	
	0.622704	
	0.472274	
	0.464942	
	0.443897	
	0.394605	
	0.402024	
	0.365461	
	0.346641	
	0.443191	
	0.518189	
	0.582487	
	0.531853	
	0.552809	
	0.555575	
	0.526226	
	0.524699	
	0.480356	
	0.510132	
	0.475576	
	0.531724	
	0.526088	
	0.531511	
	0.521141	
	0.480792	
	0.481482	
	0.480726	
	0.499816	
	0.500194	
	0.480722	
	0.506457	
	0.466124	
	0.575475	
	0.459780	
	0.507571	
	0.540600	
	0.526561	
	0.493094	
	0.403314	
	0.441356	
	0.523026	
	0.501662	
	0.327457	
	0.255435	
	0.245789	
	0.239401	
	0.239384	
	0.279702	
	0.304022	
	0.279566	
	0.248522	
	0.388600	
	0.496867	
	0.515344	
	0.578640	
	0.580472	
	0.532937	
	0.570637	
	0.564555	
	0.558123	
	0.506048	
	0.507929	
	0.527877	
	0.548556	
	0.563235	
	0.516897	
	0.496109	
	0.475933	
	0.413455	
	0.385739	
	0.415900	
	0.366797	
	0.279411	
	0.314646	
	0.335504	
	0.331786	
	0.354121	
	0.296345	
	0.274828	
	0.415678	
	0.597936	
	0.460030	
	0.479675	
	0.504803	
	0.483670	
	0.513860	
	0.505534	
	0.489368	
	0.493104	
	0.502919	
	0.539003	
	0.554165	
	0.492729	
	0.533248	
	0.507873	
	0.486748	
	0.540910	
	0.476198	
	0.544813	
	0.542339	
	0.512552	
	0.423091	
	0.314769	
	0.301961	
	0.228115	
	0.235807	
	0.239658	
	0.284668	
	0.242682	
	0.293595	
	0.217814	
	0.256071	
	0.227315	
	0.237861	
	0.203303	
	0.209797	
	0.197697	
	0.222048	
	0.227682	
	0.259881	
	0.411529	
	0.386541	
	0.283466	
	0.255522	
	0.266297	
	0.282232	
	0.322537	
	0.343471	
	0.376307	
	0.457163	
	0.506795	
	0.453360	
	0.484686	
	0.508979	
	0.506792	
	0.593348	
	0.598335	
	0.734373	
	0.647609	
	0.647883	
	0.688745	
	0.689833	
	0.603064	
	0.494381	
	0.467779	
	0.447289	
	0.445698	
	0.462068	
	0.471674	
	0.524196	
	0.518825	
	0.500324	
	0.503624	
	0.521745	
	0.530536	
	0.543470	
	0.544397	
	0.531323	
	0.528289	
	0.531982	
	0.565375	
	0.576598	
	0.635970	
	0.603564	
	0.534164	
	0.527988	
	0.505377	
	0.503994	
	0.494582	
	0.486812	
	0.479079	
	0.492299	
	0.504452	
	0.509095	
	0.517216	
	0.560410	
	0.582165	
	0.545776	
	0.585350	
	0.608130	
	0.621108	
	0.696124	
	0.651085	
	0.668908	
	0.625454	
	0.582901	
	0.596627	
	0.612422	
	0.574658	
	0.627538	
	0.451598	
	0.286703	
	0.261253	
	0.278375	
	0.307883	
	0.589259	
	0.552736	
	0.474670	
	0.509513	
	0.549379	
	0.288008	
	0.229372	
	0.225549	
	0.653306	
	0.507975	
	0.459721	
	0.436510	
	0.416396	
	0.462223	
	0.378342	
	0.215380	
	0.450389	
	0.451689	
	0.411075	
	0.415543	
	0.445894	
	0.504997	
	0.478954	
	0.469454	
	0.425067	
	0.374015	
	0.359343	
	0.254836	
	0.363880	
	0.505563	
	0.370815	
	0.303254	
	0.264821	
	0.214290	
	0.266990	
	0.354347	
	0.298466	
	0.279233	
	0.269652	
	0.220988	
	0.218236	
	0.285093	
	0.228128	
	0.203631	
	0.163743	
	0.177662	
	0.160592	
	0.194037	
	0.204228	
	0.238776	
	0.562925	
	0.367216	
	0.268246	
	0.249651	
	0.290558	
	0.334814	
	0.354059	
	0.399645	
	0.252831	
	0.330383	
	0.478989	
	0.425875	
	0.433879	
	0.442724	
	0.462518	
	0.278266	
	0.476731	
	0.472877	
	0.484039	
	0.522598	
	0.374971	
	0.493678	
	0.348340	
	0.354315	
	0.319243	
	0.295613	
	0.279941	
	0.248454	
	0.244716	
	0.248393	
	0.244603	
	0.173590	
	0.200035	
	0.322146	
	0.179057	
	0.212858	
	0.193414	
	0.142730	
	0.184128	
	0.209870	
	0.142693	
	0.481086	
	0.527643	
	0.356537	
	0.334602	
	0.257262	
	0.243162	
	0.228009	
	0.192636	
	0.205083	
	0.208502	
	0.183581	
	0.479470	
	0.509715	
	0.505991	
	0.468005	
	0.398205	
	0.368474	
	0.353324	
	0.412680	
	0.407300	
	0.410686	
	0.551786	
	0.480261	
	0.447800	
	0.412641	
	0.447150	
	0.433494	
	0.371342	
	0.386781	
	0.382326	
	0.316428	
	0.360624	
	0.358824	
	0.309753	
	0.419045	
	0.419092	
	0.430463	
	0.453132	
	0.372627	
	0.527183	
	0.651439	
	0.664545	
	0.607109	
	0.449585	
	0.434530	
	0.420291	
	0.454979	
	0.444062	
	0.437293	
	0.427620	
	0.417821	
	0.442238	
	0.446286	
	0.459181	
	0.478492	
	0.469311	
	0.486886	
	0.476376	
	0.490512	
	0.483608	
	0.521096	
	0.528698	
	0.566558	
	0.444095	
	0.392899	
	0.381217	
	0.366654	
	0.379711	
	0.371855	
	0.368670	
	0.372860	
	0.358845	
	0.352730	
	0.365606	
	0.405288	
	0.442021	
	0.173326	
	0.165781	
	0.193350	
	0.220263	
	0.230429	
	0.342410	
	0.615018	
	0.486613	
	0.463511	
	0.429183	
	0.411305	
	0.385553	
	0.457804	
	0.402797	
	0.241393	
	0.231775	
	0.230161	
	0.237829	
	0.312779	
	0.434995	
	0.421102	
	0.358790	
	0.369729	
	0.378725	
	0.397846	
	0.278047	
	0.590774	
	0.386804	
	0.311841	
	0.304311	
	0.299042	
	0.278524	
	0.183525	
	0.184430	
	0.182555	
	0.170528	
	0.213711	
	0.286658	
	0.286958	
	0.299802	
	0.292312	
	0.344727	
	0.398961	
	0.301475	
	0.333106	
	0.328242	
	0.408496	
	0.605616	
	0.371865	
	0.299285	
	0.287510	
	0.246823	
	0.212970	
	0.232460	
	0.191960	
	0.195739	
	0.180973	
	0.159418	
	0.177054	
	0.239526	
	0.251317	
	0.230801	
	0.240072	
	0.311255	
	0.227173	
	0.201074	
	0.214562	
	0.571958	
	0.504771	
	0.452998	
	0.402506	
	0.401003	
	0.484897	
	0.450251	
	0.440768	
	0.453892	
	0.472949	
	0.481537	
	0.472709	
	0.489531	
	0.445384	
	0.363283	
	0.413360	
	0.400134	
	0.357502	
	0.326831	
	0.380040	
	0.442961	
	0.379436	
	0.346376	
	0.352150	
	0.314490	
	0.286506	
	0.265090	
	0.269796	
	0.304222	
	0.228125	
	0.268293	
	0.319397	
	0.360519	
	0.377179	
	0.448106	
	0.435091	
	0.463716	
	0.506260	
	0.594085	
	0.524910	
	0.527587	
	0.472391	
	0.443950	
	0.454637	
	0.448032	
	0.443194	
	0.442444	
	0.446780	
	0.505926	
	0.475098	
	0.457579	
	0.499909	
	0.457051	
	0.382475	
	0.444750	
	0.398990	
	0.349069	
	0.346243	
	0.257210	
	0.268385	
	0.394210	
	0.559174	
	0.489714	
	0.396331	
	0.300392	
	0.326433	
	0.291462	
	0.294293	
	0.288248	
	0.244302	
	0.262542	
	0.485120	
	0.619751	
	0.518655	
	0.537663	
	0.562709	
	0.510306	
	0.461802	
	0.344730	
	0.379746	
	0.376434	
	0.475115	
	0.464006	
	0.363399	
	0.303788	
	0.300292	
	0.332887	
	0.299032	
	0.339536	
	0.335293	
	0.335675	
	0.318134	
	0.269550	
	0.310716	
	0.290759	
	0.272489	
	0.270539	
	0.284863	
	0.317584	
	0.333525	
	0.367320	
	0.409778	
	0.464881	
	0.400970	
	0.381732	
	0.389848	
	0.394608	
	0.378079	
	0.358503	
	0.362088	
	0.357825	
	0.464991	
	0.485350	
	0.421341	
	0.447476	
	0.382864	
	0.286555	
	0.249537	
	0.269367	
	0.264104	
	0.290930	
	0.513994	
	0.475240	
	0.383601	
	0.349408	
	0.350328	
	0.361829	
	0.383947	
	0.369737	
	0.374120	
	0.365764	
	0.311235	
	0.322865	
	0.295508	
	0.369629	
	0.363196	
	0.388522	
	0.392328	
	0.366860	
	0.354989	
	0.328685	
	0.403963	
	0.476648	
	0.399357	
	0.383959	
	0.328518	
	0.307662	
	0.367903	
	0.254493	
	0.237625	
	0.253622	
	0.232281	
	0.203237	
	0.255115	
	0.374836	
	0.376027	
	0.357423	
	0.350875	
	0.354466	
	0.288251	
	0.242084	
	0.306752	
	0.566382	
	0.400111	
	0.354016	
	0.318105	
	0.286184	
	0.289538	
	0.316527	
	0.311345	
	0.317746	
	0.327408	
	0.338934	
	0.352872	
	0.342743	
	0.325006	
	0.339005	
	0.340571	
	0.348384	
	0.359037	
	0.402255	
	0.465155	
	0.293888	
	0.552762	
	0.485798	
	0.415384	
	0.408273	
	0.376380	
	0.362621	
	0.344874	
	0.370677	
	0.384749	
	0.372051	
	0.510791	
	0.469248	
	0.462949	
	0.485600	
	0.442824	
	0.423532	
	0.424109	
	0.422873	
	0.349325	
	0.444852	
	0.440178	
	0.410059	
	0.370594	
	0.384673	
	0.307167	
	0.338748	
	0.324184	
	0.267728	
	0.244140	
	0.277356	
	0.277807	
	0.304643	
	0.232566	
	0.212568	
	0.192902	
	0.184842	
	0.192783	
	0.226584	
	0.284491	
	0.429808	
	0.553469	
	0.398814	
	0.361563	
	0.324626	
	0.298155	
	0.292644	
	0.267913	
	0.268727	
	0.260348	
	0.222451	
	0.217397	
	0.226568	
	0.303062	
	0.383639	
	0.373555	
	0.383326	
	0.363680	
	0.358336	
	0.248895	
	0.292214	
	0.589566	
	0.445229	
	0.317864	
	0.247754	
	0.226358	
	0.235344	
	0.208229	
	0.184377	
	0.175109	
	0.198194	
	0.220549	
	0.202790	
	0.220254	
	0.220372	
	0.245955	
	0.229482	
	0.215773	
	0.221624	
	0.205115	
	0.211699	
	0.502897	
	0.595292	
	0.445365	
	0.374384	
	0.371396	
	0.351735	
	0.330357	
	0.340919	
	0.337061	
	0.351559	
	0.229396	
	0.235500	
	0.277143	
	0.305280	
	0.394075	
	0.390943	
	0.372597	
	0.353847	
	0.383089	
	0.399834	
	0.258067	
	0.573816	
	0.421419	
	0.390905	
	0.340913	
	0.295167	
	0.276785	
	0.282940	
	0.272570	
	0.275848	
	0.253455	
	0.232537	
	0.292858	
	0.265788	
	0.256830	
	0.364894	
	0.433541	
	0.481613	
	0.484401	
	0.437368	
	0.433679	
	0.575483	
	0.466533	
	0.310089	
	0.197023	
	0.169898	
	0.182479	
	0.209292	
	0.216439	
	0.229764	
	0.225229	
	0.186352	
	0.165999	
	0.209077	
	0.394242	
	0.386625	
	0.311179	
	0.307420	
	0.314763	
	0.359604	
	0.368176	
	0.399473	
	0.516964	
	0.416487	
	0.330982	
	0.329170	
	0.322969	
	0.332536	
	0.342359	
	0.366629	
	0.365113	
	0.355627	
	0.359585	
	0.358941	
	0.371972	
	0.378118	
	0.384484	
	0.344976	
	0.348991	
	0.395327	
	0.379495	
	0.411679	
	0.498324	
	0.603209	
	0.544505	
	0.534177	
	0.437156	
	0.432914	
	0.397753	
	0.349200	
	0.369600	
	0.327130	
	0.359569	
	0.317034	
	0.298964	
	0.316995	
	0.230726	
	0.300762	
	0.270081	
	0.465643	
	0.593636	
	0.650676	
	0.482518	
	0.342848	
	0.354505	
	0.405416	
	0.410219	
	0.377073	
	0.374908	
	0.405224	
	0.401678	
	0.364531	
	0.347078	
	0.358453	
	0.293952	
	0.241568	
	0.312521	
	0.268846	
	0.214507	
	0.212576	
	0.214848	
	0.462828	
	0.428702	
	0.537685	
	0.476210	
	0.423458	
	0.386537	
	0.380408	
	0.364424	
	0.372716	
	0.397172	
	0.415074	
	0.415911	
	0.282884	
	0.347331	
	0.386804	
	0.433098	
	0.418458	
	0.437538	
	0.400452	
	0.330233	
	0.390789	
	0.436159	
	0.316878	
	0.300224	
	0.328548	
	0.339040	
	0.336650	
	0.342274	
	0.361292	
	0.380789	
	0.395207	
	0.406461	
	0.428124	
	0.381948	
	0.406125	
	0.417393	
	0.391834	
	0.425283	
	0.406849	
	0.421471	
	0.452501	
	0.442301	
	0.513079	
	0.464987	
	0.429519	
	0.376348	
	0.434413	
	0.424248	
	0.427251	
	0.438182	
	0.402532	
	0.427917	
	0.456407	
	0.432781	
	0.410001	
	0.441500	
	0.445897	
	0.431838	
	0.461618	
	0.492050	
	0.513788	
	0.497653	
	0.449943	
	0.394540	
	0.341224	
	0.325592	
	0.357444	
	0.354610	
	0.337820	
	0.335712	
	0.330241	
	0.326301	
	0.303053	
	0.256256	
	0.304699	
	0.290747	
	0.314582	
	0.319177	
	0.325428	
	0.278615	
	0.306971	
	0.381470	
	0.441531	
	0.367786	
	0.335741	
	0.321006	
	0.291560	
	0.319263	
	0.321378	
	0.329644	
	0.323403	
	0.302894	
	0.290107	
	0.288969	
	0.396044	
	0.470437	
	0.495480	
	0.456788	
	0.440938	
	0.458298	
	0.438874	
	0.380402	
	0.392723	
	0.366102	
	0.357299	
	0.380349	
	0.426619	
	0.450918	
	0.393187	
	0.346689	
	0.388559	
	0.385256	
	0.439989	
	0.444274	
	0.419442	
	0.392193	
	0.378919	
	0.379285	
	0.422930	
	0.436274	
	0.471148	
	0.501394	
	0.576284	
	0.573214	
	0.434490	
	0.401062	
	0.394219	
	0.398860	
	0.365757	
	0.387765	
	0.384804	
	0.372878	
	0.415709	
	0.439593	
	0.474810	
	0.435873	
	0.401888	
	0.311460	
	0.315376	
	0.290299	
	0.232750	
	0.261331	
	0.376836	
	0.333544	
	0.301896	
	0.396136	
	0.368636	
	0.348538	
	0.327892	
	0.310902	
	0.270922	
	0.296112	
	0.302384	
	0.282636	
	0.318746	
	0.268233	
	0.271388	
	0.256401	
	0.251914	
	0.266879	
	0.245341	
	0.273062	
	0.334663	
	0.480166	
	0.350968	
	0.358270	
	0.328331	
	0.344042	
	0.323440	
	0.348782	
	0.338858	
	0.323189	
	0.292003	
	0.320251	
	0.342344	
	0.291501	
	0.326143	
	0.405247	
	0.408865	
	0.425398	
	0.398742	
	0.437813	
	0.447461	
	0.462789	
	0.325268	
	0.379120	
	0.368722	
	0.411381	
	0.391992	
	0.421344	
	0.453447	
	0.466838	
	0.483015	
	0.493037	
	0.488599	
	0.492289	
	0.459855	
	0.459820	
	0.438864	
	0.448351	
	0.514356	
	0.518151	
	0.491310	
	0.505220	
	0.579453	
	0.455666	
	0.417743	
	0.436789	
	0.440636	
	0.448189	
	0.429818	
	0.430161	
	0.451565	
	0.429293	
	0.441489	
	0.443388	
	0.439083	
	0.442741	
	0.461407	
	0.458451	
	0.504646	
	0.466546	
	0.426104	
	0.431162	
	0.367377	
	0.382315	
	0.384245	
	0.359644	
	0.341688	
	0.347423	
	0.370984	
	0.377707	
	0.403148	
	0.381699	
	0.352012	
	0.367057	
	0.356279	
	0.361352	
	0.325904	
	0.322505	
	0.350204	
	0.330351	
	0.298656	
	0.250010	
	0.265512	
	0.365134	
	0.359434	
	0.358152	
	0.339650	
	0.317007	
	0.279908	
	0.243225	
	0.234465	
	0.210336	
	0.223011	
	0.318103	
	0.345195	
	0.384830	
	0.447090	
	0.425199	
	0.446323	
	0.371482	
	0.397366	
	0.423625	
	0.431956	
	0.383311	
	0.451007	
	0.347290	
	0.322126	
	0.293652	
	0.328806	
	0.325322	
	0.315882	
	0.299597	
	0.317802	
	0.292349	
	0.299370	
	0.285220	
	0.369102	
	0.387493	
	0.380094	
	0.398765	
	0.444421	
	0.388689	
	0.404122	
	0.493166	
	0.413357	
	0.434717	
	0.433102	
	0.368746	
	0.374854	
	0.436125	
	0.395439	
	0.385827	
	0.397565	
	0.372247	
	0.370276	
	0.390603	
	0.392755	
	0.315777	
	0.314640	
	0.327753	
	0.302019	
	0.304617	
	0.293168	
	0.329243	
	0.385063	
	0.386750	
	0.429301	
	0.458005	
	0.507270	
	0.433691	
	0.411751	
	0.455542	
	0.473837	
	0.507277	
	0.464424	
	0.393420	
	0.331323	
	0.237323	
	0.225869	
	0.229285	
	0.223541	
	0.224207	
	0.238578	
	0.439434	
	0.581015	
	0.502180	
	0.455080	
	0.468575	
	0.396464	
	0.425049	
	0.418849	
	0.449344	
	0.414048	
	0.360065	
	0.338675	
	0.366704	
	0.522349	
	0.641449	
	0.433957	
	0.452515	
	0.361060	
	0.269841	
	0.355330	
	0.516276	
	0.520549	
	0.489756	
	0.485844	
	0.395742	
	0.441341	
	0.432923	
	0.426687	
	0.430636	
	0.451060	
	0.539361	
	0.549691	
	0.453162	
	0.457414	
	0.617269	
	0.418020	
	0.345424	
	0.339100	
	0.328804	
	0.327088	
	0.495068	
	0.518823	
	0.464674	
	0.252369	
	0.203849	
	0.194403	
	0.153445	
	0.150874	
	0.145395	
	0.164423	
	0.124902	
	0.347350	
	0.590165	
	0.635654	
	0.601332	
	0.596837	
	0.589514	
	0.625705	
	0.640898	
	0.609169	
	0.607134	
	0.588427	
	0.569889	
	0.579133	
	0.585607	
	0.545346	
	0.533105	
	0.532447	
	0.548327	
	0.578477	
	0.551065	
	0.571260	
	0.604046	
	0.607559	
	0.555041	
	0.527029	
	0.481810	
	0.559374	
	0.486612	
	0.531400	
	0.543170	
	0.593052	
	0.537904	
	0.561866	
	0.543742	
	0.528357	
	0.548622	
	0.585258	
	0.570217	
	0.648115	
	0.648367	
	0.583331	
	0.580737	
	0.596814	
	0.514613	
	0.524638	
	0.560939	
	0.560693	
	0.523179	
	0.563902	
	0.560143	
	0.525978	
	0.527312	
	0.533452	
	0.536181	
	0.570117	
	0.547959	
	0.545925	
	0.567541	
	0.533215	
	0.541131	
	0.515365	
	0.517688	
	0.571315	
	0.568145	
	0.493357	
	0.506000	
	0.536061	
	0.503228	
	0.481606	
	0.481660	
	0.480177	
	0.560348	
	0.593271	
	0.593826	
	0.543081	
	0.480426	
	0.448755	
	0.441037	
	0.479719	
	0.489028	
	0.498201	
	0.469788	
	0.457349	
	0.375387	
	0.429049	
	0.307531	
	0.333512	
	0.298522	
	0.293928	
	0.331401	
	0.415777	
	0.785881	
	0.502653	
	0.337858	
	0.302532	
	0.272067	
	0.269744	
	0.272487	
	0.283276	
	0.316461	
	0.304901	
	0.216730	
	0.253998	
	0.329701	
	0.326816	
	0.381940	
	0.391716	
	0.366618	
	0.389256	
	0.296845	
	0.306830	
	0.392001	
	0.528821	
	0.437599	
	0.378682	
	0.332266	
	0.323001	
	0.326140	
	0.288982	
	0.298022	
	0.358320	
	0.329964	
	0.321937	
	0.362831	
	0.339900	
	0.334420	
	0.383463	
	0.365197	
	0.254009	
	0.277393	
	0.478700	
	0.491880	
	0.476049	
	0.468580	
	0.382648	
	0.363740	
	0.379567	
	0.377587	
	0.340081	
	0.348150	
	0.441977	
	0.374299	
	0.389845	
	0.417374	
	0.357697	
	0.406606	
	0.411547	
	0.358127	
	0.198938	
	0.474816	
	0.446794	
	0.432029	
	0.477710	
	0.450064	
	0.392555	
	0.390658	
	0.329823	
	0.330266	
	0.315935	
	0.335129	
	0.341230	
	0.540184	
	0.619705	
	0.574379	
	0.605233	
	0.670192	
	0.570178	
	0.587053	
	0.508249	
	0.546014	
	0.577226	
	0.598722	
	0.576363	
	0.586632	
	0.571110	
	0.585479	
	0.576579	
	0.565372	
	0.597569	
	0.584956	
	0.558035	
	0.558927	
	0.548339	
	0.567961	
	0.565005	
	0.541956	
	0.503329	
	0.496647	
	0.482255	
	0.485608	
	0.489674	
	0.527492	
	0.540448	
	0.549881	
	0.516391	
	0.492967	
	0.512030	
	0.484943	
	0.471857	
	0.453698	
	0.464417	
	0.474935	
	0.478018	
	0.457515	
	0.453025	
	0.449855	
	0.479908	
	0.476032	
	0.473838	
	0.454216	
	0.495899	
	0.507664	
	0.502562	
	0.499201	
	0.491509	
	0.517017	
	0.434316	
	0.444084	
	0.458050	
	0.473798	
	0.483594	
	0.500676	
	0.467500	
	0.494009	
	0.499910	
	0.533859	
	0.523206	
	0.517239	
	0.520833	
	0.542706	
	0.497078	
	0.472212	
	0.487830	
	0.488821	
	0.536617	
	0.538825	
	0.486340	
	0.458583	
	0.442046	
	0.443511	
	0.502619	
	0.482772	
	0.480926	
	0.464386	
	0.471664	
	0.435921	
	0.525550	
	0.464608	
	0.503467	
	0.510699	
	0.539394	
	0.530362	
	0.559932	
	0.657445	
	0.488426	
	0.421436	
	0.435163	
	0.389998	
	0.396742	
	0.439493	
	0.444163	
	0.483959	
	0.511206	
	0.527369	
	0.456963	
	0.495733	
	0.476128	
	0.508838	
	0.478155	
	0.470860	
	0.466014	
	0.524905	
	0.536690	
	0.575422	
	0.593023	
	0.604036	
	0.577685	
	0.597308	
	0.588468	
	0.605031	
	0.590651	
	0.601608	
	0.620268	
	0.658564	
	0.651396	
	0.638499	
	0.608935	
	0.564318	
	0.589762	
	0.570397	
	0.607278	
	0.602682	
	0.629879	
	0.657796	
	0.682050	
	0.655020	
	0.525389	
	0.488408	
	0.537801	
	0.492101	
	0.477928	
	0.493418	
	0.475886	
	0.438080	
	0.450417	
	0.441643	
	0.484858	
	0.488831	
	0.563104	
	0.596286	
	0.645569	
	0.598126	
	0.586701	
	0.563553	
	0.586206	
	0.640354	
	0.549226	
	0.441507	
	0.403819	
	0.409779	
	0.453202	
	0.493211	
	0.450278	
	0.407325	
	0.447644	
	0.483699	
	0.394705	
	0.353909	
	0.419314	
	0.486161	
	0.475926	
	0.459329	
	0.466263	
	0.489943	
	0.387162	
	0.419721	
	0.542512	
	0.536216	
	0.530172	
	0.534441	
	0.524104	
	0.541683	
	0.500104	
	0.491771	
	0.461024	
	0.508123	
	0.542608	
	0.548887	
	0.521879	
	0.436008	
	0.453827	
	0.463027	
	0.486000	
	0.433507	
	0.382610	
	0.457903	
	0.523134	
	0.454247	
	0.343760	
	0.419100	
	0.412992	
	0.444712	
	0.468537	
	0.438490	
	0.425056	
	0.424052	
	0.434066	
	0.496573	
	0.500212	
	0.668332	
	0.515528	
	0.446881	
	0.476133	
	0.458167	
	0.465668	
	0.481130	
	0.515973	
	0.345742	
	0.394900	
	0.366019	
	0.358260	
	0.356592	
	0.421044	
	0.402340	
	0.466090	
	0.441508	
	0.492248	
	0.412445	
	0.445928	
	0.488207	
	0.586149	
	0.621190	
	0.607888	
	0.642771	
	0.658329	
	0.631458	
	0.614880	
	0.592910	
	0.549179	
	0.583613	
	0.577953	
	0.567522	
	0.546163	
	0.567253	
	0.579086	
	0.544902	
	0.604143	
	0.576144	
	0.534828	
	0.589212	
	0.552670	
	0.538712	
	0.545481	
	0.555831	
	0.513654	
	0.542812	
	0.524655	
	0.545761	
	0.437329	
	0.510117	
	0.505560	
	0.509513	
	0.518327	
	0.508666	
	0.513582	
	0.475060	
	0.441213	
	0.402083	
	0.334923	
	0.374361	
	0.389479	
	0.352703	
	0.378216	
	0.382219	
	0.391783	
	0.389439	
	0.367108	
	0.374845	
	0.511143	
	0.571492	
	0.466729	
	0.400313	
	0.380914	
	0.354770	
	0.281864	
	0.323053	
	0.367164	
	0.389641	
	0.369247	
	0.394860	
	0.335309	
	0.407716	
	0.423931	
	0.432921	
	0.448200	
	0.420631	
	0.403437	
	0.359916	
	0.463263	
	0.579868	
	0.413187	
	0.388532	
	0.386323	
	0.379106	
	0.377402	
	0.348044	
	0.370564	
	0.361241	
	0.364594	
	0.327428	
	0.336948	
	0.446260	
	0.566131	
	0.496975	
	0.417772	
	0.412110	
	0.372751	
	0.437529	
	0.443280	
	0.580570	
	0.603929	
	0.511484	
	0.484497	
	0.430531	
	0.409811	
	0.397781	
	0.395181	
	0.388580	
	0.376181	
	0.287945	
	0.321792	
	0.395787	
	0.460572	
	0.471264	
	0.335693	
	0.251405	
	0.255527	
	0.219249	
	0.357900	
	0.507842	
	0.569484	
	0.566041	
	0.549159	
	0.525303	
	0.530049	
	0.489565	
	0.489487	
	0.437339	
	0.455772	
	0.458201	
	0.411254	
	0.517539	
	0.467833	
	0.515509	
	0.544702	
	0.626135	
	0.584226	
	0.566522	
	0.589378	
	0.684481	
	0.565951	
	0.321003	
	0.259974	
	0.282405	
	0.241687	
	0.226287	
	0.230408	
	0.213305	
	0.228672	
	0.215571	
	0.208632	
	0.400152	
	0.519064	
	0.489329	
	0.449247	
	0.437197	
	0.440934	
	0.441944	
	0.487231	
	0.533980	
	0.549126	
	0.413860	
	0.397933	
	0.427636	
	0.407744	
	0.401054	
	0.405884	
	0.420339	
	0.397137	
	0.400023	
	0.382136	
	0.362275	
	0.410136	
	0.398116	
	0.334604	
	0.362505	
	0.487895	
	0.517853	
	0.490434	
	0.477764	
	0.477622	
	0.491538	
	0.422547	
	0.370031	
	0.369455	
	0.413070	
	0.430331	
	0.437888	
	0.424633	
	0.390567	
	0.459539	
	0.471725	
	0.489885	
	0.517295	
	0.436661	
	0.424855	
	0.375806	
	0.373420	
	0.562315	
	0.563634	
	0.615000	
	0.529136	
	0.508979	
	0.543062	
	0.532299	
	0.484109	
	0.343775	
	0.376010	
	0.371554	
	0.354835	
	0.328824	
	0.298195	
	0.469005	
	0.497475	
	0.494980	
	0.494048	
	0.468930	
	0.479250	
	0.559847	
	0.482388	
	0.578685	
	0.542191	
	0.490121	
	0.480452	
	0.494988	
	0.471311	
	0.459452	
	0.454241	
	0.440712	
	0.362772	
	0.302554	
	0.535522	
	0.621671	
	0.620995	
	0.599861	
	0.545625	
	0.592199	
	0.619899	
	0.636828	
	0.612420	
	0.596646	
	0.414100	
	0.306393	
	0.309920	
	0.263375	
	0.272350	
	0.324374	
	0.265897	
	0.277002	
	0.303953	
	0.360324	
	0.375292	
	0.428266	
	0.503981	
	0.473830	
	0.446415	
	0.477707	
	0.488075	
	0.515286	
	0.554957	
	0.620634	
	0.455463	
	0.453159	
	0.393632	
	0.294304	
	0.329466	
	0.352446	
	0.368395	
	0.352227	
	0.435609	
	0.416096	
	0.326570	
	0.409619	
	0.492739	
	0.463781	
	0.471607	
	0.533534	
	0.545058	
	0.621393	
	0.680631	
	0.589502	
	0.558894	
	0.587444	
	0.514308	
	0.531647	
	0.563660	
	0.540379	
	0.542382	
	0.516070	
	0.554532	
	0.543442	
	0.477025	
	0.494758	
	0.473533	
	0.445959	
	0.436310	
	0.435540	
	0.439293	
	0.388143	
	0.437524	
	0.478939	
	0.455279	
	0.447011	
	0.442101	
	0.437699	
	0.441368	
	0.465054	
	0.453221	
	0.407936	
	0.418616	
	0.403288	
	0.348501	
	0.433147	
	0.529239	
	0.604803	
	0.600126	
	0.606767	
	0.516294	
	0.478688	
	0.504593	
	0.529445	
	0.510813	
	0.354329	
	0.314716	
	0.243973	
	0.209403	
	0.207814	
	0.203674	
	0.240499	
	0.308417	
	0.227431	
	0.228433	
	0.176576	
	0.185730	
	0.197029	
	0.712946	
	0.651524	
	0.419547	
	0.403866	
	0.407483	
	0.412877	
	0.356385	
	0.644506	
	0.634816	
	0.436306	
	0.365666	
	0.334409	
	0.341612	
	0.296139	
	0.343010	
	0.343913	
	0.332507	
	0.324174	
	0.321821	
	0.494475	
	0.504711	
	0.458839	
	0.492250	
	0.597736	
	0.692529	
	0.744738	
	0.765091	
	0.769285	
	0.711009	
	0.619008	
	0.577080	
	0.548147	
	0.562838	
	0.568025	
	0.528272	
	0.592536	
	0.570856	
	0.560799	
	0.565848	
	0.540700	
	0.500355	
	0.543592	
	0.509150	
	0.498582	
	0.496811	
	0.440735	
	0.478086	
	0.487491	
	0.569814	
	0.613220	
	0.502173	
	0.430309	
	0.425331	
	0.442930	
	0.350547	
	0.390710	
	0.445658	
	0.370057	
	0.383044	
	0.389572	
	0.496137	
	0.482698	
	0.516853	
	0.502417	
	0.527306	
	0.463591	
	0.633934	
	0.421692	
	0.472302	
	0.522958	
	0.475763	
	0.434560	
	0.478891	
	0.492178	
	0.513829	
	0.499276	
	0.441804	
	0.480165	
	0.481168	
	0.452692	
	0.396989	
	0.473434	
	0.561781	
	0.545090	
	0.539772	
	0.506683	
	0.554956	
	0.466850	
	0.566166	
	0.496725	
	0.690549	
	0.643279	
	0.435229	
	0.352579	
	0.346014	
	0.342223	
	0.338648	
	0.344284	
	0.309230	
	0.319411	
	0.309759	
	0.487052	
	0.498914	
	0.460099	
	0.505398	
	0.504599	
	0.508603	
	0.487627	
	0.510661	
	0.572001	
	0.617962	
	0.607246	
	0.615728	
	0.678942	
	0.731801	
	0.741147	
	0.720529	
	0.714417	
	0.716669	
	0.751686	
	0.536313	
	0.496349	
	0.498098	
	0.511036	
	0.559640	
	0.589726	
	0.599185	
	0.578100	
	0.540882	
	0.571836	
	0.620493	
	0.583850	
	0.575590	
	0.602576	
	0.545764	
	0.537923	
	0.524779	
	0.553140	
	0.531022	
	0.525729	
	0.536945	
	0.555237	
	0.553860	
	0.544504	
	0.517153	
	0.529548	
	0.506720	
	0.479003	
	0.508082	
	0.590240	
	0.521345	
	0.501831	
	0.518073	
	0.515401	
	0.515399	
	0.560688	
	0.570307	
	0.496572	
	0.528338	
	0.531515	
	0.508784	
	0.503966	
	0.518069	
	0.566707	
	0.491880	
	0.491252	
	0.496152	
	0.520745	
	0.510118	
	0.452824	
	0.466434	
	0.450632	
	0.442720	
	0.414553	
	0.436945	
	0.406887	
	0.439710	
	0.493488	
	0.456985	
	0.485800	
	0.631559	
	0.750558	
	0.428850	
	0.353188	
	0.270035	
	0.240182	
	0.251728	
	0.223248	
	0.622316	
	0.591543	
	0.547304	
	0.579998	
	0.500295	
	0.418922	
	0.361693	
	0.413621	
	0.349823	
	0.249798	
	0.176245	
	0.159035	
	0.105021	
	0.160759	
	0.118086	
	0.158393	
	0.157793	
	0.191593	
	0.291749	
	0.289668	
	0.193772	
	0.218228	
	0.420421	
	0.521399	
	0.555249	
	0.568360	
	0.617396	
	0.556154	
	0.583239	
	0.534827	
	0.505129	
	0.536224	
	0.518734	
	0.508451	
	0.503133	
	0.532218	
	0.457594	
	0.456760	
	0.434137	
	0.467594	
	0.446571	
	0.437789	
	0.434372	
	0.440140	
	0.437474	
	0.419771	
	0.454787	
	0.461156	
	0.430371	
	0.408851	
	0.414983	
	0.461490	
	0.486745	
	0.447742	
	0.471164	
	0.511403	
	0.519983	
	0.500465	
	0.488980	
	0.515496	
	0.558718	
	0.580645	
	0.602768	
	0.545679	
	0.548541	
	0.530367	
	0.509549	
	0.551383	
	0.555143	
	0.535448	
	0.547391	
	0.626178	
	0.547168	
	0.480655	
	0.520788	
	0.563685	
	0.510956	
	0.507559	
	0.503812	
	0.449855	
	0.496269	
	0.567932	
	0.529622	
	0.607232	
	0.622440	
	0.574636	
	0.587011	
	0.695464	
	0.647216	
	0.560728	
	0.508479	
	0.522319	
	0.512542	
	0.498553	
	0.475978	
	0.494937	
	0.497721	
	0.518272	
	0.491603	
	0.465691	
	0.486683	
	0.480325	
	0.436538	
	0.428498	
	0.404555	
	0.399191	
	0.386780	
	0.365690	
	0.344343	
	0.334318	
	0.335672	
	0.319506	
	0.313753	
	0.313921	
	0.294511	
	0.304554	
	0.286750	
	0.267722	
	0.254922	
	0.239098	
	0.237063	
	0.234570	
	0.229402	
	0.227842	
	0.229279	
	0.222502	
	0.240650	
	0.268079	
	0.239611	
	0.247364	
	0.232637	
	0.226420	
	0.240001	
	0.221936	
	0.231911	
	0.238009	
	0.248171	
	0.226265	
	0.211926	
	0.229661	
	0.223042	
	0.221074	
	0.250220	
	0.253528	
	0.259226	
	0.237067	
	0.238784	
	0.236919	
	0.273029	
	0.276234	
	0.264176	
	0.260444	
	0.287979	
	0.302512	
	0.262767	
	0.241725	
	0.245389	
	0.249689	
	0.295900	
	0.294244	
	0.284376	
	0.290323	
	0.293751	
	0.270942	
	0.306438	
	0.290790	
	0.293123	
	0.297284	
	0.292125	
	0.435536	
	0.545320	
	0.470994	
	0.439344	
	0.459907	
	0.405731	
	0.307450	
	0.300412	
	0.360831	
	0.491411	
	0.521250	
	0.474567	
	0.332355	
	0.329606	
	0.445364	
	0.447943	
	0.417981	
	0.418910	
	0.330087	
	0.329388	
	0.339158	
	0.403589	
	0.430457	
	0.434337	
	0.390410	
	0.369322	
	0.350042	
	0.309921	
	0.322063	
	0.414183	
	0.461116	
	0.432947	
	0.368373	
	0.331254	
	0.345796	
	0.385530	
	0.335540	
	0.393850	
	0.368295	
	0.357414	
	0.398428	
	0.385752	
	0.395016	
	0.391654	
	0.384282	
	0.346222	
	0.397857	
	0.411976	
	0.353819	
	0.373467	
	0.382592	
	0.366197	
	0.347047	
	0.342342	
	0.399482	
	0.405342	
	0.432610	
	0.424503	
	0.385055	
	0.403317	
	0.410900	
	0.323518	
	0.322996	
	0.363577	
	0.430200	
	0.460662	
	0.426437	
	0.364486	
	0.341257	
	0.354600	
	0.374913	
	0.353363	
	0.331036	
	0.329326	
	0.319056	
	0.327597	
	0.327564	
	0.320120	
	0.300556	
	0.303031	
	0.328297	
	0.316752	
	0.328934	
	0.349009	
	0.319619	
	0.279318	
	0.302458	
	0.312409	
	0.323826	
	0.303587	
	0.284749	
	0.321370	
	0.403629	
	0.362020	
	0.287490	
	0.256060	
	0.348025	
	0.354989	
	0.322539	
	0.337819	
	0.287241	
	0.328792	
	0.295324	
	0.313232	
	0.362005	
	0.373089	
	0.374790	
	0.345985	
	0.333707	
	0.310015	
	0.311809	
	0.303921	
	0.280256	
	0.299289	
	0.317644	
	0.288873	
	0.287034	
	0.277822	
	0.278279	
	0.295815	
	0.319108	
	0.307703	
	0.308369	
	0.319244	
	0.325773	
	0.304915	
	0.286648	
	0.281334	
	0.283138	
	0.284218	
	0.287666	
	0.285905	
	0.293937	
	0.307070	
	0.269228	
	0.270644	
	0.267095	
	0.266037	
	0.256630	
	0.261090	
	0.237901	
	0.262738	
	0.267908	
	0.255774	
	0.265080	
	0.262128	
	0.286161	
	0.302752	
	0.274464	
	0.249686	
	0.249896	
	0.243002	
	0.277457	
	0.281652	
	0.265831	
	0.264419	
	0.268122	
	0.265976	
	0.265120	
	0.272417	
	0.268707	
	0.245027	
	0.257417	
	0.261362	
	0.260861	
	0.249890	
	0.231113	
	0.232059	
	0.287521	
	0.299445	
	0.299884	
	0.333517	
	0.275795	
	0.252058	
	0.270944	
	0.267723	
	0.278575	
	0.271500	
	0.271183	
	0.249257	
	0.211471	
	0.247266	
	0.256211	
	0.283387	
	0.287019	
	0.255466	
	0.231934	
	0.248802	
	0.256908	
	0.242559	
	0.240262	
	0.253288	
	0.270634	
	0.258778	
	0.242508	
	0.218484	
	0.262507	
	0.246182	
	0.246458	
	0.230248	
	0.221656	
	0.257199	
	0.231849	
	0.215622	
	0.214847	
	0.207951	
	0.216404	
	0.209253	
	0.196320	
	0.213292	
	0.203587	
	0.207743	
	0.198627	
	0.212186	
	0.205274	
	0.224720	
	0.220282	
	0.216409	
	0.192155	
	0.192942	
	0.203681	
	0.212874	
	0.177517	
	0.176801	
	0.178403	
	0.197440	
	0.202903	
	0.187239	
	0.184776	
	0.194263	
	0.194606	
	0.189785	
	0.193392	
	0.192238	
	0.203076	
	0.199821	
	0.219131	
	0.182436	
	0.208142	
	0.190161	
	0.188066	
	0.173671	
	0.171082	
	0.187048	
	0.179697	
	0.177971	
	0.183976	
	0.190033	
	0.192751	
	0.182382	
	0.184814	
	0.177589	
	0.167651	
	0.174767	
	0.190926	
	0.195372	
	0.175330	
	0.175250	
	0.197538	
	0.189078	
	0.184675	
	0.186573	
	0.179436	
	0.171340	
	0.165770	
	0.150457	
	0.154268	
	0.166855	
	0.164584	
	0.159620	
	0.151658	
	0.140761	
	0.158771	
	0.153895	
	0.159106	
	0.174710	
	0.179992	
	0.158784	
	0.170454	
	0.175937	
	0.171968	
	0.182891	
	0.162165	
	0.146320	
	0.150836	
	0.153347	
	0.155863	
	0.149590	
	0.179909	
	0.188575	
	0.186188	
	0.174759	
	0.156540	
	0.167686	
	0.159739	
	0.154967	
	0.163377	
	0.167614	
	0.167701	
	0.178475	
	0.166546	
	0.163658	
	0.163412	
	0.168566	
	0.174185	
	0.154179	
	0.158721	
	0.164862	
	0.147214	
	0.144775	
	0.143759	
	0.132038	
	0.143308	
	0.152684	
	0.174191	
	0.151672	
	0.165912	
	0.168500	
	0.158040	
	0.177785	
	0.147361	
	0.149348	
	0.158431	
	0.158890	
	0.152062	
	0.177810	
	0.161660	
	0.160097	
	0.161953	
	0.137519	
	0.145439	
	0.172911	
	0.170744	
	0.178587	
	0.179119	
	0.182354	
	NaN	
	NaN	
	NaN	
	NaN	
	NaN	
	0.189946	
	0.196740	
	0.198821	
	NaN	
	NaN	
	NaN	
	NaN	
	NaN	
	NaN	
	NaN	
	NaN	
	NaN	
	NaN	
	NaN	
	NaN	
	NaN	
	NaN	
	NaN	
	NaN	
	NaN	
	NaN	
	NaN	
	NaN	
	NaN	
	NaN	
	NaN	
	NaN	
	NaN	
	NaN	
	NaN	
	NaN	
	NaN	
	NaN	
	NaN	
	NaN	
	NaN	
	NaN	
	NaN	
	NaN	
	NaN	
	NaN	
	NaN	
	NaN	
	NaN	
	NaN	
	NaN	
	NaN	
	NaN	
	NaN	
	NaN	
	NaN	
	NaN	
	NaN	
	NaN	
	NaN	
	NaN	
	NaN	
	NaN	
	NaN	
	NaN	
	NaN	
	NaN	
	NaN	
	NaN	
	NaN	
	NaN	
	NaN	
	NaN	
	NaN	
	NaN	
	NaN	
	NaN	
	NaN	
	NaN	
	NaN	
	NaN	
	NaN	
	NaN	
	NaN	
	NaN	
	NaN	
	NaN	
	NaN	
	NaN	
	NaN	
	NaN	
	NaN	
	NaN	
	NaN	
	NaN	
	NaN	
	NaN	
	NaN	
	NaN	
	NaN	
	NaN	
	NaN	
	NaN	
	NaN	
	NaN	
	NaN	
	NaN	
	NaN	
	NaN	
	NaN	
	NaN	
	NaN	
	NaN	
	NaN	
	NaN	
	NaN	
	NaN	
	NaN	
	NaN	
	NaN	
	NaN	
	NaN	
	NaN	
	NaN	
	NaN	
	NaN	
	NaN	
	NaN	
	NaN	
	NaN	
	NaN	
	NaN	
	NaN	
	NaN	
	NaN	
	NaN	
	NaN	
	NaN	
	NaN	
	NaN	
	NaN	
	NaN	
	NaN	
	NaN	
	NaN	
	NaN	
	NaN	
	NaN	
	NaN	
	NaN	
	NaN	
	NaN	
	NaN	
	NaN	
	NaN	
