_Brightness		
	NaN	
	NaN	
	NaN	
	NaN	
	NaN	
	NaN	
	NaN	
	NaN	
	NaN	
	NaN	
	NaN	
	NaN	
	NaN	
	NaN	
	NaN	
	NaN	
	NaN	
	NaN	
	NaN	
	NaN	
	NaN	
	NaN	
	NaN	
	0.981557	
	NaN	
	NaN	
	NaN	
	NaN	
	0.979567	
	NaN	
	NaN	
	NaN	
	0.988625	
	0.972848	
	NaN	
	NaN	
	0.985553	
	0.987045	
	NaN	
	NaN	
	0.954733	
	0.985993	
	0.973655	
	NaN	
	NaN	
	0.980202	
	0.982219	
	0.956835	
	0.961031	
	0.971542	
	0.990688	
	0.982584	
	0.943565	
	0.929584	
	0.980824	
	0.989395	
	0.963645	
	0.956782	
	0.967608	
	0.989567	
	0.978749	
	0.949494	
	0.955302	
	0.981558	
	0.983856	
	0.949071	
	0.961044	
	0.969311	
	0.989957	
	0.980288	
	0.960656	
	0.968871	
	0.982932	
	0.987616	
	0.958937	
	0.961558	
	0.963638	
	0.988068	
	0.983877	
	0.962757	
	0.958753	
	0.980028	
	0.989289	
	0.978530	
	0.972658	
	0.972285	
	0.986884	
	0.984898	
	0.962954	
	0.971388	
	0.987786	
	0.989133	
	0.974913	
	0.965155	
	0.969108	
	0.983942	
	0.978470	
	0.969343	
	0.964830	
	0.981359	
	0.987137	
	0.972871	
	0.784865	
	0.802597	
	0.751659	
	0.758154	
	0.688738	
	0.724829	
	0.874920	
	0.910635	
	0.795296	
	0.757727	
	0.774706	
	0.920748	
	0.933943	
	0.613200	
	0.485127	
	0.652099	
	0.813570	
	0.855967	
	0.907140	
	0.907304	
	0.914355	
	0.882932	
	0.824635	
	0.891109	
	0.929800	
	0.845313	
	0.806591	
	0.773304	
	0.860141	
	0.876196	
	0.902084	
	0.841937	
	0.850136	
	0.904640	
	0.935658	
	0.882147	
	0.797796	
	0.629433	
	0.767649	
	0.787279	
	0.665932	
	0.639150	
	0.683749	
	0.839704	
	0.810036	
	0.717633	
	0.738012	
	0.844942	
	0.906687	
	0.869407	
	0.882041	
	0.919989	
	0.930558	
	0.903536	
	0.827447	
	0.861266	
	0.896098	
	0.924100	
	0.832467	
	0.802543	
	0.884018	
	0.880879	
	0.756878	
	0.790883	
	0.864187	
	0.888251	
	0.951754	
	0.921880	
	0.917010	
	0.943328	
	0.943972	
	0.946817	
	0.890952	
	0.891385	
	0.925431	
	0.956650	
	0.927102	
	0.925834	
	0.918754	
	0.954003	
	0.946613	
	0.885655	
	0.908636	
	0.926318	
	0.955068	
	0.836028	
	0.671672	
	0.811325	
	0.918808	
	0.931991	
	0.875181	
	0.888115	
	0.913315	
	0.954472	
	0.925370	
	0.880015	
	0.705375	
	0.523966	
	0.523754	
	0.655036	
	0.658677	
	0.666211	
	0.731938	
	0.651485	
	0.786254	
	0.718018	
	0.716009	
	0.779173	
	0.709258	
	0.714054	
	0.510232	
	0.672971	
	0.633024	
	0.566250	
	0.731849	
	0.870362	
	0.884990	
	0.837452	
	0.669116	
	0.641677	
	0.851252	
	0.824613	
	0.750869	
	0.757492	
	0.807466	
	0.854682	
	0.770289	
	0.750790	
	0.793220	
	0.900652	
	0.887045	
	0.800338	
	0.735223	
	0.790726	
	0.858499	
	0.752300	
	0.728873	
	0.717610	
	0.834463	
	0.835021	
	0.701458	
	0.704589	
	0.820450	
	0.891664	
	0.798022	
	0.690372	
	0.702588	
	0.843335	
	0.841123	
	0.758328	
	0.774656	
	0.805800	
	0.886763	
	0.850582	
	0.898150	
	0.946238	
	0.958525	
	0.949589	
	0.896020	
	0.865394	
	0.872907	
	0.931394	
	0.913767	
	0.923824	
	0.915227	
	0.941878	
	0.942601	
	0.891901	
	0.895410	
	0.925275	
	0.957337	
	0.922874	
	0.919217	
	0.937434	
	0.959240	
	0.957018	
	0.916410	
	0.936587	
	0.938552	
	0.958004	
	0.933133	
	0.915636	
	0.924788	
	0.968354	
	0.971580	
	0.954053	
	0.946843	
	0.932771	
	0.965525	
	0.950979	
	0.942323	
	0.943766	
	0.834517	
	0.660752	
	0.430569	
	0.405699	
	0.467998	
	0.650621	
	0.584989	
	0.517299	
	0.515234	
	0.711438	
	0.791511	
	0.642912	
	0.617154	
	0.569150	
	0.736087	
	0.818945	
	0.653771	
	0.615940	
	0.765512	
	0.844160	
	0.861263	
	0.724806	
	0.728675	
	0.830635	
	0.820381	
	0.692325	
	0.458520	
	0.561479	
	0.694375	
	0.702583	
	0.805503	
	0.858908	
	0.879626	
	0.817574	
	0.673131	
	0.691221	
	0.629428	
	0.642785	
	0.486550	
	0.440451	
	0.429172	
	0.608492	
	0.665981	
	0.492912	
	0.582202	
	0.622471	
	0.738209	
	0.681315	
	0.547192	
	0.614981	
	0.758169	
	0.759605	
	0.611133	
	0.522892	
	0.685266	
	0.839314	
	0.755964	
	0.587537	
	0.637338	
	0.778837	
	0.867191	
	0.709966	
	0.518044	
	0.481006	
	0.656485	
	0.717758	
	0.571717	
	0.618790	
	0.655483	
	0.812731	
	0.748697	
	0.594977	
	0.612246	
	0.789774	
	0.848508	
	0.667929	
	0.626362	
	0.634492	
	0.808874	
	0.812589	
	0.658377	
	0.695488	
	0.764164	
	0.875506	
	0.795081	
	0.579504	
	0.464233	
	0.732502	
	0.810057	
	0.656552	
	0.691619	
	0.737527	
	0.889284	
	0.863577	
	0.811212	
	0.812737	
	0.759031	
	0.638033	
	0.418204	
	0.408863	
	0.407930	
	0.636814	
	0.701700	
	0.526785	
	0.542876	
	0.620551	
	0.779848	
	0.706918	
	0.563925	
	0.503999	
	0.549704	
	0.644947	
	0.482253	
	0.486178	
	0.570498	
	0.795029	
	0.798104	
	0.746537	
	0.744122	
	0.793789	
	0.752585	
	0.565930	
	0.492240	
	0.470781	
	0.696809	
	0.743222	
	0.529875	
	0.511300	
	0.591398	
	0.764875	
	0.694588	
	0.568063	
	0.546885	
	0.646528	
	0.767460	
	0.590240	
	0.504015	
	0.563865	
	0.784704	
	0.747253	
	0.604147	
	0.571765	
	0.695282	
	0.815781	
	0.641296	
	0.383737	
	0.346060	
	0.654170	
	0.657310	
	0.429225	
	0.438612	
	0.532630	
	0.785423	
	0.684543	
	0.538867	
	0.509164	
	0.698047	
	0.726651	
	0.450667	
	0.337259	
	0.361944	
	0.568286	
	0.644375	
	0.678978	
	0.708966	
	0.755173	
	0.771316	
	0.636399	
	0.570695	
	0.587607	
	0.655703	
	0.742023	
	0.646604	
	0.755870	
	0.738707	
	0.784058	
	0.768391	
	0.647842	
	0.671304	
	0.696002	
	0.735267	
	0.630858	
	0.584723	
	0.631485	
	0.698129	
	0.703394	
	0.705509	
	0.770461	
	0.759512	
	0.782564	
	0.806484	
	0.815765	
	0.816498	
	0.787979	
	0.689717	
	0.616505	
	0.650785	
	0.677913	
	0.647315	
	0.660708	
	0.668518	
	0.671706	
	0.664781	
	0.641333	
	0.652396	
	0.602073	
	0.596722	
	0.580066	
	0.593193	
	0.578446	
	0.571030	
	0.562368	
	0.574108	
	0.603319	
	0.575462	
	0.575021	
	0.614310	
	0.577015	
	0.555710	
	0.555615	
	0.564836	
	0.570980	
	0.590045	
	0.569621	
	0.539837	
	0.510993	
	0.508887	
	0.498806	
	0.497275	
	0.585908	
	0.467181	
	0.469589	
	0.550989	
	0.561532	
	0.532803	
	0.448809	
	0.468735	
	0.490912	
	0.521316	
	0.592628	
	0.657502	
	0.631730	
	0.637902	
	0.545983	
	0.581294	
	0.549900	
	0.541402	
	0.612061	
	0.574441	
	0.542690	
	0.557985	
	0.551376	
	0.596795	
	0.623648	
	0.554070	
	0.496041	
	0.464357	
	0.423600	
	0.431190	
	0.463734	
	0.490559	
	0.470052	
	0.425068	
	0.429109	
	0.433547	
	0.414180	
	0.336285	
	0.345551	
	0.363431	
	0.370176	
	0.408210	
	0.454878	
	0.405572	
	0.402484	
	0.402918	
	0.382461	
	0.381377	
	0.419556	
	0.406194	
	0.405546	
	0.424474	
	0.436564	
	0.454045	
	0.434220	
	0.466251	
	0.485424	
	0.461174	
	0.434595	
	0.452890	
	0.512587	
	0.443279	
	0.410401	
	0.436011	
	0.414283	
	0.438890	
	0.439511	
	0.487435	
	0.499485	
	0.498988	
	0.464575	
	0.461664	
	0.427720	
	0.412888	
	0.422525	
	0.400998	
	0.407417	
	0.394646	
	0.411032	
	0.398846	
	0.397058	
	0.380988	
	0.417936	
	0.435535	
	0.368607	
	0.361591	
	0.383797	
	0.362171	
	0.378936	
	0.375246	
	0.396788	
	0.422774	
	0.386881	
	0.433765	
	0.453373	
	0.452297	
	0.455134	
	0.412660	
	0.387581	
	0.453567	
	0.422729	
	0.432049	
	0.419308	
	0.428808	
	0.500547	
	0.484643	
	0.466964	
	0.451665	
	0.409486	
	0.463784	
	0.546674	
	0.566108	
	0.575677	
	0.523668	
	0.478792	
	0.516398	
	0.495547	
	0.502950	
	0.506192	
	0.548490	
	0.504283	
	0.442360	
	0.522504	
	0.549009	
	0.563309	
	0.610903	
	0.601339	
	0.576536	
	0.564235	
	0.523576	
	0.562406	
	0.630448	
	0.570152	
	0.567151	
	0.540562	
	0.534075	
	0.534755	
	0.625397	
	0.654323	
	0.588425	
	0.561182	
	0.528734	
	0.504171	
	0.554292	
	0.589226	
	0.589065	
	0.548110	
	0.465343	
	0.554096	
	0.539540	
	0.525345	
	0.501767	
	0.481471	
	0.405785	
	0.352505	
	0.378667	
	0.467131	
	0.286453	
	0.324306	
	0.390968	
	0.395669	
	0.369442	
	0.362982	
	0.383910	
	0.506247	
	0.528176	
	0.447846	
	0.367461	
	0.317163	
	0.293538	
	0.274486	
	0.313861	
	0.344813	
	0.330897	
	0.338645	
	0.328690	
	0.342047	
	0.354438	
	0.317684	
	0.412969	
	0.378405	
	0.338342	
	0.403405	
	0.405604	
	0.384827	
	0.347654	
	0.370264	
	0.364674	
	0.371848	
	0.411002	
	0.423044	
	0.374619	
	0.412192	
	0.356790	
	0.480683	
	0.422625	
	0.394146	
	0.385321	
	0.444829	
	0.530792	
	0.467575	
	0.449982	
	0.437905	
	0.418583	
	0.469648	
	0.512418	
	0.542888	
	0.521152	
	0.499503	
	0.484875	
	0.483695	
	0.450735	
	0.497814	
	0.487786	
	0.452018	
	0.478335	
	0.460117	
	0.316646	
	0.316839	
	0.322975	
	0.340582	
	0.332650	
	0.338959	
	0.342328	
	0.361802	
	0.313350	
	0.310938	
	0.336135	
	0.345906	
	0.356175	
	0.393621	
	0.363743	
	0.374107	
	0.424369	
	0.414071	
	0.465197	
	0.445999	
	0.444526	
	0.418265	
	0.417924	
	0.412243	
	0.364573	
	0.322913	
	0.393328	
	0.421412	
	0.459657	
	0.376602	
	0.392370	
	0.400428	
	0.369850	
	0.393692	
	0.453268	
	0.399508	
	0.302562	
	0.324089	
	0.273544	
	0.279114	
	0.310861	
	0.289209	
	0.271466	
	0.266789	
	0.278582	
	0.281950	
	0.290098	
	0.235965	
	0.241511	
	0.219669	
	0.253181	
	0.266736	
	0.229565	
	0.254070	
	0.245928	
	0.285512	
	0.277486	
	0.265707	
	0.344383	
	0.323844	
	0.283456	
	0.305729	
	0.287262	
	0.285029	
	0.279852	
	0.318328	
	0.368819	
	0.359853	
	0.346415	
	0.373069	
	0.407995	
	0.376082	
	0.317442	
	0.342819	
	0.331008	
	0.295222	
	0.339610	
	0.336072	
	0.336692	
	0.362020	
	0.337881	
	0.369198	
	0.384924	
	0.404975	
	0.350656	
	0.365870	
	0.375244	
	0.383325	
	0.383957	
	0.384264	
	0.404980	
	0.399101	
	0.403285	
	0.449808	
	0.413524	
	0.427744	
	0.367393	
	0.375442	
	0.394457	
	0.416699	
	0.424831	
	0.401298	
	0.348357	
	0.376750	
	0.360368	
	0.415549	
	0.452923	
	0.326292	
	0.434330	
	0.509646	
	0.548448	
	0.627161	
	0.666108	
	0.691458	
	0.679805	
	0.689786	
	0.716551	
	0.684872	
	0.606041	
	0.630152	
	0.634150	
	0.751057	
	0.618244	
	0.317754	
	0.365343	
	0.328178	
	0.298322	
	0.330855	
	0.388624	
	0.399812	
	0.427395	
	0.676023	
	0.653044	
	0.494497	
	0.471619	
	0.399986	
	0.279004	
	0.247135	
	0.258720	
	0.243163	
	0.253358	
	0.261322	
	0.266271	
	0.458574	
	0.418622	
	0.325019	
	0.230615	
	0.198639	
	0.188423	
	0.200486	
	0.204476	
	0.257478	
	0.273270	
	0.258047	
	0.317329	
	0.362697	
	0.410072	
	0.463502	
	0.500485	
	0.456921	
	0.419776	
	0.417600	
	0.424597	
	0.415368	
	0.382627	
	0.310497	
	0.416883	
	0.549677	
	0.542858	
	0.584698	
	0.491579	
	0.441042	
	0.449806	
	0.461946	
	0.434963	
	0.433707	
	0.441656	
	0.416096	
	0.357859	
	0.676585	
	0.684190	
	0.592801	
	0.565596	
	0.543442	
	0.373219	
	0.348910	
	0.336302	
	0.302211	
	0.351844	
	0.338631	
	0.405631	
	0.444911	
	0.392456	
	0.437297	
	0.472475	
	0.575404	
	0.634516	
	0.621371	
	0.590970	
	0.500941	
	0.406917	
	0.347551	
	0.370391	
	0.702651	
	0.718561	
	0.677054	
	0.603396	
	0.523490	
	0.530848	
	0.485461	
	0.421349	
	0.790099	
	0.865833	
	0.845312	
	0.869402	
	0.531853	
	0.390974	
	0.487673	
	0.500932	
	0.506452	
	0.525039	
	0.478065	
	0.419650	
	0.366702	
	0.313057	
	0.303632	
	0.355703	
	0.615989	
	0.528688	
	0.396575	
	0.311529	
	0.252038	
	0.280965	
	0.260804	
	0.240609	
	0.353460	
	0.451336	
	0.586656	
	0.619596	
	0.614040	
	0.504932	
	0.501611	
	0.456084	
	0.439102	
	0.419647	
	0.424861	
	0.407977	
	0.460011	
	0.462622	
	0.333644	
	0.317378	
	0.514388	
	0.506383	
	0.626719	
	0.602561	
	0.443848	
	0.398194	
	0.412115	
	0.637437	
	0.479767	
	0.371044	
	0.401813	
	0.380177	
	0.500405	
	0.662578	
	0.673342	
	0.633989	
	0.447065	
	0.338717	
	0.337126	
	0.319620	
	0.335086	
	0.347704	
	0.365092	
	0.338430	
	0.673861	
	0.709680	
	0.662869	
	0.588745	
	0.498452	
	0.490595	
	0.533962	
	0.568671	
	0.551033	
	0.405402	
	0.328186	
	0.361987	
	0.340553	
	0.275969	
	0.224863	
	0.289456	
	0.288078	
	0.236767	
	0.223693	
	0.205577	
	0.225141	
	0.298566	
	0.321024	
	0.316878	
	0.385062	
	0.510534	
	0.548784	
	0.452465	
	0.432354	
	0.388424	
	0.346895	
	0.393704	
	0.384793	
	0.405322	
	0.489866	
	0.420576	
	0.640932	
	0.359764	
	0.266249	
	0.226778	
	0.246724	
	0.248609	
	0.260997	
	0.250193	
	0.240285	
	0.252222	
	0.258397	
	0.392964	
	0.521995	
	0.510830	
	0.467152	
	0.418620	
	0.386856	
	0.362958	
	0.382597	
	0.383092	
	0.384420	
	0.320376	
	0.294297	
	0.321876	
	0.345822	
	0.375738	
	0.371917	
	0.361564	
	0.376996	
	0.364894	
	0.383493	
	0.405529	
	0.377759	
	0.313257	
	0.337740	
	0.431433	
	0.603713	
	0.602704	
	0.625825	
	0.619208	
	0.523635	
	0.439265	
	0.469543	
	0.434651	
	0.507728	
	0.558176	
	0.519484	
	0.466582	
	0.638165	
	0.468014	
	0.511616	
	0.551196	
	0.421019	
	0.368260	
	0.376200	
	0.352890	
	0.367388	
	0.345520	
	0.398999	
	0.405353	
	0.561545	
	0.616369	
	0.614942	
	0.707712	
	0.649888	
	0.623994	
	0.692762	
	0.649560	
	0.632311	
	0.589583	
	0.594821	
	0.591008	
	0.327230	
	0.361637	
	0.385215	
	0.339176	
	0.349057	
	0.359457	
	0.370037	
	0.358984	
	0.350800	
	0.359255	
	0.354447	
	0.341065	
	0.622686	
	0.650487	
	0.562859	
	0.482799	
	0.425835	
	0.437983	
	0.492808	
	0.413851	
	0.311739	
	0.404427	
	0.410404	
	0.341217	
	0.338247	
	0.323217	
	0.293588	
	0.300132	
	0.283941	
	0.268892	
	0.289566	
	0.383997	
	0.509141	
	0.784827	
	0.781526	
	0.350021	
	0.531612	
	0.569498	
	0.468101	
	0.453986	
	0.417057	
	0.286443	
	0.188293	
	0.184742	
	0.313936	
	0.696776	
	0.759378	
	0.364318	
	0.430308	
	0.473406	
	0.430544	
	0.441892	
	0.468209	
	0.489563	
	0.463740	
	0.458685	
	0.418091	
	0.411175	
	0.397553	
	0.330672	
	0.492309	
	0.385715	
	0.483602	
	0.572714	
	0.521528	
	0.401594	
	0.344624	
	0.300991	
	0.303223	
	0.326584	
	0.294018	
	0.342642	
	0.480954	
	0.459267	
	0.572995	
	0.698693	
	0.599544	
	0.393746	
	0.334231	
	0.336547	
	0.374055	
	0.387897	
	0.413054	
	0.473407	
	0.720600	
	0.722037	
	0.692324	
	0.580912	
	0.493245	
	0.363250	
	0.318530	
	0.278984	
	0.272171	
	0.310619	
	0.348306	
	0.316406	
	0.309923	
	0.285102	
	0.244950	
	0.288232	
	0.273213	
	0.307210	
	0.267927	
	0.296006	
	0.265052	
	0.356701	
	0.386430	
	0.351646	
	0.596204	
	0.636603	
	0.689823	
	0.578586	
	0.317502	
	0.338370	
	0.284407	
	0.332855	
	0.341365	
	0.380047	
	0.438597	
	0.449860	
	0.439222	
	0.289108	
	0.260743	
	0.245096	
	0.260585	
	0.272116	
	0.273892	
	0.263559	
	0.203632	
	0.266156	
	0.392465	
	0.500839	
	0.571940	
	0.562402	
	0.474806	
	0.471895	
	0.456519	
	0.467310	
	0.479745	
	0.461399	
	0.446042	
	0.351947	
	0.295669	
	0.285598	
	0.360583	
	0.365091	
	0.427186	
	0.460762	
	0.464162	
	0.463202	
	0.459716	
	0.435354	
	0.389269	
	0.371271	
	0.345609	
	0.292212	
	0.545850	
	0.578944	
	0.602949	
	0.615268	
	0.523921	
	0.425791	
	0.345078	
	0.317810	
	0.745899	
	0.916094	
	0.935754	
	0.898559	
	0.390267	
	0.409621	
	0.447385	
	0.365329	
	0.266813	
	0.253873	
	0.244510	
	0.236306	
	0.242594	
	0.248592	
	0.240634	
	0.235362	
	0.393085	
	0.408935	
	0.349200	
	0.289360	
	0.268469	
	0.255068	
	0.263492	
	0.274461	
	0.277907	
	0.417033	
	0.377063	
	0.363737	
	0.335807	
	0.304634	
	0.278956	
	0.242177	
	0.205669	
	0.192350	
	0.213121	
	0.193761	
	0.170511	
	0.160788	
	0.175359	
	0.178487	
	0.553026	
	0.550436	
	0.448184	
	0.342010	
	0.269580	
	0.210726	
	0.212104	
	0.258764	
	0.300975	
	0.317924	
	0.326967	
	0.321928	
	0.351643	
	0.259933	
	0.211686	
	0.210617	
	0.230099	
	0.255889	
	0.318880	
	0.663990	
	0.788625	
	0.801331	
	0.825932	
	0.604910	
	0.551388	
	0.504510	
	0.400325	
	0.306411	
	0.212721	
	0.179759	
	0.169908	
	0.182354	
	0.265610	
	0.380248	
	0.414036	
	0.402009	
	0.429522	
	0.401678	
	0.404043	
	0.392387	
	0.440474	
	0.442711	
	0.399161	
	0.374593	
	0.397396	
	0.436664	
	0.439038	
	0.361647	
	0.510739	
	0.504192	
	0.692504	
	0.678525	
	0.631329	
	0.526983	
	0.424166	
	0.513353	
	0.400049	
	0.389160	
	0.535596	
	0.590599	
	0.524052	
	0.585558	
	0.646131	
	0.708857	
	0.534692	
	0.415849	
	0.434582	
	0.482694	
	0.378068	
	0.374420	
	0.382446	
	0.467631	
	0.700079	
	0.731475	
	0.691673	
	0.656173	
	0.614238	
	0.614325	
	0.642310	
	0.592208	
	0.456001	
	0.401471	
	0.313239	
	0.338035	
	0.293591	
	0.210528	
	0.230176	
	0.215174	
	0.202683	
	0.212344	
	0.219217	
	0.219580	
	0.213267	
	0.219268	
	0.209190	
	0.534547	
	0.635687	
	0.538749	
	0.485911	
	0.463486	
	0.401212	
	0.287846	
	0.349816	
	0.417082	
	0.403411	
	0.400751	
	0.364652	
	0.591377	
	0.444645	
	0.383845	
	0.312106	
	0.267047	
	0.262059	
	0.268013	
	0.282674	
	0.299638	
	0.370090	
	0.374771	
	0.446571	
	0.383217	
	0.578998	
	0.476400	
	0.421540	
	0.378357	
	0.336445	
	0.362821	
	0.352151	
	0.379423	
	0.360356	
	0.252261	
	0.250061	
	0.262024	
	0.443198	
	0.448705	
	0.345970	
	0.340797	
	0.347058	
	0.387550	
	0.446724	
	0.515564	
	0.502583	
	0.384832	
	0.302934	
	0.393894	
	0.540731	
	0.588892	
	0.633611	
	0.687839	
	0.613723	
	0.568221	
	0.506341	
	0.450720	
	0.414402	
	0.378152	
	0.808238	
	0.687125	
	0.420704	
	0.553763	
	0.631703	
	0.639846	
	0.553358	
	0.505060	
	0.502715	
	0.526567	
	0.503129	
	0.491477	
	0.444931	
	0.388693	
	0.548841	
	0.472638	
	0.429655	
	0.366696	
	0.331340	
	0.299971	
	0.270844	
	0.247537	
	0.275319	
	0.269118	
	0.264880	
	0.272970	
	0.453163	
	0.561952	
	0.538912	
	0.559869	
	0.569223	
	0.638130	
	0.712896	
	0.635916	
	0.577026	
	0.473870	
	0.290744	
	0.427562	
	0.733192	
	0.651122	
	0.597753	
	0.514488	
	0.434063	
	0.377474	
	0.418353	
	0.425338	
	0.592004	
	0.807265	
	0.800545	
	0.827030	
	0.631830	
	0.432679	
	0.428363	
	0.466783	
	0.498484	
	0.473748	
	0.457407	
	0.569057	
	0.777780	
	0.876676	
	0.911620	
	0.813094	
	0.596302	
	0.523300	
	0.401752	
	0.390562	
	0.386187	
	0.409732	
	0.424810	
	0.409454	
	0.447990	
	0.500450	
	0.523809	
	0.492352	
	0.503981	
	0.492077	
	0.517683	
	0.528068	
	0.529408	
	0.522080	
	0.539177	
	0.521866	
	0.493690	
	0.520651	
	0.519533	
	0.518854	
	0.542207	
	0.561790	
	0.634792	
	0.592515	
	0.536659	
	0.504270	
	0.495669	
	0.532775	
	0.576599	
	0.494969	
	0.433475	
	0.377535	
	0.454576	
	0.616604	
	0.624222	
	0.557800	
	0.412537	
	0.382860	
	0.494403	
	0.561515	
	0.578809	
	0.461366	
	0.323324	
	0.373274	
	0.668420	
	0.589308	
	0.520854	
	0.421686	
	0.352091	
	0.368067	
	0.377532	
	0.450723	
	0.444449	
	0.430754	
	0.421618	
	0.388695	
	0.359784	
	0.280664	
	0.276005	
	0.276590	
	0.293958	
	0.281597	
	0.255559	
	0.254478	
	0.202556	
	0.220719	
	0.225650	
	0.284633	
	0.375147	
	0.348133	
	0.367302	
	0.367221	
	0.357318	
	0.329512	
	0.286518	
	0.251163	
	0.261589	
	0.290647	
	0.348340	
	0.529440	
	0.307490	
	0.238735	
	0.239140	
	0.199779	
	0.180622	
	0.214715	
	0.262593	
	0.290774	
	0.206663	
	0.192014	
	0.203124	
	0.263311	
	0.459342	
	0.442013	
	0.446411	
	0.406105	
	0.366826	
	0.367395	
	0.348380	
	0.380551	
	0.356365	
	0.286953	
	0.243361	
	0.208449	
	0.306822	
	0.350308	
	0.391636	
	0.401296	
	0.395459	
	0.381990	
	0.392905	
	0.417912	
	0.440154	
	0.379775	
	0.454037	
	0.534778	
	0.490684	
	0.553757	
	0.556770	
	0.548096	
	0.517933	
	0.311518	
	0.241285	
	0.281819	
	0.353372	
	0.243294	
	0.282838	
	0.545514	
	0.506965	
	0.488266	
	0.415401	
	0.407043	
	0.337018	
	0.355121	
	0.364181	
	0.356607	
	0.348978	
	0.346912	
	0.258885	
	0.213219	
	0.461760	
	0.461634	
	0.422690	
	0.345348	
	0.254926	
	0.217960	
	0.184848	
	0.206370	
	0.217870	
	0.292589	
	0.283863	
	0.514797	
	0.513507	
	0.414694	
	0.515331	
	0.477506	
	0.496855	
	0.482934	
	0.472949	
	0.468227	
	0.392976	
	0.320116	
	0.282597	
	0.316729	
	0.719074	
	0.685685	
	0.632459	
	0.530395	
	0.471526	
	0.492409	
	0.535499	
	0.531628	
	0.433240	
	0.351408	
	0.320423	
	0.308980	
	0.459822	
	0.353870	
	0.334222	
	0.301348	
	0.263811	
	0.278925	
	0.330479	
	0.379267	
	0.441340	
	0.825123	
	0.835772	
	0.820125	
	0.785967	
	0.498586	
	0.355242	
	0.330990	
	0.285907	
	0.336879	
	0.381401	
	0.354576	
	0.325306	
	0.347405	
	0.414796	
	0.435067	
	0.372460	
	0.386901	
	0.422135	
	0.421439	
	0.404030	
	0.401464	
	0.435849	
	0.397297	
	0.406695	
	0.412548	
	0.385584	
	0.407978	
	0.401511	
	0.409137	
	0.447585	
	0.437909	
	0.463830	
	0.415010	
	0.369035	
	0.356052	
	0.376172	
	0.373358	
	0.324453	
	0.281222	
	0.371477	
	0.482363	
	0.519115	
	0.434726	
	0.280837	
	0.207564	
	0.213337	
	0.205082	
	0.212565	
	0.212131	
	0.228462	
	0.267081	
	0.472178	
	0.554064	
	0.511168	
	0.462483	
	0.437538	
	0.446519	
	0.457375	
	0.422489	
	0.402256	
	0.363732	
	0.319121	
	0.306590	
	0.377314	
	0.294032	
	0.221743	
	0.254761	
	0.218216	
	0.290893	
	0.297470	
	0.183792	
	0.189363	
	0.169920	
	0.370085	
	0.516127	
	0.498984	
	0.431724	
	0.404742	
	0.417392	
	0.435771	
	0.475825	
	0.477804	
	0.321637	
	0.234787	
	0.205385	
	0.289599	
	0.332439	
	0.351778	
	0.278834	
	0.211657	
	0.189673	
	0.187989	
	0.168327	
	0.179089	
	0.188793	
	0.182786	
	0.156947	
	0.193790	
	0.304500	
	0.482882	
	0.429749	
	0.428129	
	0.417218	
	0.370720	
	0.351357	
	0.348646	
	0.332372	
	0.254848	
	0.189432	
	0.236126	
	0.233890	
	0.282781	
	0.261779	
	0.266202	
	0.253938	
	0.225332	
	0.218366	
	0.205616	
	0.217224	
	0.220081	
	0.218247	
	0.214854	
	0.255984	
	0.378247	
	0.478009	
	0.536319	
	0.549809	
	0.470631	
	0.303118	
	0.191178	
	0.233487	
	0.362266	
	0.421010	
	0.482626	
	0.580562	
	0.520564	
	0.402262	
	0.490775	
	0.480539	
	0.323653	
	0.261724	
	0.232057	
	0.215949	
	0.202791	
	0.208752	
	0.195004	
	0.215182	
	0.470641	
	0.459975	
	0.445305	
	0.404919	
	0.436874	
	0.305607	
	0.266109	
	0.251966	
	0.275847	
	0.434306	
	0.381531	
	0.237104	
	0.318581	
	0.491787	
	0.568635	
	0.536773	
	0.437694	
	0.343700	
	0.290957	
	0.296382	
	0.414465	
	0.478663	
	0.453148	
	0.354346	
	0.678147	
	0.547825	
	0.453992	
	0.420532	
	0.360414	
	0.282199	
	0.288467	
	0.292284	
	0.299913	
	0.509012	
	0.782823	
	0.595155	
	0.363999	
	0.332255	
	0.346545	
	0.301890	
	0.257055	
	0.203986	
	0.196450	
	0.194210	
	0.175628	
	0.172325	
	0.183394	
	0.248566	
	0.395105	
	0.306115	
	0.227051	
	0.197212	
	0.163739	
	0.190262	
	0.212190	
	0.163937	
	0.179580	
	0.168397	
	0.157283	
	0.271646	
	0.390684	
	0.354825	
	0.396054	
	0.395770	
	0.403065	
	0.377556	
	0.362167	
	0.334987	
	0.324149	
	0.252751	
	0.196890	
	0.255129	
	0.392366	
	0.369684	
	0.453448	
	0.459159	
	0.434309	
	0.452065	
	0.435751	
	0.444031	
	0.440443	
	0.445887	
	0.450260	
	0.442440	
	0.495845	
	0.548268	
	0.555715	
	0.500194	
	0.429869	
	0.403877	
	0.401776	
	0.339615	
	0.336017	
	0.330655	
	0.313019	
	0.289123	
	0.511101	
	0.535792	
	0.473618	
	0.355065	
	0.296326	
	0.301853	
	0.405791	
	0.327598	
	0.311692	
	0.323040	
	0.392173	
	0.545069	
	0.417781	
	0.321530	
	0.264086	
	0.249490	
	0.361853	
	0.484754	
	0.512607	
	0.468061	
	0.295837	
	0.243459	
	0.198386	
	0.190291	
	0.342745	
	0.488408	
	0.524055	
	0.447099	
	0.353499	
	0.227641	
	0.232458	
	0.239525	
	0.244792	
	0.295851	
	0.264465	
	0.469196	
	0.340357	
	0.262027	
	0.217167	
	0.185447	
	0.173201	
	0.188615	
	0.230944	
	0.230929	
	0.228779	
	0.185537	
	0.192224	
	0.313269	
	0.425601	
	0.422412	
	0.415492	
	0.341720	
	0.378482	
	0.371533	
	0.359763	
	0.364597	
	0.317652	
	0.260588	
	0.240160	
	0.269107	
	0.355800	
	0.367331	
	0.381524	
	0.362424	
	0.339538	
	0.370841	
	0.349223	
	0.357902	
	0.341030	
	0.312446	
	0.297989	
	0.265826	
	0.349966	
	0.336420	
	0.388715	
	0.415988	
	0.425925	
	0.376643	
	0.364788	
	0.275544	
	0.211415	
	0.205223	
	0.187382	
	0.202766	
	0.337938	
	0.436897	
	0.499892	
	0.481676	
	0.291101	
	0.277538	
	0.217391	
	0.231173	
	0.204303	
	0.256891	
	0.205002	
	0.192919	
	0.381730	
	0.427976	
	0.392002	
	0.387633	
	0.315312	
	0.269351	
	0.203905	
	0.269266	
	0.339974	
	0.184606	
	0.173366	
	0.233999	
	0.479868	
	0.463045	
	0.394802	
	0.338390	
	0.327715	
	0.342536	
	0.405782	
	0.445701	
	0.427450	
	0.360714	
	0.271267	
	0.292162	
	0.702895	
	0.736917	
	0.665108	
	0.601713	
	0.465794	
	0.398785	
	0.376695	
	0.348745	
	0.327556	
	0.343468	
	0.722915	
	0.687738	
	0.396339	
	0.354023	
	0.280154	
	0.240293	
	0.233316	
	0.263347	
	0.246404	
	0.259766	
	0.190624	
	0.142965	
	0.154537	
	0.309196	
	0.463550	
	0.470106	
	0.491892	
	0.464888	
	0.408950	
	0.402777	
	0.380496	
	0.358829	
	0.358027	
	0.315188	
	0.325702	
	0.421913	
	0.390640	
	0.408259	
	0.391379	
	0.345977	
	0.345967	
	0.340203	
	0.358058	
	0.348799	
	0.349114	
	0.329737	
	0.334366	
	0.340137	
	0.396884	
	0.432988	
	0.440668	
	0.489908	
	0.468019	
	0.367608	
	0.412513	
	0.268326	
	0.381265	
	0.290840	
	0.248001	
	0.237023	
	0.308895	
	0.460420	
	0.522089	
	0.492566	
	0.344783	
	0.297230	
	0.247913	
	0.240946	
	0.241398	
	0.260346	
	0.308586	
	0.359285	
	0.549190	
	0.653714	
	0.659496	
	0.617309	
	0.617969	
	0.581684	
	0.406653	
	0.236277	
	0.172876	
	0.205596	
	0.596905	
	0.399745	
	0.396519	
	0.385192	
	0.464207	
	0.480091	
	0.483075	
	0.468270	
	0.446528	
	0.454117	
	0.409987	
	0.548014	
	0.788167	
	0.791288	
	0.720863	
	0.430293	
	0.399641	
	0.363485	
	0.351328	
	0.375224	
	0.402741	
	0.395711	
	0.369977	
	0.274862	
	0.385731	
	0.542448	
	0.379801	
	0.417924	
	0.424961	
	0.450093	
	0.387838	
	0.314269	
	0.385744	
	0.637893	
	0.760315	
	0.746711	
	0.708384	
	0.602671	
	0.478721	
	0.451618	
	0.422043	
	0.381416	
	0.359129	
	0.315143	
	0.280099	
	0.298311	
	0.477960	
	0.653253	
	0.710796	
	0.681209	
	0.573277	
	0.418330	
	0.203096	
	0.177453	
	0.193957	
	0.183679	
	0.177660	
	0.170937	
	0.165837	
	0.168780	
	0.172705	
	0.210591	
	0.315421	
	0.359235	
	0.430055	
	0.446865	
	0.450021	
	0.442457	
	0.419874	
	0.297540	
	0.198100	
	0.176447	
	0.188302	
	0.228869	
	0.367803	
	0.598066	
	0.694115	
	0.683726	
	0.583694	
	0.544920	
	0.560364	
	0.548954	
	0.501022	
	0.449294	
	0.416997	
	0.381720	
	0.503323	
	0.485024	
	0.462811	
	0.440000	
	0.359549	
	0.438384	
	0.412844	
	0.327928	
	0.299480	
	0.288239	
	0.401006	
	0.460053	
	0.435782	
	0.246091	
	0.297400	
	0.305761	
	0.361101	
	0.427076	
	0.519740	
	0.514508	
	0.494952	
	0.406572	
	0.274869	
	0.580524	
	0.818123	
	0.645701	
	0.543766	
	0.498044	
	0.460441	
	0.429145	
	0.414717	
	0.397426	
	0.277568	
	0.279010	
	0.283722	
	0.387552	
	0.494478	
	0.481259	
	0.481482	
	0.473483	
	0.451316	
	0.472936	
	0.481645	
	0.436895	
	0.259568	
	0.253893	
	0.572792	
	0.385511	
	0.537502	
	0.427967	
	0.344330	
	0.300018	
	0.317942	
	0.306704	
	0.311504	
	0.347809	
	0.340994	
	0.314377	
	0.326988	
	0.295577	
	0.368561	
	0.376015	
	0.393258	
	0.400387	
	0.398630	
	0.387142	
	0.376327	
	0.382048	
	0.368627	
	0.340442	
	0.335463	
	0.318427	
	0.328897	
	0.296864	
	0.340180	
	0.343336	
	0.364885	
	0.323637	
	0.288743	
	0.254210	
	0.215175	
	0.214473	
	0.223026	
	0.183205	
	0.238141	
	0.371084	
	0.421671	
	0.529930	
	0.332731	
	0.250343	
	0.209717	
	0.171617	
	0.185918	
	0.213025	
	0.185814	
	0.187206	
	0.421523	
	0.450695	
	0.454281	
	0.395414	
	0.326623	
	0.270791	
	0.228073	
	0.357055	
	0.279781	
	0.187919	
	0.172399	
	0.198301	
	0.397054	
	0.231242	
	0.186817	
	0.183213	
	0.187732	
	0.302945	
	0.454904	
	0.485649	
	0.456721	
	0.244795	
	0.185526	
	0.180976	
	0.455489	
	0.441943	
	0.595882	
	0.600040	
	0.538339	
	0.495304	
	0.512672	
	0.542379	
	0.520888	
	0.496418	
	0.470280	
	0.468825	
	0.429019	
	0.405063	
	0.383068	
	0.401607	
	0.390998	
	0.537633	
	0.266362	
	0.331989	
	0.329553	
	0.276228	
	0.256371	
	0.258479	
	0.456455	
	0.538474	
	0.499990	
	0.530762	
	0.505184	
	0.356163	
	0.297307	
	0.307071	
	0.290940	
	0.288527	
	0.305047	
	0.300415	
	0.423111	
	0.366211	
	0.290768	
	0.218174	
	0.201209	
	0.178176	
	0.233850	
	0.276887	
	0.227116	
	0.191568	
	0.195264	
	0.221325	
	0.566140	
	0.522142	
	0.504065	
	0.455581	
	0.421375	
	0.414045	
	0.415525	
	0.400684	
	0.400118	
	0.340914	
	0.244838	
	0.214046	
	0.251200	
	0.381719	
	0.424853	
	0.404125	
	0.354400	
	0.340036	
	0.330541	
	0.312316	
	0.266786	
	0.196675	
	0.161158	
	0.189874	
	0.403521	
	0.517151	
	0.498311	
	0.480418	
	0.422315	
	0.354927	
	0.196167	
	0.146339	
	0.155572	
	0.144075	
	0.251035	
	0.451889	
	0.422085	
	0.442031	
	0.449236	
	0.580337	
	0.597182	
	0.564962	
	0.529498	
	0.475899	
	0.397441	
	0.277084	
	0.198845	
	0.342356	
	0.568149	
	0.582559	
	0.566467	
	0.509094	
	0.406396	
	0.335534	
	0.306047	
	0.573388	
	0.761355	
	0.753219	
	0.752645	
	0.575531	
	0.274613	
	0.337066	
	0.340801	
	0.341897	
	0.329594	
	0.327733	
	0.316827	
	0.304994	
	0.292407	
	0.213330	
	0.215135	
	0.286528	
	0.404572	
	0.356975	
	0.278219	
	0.219045	
	0.169754	
	0.143184	
	0.152017	
	0.160031	
	0.261168	
	0.400554	
	0.428474	
	0.350043	
	0.361390	
	0.345839	
	0.322152	
	0.324195	
	0.306085	
	0.271070	
	0.295934	
	0.355032	
	0.250919	
	0.170689	
	0.153868	
	0.196071	
	0.693188	
	0.603748	
	0.566032	
	0.446720	
	0.396935	
	0.299118	
	0.261898	
	0.255927	
	0.226790	
	0.230816	
	0.225888	
	0.235082	
	0.243494	
	0.520192	
	0.469414	
	0.406250	
	0.227225	
	0.223540	
	0.165981	
	0.162912	
	0.157321	
	0.134930	
	0.150853	
	0.141276	
	0.469627	
	0.507828	
	0.399813	
	0.303639	
	0.208084	
	0.180104	
	0.144244	
	0.176855	
	0.167386	
	0.162958	
	0.199020	
	0.177611	
	0.300966	
	0.400302	
	0.253161	
	0.205853	
	0.172157	
	0.147386	
	0.160164	
	0.154044	
	0.166228	
	0.144879	
	0.118658	
	0.167471	
	0.467154	
	0.558105	
	0.582264	
	0.549288	
	0.430207	
	0.379478	
	0.279831	
	0.245189	
	0.220292	
	0.242679	
	0.238926	
	0.208194	
	0.317992	
	0.284427	
	0.208461	
	0.174884	
	0.145010	
	0.137196	
	0.130024	
	0.128503	
	0.154613	
	0.137548	
	0.130776	
	0.178138	
	0.403678	
	0.412285	
	0.333970	
	0.270637	
	0.256111	
	0.291387	
	0.317865	
	0.307383	
	0.308699	
	0.297768	
	0.239195	
	0.150593	
	0.223489	
	0.254574	
	0.282942	
	0.277271	
	0.275494	
	0.271787	
	0.299119	
	0.389523	
	0.323064	
	0.220869	
	0.135488	
	0.152208	
	0.657851	
	0.618517	
	0.534460	
	0.479991	
	0.347817	
	0.266101	
	0.229856	
	0.234736	
	0.225358	
	0.253196	
	0.254715	
	0.285492	
	0.300411	
	0.453008	
	0.505311	
	0.436612	
	0.336725	
	0.324817	
	0.327067	
	0.319458	
	0.321424	
	0.296716	
	0.209494	
	0.201254	
	0.402215	
	0.418496	
	0.398592	
	0.357148	
	0.334170	
	0.301330	
	0.323834	
	0.314276	
	0.305963	
	0.323508	
	0.342217	
	0.351691	
	0.332460	
	0.411044	
	0.347702	
	0.311763	
	0.305589	
	0.345212	
	0.354909	
	0.334714	
	0.324577	
	0.303368	
	0.319586	
	0.305202	
	0.523597	
	0.505077	
	0.515605	
	0.454423	
	0.371252	
	0.356792	
	0.357251	
	0.379987	
	0.353270	
	0.262408	
	0.184106	
	0.287139	
	0.294855	
	0.305081	
	0.267593	
	0.252916	
	0.256224	
	0.263507	
	0.279852	
	0.252049	
	0.213017	
	0.150746	
	0.457811	
	0.562199	
	0.406792	
	0.487206	
	0.429077	
	0.390101	
	0.396642	
	0.327818	
	0.257873	
	0.131012	
	0.157815	
	0.262609	
	0.427715	
	0.324299	
	0.424849	
	0.406217	
	0.358400	
	0.399295	
	0.407266	
	0.405395	
	0.431720	
	0.439951	
	0.380374	
	0.290051	
	0.236729	
	0.307235	
	0.607711	
	0.536286	
	0.461451	
	0.410465	
	0.341570	
	0.266379	
	0.267215	
	0.247925	
	0.245529	
	0.238470	
	0.205479	
	0.215294	
	0.247779	
	0.369184	
	0.489922	
	0.314914	
	0.186518	
	0.151157	
	0.164314	
	0.136200	
	0.131243	
	0.135115	
	0.149735	
	0.181852	
	0.412029	
	0.491888	
	0.430237	
	0.342092	
	0.236390	
	0.173372	
	0.137134	
	0.111545	
	0.106014	
	0.099038	
	0.104207	
	0.228170	
	0.429668	
	0.404401	
	0.286531	
	0.259756	
	0.283313	
	0.273360	
	0.295455	
	0.294191	
	0.250915	
	0.186082	
	0.129609	
	0.203975	
	0.530425	
	0.611909	
	0.607091	
	0.582774	
	0.413177	
	0.303980	
	0.308469	
	0.312140	
	0.313516	
	0.329832	
	0.318720	
	0.346692	
	0.288056	
	0.314633	
	0.236648	
	0.202816	
	0.182904	
	0.185898	
	0.224136	
	0.262874	
	0.199866	
	0.189069	
	0.149664	
	0.216755	
	0.371136	
	0.418106	
	0.333095	
	0.323362	
	0.314742	
	0.284096	
	0.322398	
	0.331944	
	0.299416	
	0.264424	
	0.223397	
	0.215669	
	0.292397	
	0.347357	
	0.320589	
	0.335665	
	0.339114	
	0.330359	
	0.369549	
	0.361481	
	0.297559	
	0.184509	
	0.144599	
	0.281796	
	0.629404	
	0.613299	
	0.553227	
	0.446930	
	0.413396	
	0.320806	
	0.274357	
	0.274738	
	0.388952	
	0.769024	
	0.805788	
	0.540241	
	0.243376	
	0.321533	
	0.385519	
	0.395891	
	0.271355	
	0.245998	
	0.233208	
	0.233734	
	0.229230	
	0.230131	
	0.230073	
	0.211967	
	0.294584	
	0.411108	
	0.368255	
	0.324135	
	0.270544	
	0.219992	
	0.163596	
	0.155086	
	0.141608	
	0.338692	
	0.663587	
	0.393444	
	0.476976	
	0.463459	
	0.402846	
	0.338818	
	0.342319	
	0.347017	
	0.357415	
	0.350878	
	0.365952	
	0.371884	
	0.353756	
	0.342857	
	0.515066	
	0.549724	
	0.512156	
	0.455427	
	0.341209	
	0.312105	
	0.246765	
	0.248013	
	0.199386	
	0.192847	
	0.256821	
	0.397775	
	0.315768	
	0.332001	
	0.318404	
	0.325081	
	0.295243	
	0.251791	
	0.459392	
	0.691279	
	0.728492	
	0.774546	
	0.771591	
	0.502619	
	0.422304	
	0.409998	
	0.334363	
	0.247547	
	0.180004	
	0.179240	
	0.200263	
	0.242200	
	0.322846	
	0.391713	
	0.399098	
	0.337491	
	0.304096	
	0.266549	
	0.313076	
	0.315830	
	0.317482	
	0.279974	
	0.324904	
	0.344197	
	0.300638	
	0.277331	
	0.273548	
	0.257352	
	0.615165	
	0.605834	
	0.555971	
	0.448487	
	0.395170	
	0.300931	
	0.254216	
	0.255422	
	0.233167	
	0.229110	
	0.201090	
	0.204979	
	0.330346	
	0.485166	
	0.441396	
	0.328739	
	0.206104	
	0.183041	
	0.189400	
	0.165138	
	0.167078	
	0.157565	
	0.137920	
	0.144874	
	0.417731	
	0.461806	
	0.361045	
	0.309861	
	0.248070	
	0.264548	
	0.298233	
	0.255750	
	0.216177	
	0.156702	
	0.108599	
	0.094051	
	0.308741	
	0.353008	
	0.256692	
	0.222244	
	0.137857	
	0.114524	
	0.121445	
	0.109702	
	0.109334	
	0.101190	
	0.200946	
	0.419961	
	0.577342	
	0.542907	
	0.531357	
	0.473074	
	0.349086	
	0.300796	
	0.281827	
	0.271287	
	0.230854	
	0.220082	
	0.263035	
	0.360281	
	0.320717	
	0.288772	
	0.227799	
	0.188560	
	0.164868	
	0.164816	
	0.174405	
	0.164247	
	0.170319	
	0.160384	
	0.154968	
	0.299743	
	0.411046	
	0.372254	
	0.326300	
	0.309421	
	0.265759	
	0.256564	
	0.258707	
	0.264359	
	0.248549	
	0.164898	
	0.143988	
	0.180509	
	0.264427	
	0.257668	
	0.243141	
	0.217083	
	0.205431	
	0.183330	
	0.262332	
	0.311365	
	0.226368	
	0.168824	
	0.126705	
	0.162692	
	0.563965	
	0.600746	
	0.623390	
	0.535669	
	0.504647	
	0.431346	
	0.303841	
	0.276905	
	0.259950	
	0.237679	
	0.511296	
	0.453820	
	0.312802	
	0.391048	
	0.461395	
	0.446289	
	0.334031	
	0.371318	
	0.350687	
	0.371147	
	0.377386	
	0.338815	
	0.268920	
	0.150877	
	0.329765	
	0.382120	
	0.302817	
	0.256234	
	0.190278	
	0.197326	
	0.173292	
	0.159488	
	0.165092	
	0.156411	
	0.180806	
	0.380792	
	0.565961	
	0.522275	
	0.510445	
	0.539799	
	0.596539	
	0.646044	
	0.554798	
	0.566386	
	0.416885	
	0.248991	
	0.206594	
	0.405988	
	0.525073	
	0.530676	
	0.533068	
	0.439926	
	0.326830	
	0.291380	
	0.265368	
	0.276851	
	0.459478	
	0.585350	
	0.615002	
	0.611899	
	0.280645	
	0.348416	
	0.289120	
	0.277663	
	0.213813	
	0.224654	
	0.214613	
	0.266411	
	0.498032	
	0.716567	
	0.758209	
	0.788602	
	0.366968	
	0.475775	
	0.377853	
	0.369082	
	0.379355	
	0.341396	
	0.372628	
	0.364832	
	0.368473	
	0.407950	
	0.404872	
	0.375112	
	0.383712	
	0.402856	
	0.352546	
	0.344611	
	0.369929	
	0.378041	
	0.427731	
	0.445075	
	0.403417	
	0.409192	
	0.417156	
	0.441304	
	0.630628	
	0.585878	
	0.537882	
	0.504653	
	0.450730	
	0.425907	
	0.427375	
	0.430676	
	0.395078	
	0.370914	
	0.383480	
	0.365962	
	0.308838	
	0.358626	
	0.435017	
	0.519535	
	0.326549	
	0.277145	
	0.261692	
	0.218501	
	0.199496	
	0.149883	
	0.138822	
	0.142173	
	0.429718	
	0.468984	
	0.492603	
	0.436339	
	0.361958	
	0.326393	
	0.305357	
	0.268148	
	0.260405	
	0.219934	
	0.236297	
	0.190155	
	0.350706	
	0.353251	
	0.255012	
	0.155298	
	0.131883	
	0.113234	
	0.128078	
	0.133178	
	0.132759	
	0.130008	
	0.215701	
	0.398857	
	0.520376	
	0.546432	
	0.532799	
	0.483925	
	0.422252	
	0.390783	
	0.322514	
	0.299681	
	0.282434	
	0.296127	
	0.474699	
	0.281307	
	0.213931	
	0.200665	
	0.176453	
	0.186550	
	0.154112	
	0.169735	
	0.223308	
	0.220078	
	0.193078	
	0.188949	
	0.212246	
	0.341775	
	0.478074	
	0.483649	
	0.435850	
	0.398215	
	0.391698	
	0.397283	
	0.412929	
	0.415912	
	0.358243	
	0.383501	
	0.362511	
	0.357522	
	0.398207	
	0.450908	
	0.452136	
	0.434625	
	0.431875	
	0.422178	
	0.429642	
	0.437155	
	0.422052	
	0.419802	
	0.406897	
	0.359628	
	0.521672	
	0.560942	
	0.555037	
	0.528440	
	0.464229	
	0.435481	
	0.383619	
	0.300808	
	0.269325	
	0.295224	
	0.265308	
	0.388451	
	0.349446	
	0.421653	
	0.473165	
	0.380404	
	0.331742	
	0.317309	
	0.327513	
	0.333227	
	0.343311	
	0.352052	
	0.261511	
	0.207572	
	0.415841	
	0.426738	
	0.333621	
	0.286883	
	0.242494	
	0.222366	
	0.229532	
	0.199918	
	0.216425	
	0.189225	
	0.170120	
	0.195125	
	0.511408	
	0.407848	
	0.415318	
	0.335803	
	0.352430	
	0.396619	
	0.385644	
	0.397038	
	0.404559	
	0.360911	
	0.324213	
	0.246353	
	0.506910	
	0.520657	
	0.551963	
	0.533136	
	0.447595	
	0.480156	
	0.471951	
	0.420836	
	0.324233	
	0.243349	
	0.245385	
	0.275969	
	0.285751	
	0.292586	
	0.229937	
	0.210263	
	0.268746	
	0.313236	
	0.364519	
	0.342983	
	0.677506	
	0.767416	
	0.741930	
	0.737916	
	0.597517	
	0.405855	
	0.337998	
	0.327579	
	0.285034	
	0.299906	
	0.323897	
	0.334977	
	0.308828	
	0.351498	
	0.433784	
	0.449174	
	0.445069	
	0.369836	
	0.372502	
	0.396300	
	0.419627	
	0.409125	
	0.424552	
	0.465546	
	0.446446	
	0.436408	
	0.435488	
	0.421759	
	0.505137	
	0.569297	
	0.566228	
	0.548372	
	0.485926	
	0.468442	
	0.412565	
	0.399236	
	0.347901	
	0.341775	
	0.348844	
	0.321456	
	0.297775	
	0.399726	
	0.418826	
	0.440019	
	0.230298	
	0.215830	
	0.192907	
	0.174717	
	0.187501	
	0.198496	
	0.204988	
	0.198258	
	0.402740	
	0.482147	
	0.393271	
	0.293888	
	0.229998	
	0.214655	
	0.190813	
	0.211937	
	0.259584	
	0.284521	
	0.330313	
	0.357026	
	0.365582	
	0.372179	
	0.254964	
	0.192442	
	0.176574	
	0.144488	
	0.132419	
	0.159359	
	0.133260	
	0.143159	
	0.152998	
	0.187541	
	0.542838	
	0.571628	
	0.534281	
	0.521359	
	0.424404	
	0.388355	
	0.366241	
	0.310384	
	0.274278	
	0.254128	
	0.267137	
	0.420449	
	0.331492	
	0.244290	
	0.212192	
	0.179616	
	0.164951	
	0.177274	
	0.184586	
	0.214110	
	0.190417	
	0.176758	
	0.144972	
	0.291859	
	0.404699	
	0.459770	
	0.386750	
	0.349722	
	0.297299	
	0.319564	
	0.315286	
	0.296857	
	0.234749	
	0.165330	
	0.160067	
	0.190019	
	0.287350	
	0.295390	
	0.285519	
	0.264249	
	0.243757	
	0.259712	
	0.358177	
	0.412483	
	0.303877	
	0.219420	
	0.149655	
	0.285801	
	0.571733	
	0.555673	
	0.572046	
	0.529562	
	0.442165	
	0.374757	
	0.274384	
	0.242446	
	0.235872	
	0.285952	
	0.415910	
	0.376518	
	0.289628	
	0.395689	
	0.444788	
	0.359304	
	0.277806	
	0.268269	
	0.237542	
	0.201744	
	0.195165	
	0.187286	
	0.197985	
	0.160358	
	0.317480	
	0.424997	
	0.365853	
	0.277834	
	0.209862	
	0.175754	
	0.158943	
	0.158020	
	0.156837	
	0.157197	
	0.150385	
	0.248876	
	0.454365	
	0.489105	
	0.417694	
	0.384383	
	0.365961	
	0.368494	
	0.325902	
	0.234269	
	0.203606	
	0.206881	
	0.197351	
	0.203555	
	0.460424	
	0.485912	
	0.491681	
	0.439702	
	0.352504	
	0.286796	
	0.238545	
	0.244434	
	0.254734	
	0.431373	
	0.697672	
	0.445256	
	0.241540	
	0.282625	
	0.295433	
	0.249068	
	0.225910	
	0.194677	
	0.170817	
	0.158945	
	0.142407	
	0.150294	
	0.133549	
	0.143493	
	0.423379	
	0.400367	
	0.323824	
	0.257483	
	0.193892	
	0.151115	
	0.167701	
	0.170548	
	0.156562	
	0.184007	
	0.171816	
	0.215580	
	0.319995	
	0.348138	
	0.385604	
	0.395349	
	0.413478	
	0.416806	
	0.423835	
	0.426865	
	0.333869	
	0.284683	
	0.246345	
	0.209635	
	0.511969	
	0.519350	
	0.505869	
	0.477291	
	0.421645	
	0.401529	
	0.381458	
	0.378926	
	0.360238	
	0.366717	
	0.399077	
	0.384548	
	0.374860	
	0.462669	
	0.485703	
	0.442095	
	0.362386	
	0.319488	
	0.290166	
	0.272269	
	0.249997	
	0.248696	
	0.223019	
	0.215056	
	0.390066	
	0.486558	
	0.400217	
	0.355257	
	0.259954	
	0.218817	
	0.222643	
	0.243417	
	0.275310	
	0.323239	
	0.336721	
	0.367383	
	0.436031	
	0.400319	
	0.354198	
	0.252307	
	0.199410	
	0.201062	
	0.185076	
	0.165174	
	0.195316	
	0.185228	
	0.160260	
	0.154636	
	0.468996	
	0.503076	
	0.477926	
	0.438534	
	0.351468	
	0.367880	
	0.348691	
	0.307372	
	0.243881	
	0.258116	
	0.408143	
	0.198503	
	0.221634	
	0.226632	
	0.180281	
	0.159446	
	0.152252	
	0.183245	
	0.211372	
	0.191133	
	0.219624	
	0.271216	
	0.317869	
	0.377543	
	0.474806	
	0.423391	
	0.397765	
	0.364718	
	0.324689	
	0.335090	
	0.337233	
	0.333400	
	0.275683	
	0.254577	
	0.226242	
	0.237582	
	0.307415	
	0.312335	
	0.355636	
	0.346786	
	0.371296	
	0.370089	
	0.404269	
	0.436369	
	0.381413	
	0.343806	
	0.345003	
	0.322556	
	0.560876	
	0.516939	
	0.549518	
	0.536598	
	0.472334	
	0.347749	
	0.295297	
	0.253036	
	0.243695	
	0.254644	
	0.270986	
	0.209147	
	0.278786	
	0.368319	
	0.464847	
	0.414369	
	0.258108	
	0.212292	
	0.203144	
	0.199594	
	0.195304	
	0.183706	
	0.173454	
	0.187591	
	0.350164	
	0.376866	
	0.283921	
	0.256236	
	0.181852	
	0.182252	
	0.153670	
	0.139256	
	0.129105	
	0.130581	
	0.249162	
	0.278397	
	0.340491	
	0.415574	
	0.376833	
	0.403492	
	0.379605	
	0.378899	
	0.327990	
	0.305041	
	0.254743	
	0.220661	
	0.227427	
	0.295110	
	0.577062	
	0.553616	
	0.584198	
	0.532903	
	0.458051	
	0.388721	
	0.375612	
	0.334488	
	0.290498	
	0.536583	
	0.550892	
	0.440201	
	0.339678	
	0.264791	
	0.235614	
	0.236345	
	0.233933	
	0.190771	
	0.179504	
	0.184285	
	0.181030	
	0.158715	
	0.221180	
	0.313500	
	0.457313	
	0.467122	
	0.446391	
	0.401825	
	0.329026	
	0.311087	
	0.311673	
	0.363645	
	0.385507	
	0.436380	
	0.475857	
	0.468509	
	0.397236	
	0.445443	
	0.441178	
	0.443835	
	0.451263	
	0.452413	
	0.467659	
	0.480827	
	0.490494	
	0.457736	
	0.451763	
	0.507662	
	0.576114	
	0.602526	
	0.575309	
	0.553995	
	0.470497	
	0.419710	
	0.356536	
	0.315262	
	0.258252	
	0.268224	
	0.258695	
	0.231235	
	0.253630	
	0.392051	
	0.389206	
	0.342107	
	0.246003	
	0.243890	
	0.200533	
	0.186818	
	0.216036	
	0.278269	
	0.371017	
	0.419508	
	0.509396	
	0.564363	
	0.481586	
	0.386385	
	0.262317	
	0.201000	
	0.177278	
	0.183171	
	0.168418	
	0.267015	
	0.621578	
	0.408101	
	0.377014	
	0.479820	
	0.493520	
	0.480425	
	0.464976	
	0.407763	
	0.407417	
	0.387720	
	0.393107	
	0.493155	
	0.739843	
	0.778170	
	0.643397	
	0.583348	
	0.551767	
	0.537936	
	0.480617	
	0.420572	
	0.402477	
	0.358165	
	0.326362	
	0.319719	
	0.542011	
	0.442624	
	0.244082	
	0.366543	
	0.426137	
	0.403014	
	0.331014	
	0.259116	
	0.258801	
	0.519628	
	0.657743	
	0.668952	
	0.626136	
	0.415246	
	0.439254	
	0.458653	
	0.404021	
	0.345683	
	0.288706	
	0.294312	
	0.286545	
	0.279450	
	0.551837	
	0.651575	
	0.692819	
	0.699195	
	0.554292	
	0.237578	
	0.152741	
	0.153318	
	0.154205	
	0.161576	
	0.308799	
	0.368662	
	0.242418	
	0.198859	
	0.175243	
	0.174495	
	0.481725	
	0.562673	
	0.568441	
	0.548250	
	0.455694	
	0.383283	
	0.323988	
	0.257730	
	0.206970	
	0.199254	
	0.229672	
	0.436166	
	0.546873	
	0.437303	
	0.467893	
	0.471654	
	0.431385	
	0.422680	
	0.338445	
	0.352593	
	0.359642	
	0.373078	
	0.348314	
	0.304069	
	0.343847	
	0.506800	
	0.423317	
	0.325939	
	0.270359	
	0.236287	
	0.202985	
	0.172591	
	0.171545	
	0.174101	
	0.214660	
	0.312667	
	0.236884	
	0.305137	
	0.238869	
	0.235529	
	0.211625	
	0.277178	
	0.341245	
	0.364541	
	0.347706	
	0.243632	
	0.286192	
	0.652530	
	0.498844	
	0.527871	
	0.518351	
	0.485653	
	0.416426	
	0.380064	
	0.360833	
	0.284275	
	0.219007	
	0.202468	
	0.205816	
	0.358393	
	0.372943	
	0.386219	
	0.386046	
	0.369873	
	0.364661	
	0.396994	
	0.402212	
	0.332651	
	0.201647	
	0.288258	
	0.724488	
	0.343869	
	0.449134	
	0.436288	
	0.326314	
	0.355439	
	0.330801	
	0.337708	
	0.366308	
	0.336478	
	0.351714	
	0.362810	
	0.354364	
	0.345748	
	0.381793	
	0.380896	
	0.370058	
	0.366956	
	0.385273	
	0.368838	
	0.381103	
	0.413947	
	0.406040	
	0.392571	
	0.410065	
	0.414383	
	0.528203	
	0.528673	
	0.547824	
	0.528471	
	0.454064	
	0.452159	
	0.440350	
	0.414235	
	0.394242	
	0.416003	
	0.401797	
	0.377498	
	0.397859	
	0.422631	
	0.492467	
	0.440143	
	0.318117	
	0.304654	
	0.291063	
	0.284268	
	0.316980	
	0.302572	
	0.300882	
	0.321867	
	0.455688	
	0.472169	
	0.429407	
	0.375194	
	0.328185	
	0.297712	
	0.277551	
	0.259017	
	0.226040	
	0.206827	
	0.191967	
	0.186138	
	0.304962	
	0.332655	
	0.261363	
	0.239592	
	0.237284	
	0.243892	
	0.228101	
	0.220431	
	0.221555	
	0.212173	
	0.231092	
	0.347446	
	0.562106	
	0.548845	
	0.582264	
	0.533182	
	0.472881	
	0.426837	
	0.431420	
	0.401848	
	0.329013	
	0.297697	
	0.345116	
	0.414814	
	0.442927	
	0.447562	
	0.391660	
	0.315548	
	0.335166	
	0.311901	
	0.384713	
	0.328035	
	0.313301	
	0.347943	
	0.333287	
	0.385502	
	0.418792	
	0.449966	
	0.519035	
	0.702691	
	0.812965	
	0.883732	
	0.894470	
	0.867399	
	0.929634	
	0.924666	
	0.937326	
	0.958741	
	0.934728	
	0.960153	
	0.950386	
	0.941986	
	0.922708	
	0.900787	
	0.939034	
	0.946642	
	0.938775	
	0.933503	
	0.918829	
	0.938366	
	0.958658	
	0.918125	
	0.934148	
	0.928352	
	0.942143	
	0.931604	
	0.906651	
	0.901715	
	0.954443	
	0.939416	
	0.911527	
	0.912721	
	0.913395	
	0.943893	
	0.925623	
	0.912400	
	0.934911	
	0.957823	
	0.954997	
	0.939141	
	0.958746	
	0.946148	
	0.964597	
	0.960856	
	0.950500	
	0.950384	
	0.940967	
	0.947126	
	0.906444	
	0.884648	
	0.897440	
	0.945542	
	0.914696	
	0.883606	
	0.888782	
	0.928848	
	0.950157	
	0.890382	
	0.907861	
	0.894008	
	0.940064	
	0.910623	
	0.887351	
	0.863128	
	0.919617	
	0.933044	
	0.948427	
	0.895763	
	0.876370	
	0.933874	
	0.917345	
	0.960102	
	0.928469	
	0.920518	
	0.929814	
	0.920257	
	0.957971	
	0.918648	
	0.931522	
	0.922278	
	0.920458	
	0.955312	
	0.975518	
	0.973843	
	0.959338	
	0.918094	
	0.923071	
	0.945949	
	0.936434	
	0.879310	
	0.893467	
	0.818978	
	0.842850	
	0.672914	
	0.713453	
	0.743483	
	0.843594	
	0.829427	
	0.742109	
	0.741956	
	0.814340	
	0.897440	
	0.776307	
	0.793721	
	0.608281	
	0.656398	
	0.749409	
	0.652373	
	0.639213	
	0.726286	
	0.858909	
	0.861230	
	0.859008	
	0.850366	
	0.839461	
	0.909315	
	0.777333	
	0.617057	
	0.686629	
	0.769061	
	0.766014	
	0.661223	
	0.677212	
	0.761617	
	0.812243	
	0.702435	
	0.670256	
	0.680043	
	0.765493	
	0.805809	
	0.844823	
	0.795782	
	0.720962	
	0.766897	
	0.632570	
	0.594487	
	0.665364	
	0.835121	
	0.773587	
	0.794624	
	0.757361	
	0.802156	
	0.836994	
	0.741139	
	0.654730	
	0.675140	
	0.814242	
	0.835372	
	0.748986	
	0.795738	
	0.773515	
	0.870030	
	0.815793	
	0.667480	
	0.732148	
	0.823565	
	0.831494	
	0.719335	
	0.683513	
	0.713728	
	0.827297	
	0.752802	
	0.656883	
	0.647107	
	0.793111	
	0.785074	
	0.694945	
	0.719974	
	0.766691	
	0.819598	
	0.676041	
	0.586261	
	0.555533	
	0.718709	
	0.746076	
	0.543539	
	0.606351	
	0.595072	
	0.753706	
	0.660201	
	0.527759	
	0.551755	
	0.714954	
	0.734468	
	0.556775	
	0.532095	
	0.579656	
	0.680750	
	0.478318	
	0.316500	
	0.333350	
	0.517348	
	0.608801	
	0.457821	
	0.445925	
	0.508480	
	0.719652	
	0.623811	
	0.578333	
	0.679722	
	0.647833	
	0.617968	
	0.457243	
	0.646786	
	0.639454	
	0.677097	
	0.668230	
	0.527821	
	0.762150	
	0.782095	
	0.780999	
	0.796191	
	0.725318	
	0.707676	
	0.802743	
	0.825357	
	0.785738	
	0.710122	
	0.709356	
	0.731934	
	0.611806	
	0.537655	
	0.551572	
	0.652611	
	0.632572	
	0.515347	
	0.489407	
	0.563313	
	0.698652	
	0.581985	
	0.549015	
	0.545689	
	0.717357	
	0.713403	
	0.564582	
	0.574589	
	0.607980	
	0.730441	
	0.585221	
	0.547457	
	0.574101	
	0.731134	
	0.768386	
	0.667523	
	0.642315	
	0.731111	
	0.803086	
	0.775571	
	0.692900	
	0.675201	
	0.817666	
	0.780408	
	0.650645	
	0.664886	
	0.730841	
	0.833906	
	0.745560	
	0.738501	
	0.690960	
	0.834335	
	0.834686	
	0.711729	
	0.677650	
	0.739088	
	0.838193	
	0.773597	
	0.658889	
	0.659092	
	0.806073	
	0.798800	
	0.643562	
	0.642294	
	0.757069	
	0.854337	
	0.794832	
	0.787085	
	0.712033	
	0.818151	
	0.856263	
	0.716168	
	0.835234	
	0.764976	
	0.805057	
	0.737093	
	0.601466	
	0.583841	
	0.566807	
	0.591296	
	0.408774	
	0.475178	
	0.609973	
	0.774139	
	0.792220	
	0.731232	
	0.597261	
	0.652682	
	0.693958	
	0.571727	
	0.546076	
	0.501147	
	0.674391	
	0.697161	
	0.546777	
	0.540253	
	0.602484	
	0.776677	
	0.713627	
	0.689294	
	0.505850	
	0.511564	
	0.592645	
	0.476604	
	0.387459	
	0.423701	
	0.644441	
	0.565780	
	0.394662	
	0.404115	
	0.493299	
	0.641158	
	0.438724	
	0.331063	
	0.316491	
	0.493795	
	0.514396	
	0.354196	
	0.353245	
	0.414793	
	0.568136	
	0.453295	
	0.339378	
	0.351514	
	0.492361	
	0.585205	
	0.393229	
	0.516615	
	0.590930	
	0.675421	
	0.721640	
	0.718872	
	0.568836	
	0.771234	
	0.768893	
	0.689779	
	0.630993	
	0.410323	
	0.596987	
	0.649693	
	0.594163	
	0.619456	
	0.637270	
	0.751175	
	0.688227	
	0.573139	
	0.556380	
	0.691567	
	0.757563	
	0.611838	
	0.572449	
	0.582943	
	0.737058	
	0.727678	
	0.543749	
	0.514954	
	0.613270	
	0.729911	
	0.572972	
	0.496813	
	0.453328	
	0.586680	
	0.661269	
	0.466195	
	0.450727	
	0.462169	
	0.698380	
	0.673830	
	0.467597	
	0.464507	
	0.631549	
	0.709155	
	0.608195	
	0.408583	
	0.385174	
	0.559707	
	0.658190	
	0.638371	
	0.495233	
	0.558480	
	0.694516	
	0.705930	
	0.761449	
	0.818957	
	0.716249	
	0.659436	
	0.509744	
	0.475092	
	0.526548	
	0.749789	
	0.703909	
	0.596475	
	0.640483	
	0.731518	
	0.830681	
	0.674392	
	0.636400	
	0.622235	
	0.694406	
	0.784846	
	0.737491	
	0.619444	
	0.791645	
	0.770242	
	0.732867	
	0.642462	
	0.577726	
	0.625104	
	0.648724	
	0.562891	
	0.563209	
	0.504913	
	0.627730	
	0.578125	
	0.425571	
	0.415184	
	0.514831	
	0.594489	
	0.437634	
	0.401669	
	0.353666	
	0.451682	
	0.505059	
	0.325760	
	0.407567	
	0.399440	
	0.559274	
	0.533722	
	0.362751	
	0.337149	
	0.493044	
	0.565078	
	0.367149	
	0.278131	
	0.282032	
	0.415000	
	0.406690	
	0.275815	
	0.291264	
	0.329626	
	0.486594	
	0.350024	
	0.283642	
	0.297323	
	0.429172	
	0.519248	
	0.423861	
	0.452396	
	0.455572	
	0.596483	
	0.609832	
	0.558842	
	0.550838	
	0.582139	
	0.657536	
	0.629510	
	0.571662	
	0.567922	
	0.610947	
	0.661456	
	0.631585	
	0.675632	
	0.740719	
	0.735362	
	0.773610	
	0.772850	
	0.799814	
	0.802755	
	0.728796	
	0.576082	
	0.577310	
	0.606696	
	0.622670	
	0.590542	
	0.600230	
	0.573735	
	0.589478	
	0.610098	
	0.613460	
	0.626909	
	0.588097	
	0.506115	
	0.503435	
	0.527605	
	0.549890	
	0.534182	
	0.537751	
	0.537429	
	0.531611	
	0.521718	
	0.519506	
	0.559813	
	0.513962	
	0.488938	
	0.510419	
	0.521241	
	0.471082	
	0.453230	
	0.484876	
	0.497591	
	0.529843	
	0.502805	
	0.452720	
	0.483598	
	0.505945	
	0.498135	
	0.442028	
	0.506100	
	0.451118	
	0.460239	
	0.509711	
	0.480974	
	0.500473	
	0.463574	
	0.433229	
	0.418189	
	0.399563	
	0.424561	
	0.440613	
	0.429670	
	0.442752	
	0.444465	
	0.467735	
	0.515085	
	0.496846	
	0.544025	
	0.470036	
	0.517842	
	0.581779	
	0.483644	
	0.410619	
	0.379980	
	0.357596	
	0.362992	
	0.380413	
	0.391566	
	0.423527	
	0.400928	
	0.392285	
	0.404226	
	0.398004	
	0.365928	
	0.337751	
	0.366453	
	0.392797	
	0.402213	
	0.453744	
	0.424637	
	0.428750	
	0.452994	
	0.458815	
	0.518404	
	0.478103	
	0.436883	
	0.376132	
	0.399025	
	0.425017	
	0.409114	
	0.392773	
	0.455559	
	0.452191	
	0.424990	
	0.417035	
	0.462731	
	0.434348	
	0.398523	
	0.362318	
	0.356342	
	0.344035	
	0.438021	
	0.431747	
	0.441547	
	0.418654	
	0.455193	
	0.458496	
	0.456212	
	0.477575	
	0.449035	
	0.426631	
	0.436409	
	0.414417	
	0.382904	
	0.346962	
	0.367248	
	0.328969	
	0.343847	
	0.382518	
	0.395445	
	0.401371	
	0.400214	
	0.377331	
	0.391245	
	0.411376	
	0.395926	
	0.397435	
	0.368743	
	0.406533	
	0.375007	
	0.336248	
	0.398060	
	0.384162	
	0.330025	
	0.330940	
	0.309942	
	0.362702	
	0.397668	
	0.376542	
	0.374276	
	0.331527	
	0.379557	
	0.415743	
	0.389417	
	0.368145	
	0.382134	
	0.411493	
	0.431924	
	0.440253	
	0.452963	
	0.432132	
	0.390063	
	0.365265	
	0.395053	
	0.501205	
	0.452649	
	0.421631	
	0.400359	
	0.431162	
	0.417568	
	0.417222	
	0.445129	
	0.435128	
	0.416824	
	0.412158	
	0.418708	
	0.504317	
	0.469664	
	0.463434	
	0.441147	
	0.432074	
	0.409035	
	0.446036	
	0.474350	
	0.490905	
	0.471370	
	0.458593	
	0.443325	
	0.464681	
	0.427144	
	0.443541	
	0.446356	
	0.444617	
	0.430522	
	0.408949	
	0.469745	
	0.482107	
	0.452077	
	0.414013	
	0.459263	
	0.447554	
	0.479578	
	0.373317	
	0.435971	
	0.434260	
	0.414009	
	0.410840	
	0.403124	
	0.398858	
	0.406778	
	0.375274	
	0.399672	
	0.428239	
	0.390136	
	0.321334	
	0.335172	
	0.372700	
	0.376097	
	0.352431	
	0.375174	
	0.381504	
	0.344478	
	0.328279	
	0.349035	
	0.415068	
	0.383340	
	0.368911	
	0.376020	
	0.379510	
	0.363662	
	0.333649	
	0.355778	
	0.349525	
	0.348868	
	0.357618	
	0.365255	
	0.398915	
	0.443856	
	0.421837	
	0.336268	
	0.341083	
	0.361931	
	0.335597	
	0.402956	
	0.375794	
	0.352296	
	0.399820	
	0.381440	
	0.383100	
	0.383615	
	0.331389	
	0.338293	
	0.348021	
	0.364526	
	0.364504	
	0.350480	
	0.339888	
	0.357116	
	0.353363	
	0.342364	
	0.394589	
	0.336260	
	0.303336	
	0.298537	
	0.276588	
	0.338587	
	0.330169	
	0.308568	
	0.326502	
	0.337948	
	0.315364	
	0.311680	
	0.311759	
	0.349486	
	0.348302	
	0.345853	
	0.382274	
	0.378048	
	0.454912	
	0.364510	
	0.423546	
	0.419946	
	0.401680	
	0.487695	
	0.394265	
	0.368941	
	0.361456	
	0.372646	
	0.489758	
	0.443112	
	0.371859	
	0.369714	
	0.379481	
	0.355544	
	0.431878	
	0.518199	
	0.506552	
	0.438369	
	0.349796	
	0.316278	
	0.336041	
	0.359027	
	0.348301	
	0.324879	
	0.330927	
	0.313003	
	0.329121	
	0.323294	
	0.313491	
	0.287735	
	0.273869	
	0.251787	
	0.249987	
	0.255547	
	0.271295	
	0.290956	
	0.348301	
	0.314971	
	0.280633	
	0.279956	
	0.372690	
	0.395069	
	0.348084	
	0.307991	
	0.332635	
	0.338865	
	0.368520	
	0.371528	
	0.399194	
	0.348709	
	0.289097	
	0.279019	
	0.368551	
	0.351976	
	0.323717	
	0.304774	
	0.291866	
	0.276867	
	0.247277	
	0.274553	
	0.285787	
	0.266711	
	0.287248	
	0.305386	
	0.342982	
	0.327464	
	0.302649	
	0.292841	
	0.302368	
	0.265042	
	0.258799	
	0.285459	
	0.282341	
	0.317596	
	0.349861	
	0.374207	
	0.369072	
	0.404384	
	0.513226	
	0.477743	
	0.458735	
	0.544007	
	0.423156	
	0.511586	
	0.453842	
	0.405026	
	0.352974	
	0.417821	
	0.392619	
	0.456806	
	0.472378	
	0.555886	
	0.569769	
	0.546983	
	0.538087	
	0.554572	
	0.560050	
	0.520175	
	0.498561	
	0.487276	
	0.443247	
	0.401026	
	0.428941	
	0.529392	
	0.522036	
	0.359658	
	0.354050	
	0.304780	
	0.270335	
	0.272142	
	0.262541	
	0.265726	
	0.339800	
	0.455475	
	0.515343	
	0.471596	
	0.462212	
	0.415613	
	0.428675	
	0.391773	
	0.397701	
	0.420350	
	0.439015	
	0.390643	
	0.387772	
	0.395400	
	0.404102	
	0.337315	
	0.303789	
	0.289256	
	0.275798	
	0.298208	
	0.325546	
	0.295716	
	0.273702	
	0.335142	
	0.348055	
	0.543532	
	0.515673	
	0.507749	
	0.482049	
	0.475324	
	0.404183	
	0.387763	
	0.404399	
	0.380754	
	0.356382	
	0.291999	
	0.281519	
	0.274953	
	0.363117	
	0.498067	
	0.390723	
	0.322914	
	0.299207	
	0.305003	
	0.300281	
	0.314881	
	0.304049	
	0.234692	
	0.181431	
	0.372076	
	0.486632	
	0.388081	
	0.364624	
	0.295570	
	0.196533	
	0.172956	
	0.194740	
	0.161095	
	0.199064	
	0.171141	
	0.250464	
	0.411831	
	0.399173	
	0.364739	
	0.379133	
	0.440197	
	0.506418	
	0.488179	
	0.471385	
	0.391451	
	0.312776	
	0.226272	
	0.245559	
	0.507778	
	0.564600	
	0.575635	
	0.508869	
	0.427203	
	0.368054	
	0.311927	
	0.298443	
	0.623060	
	0.732334	
	0.689657	
	0.735068	
	0.297360	
	0.303593	
	0.325984	
	0.359759	
	0.370022	
	0.373126	
	0.341714	
	0.291528	
	0.249730	
	0.225388	
	0.223522	
	0.238782	
	0.365080	
	0.319233	
	0.269981	
	0.201483	
	0.164633	
	0.189645	
	0.181550	
	0.157100	
	0.220812	
	0.295181	
	0.384849	
	0.403951	
	0.379270	
	0.333113	
	0.363931	
	0.352901	
	0.331924	
	0.308044	
	0.374609	
	0.408509	
	0.466757	
	0.532579	
	0.518410	
	0.558734	
	0.714685	
	0.650216	
	0.576705	
	0.525524	
	0.433825	
	0.384181	
	0.407936	
	0.400227	
	0.382563	
	0.373760	
	0.328085	
	0.276955	
	0.242204	
	0.326394	
	0.393396	
	0.417423	
	0.230628	
	0.203621	
	0.164455	
	0.198881	
	0.160241	
	0.156803	
	0.167889	
	0.248984	
	0.497153	
	0.434297	
	0.403965	
	0.321517	
	0.273262	
	0.275635	
	0.289679	
	0.269738	
	0.257769	
	0.206539	
	0.173889	
	0.163426	
	0.290206	
	0.309820	
	0.247787	
	0.225226	
	0.178524	
	0.147053	
	0.174783	
	0.181295	
	0.182171	
	0.184960	
	0.215478	
	0.252242	
	0.511496	
	0.539571	
	0.555208	
	0.461418	
	0.401742	
	0.317413	
	0.319862	
	0.298195	
	0.249520	
	0.243535	
	0.244238	
	0.260447	
	0.328224	
	0.284015	
	0.231549	
	0.166152	
	0.174605	
	0.154989	
	0.144610	
	0.155747	
	0.144802	
	0.155957	
	0.135995	
	0.199207	
	0.390375	
	0.370511	
	0.343956	
	0.310468	
	0.295593	
	0.286050	
	0.276147	
	0.288020	
	0.327747	
	0.259442	
	0.207186	
	0.170184	
	0.292702	
	0.305240	
	0.303199	
	0.281789	
	0.286477	
	0.274012	
	0.335607	
	0.381503	
	0.318830	
	0.205673	
	0.200295	
	0.214549	
	0.634631	
	0.699893	
	0.619870	
	0.561369	
	0.480106	
	0.355939	
	0.345242	
	0.305667	
	0.302596	
	0.347531	
	0.318749	
	0.272176	
	0.266426	
	0.318010	
	0.408945	
	0.433108	
	0.339903	
	0.263747	
	0.266055	
	0.264974	
	0.272372	
	0.245691	
	0.254003	
	0.266575	
	0.409902	
	0.384660	
	0.378997	
	0.383069	
	0.348868	
	0.350096	
	0.353532	
	0.380286	
	0.371788	
	0.327647	
	0.289119	
	0.298655	
	0.307501	
	0.357188	
	0.348440	
	0.272223	
	0.283421	
	0.291907	
	0.316673	
	0.291849	
	0.298556	
	0.295287	
	0.286379	
	0.286564	
	0.494692	
	0.488921	
	0.495821	
	0.435429	
	0.374538	
	0.362302	
	0.409340	
	0.336850	
	0.248316	
	0.216681	
	0.219594	
	0.279524	
	0.248899	
	0.247357	
	0.209132	
	0.217375	
	0.198102	
	0.191337	
	0.206542	
	0.189522	
	0.165446	
	0.613148	
	0.638507	
	0.286902	
	0.361939	
	0.443341	
	0.377778	
	0.369311	
	0.325433	
	0.216148	
	0.126519	
	0.136509	
	0.197601	
	0.555806	
	0.647504	
	0.313270	
	0.371984	
	0.405388	
	0.363810	
	0.364372	
	0.378495	
	0.403536	
	0.398258	
	0.420013	
	0.375761	
	0.301837	
	0.278229	
	0.358657	
	0.629011	
	0.556819	
	0.585082	
	0.505908	
	0.470053	
	0.388591	
	0.427857	
	0.367360	
	0.367817	
	0.309993	
	0.291887	
	0.235528	
	0.231020	
	0.350808	
	0.497268	
	0.471001	
	0.255540	
	0.198000	
	0.170863	
	0.158254	
	0.263526	
	0.431081	
	0.380135	
	0.339020	
	0.436923	
	0.508323	
	0.435948	
	0.401283	
	0.381963	
	0.306976	
	0.344083	
	0.333111	
	0.293224	
	0.287372	
	0.266823	
	0.246364	
	0.297068	
	0.286075	
	0.245733	
	0.192178	
	0.151854	
	0.154348	
	0.160893	
	0.159501	
	0.175452	
	0.434470	
	0.477124	
	0.325849	
	0.524619	
	0.608347	
	0.612050	
	0.499785	
	0.405661	
	0.371355	
	0.327453	
	0.371192	
	0.300245	
	0.269340	
	0.348194	
	0.328393	
	0.264166	
	0.269231	
	0.215020	
	0.208385	
	0.216050	
	0.212209	
	0.204045	
	0.180878	
	0.152987	
	0.166189	
	0.230116	
	0.263160	
	0.352569	
	0.413808	
	0.423533	
	0.382177	
	0.349725	
	0.384229	
	0.365973	
	0.359449	
	0.337088	
	0.281340	
	0.209798	
	0.175126	
	0.262282	
	0.302166	
	0.348829	
	0.373709	
	0.361901	
	0.365005	
	0.389070	
	0.381296	
	0.329084	
	0.253568	
	0.179306	
	0.196896	
	0.598276	
	0.618137	
	0.584282	
	0.518608	
	0.452441	
	0.312745	
	0.301685	
	0.293802	
	0.522218	
	0.778880	
	0.809449	
	0.710386	
	0.278311	
	0.295414	
	0.375763	
	0.386362	
	0.218352	
	0.206462	
	0.183615	
	0.182142	
	0.184098	
	0.202719	
	0.184563	
	0.174298	
	0.257650	
	0.344008	
	0.277400	
	0.231455	
	0.185954	
	0.162449	
	0.171643	
	0.185007	
	0.153278	
	0.219516	
	0.281541	
	0.284098	
	0.310926	
	0.279216	
	0.225487	
	0.189097	
	0.158814	
	0.140205	
	0.123724	
	0.119924	
	0.123975	
	0.126234	
	0.125672	
	0.153938	
	0.498130	
	0.465955	
	0.407202	
	0.340095	
	0.256714	
	0.195460	
	0.174091	
	0.197817	
	0.212461	
	0.204193	
	0.187215	
	0.258569	
	0.247397	
	0.236496	
	0.173866	
	0.166145	
	0.160896	
	0.171544	
	0.194198	
	0.490667	
	0.656846	
	0.671641	
	0.696098	
	0.481026	
	0.373154	
	0.357556	
	0.289366	
	0.238703	
	0.162585	
	0.167317	
	0.166210	
	0.161980	
	0.191904	
	0.267572	
	0.289678	
	0.303400	
	0.347891	
	0.319351	
	0.320264	
	0.326696	
	0.323171	
	0.322645	
	0.384310	
	0.377348	
	0.330921	
	0.233286	
	0.233422	
	0.243465	
	0.558207	
	0.522944	
	0.497739	
	0.464968	
	0.416006	
	0.377082	
	0.305589	
	0.284634	
	0.308042	
	0.266250	
	0.288528	
	0.283192	
	0.278058	
	0.366489	
	0.492220	
	0.351897	
	0.203039	
	0.261655	
	0.373007	
	0.444884	
	0.487045	
	0.494039	
	0.532849	
	0.468493	
	0.457990	
	0.457616	
	0.375461	
	0.317906	
	0.284850	
	0.290229	
	0.291635	
	0.267906	
	0.187052	
	0.159509	
	0.172638	
	0.167640	
	0.261041	
	0.281727	
	0.211046	
	0.176595	
	0.135524	
	0.145860	
	0.162817	
	0.187254	
	0.187167	
	0.205760	
	0.203621	
	0.437906	
	0.573976	
	0.529250	
	0.537761	
	0.468132	
	0.403727	
	0.354939	
	0.325594	
	0.307500	
	0.279469	
	0.288061	
	0.265423	
	0.361101	
	0.324854	
	0.297764	
	0.224956	
	0.196037	
	0.197488	
	0.183592	
	0.173494	
	0.178873	
	0.174143	
	0.167735	
	0.253510	
	0.300731	
	0.372672	
	0.401010	
	0.381289	
	0.338043	
	0.268868	
	0.272579	
	0.293253	
	0.294374	
	0.250079	
	0.174335	
	0.176134	
	0.220661	
	0.307315	
	0.263453	
	0.234195	
	0.248701	
	0.241333	
	0.230482	
	0.282897	
	0.276982	
	0.207469	
	0.168919	
	0.142413	
	0.180274	
	0.572159	
	0.660912	
	0.595194	
	0.540801	
	0.488444	
	0.406773	
	0.304862	
	0.305230	
	0.270603	
	0.268770	
	0.632474	
	0.527027	
	0.284222	
	0.405823	
	0.472259	
	0.412784	
	0.358676	
	0.359577	
	0.372124	
	0.337788	
	0.323395	
	0.310796	
	0.259846	
	0.241081	
	0.311506	
	0.323461	
	0.277401	
	0.215926	
	0.188666	
	0.151915	
	0.142195	
	0.121013	
	0.140906	
	0.168792	
	0.238628	
	0.267733	
	0.370955	
	0.505760	
	0.447572	
	0.449963	
	0.448669	
	0.503945	
	0.573384	
	0.495808	
	0.468942	
	0.346154	
	0.216943	
	0.296063	
	0.501197	
	0.501734	
	0.472680	
	0.408034	
	0.346050	
	0.286345	
	0.295353	
	0.410928	
	0.505152	
	0.584094	
	0.631733	
	0.591236	
	0.293485	
	0.321440	
	0.298423	
	0.317332	
	0.291231	
	0.188174	
	0.247204	
	0.364959	
	0.577964	
	0.727343	
	0.763628	
	0.655021	
	0.331458	
	0.375669	
	0.317411	
	0.319692	
	0.304447	
	0.318698	
	0.347777	
	0.346130	
	0.355023	
	0.392868	
	0.440474	
	0.409656	
	0.401660	
	0.408365	
	0.432548	
	0.400541	
	0.405232	
	0.402550	
	0.439715	
	0.446794	
	0.417080	
	0.423104	
	0.395114	
	0.409750	
	0.598062	
	0.549843	
	0.521808	
	0.477404	
	0.434492	
	0.401881	
	0.375367	
	0.372176	
	0.368017	
	0.341940	
	0.320224	
	0.267881	
	0.284032	
	0.371119	
	0.428249	
	0.388848	
	0.303692	
	0.187603	
	0.187928	
	0.174817	
	0.161725	
	0.176104	
	0.143878	
	0.152930	
	0.397485	
	0.455780	
	0.467526	
	0.454890	
	0.400719	
	0.307195	
	0.270196	
	0.241865	
	0.204823	
	0.229788	
	0.208918	
	0.206004	
	0.344663	
	0.369708	
	0.275070	
	0.185234	
	0.135489	
	0.133787	
	0.136981	
	0.138746	
	0.120837	
	0.116802	
	0.123738	
	0.193204	
	0.451603	
	0.535573	
	0.492760	
	0.471952	
	0.367126	
	0.352045	
	0.295286	
	0.286228	
	0.269609	
	0.263053	
	0.273077	
	0.441096	
	0.187903	
	0.192565	
	0.197623	
	0.172951	
	0.154530	
	0.177199	
	0.190278	
	0.231628	
	0.173036	
	0.168301	
	0.196834	
	0.379928	
	0.524743	
	0.547915	
	0.510193	
	0.489754	
	0.466087	
	0.431730	
	0.435965	
	0.439215	
	0.422065	
	0.371270	
	0.393060	
	0.355938	
	0.342888	
	0.397534	
	0.437386	
	0.434748	
	0.428096	
	0.423241	
	0.480298	
	0.484466	
	0.444180	
	0.373102	
	0.385052	
	0.399494	
	0.578144	
	0.599798	
	0.582514	
	0.541761	
	0.426411	
	0.339372	
	0.301849	
	0.309489	
	0.332111	
	0.304536	
	0.383694	
	0.453081	
	0.339765	
	0.429345	
	0.428951	
	0.432354	
	0.343841	
	0.345555	
	0.308434	
	0.283003	
	0.331752	
	0.293991	
	0.229168	
	0.197570	
	0.376662	
	0.407392	
	0.283694	
	0.250239	
	0.201283	
	0.178561	
	0.161027	
	0.155121	
	0.164105	
	0.141968	
	0.287519	
	0.313492	
	0.495318	
	0.435365	
	0.464698	
	0.478577	
	0.417386	
	0.418970	
	0.438473	
	0.385748	
	0.344153	
	0.284650	
	0.259787	
	0.223139	
	0.530709	
	0.524218	
	0.533004	
	0.546936	
	0.465458	
	0.425901	
	0.372919	
	0.358188	
	0.308189	
	0.287612	
	0.302268	
	0.348512	
	0.356081	
	0.333172	
	0.349495	
	0.298807	
	0.259589	
	0.254642	
	0.296633	
	0.315372	
	0.388724	
	0.783449	
	0.790173	
	0.797411	
	0.707687	
	0.546442	
	0.444667	
	0.383028	
	0.317188	
	0.331371	
	0.328546	
	0.343941	
	0.350331	
	0.299398	
	0.344631	
	0.369560	
	0.337159	
	0.339494	
	0.379998	
	0.370481	
	0.374206	
	0.361449	
	0.442395	
	0.483065	
	0.442770	
	0.441768	
	0.438980	
	0.417558	
	0.508860	
	0.552943	
	0.528706	
	0.505384	
	0.434580	
	0.424664	
	0.358107	
	0.325525	
	0.301659	
	0.281625	
	0.267854	
	0.280907	
	0.332560	
	0.469443	
	0.474093	
	0.439911	
	0.362537	
	0.349121	
	0.350054	
	0.364993	
	0.414892	
	0.428861	
	0.417416	
	0.273678	
	0.354616	
	0.407164	
	0.354350	
	0.320059	
	0.331707	
	0.332044	
	0.328009	
	0.355314	
	0.362126	
	0.314555	
	0.250631	
	0.307439	
	0.358444	
	0.440545	
	0.342607	
	0.297623	
	0.254817	
	0.240883	
	0.255318	
	0.256995	
	0.243101	
	0.240155	
	0.268125	
	0.400435	
	0.499518	
	0.523499	
	0.541352	
	0.498312	
	0.442224	
	0.356392	
	0.356720	
	0.309519	
	0.340928	
	0.314148	
	0.342816	
	0.404328	
	0.344437	
	0.328464	
	0.286429	
	0.279667	
	0.251671	
	0.248490	
	0.233803	
	0.200587	
	0.215373	
	0.175617	
	0.314201	
	0.372548	
	0.483386	
	0.547547	
	0.492394	
	0.453073	
	0.352823	
	0.298108	
	0.323714	
	0.320159	
	0.253193	
	0.216590	
	0.214710	
	0.188067	
	0.251729	
	0.244243	
	0.240470	
	0.225737	
	0.196233	
	0.204512	
	0.341531	
	0.409785	
	0.318105	
	0.272505	
	0.263003	
	0.306680	
	0.463527	
	0.567198	
	0.553642	
	0.542174	
	0.445879	
	0.315510	
	0.256043	
	0.227834	
	0.310592	
	0.386253	
	0.443125	
	0.467965	
	0.440451	
	0.352057	
	0.366461	
	0.396529	
	0.310232	
	0.225757	
	0.200657	
	0.206145	
	0.222901	
	0.180416	
	0.182793	
	0.173063	
	0.334460	
	0.368503	
	0.328111	
	0.287301	
	0.190128	
	0.171014	
	0.161558	
	0.162751	
	0.160986	
	0.263989	
	0.284012	
	0.184136	
	0.352024	
	0.427344	
	0.454010	
	0.455760	
	0.360218	
	0.284067	
	0.237928	
	0.190349	
	0.192615	
	0.188823	
	0.219991	
	0.212411	
	0.444412	
	0.527182	
	0.486351	
	0.428446	
	0.349455	
	0.293478	
	0.247234	
	0.218594	
	0.213472	
	0.371271	
	0.693364	
	0.454829	
	0.260560	
	0.339984	
	0.321438	
	0.280407	
	0.224793	
	0.183421	
	0.177778	
	0.166091	
	0.149777	
	0.146956	
	0.230972	
	0.264046	
	0.473667	
	0.464981	
	0.406107	
	0.324478	
	0.269336	
	0.262341	
	0.264041	
	0.222132	
	0.230773	
	0.238018	
	0.191533	
	0.283253	
	0.362992	
	0.370291	
	0.369120	
	0.371166	
	0.387539	
	0.379423	
	0.442793	
	0.405216	
	0.372546	
	0.305981	
	0.273972	
	0.289641	
	0.523241	
	0.515737	
	0.529161	
	0.467938	
	0.431092	
	0.422371	
	0.396037	
	0.392764	
	0.360368	
	0.361128	
	0.364218	
	0.373798	
	0.415592	
	0.477833	
	0.534214	
	0.384936	
	0.356251	
	0.322477	
	0.321847	
	0.301270	
	0.282037	
	0.292949	
	0.254227	
	0.253989	
	0.372872	
	0.435915	
	0.388632	
	0.331792	
	0.345804	
	0.297108	
	0.322207	
	0.318939	
	0.280937	
	0.323370	
	0.325830	
	0.274105	
	0.403688	
	0.440800	
	0.361210	
	0.359322	
	0.295678	
	0.266707	
	0.270232	
	0.266857	
	0.230059	
	0.202873	
	0.197012	
	0.296290	
	0.523181	
	0.523660	
	0.549304	
	0.489902	
	0.404662	
	0.368680	
	0.368625	
	0.330102	
	0.335728	
	0.333761	
	0.340350	
	0.422210	
	0.377233	
	0.340421	
	0.320220	
	0.262540	
	0.235759	
	0.214174	
	0.211384	
	0.188234	
	0.202181	
	0.199366	
	0.228958	
	0.384181	
	0.495648	
	0.509918	
	0.446859	
	0.370055	
	0.372629	
	0.371092	
	0.362143	
	0.349975	
	0.307506	
	0.265254	
	0.293556	
	0.244540	
	0.330091	
	0.334774	
	0.354164	
	0.327820	
	0.354684	
	0.405966	
	0.450867	
	0.476480	
	0.423023	
	0.397328	
	0.391151	
	0.325437	
	0.533347	
	0.535493	
	0.616670	
	0.541692	
	0.484531	
	0.419591	
	0.397514	
	0.328544	
	0.266613	
	0.260778	
	0.304407	
	0.322395	
	0.306107	
	0.395946	
	0.400586	
	0.429172	
	0.304686	
	0.243131	
	0.214327	
	0.203412	
	0.199769	
	0.176183	
	0.188119	
	0.184902	
	0.366268	
	0.392782	
	0.307795	
	0.270514	
	0.216612	
	0.177837	
	0.165290	
	0.138628	
	0.156581	
	0.234664	
	0.222928	
	0.223724	
	0.477705	
	0.464115	
	0.450030	
	0.390714	
	0.367877	
	0.356788	
	0.356179	
	0.318025	
	0.319423	
	0.260222	
	0.277620	
	0.279136	
	0.516839	
	0.544697	
	0.543778	
	0.525004	
	0.449582	
	0.399922	
	0.359002	
	0.315693	
	0.292882	
	0.333159	
	0.599011	
	0.525852	
	0.368965	
	0.306013	
	0.263508	
	0.274187	
	0.229455	
	0.218935	
	0.231126	
	0.210745	
	0.186547	
	0.166196	
	0.212819	
	0.355610	
	0.551353	
	0.528969	
	0.502688	
	0.475947	
	0.459288	
	0.412857	
	0.370901	
	0.401471	
	0.375986	
	0.354955	
	0.358912	
	0.376560	
	0.340914	
	0.363762	
	0.371069	
	0.337896	
	0.337726	
	0.336097	
	0.408058	
	0.488160	
	0.446795	
	0.429999	
	0.498456	
	0.403276	
	0.501455	
	0.581173	
	0.510900	
	0.458211	
	0.372364	
	0.358847	
	0.345770	
	0.288750	
	0.242708	
	0.226268	
	0.254630	
	0.308058	
	0.376847	
	0.405871	
	0.442907	
	0.476305	
	0.363904	
	0.269412	
	0.231550	
	0.200063	
	0.198937	
	0.187283	
	0.207689	
	0.277314	
	0.461712	
	0.501616	
	0.527105	
	0.545768	
	0.514615	
	0.512110	
	0.415947	
	0.346622	
	0.335173	
	0.269815	
	0.503533	
	0.377889	
	0.430530	
	0.435872	
	0.440343	
	0.446583	
	0.473493	
	0.422920	
	0.385333	
	0.359607	
	0.319576	
	0.488509	
	0.708689	
	0.708164	
	0.559978	
	0.540063	
	0.512865	
	0.510173	
	0.433745	
	0.391368	
	0.368088	
	0.326235	
	0.335701	
	0.360087	
	0.384787	
	0.490581	
	0.348826	
	0.419430	
	0.391231	
	0.389333	
	0.354177	
	0.311180	
	0.360678	
	0.588410	
	0.742174	
	0.741801	
	0.710126	
	0.595140	
	0.483978	
	0.598910	
	0.526317	
	0.461237	
	0.318794	
	0.290901	
	0.320742	
	0.297279	
	0.357651	
	0.533879	
	0.607976	
	0.592928	
	0.532962	
	0.379990	
	0.224677	
	0.223702	
	0.255145	
	0.260490	
	0.461449	
	0.488734	
	0.381906	
	0.322874	
	0.260113	
	0.253729	
	0.537616	
	0.541183	
	0.552732	
	0.493884	
	0.420676	
	0.360024	
	0.335863	
	0.261283	
	0.219480	
	0.214612	
	0.235012	
	0.418676	
	0.520712	
	0.563451	
	0.487970	
	0.463909	
	0.429231	
	0.362889	
	0.347056	
	0.374959	
	0.377619	
	0.412764	
	0.360532	
	0.323098	
	0.373670	
	0.408675	
	0.336265	
	0.281498	
	0.246000	
	0.208356	
	0.194628	
	0.210536	
	0.184936	
	0.212404	
	0.239737	
	0.174320	
	0.262194	
	0.308733	
	0.283014	
	0.270597	
	0.329326	
	0.320308	
	0.352257	
	0.335399	
	0.368251	
	0.466490	
	0.616049	
	0.318960	
	0.495112	
	0.536320	
	0.524380	
	0.454659	
	0.412250	
	0.358510	
	0.266500	
	0.265518	
	0.222290	
	0.236127	
	0.301042	
	0.327989	
	0.387670	
	0.438148	
	0.443076	
	0.408875	
	0.381180	
	0.378533	
	0.400466	
	0.355225	
	0.268344	
	0.305578	
	0.491756	
	0.332128	
	0.553854	
	0.492139	
	0.427883	
	0.361977	
	0.357657	
	0.349925	
	0.312501	
	0.330963	
	0.323558	
	0.329961	
	0.319199	
	0.346748	
	0.377585	
	0.399487	
	0.353968	
	0.354649	
	0.371865	
	0.349197	
	0.454646	
	0.464156	
	0.429258	
	0.398878	
	0.362602	
	0.370587	
	0.565227	
	0.551624	
	0.529323	
	0.502559	
	0.469395	
	0.430491	
	0.408085	
	0.398391	
	0.394867	
	0.357638	
	0.353174	
	0.353242	
	0.357985	
	0.451162	
	0.467819	
	0.450673	
	0.301317	
	0.275375	
	0.270051	
	0.251802	
	0.242733	
	0.239844	
	0.226311	
	0.280749	
	0.433181	
	0.406546	
	0.405275	
	0.333942	
	0.301253	
	0.253327	
	0.293345	
	0.351178	
	0.399105	
	0.457644	
	0.514457	
	0.515871	
	0.516358	
	0.525668	
	0.434016	
	0.462263	
	0.414360	
	0.415263	
	0.356847	
	0.349667	
	0.332808	
	0.345266	
	0.396975	
	0.377188	
	0.549646	
	0.525390	
	0.544256	
	0.527758	
	0.472419	
	0.425256	
	0.468431	
	0.457781	
	0.419385	
	0.412275	
	0.555608	
	0.495607	
	0.413556	
	0.366070	
	0.316402	
	0.284020	
	0.263836	
	0.248269	
	0.301585	
	0.312479	
	0.335655	
	0.310392	
	0.361097	
	0.380668	
	0.429860	
	0.558210	
	0.599526	
	0.606667	
	0.621774	
	0.589245	
	0.539330	
	0.506441	
	0.452153	
	0.439072	
	0.492209	
	0.478143	
	0.427818	
	0.464920	
	0.532772	
	0.525605	
	0.487152	
	0.468444	
	0.483197	
	0.529505	
	0.512486	
	0.562305	
	0.510087	
	0.624781	
	0.599742	
	0.603854	
	0.633032	
	0.656748	
	0.682654	
	0.587721	
	0.498304	
	0.495121	
	0.608751	
	0.624880	
	0.556346	
	0.897487	
	0.897766	
	0.622308	
	0.584446	
	0.576112	
	0.544063	
	0.525254	
	0.527100	
	0.493455	
	0.473031	
	0.467075	
	0.513988	
	0.501147	
	0.478283	
	0.471147	
	0.497379	
	0.531665	
	0.502110	
	0.488752	
	0.446739	
	0.499489	
	0.470567	
	0.440646	
	0.390144	
	0.457496	
	0.470031	
	0.423958	
	0.387825	
	0.496865	
	0.582904	
	0.555655	
	0.509441	
	0.495155	
	0.518310	
	0.498200	
	0.392649	
	0.358293	
	0.503579	
	0.758429	
	0.718333	
	0.661461	
	0.687248	
	0.654695	
	0.711357	
	0.617091	
	0.594780	
	0.610168	
	0.679361	
	0.631444	
	0.874086	
	0.716210	
	0.515093	
	0.578686	
	0.453025	
	0.432687	
	0.446968	
	0.529849	
	0.492655	
	0.466852	
	0.514701	
	0.655886	
	0.882632	
	0.842276	
	0.637893	
	0.574034	
	0.595116	
	0.615986	
	0.582198	
	0.552401	
	0.502351	
	0.569013	
	0.455061	
	0.539088	
	0.662619	
	0.502624	
	0.554690	
	0.564638	
	0.549676	
	0.586134	
	0.626007	
	0.584841	
	0.579944	
	0.579277	
	0.595981	
	0.641435	
	0.584008	
	0.574803	
	0.556461	
	0.575209	
	0.561657	
	0.459121	
	0.435507	
	0.520098	
	0.608857	
	0.466886	
	0.532774	
	0.631718	
	0.720387	
	0.767024	
	0.701640	
	0.730057	
	0.690285	
	0.682840	
	0.618430	
	0.624178	
	0.581655	
	0.691738	
	0.596371	
	0.530222	
	0.457524	
	0.551953	
	0.642034	
	0.505874	
	0.481314	
	0.569570	
	0.723853	
	0.713080	
	0.698999	
	0.712921	
	0.702186	
	0.726765	
	0.592846	
	0.565303	
	0.582110	
	0.584003	
	0.479811	
	0.353158	
	0.321402	
	0.356074	
	0.460664	
	0.349821	
	0.295024	
	0.483645	
	0.678025	
	0.699356	
	0.665252	
	0.652322	
	0.643597	
	0.662327	
	0.655425	
	0.620051	
	0.610050	
	0.656458	
	0.664497	
	0.559928	
	0.535520	
	0.415822	
	0.447692	
	0.347739	
	0.306330	
	0.321920	
	0.441360	
	0.489560	
	0.350604	
	0.384500	
	0.412269	
	0.573453	
	0.513255	
	0.615616	
	0.626604	
	0.602351	
	0.594306	
	0.524449	
	0.481256	
	0.486518	
	0.499375	
	0.512587	
	0.501165	
	0.454704	
	0.445091	
	0.507463	
	0.431280	
	0.419855	
	0.450725	
	0.567274	
	0.564401	
	0.417072	
	0.423348	
	0.548099	
	0.666171	
	0.689788	
	0.642370	
	0.716460	
	0.785237	
	0.773856	
	0.698664	
	0.612579	
	0.651427	
	0.763001	
	0.720883	
	0.641888	
	0.832949	
	0.751225	
	0.675116	
	0.603621	
	0.673742	
	0.666228	
	0.655779	
	0.598835	
	0.570559	
	0.567756	
	0.569807	
	0.559363	
	0.527936	
	0.540774	
	0.521635	
	0.595824	
	0.542189	
	0.478323	
	0.490516	
	0.754373	
	0.894317	
	0.905766	
	0.924075	
	0.910078	
	0.916138	
	0.930808	
	0.727876	
	0.564718	
	0.601663	
	0.531186	
	0.434394	
	0.417510	
	0.430542	
	0.490129	
	0.437937	
	0.441479	
	0.458489	
	0.508051	
	0.533196	
	0.582073	
	0.562673	
	0.552214	
	0.543155	
	0.474556	
	0.492502	
	0.458152	
	0.525218	
	0.533371	
	0.448037	
	0.483750	
	0.491103	
	0.566817	
	0.542479	
	0.528787	
	0.506679	
	0.469991	
	0.467855	
	0.402106	
	0.436473	
	0.434323	
	0.460343	
	0.491016	
	0.523425	
	0.597539	
	0.602209	
	0.621847	
	0.541764	
	0.456370	
	0.446648	
	0.517425	
	0.526796	
	0.499991	
	0.497158	
	0.497746	
	0.543466	
	0.419726	
	0.380613	
	0.377173	
	0.473390	
	0.516448	
	0.441556	
	0.441415	
	0.618918	
	0.684386	
	0.580103	
	0.611201	
	0.659620	
	0.614115	
	0.657533	
	0.621167	
	0.571861	
	0.548599	
	0.560937	
	0.518198	
	0.521128	
	0.472347	
	0.491058	
	0.545235	
	0.551882	
	0.587459	
	0.578012	
	0.538106	
	0.547028	
	0.487415	
	0.524408	
	0.548648	
	0.556005	
	0.513380	
	0.450672	
	0.464320	
	0.614884	
	0.578304	
	0.505675	
	0.454877	
	0.480873	
	0.448812	
	0.464505	
	0.469658	
	0.399088	
	0.400858	
	0.451438	
	0.419625	
	0.491734	
	0.508269	
	0.477005	
	0.461610	
	0.384252	
	0.360646	
	0.381887	
	0.456391	
	0.409979	
	0.425252	
	0.410141	
	0.416741	
	0.510616	
	0.581797	
	0.562934	
	0.490120	
	0.514106	
	0.464839	
	0.466806	
	0.519691	
	0.561477	
	0.590565	
	0.501216	
	0.545183	
	0.500889	
	0.460096	
	0.424382	
	0.374054	
	0.331935	
	0.335472	
	0.404685	
	0.405328	
	0.355660	
	0.339066	
	0.424893	
	0.489111	
	0.562683	
	0.595648	
	0.550169	
	0.532758	
	0.555203	
	0.531371	
	0.500547	
	0.490663	
	0.426868	
	0.436268	
	0.495738	
	0.445967	
	0.449162	
	0.440570	
	0.454063	
	0.468818	
	0.469592	
	0.469445	
	0.506969	
	0.514533	
	0.507973	
	0.501115	
	0.467092	
	0.450149	
	0.535995	
	0.578515	
	0.626888	
	0.541923	
	0.445566	
	0.421683	
	0.555623	
	0.669234	
	0.690427	
	0.725366	
	0.798807	
	0.579024	
	0.380351	
	0.498709	
	0.564967	
	0.566612	
	0.468553	
	0.409611	
	0.426234	
	0.375777	
	0.363809	
	0.333708	
	0.344932	
	0.326384	
	0.442801	
	0.463936	
	0.375193	
	0.359792	
	0.316264	
	0.362502	
	0.305980	
	0.275019	
	0.291336	
	0.329259	
	0.285297	
	0.445486	
	0.492899	
	0.563598	
	0.508928	
	0.498673	
	0.443377	
	0.437842	
	0.393965	
	0.381216	
	0.445931	
	0.378722	
	0.335715	
	0.335336	
	0.546041	
	0.551541	
	0.554066	
	0.553593	
	0.527296	
	0.487022	
	0.530900	
	0.577447	
	0.604469	
	0.622165	
	0.605670	
	0.619897	
	0.638533	
	0.401329	
	0.391130	
	0.390090	
	0.430720	
	0.427557	
	0.418434	
	0.432589	
	0.438445	
	0.439162	
	0.439180	
	0.434924	
	0.499235	
	0.554864	
	0.566111	
	0.573265	
	0.508806	
	0.473821	
	0.411360	
	0.398235	
	0.473797	
	0.475830	
	0.461364	
	0.381498	
	0.390001	
	0.447453	
	0.410736	
	0.423256	
	0.417740	
	0.428646	
	0.425701	
	0.468426	
	0.487649	
	0.463524	
	0.509525	
	0.497249	
	0.416394	
	0.519815	
	0.524588	
	0.474332	
	0.406979	
	0.374141	
	0.377316	
	0.365535	
	0.291941	
	0.269271	
	0.261341	
	0.297784	
	0.343331	
	0.397932	
	0.485261	
	0.472848	
	0.408163	
	0.387286	
	0.309625	
	0.285111	
	0.333678	
	0.292914	
	0.312862	
	0.382877	
	0.447651	
	0.507904	
	0.458686	
	0.413905	
	0.324554	
	0.326132	
	0.305720	
	0.349067	
	0.425447	
	0.685742	
	0.726783	
	0.442851	
	0.436013	
	0.433477	
	0.380706	
	0.315087	
	0.322555	
	0.301022	
	0.270184	
	0.279524	
	0.244634	
	0.267915	
	0.265192	
	0.259844	
	0.424661	
	0.550398	
	0.575823	
	0.547196	
	0.476137	
	0.495016	
	0.727749	
	0.713739	
	0.717549	
	0.721459	
	0.705728	
	0.677880	
	0.462960	
	0.414178	
	0.416471	
	0.417458	
	0.397938	
	0.369753	
	0.368514	
	0.392288	
	0.436554	
	0.445268	
	0.448215	
	0.445824	
	0.429956	
	0.558715	
	0.539953	
	0.525007	
	0.433392	
	0.400221	
	0.390828	
	0.400551	
	0.389988	
	0.420728	
	0.451985	
	0.416046	
	0.422458	
	0.392502	
	0.350094	
	0.401282	
	0.366435	
	0.357043	
	0.336244	
	0.479822	
	0.454268	
	0.450532	
	0.422724	
	0.400270	
	0.444163	
	0.506417	
	0.562038	
	0.561352	
	0.516531	
	0.473898	
	0.472185	
	0.416198	
	0.365545	
	0.364802	
	0.290175	
	0.292549	
	0.297791	
	0.438454	
	0.552880	
	0.545305	
	0.509896	
	0.443608	
	0.443928	
	0.488440	
	0.466416	
	0.450387	
	0.385190	
	0.307398	
	0.330765	
	0.429934	
	0.414393	
	0.425431	
	0.364338	
	0.319374	
	0.336721	
	0.302980	
	0.276385	
	0.264580	
	0.392682	
	0.577663	
	0.489447	
	0.484368	
	0.488509	
	0.504348	
	0.505988	
	0.514124	
	0.460313	
	0.380307	
	0.304300	
	0.335037	
	0.369037	
	0.378049	
	0.418103	
	0.573768	
	0.588577	
	0.510310	
	0.460459	
	0.444736	
	0.503921	
	0.690682	
	0.684775	
	0.689418	
	0.681536	
	0.493801	
	0.361461	
	0.395649	
	0.438022	
	0.432004	
	0.424042	
	0.390943	
	0.406857	
	0.384823	
	0.348407	
	0.370413	
	0.386313	
	0.388480	
	0.404582	
	0.548028	
	0.569734	
	0.495420	
	0.466032	
	0.496538	
	0.408579	
	0.413830	
	0.438935	
	0.431096	
	0.412358	
	0.360639	
	0.357875	
	0.378513	
	0.358519	
	0.298410	
	0.297886	
	0.333056	
	0.366002	
	0.441372	
	0.405230	
	0.380005	
	0.338425	
	0.365038	
	0.438255	
	0.518854	
	0.560571	
	0.525378	
	0.480005	
	0.446949	
	0.382960	
	0.456679	
	0.428928	
	0.380229	
	0.352433	
	0.345907	
	0.425741	
	0.471330	
	0.482236	
	0.521889	
	0.523899	
	0.401325	
	0.453690	
	0.462743	
	0.458403	
	0.420088	
	0.432384	
	0.419098	
	0.383059	
	0.478558	
	0.408314	
	0.367748	
	0.321834	
	0.276904	
	0.289013	
	0.381327	
	0.687058	
	0.785845	
	0.514922	
	0.509696	
	0.438880	
	0.421808	
	0.328946	
	0.287946	
	0.304637	
	0.309809	
	0.297888	
	0.274321	
	0.260284	
	0.282956	
	0.292744	
	0.268073	
	0.363254	
	0.514062	
	0.609669	
	0.562177	
	0.529811	
	0.483349	
	0.687481	
	0.720814	
	0.750479	
	0.736304	
	0.741008	
	0.722680	
	0.646186	
	0.450458	
	0.490213	
	0.424428	
	0.396306	
	0.336442	
	0.277066	
	0.252518	
	0.258647	
	0.282539	
	0.366200	
	0.452922	
	0.565302	
	0.569985	
	0.561279	
	0.495998	
	0.453297	
	0.419227	
	0.406336	
	0.423692	
	0.379553	
	0.387293	
	0.437601	
	0.406325	
	0.403627	
	0.386422	
	0.350673	
	0.377289	
	0.348621	
	0.371762	
	0.397875	
	0.445440	
	0.456385	
	0.411938	
	0.412060	
	0.499372	
	0.489450	
	0.549897	
	0.575491	
	0.576030	
	0.606437	
	0.557397	
	0.437793	
	0.380516	
	0.363996	
	0.397215	
	0.446242	
	0.460003	
	0.351319	
	0.505247	
	0.596930	
	0.582725	
	0.493101	
	0.482225	
	0.433645	
	0.432899	
	0.414106	
	0.362224	
	0.313504	
	0.273241	
	0.267002	
	0.427158	
	0.397126	
	0.376597	
	0.356935	
	0.359601	
	0.336248	
	0.268419	
	0.281269	
	0.301673	
	0.327151	
	0.477801	
	0.487781	
	0.472850	
	0.497838	
	0.512089	
	0.502061	
	0.470710	
	0.408261	
	0.367029	
	0.365842	
	0.344095	
	0.358273	
	0.369231	
	0.452056	
	0.550436	
	0.561393	
	0.491042	
	0.432639	
	0.474820	
	0.555097	
	0.697671	
	0.714833	
	0.678226	
	0.644027	
	0.463307	
	0.374527	
	0.376201	
	0.403082	
	0.364593	
	0.353443	
	0.346777	
	0.392082	
	0.349955	
	0.357872	
	0.383469	
	0.415320	
	0.349572	
	0.415477	
	0.574619	
	0.552106	
	0.506454	
	0.469894	
	0.433117	
	0.418100	
	0.448945	
	0.466538	
	0.458129	
	0.451194	
	0.460794	
	0.452902	
	0.458825	
	0.403958	
	0.409199	
	0.389778	
	0.410411	
	0.379139	
	0.525133	
	0.516864	
	0.423717	
	0.380875	
	0.360021	
	0.404369	
	0.534380	
	0.578896	
	0.540575	
	0.496222	
	0.433644	
	0.477241	
	0.530572	
	0.528545	
	0.508217	
	0.364946	
	0.426205	
	0.322088	
	0.386787	
	0.520716	
	0.533247	
	0.491960	
	0.374566	
	0.325886	
	0.310440	
	0.336683	
	0.311210	
	0.345286	
	0.309663	
	0.299692	
	0.439106	
	0.430305	
	0.391274	
	0.279216	
	0.258815	
	0.239951	
	0.233682	
	0.404775	
	0.683421	
	0.711576	
	0.445984	
	0.412472	
	0.419973	
	0.372092	
	0.331824	
	0.304087	
	0.288952	
	0.278223	
	0.267440	
	0.260875	
	0.274950	
	0.296579	
	0.338057	
	0.489177	
	0.555057	
	0.587279	
	0.532162	
	0.477477	
	0.577678	
	0.705007	
	0.714213	
	0.721452	
	0.693976	
	0.705787	
	0.654452	
	0.430718	
	0.512331	
	0.441507	
	0.436733	
	0.395474	
	0.386716	
	0.329693	
	0.344709	
	0.383891	
	0.422572	
	0.468647	
	0.515887	
	0.473326	
	0.561419	
	0.590970	
	0.514001	
	0.454673	
	0.417127	
	0.380696	
	0.424006	
	0.408453	
	0.413916	
	0.480225	
	0.460585	
	0.380076	
	0.377776	
	0.405553	
	0.399132	
	0.411184	
	0.402703	
	0.412314	
	0.449068	
	0.402223	
	0.458168	
	0.493739	
	0.398950	
	0.541084	
	0.524481	
	0.584895	
	0.599270	
	0.537637	
	0.535007	
	0.539103	
	0.580976	
	0.724647	
	0.751251	
	0.782432	
	0.796398	
	0.422605	
	0.464812	
	0.508320	
	0.499246	
	0.459405	
	0.397186	
	0.392456	
	0.326799	
	0.331157	
	0.351580	
	0.305910	
	0.272672	
	0.324900	
	0.462964	
	0.401472	
	0.364088	
	0.309624	
	0.310309	
	0.299677	
	0.251659	
	0.262699	
	0.267038	
	0.362030	
	0.388826	
	0.349938	
	0.417516	
	0.393420	
	0.355237	
	0.344889	
	0.304671	
	0.309113	
	0.307285	
	0.303847	
	0.270298	
	0.350295	
	0.509598	
	0.516198	
	0.559342	
	0.580003	
	0.589140	
	0.547789	
	0.488065	
	0.408880	
	0.397424	
	0.379708	
	0.415372	
	0.633081	
	0.707658	
	0.681277	
	0.367738	
	0.401026	
	0.365460	
	0.319607	
	0.287346	
	0.305481	
	0.283464	
	0.303409	
	0.276680	
	0.390407	
	0.348361	
	0.453439	
	0.593235	
	0.553243	
	0.487237	
	0.475681	
	0.452121	
	0.433787	
	0.401244	
	0.439581	
	0.403517	
	0.389357	
	0.400845	
	0.398674	
	0.435087	
	0.436788	
	0.432790	
	0.415076	
	0.422828	
	0.445339	
	0.517650	
	0.502211	
	0.479458	
	0.444366	
	0.420220	
	0.459406	
	0.563526	
	0.529858	
	0.500517	
	0.487399	
	0.444799	
	0.419962	
	0.394358	
	0.435842	
	0.452916	
	0.399499	
	0.406575	
	0.382752	
	0.425236	
	0.528223	
	0.576817	
	0.408526	
	0.382777	
	0.371450	
	0.399184	
	0.424488	
	0.429523	
	0.402007	
	0.337158	
	0.351799	
	0.439906	
	0.455427	
	0.421267	
	0.375645	
	0.332098	
	0.352056	
	0.345641	
	0.329868	
	0.327210	
	0.297687	
	0.288171	
	0.345010	
	0.484527	
	0.500306	
	0.427638	
	0.420398	
	0.369744	
	0.341591	
	0.318357	
	0.319903	
	0.381127	
	0.410537	
	0.373250	
	0.518186	
	0.525462	
	0.601041	
	0.580279	
	0.540737	
	0.532309	
	0.469041	
	0.483030	
	0.471448	
	0.434159	
	0.404988	
	0.425108	
	0.476984	
	0.529300	
	0.561485	
	0.539738	
	0.490901	
	0.462648	
	0.449249	
	0.425651	
	0.484318	
	0.468716	
	0.530971	
	0.542964	
	0.607474	
	0.558457	
	0.613858	
	0.658248	
	0.679336	
	0.721965	
	0.698423	
	0.668696	
	0.694744	
	0.744661	
	0.723932	
	0.721423	
	0.611508	
	0.569183	
	0.563699	
	0.581797	
	0.578521	
	0.568386	
	0.600437	
	0.627377	
	0.596898	
	0.595363	
	0.629132	
	0.612131	
	0.610598	
	0.553314	
	0.525846	
	0.606716	
	0.540506	
	0.634154	
	0.589709	
	0.536686	
	0.598340	
	0.473534	
	0.567618	
	0.513778	
	0.605435	
	0.536949	
	0.520834	
	0.483555	
	0.452089	
	0.424174	
	0.413762	
	0.449113	
	0.486900	
	0.469992	
	0.453336	
	0.434258	
	0.459195	
	0.471636	
	0.470580	
	0.434093	
	0.473229	
	0.495645	
	0.472790	
	0.542082	
	0.534684	
	0.495958	
	0.480460	
	0.528193	
	0.584310	
	0.549776	
	0.545698	
	0.570084	
	0.495011	
	0.508091	
	0.514312	
	0.562258	
	0.547955	
	0.591019	
	0.684771	
	0.565579	
	0.566687	
	0.563408	
	0.487918	
	0.523186	
	0.486697	
	0.455179	
	0.442911	
	0.478316	
	0.462088	
	0.506142	
	0.499430	
	0.493174	
	0.524301	
	0.496514	
	0.481436	
	0.507991	
	0.514891	
	0.553686	
	0.491462	
	0.480364	
	0.468635	
	0.496677	
	0.511391	
	0.501461	
	0.514048	
	0.473359	
	0.455911	
	0.449347	
	0.455026	
	0.465904	
	0.501226	
	0.488608	
	0.476080	
	0.494242	
	0.540197	
	0.530874	
	0.554637	
	0.558172	
	0.582036	
	0.562922	
	0.527169	
	0.487302	
	0.495921	
	0.571998	
	0.591203	
	0.639967	
	0.622179	
	0.567648	
	0.557617	
	0.547965	
	0.509412	
	0.492679	
	0.452889	
	0.478295	
	0.502932	
	0.492560	
	0.485159	
	0.440989	
	0.441642	
	0.490236	
	0.498368	
	0.499377	
	0.493613	
	0.476896	
	0.466803	
	0.487381	
	0.483392	
	0.508247	
	0.531827	
	0.477816	
	0.473962	
	0.458254	
	0.453405	
	0.471830	
	0.481543	
	0.534358	
	0.571985	
	0.603984	
	0.555571	
	0.565395	
	0.553337	
	0.559524	
	0.562144	
	0.521485	
	0.599138	
	0.551567	
	0.579403	
	0.556234	
	0.556192	
	0.568161	
	0.573118	
	0.539871	
	0.502858	
	0.523190	
	0.509110	
	0.567447	
	0.522555	
	0.491089	
	0.489373	
	0.506663	
	0.476508	
	0.493825	
	0.488930	
	0.493524	
	0.509767	
	0.511244	
	0.539147	
	0.583711	
	0.545910	
	0.531423	
	0.542312	
	0.550634	
	0.522061	
	0.500139	
	0.497558	
	0.561531	
	0.565476	
	0.604914	
	0.564014	
	0.537312	
	0.576899	
	0.522278	
	0.540736	
	0.556480	
	0.546314	
	0.575710	
	0.587158	
	0.553714	
	0.593466	
	0.584894	
	0.627104	
	0.562134	
	0.572670	
	0.622055	
	0.629404	
	0.660554	
	0.652415	
	0.640221	
	0.684429	
	0.695110	
	0.679429	
	0.676043	
	0.676785	
	0.644231	
	0.596508	
	0.607678	
	0.528846	
	0.547005	
	0.542468	
	0.513373	
	0.528045	
	0.534243	
	0.549525	
	0.516514	
	0.503257	
	0.495989	
	0.623988	
	0.572945	
	0.575836	
	0.626035	
	0.595282	
	0.562239	
	0.584818	
	0.632896	
	0.622388	
	0.721646	
	0.729544	
	0.651621	
	0.726099	
	0.610089	
	0.615799	
	0.624284	
	0.641152	
	0.580395	
	0.588267	
	0.590715	
	0.602675	
	0.536239	
	0.558167	
	0.548975	
	0.548715	
	0.470654	
	0.462707	
	0.482470	
	0.479407	
	0.484641	
	0.485158	
	0.478350	
	0.494514	
	0.481601	
	0.446638	
	0.450617	
	0.467180	
	0.497167	
	0.497448	
	0.477472	
	0.506510	
	0.560281	
	0.588038	
	0.566411	
	0.592657	
	0.557204	
	0.531572	
	0.531843	
	0.541597	
	0.525701	
	0.618331	
	0.533770	
	0.557437	
	0.563556	
	0.526681	
	0.607147	
	0.503875	
	0.539762	
	0.532015	
	0.544103	
	0.556377	
	0.476300	
	0.451782	
	0.473607	
	0.486735	
	0.511422	
	0.481481	
	0.500044	
	0.532858	
	0.520600	
	0.517935	
	0.553796	
	0.575574	
	0.535350	
	0.545878	
	0.549830	
	0.547460	
	0.563728	
	0.578714	
	0.577163	
	0.583320	
	0.561870	
	0.588096	
	0.585104	
	0.560551	
	0.592391	
	0.572476	
	0.551269	
	0.542291	
	0.489003	
	0.494459	
	0.548814	
	0.567331	
	0.554603	
	0.544855	
	0.529397	
	0.552834	
	0.491330	
	0.542999	
	0.573027	
	0.538187	
	0.536642	
	0.515521	
	0.473365	
	0.485868	
	0.545032	
	0.559190	
	0.513050	
	0.466701	
	0.499166	
	0.498440	
	0.511351	
	0.537381	
	0.509447	
	0.510947	
	0.519462	
	0.497879	
	0.500948	
	0.515266	
	0.517187	
	0.599379	
	0.534135	
	0.522025	
	0.554629	
	0.553266	
	0.557571	
	0.524317	
	0.532865	
	0.480750	
	0.538511	
	0.526507	
	0.576796	
	0.571288	
	0.589069	
	0.598494	
	0.576205	
	0.565138	
	0.568030	
	0.613882	
	0.615142	
	0.584250	
	0.606047	
	0.646802	
	0.623973	
	0.618190	
	0.586048	
	0.572018	
	0.595336	
	0.588069	
	0.604234	
	0.600813	
	0.593034	
	0.603498	
	0.594735	
	0.577351	
	0.605364	
	0.619928	
	0.510021	
	0.497739	
	0.479196	
	0.504818	
	0.496237	
	0.496155	
	0.502518	
	0.479344	
	0.477473	
	0.524069	
	0.516530	
	0.559261	
	0.528930	
	0.540146	
	0.518058	
	0.510830	
	0.512865	
	0.483205	
	0.532742	
	0.536340	
	0.511341	
	0.511193	
	0.566575	
	0.593064	
	0.499696	
	0.446548	
	0.439756	
	0.453061	
	0.451064	
	0.452962	
	0.451795	
	0.460279	
	0.480028	
	0.470159	
	0.483303	
	0.625196	
	0.472456	
	0.473999	
	0.470448	
	0.489949	
	0.489773	
	0.493153	
	0.513499	
	0.489093	
	0.493724	
	0.500030	
	0.487610	
	0.554190	
	0.531849	
	0.521316	
	0.533489	
	0.572752	
	0.545081	
	0.661912	
	0.595020	
	0.587073	
	0.587014	
	0.561913	
	0.581932	
	0.691086	
	0.614562	
	0.593769	
	0.575953	
	0.567669	
	0.562644	
	0.489978	
	0.532693	
	0.556499	
	0.537067	
	0.510607	
	0.541439	
	0.557231	
	0.542352	
	0.464260	
	0.512034	
	0.487663	
	0.482251	
	0.527367	
	0.529202	
	0.528323	
	0.510029	
	0.529119	
	0.515617	
	0.539342	
	0.468804	
	0.473765	
	0.500682	
	0.458438	
	0.465773	
	0.459906	
	0.445163	
	0.469279	
	0.479491	
	0.466187	
	0.455370	
	0.545598	
	0.459615	
	0.454156	
	0.457700	
	0.474503	
	0.499522	
	0.496277	
	0.508617	
	0.547404	
	0.517975	
	0.553334	
	0.597163	
	0.590489	
	0.590688	
	0.545566	
	0.580579	
	0.559657	
	0.580162	
	0.580100	
	0.548462	
	0.523247	
	0.540887	
	0.593717	
	0.586627	
	0.594127	
	0.517589	
	0.546711	
	0.604160	
	0.524194	
	0.616764	
	0.586167	
	0.578915	
	0.584510	
	0.485274	
	0.493325	
	0.507586	
	0.655536	
	0.555489	
	0.569257	
	0.479508	
	0.473529	
	0.467090	
	0.454791	
	0.498123	
	0.469980	
	0.486135	
	0.483188	
	0.464871	
	0.475195	
	0.443506	
	0.459202	
	0.514307	
	0.490630	
	0.495950	
	0.504487	
	0.470001	
	0.484478	
	0.447730	
	0.463007	
	0.470180	
	0.594705	
	0.532928	
	0.498363	
	0.514022	
	0.528526	
	0.536904	
	0.510394	
	0.537690	
	0.529022	
	0.525057	
	0.564464	
	0.530887	
	0.546298	
	0.563715	
	0.579254	
	0.618929	
	0.589710	
	0.558788	
	0.591898	
	0.682541	
	0.648972	
	0.663077	
	0.657802	
	0.633801	
	0.629440	
	0.593680	
	0.597694	
	0.631458	
	0.617860	
	0.625808	
	0.648815	
	0.613998	
	0.566664	
	0.612073	
	0.595935	
	0.659022	
	0.634317	
	0.566598	
	0.572741	
	0.545389	
	0.517142	
	0.539348	
	0.554984	
	0.574984	
	0.566150	
	0.552465	
	0.539455	
	0.521984	
	0.528933	
	0.492040	
	0.494275	
	0.495409	
	0.518718	
	0.517449	
	0.518355	
	0.490724	
	0.506048	
	0.510650	
	0.506118	
	0.542350	
	0.497961	
	0.518032	
	0.489199	
	0.495072	
	0.473351	
	0.472975	
	0.517860	
	0.515937	
	0.522015	
	0.504650	
	0.485988	
	0.502592	
	0.630824	
	0.533829	
	0.528080	
	0.512968	
	0.526424	
	0.507518	
	0.513609	
	0.518273	
	0.540179	
	0.549021	
	0.536733	
	0.502468	
	0.540328	
	0.491612	
	0.462783	
	0.483468	
	0.492710	
	0.538861	
	0.490374	
	0.511571	
	0.529439	
	0.528419	
	0.571930	
	0.557973	
	0.666331	
	0.564044	
	0.624516	
	0.650464	
	0.627398	
	0.631818	
	0.629353	
	0.643938	
	0.645087	
	0.637746	
	0.660494	
	0.621319	
	0.622844	
	0.636122	
	0.597808	
	0.608651	
	0.631005	
	0.575286	
	0.572133	
	0.613286	
	0.605297	
	0.573365	
	0.573677	
	0.654430	
	0.662534	
	0.628052	
	0.686264	
	0.615955	
	0.680764	
	0.577794	
	0.593720	
	0.554441	
	0.579544	
	0.571936	
	0.573449	
	0.582720	
	0.571192	
	0.514705	
	0.482229	
	0.489421	
	0.510586	
	0.506461	
	0.552350	
	0.510348	
	0.498327	
	0.537926	
	0.516090	
	0.508545	
	0.553488	
	0.582002	
	0.594955	
	0.570291	
	0.567717	
	0.549417	
	0.512727	
	0.534638	
	0.534141	
	0.553980	
	0.560988	
	0.541279	
	0.530023	
	0.549787	
	0.550085	
	0.581412	
	0.562303	
	0.535407	
	0.595438	
	0.554773	
	0.513202	
	0.520914	
	0.467823	
	0.557959	
	0.517978	
	0.507277	
	0.505353	
	0.459278	
	0.451577	
	0.446765	
	0.434545	
	0.482893	
	0.483622	
	0.441371	
	0.445766	
	0.457462	
	0.449264	
	0.431631	
	0.455741	
	0.469591	
	0.489317	
	0.473276	
	0.466832	
	0.474315	
	0.483742	
	0.530245	
	0.554309	
	0.509610	
	0.509508	
	0.537957	
	0.529515	
	0.506067	
	0.508209	
	0.530163	
	0.587800	
	0.591509	
	0.567641	
	0.566428	
	0.589880	
	0.645243	
	0.600299	
	0.521123	
	0.568529	
	0.570826	
	0.595647	
	0.585411	
	0.566065	
	0.567187	
	0.563256	
	0.547259	
	0.529321	
	0.543198	
	0.554327	
	0.576997	
	0.582578	
	0.528285	
	0.559341	
	0.536812	
	0.569511	
	0.592586	
	0.599554	
	0.621204	
	0.570857	
	0.574534	
	0.565132	
	0.589025	
	0.623817	
	0.622393	
	0.596526	
	0.614893	
	0.590096	
	0.604994	
	0.627090	
	0.631772	
	0.682390	
	0.636098	
	0.597371	
	0.614682	
	0.621976	
	0.619670	
	0.597412	
	0.637550	
	0.709002	
	0.700100	
	0.695437	
	0.691526	
	0.697183	
	0.698990	
	0.722194	
	0.735532	
	0.710663	
	0.711411	
	0.747069	
	0.733375	
	0.727533	
	0.764264	
	0.758454	
	0.792885	
	0.807887	
	0.871503	
	0.876482	
	0.853931	
	0.892847	
	0.827754	
	0.868246	
	0.834113	
	0.751187	
	0.749063	
	0.715438	
	0.658441	
	0.650371	
	0.727762	
	0.712031	
	0.686212	
	0.853793	
	0.766796	
	0.758371	
	0.748026	
	0.781913	
	0.791774	
	0.810382	
	0.774384	
	0.810384	
	0.803773	
	0.796036	
	0.785469	
	0.758618	
	0.774179	
	0.780732	
	0.795445	
	0.820691	
	0.797876	
	0.775714	
	0.821701	
	0.831697	
	0.805577	
	0.815629	
	0.844220	
	0.848459	
	0.832818	
	0.886361	
	0.861226	
	0.917304	
	0.898985	
	0.862661	
	0.915548	
	0.851535	
	0.897002	
	0.850130	
	0.834273	
	0.852592	
	0.870001	
	0.859643	
	0.867172	
	0.860911	
	0.842584	
	0.842871	
	0.848574	
	0.840987	
	0.833633	
	0.858815	
	0.811031	
	0.848596	
	0.873329	
	0.852238	
	0.897115	
	0.873735	
	0.884849	
	0.831016	
	0.894211	
	0.870979	
	0.881706	
	0.885383	
	0.879970	
	0.884644	
	0.896181	
	0.863261	
	0.844551	
	0.832220	
	0.865177	
	0.863960	
	0.858709	
	0.850581	
	0.880429	
	0.880504	
	0.863874	
	0.869505	
	0.876892	
	0.869397	
	0.893171	
	0.860099	
	0.849920	
	0.866498	
	0.871400	
	0.870602	
	0.837318	
	0.834753	
	0.862097	
	0.866449	
	0.870419	
	0.873361	
	0.864542	
	0.882420	
	0.861390	
	0.885917	
	0.875823	
	0.888620	
	0.859946	
	0.843233	
	0.845647	
	0.880260	
	0.865196	
	0.882427	
	0.830942	
	0.849844	
	0.834480	
	0.859361	
	0.822424	
	0.880122	
	0.892622	
	0.907702	
	0.934383	
	0.887918	
	0.935549	
	0.915772	
	0.909788	
	0.910021	
	0.893105	
	0.869395	
	0.899943	
	0.851160	
	0.877323	
	0.874919	
	0.876591	
	0.878440	
	0.887618	
	0.888394	
	0.891652	
	0.894795	
	0.883030	
	0.856697	
	0.865627	
	0.884656	
	0.876708	
	0.870897	
	0.863107	
	0.865092	
	0.871246	
	0.879509	
	0.878722	
	0.895661	
	0.892532	
	0.882608	
	0.872982	
	0.864335	
	0.906350	
	0.860409	
	0.863879	
	0.886089	
	0.882190	
	0.883744	
	0.887974	
	0.870777	
	0.855955	
	0.865378	
	0.880143	
	0.863826	
	0.896118	
	0.857407	
	0.894971	
	0.870328	
	0.906264	
	0.887503	
	0.885677	
	0.889337	
	0.883635	
	0.842481	
	0.868443	
	0.879379	
	0.862029	
	0.889643	
	0.841134	
	0.884781	
	0.895287	
	0.879630	
	0.871866	
	0.827211	
	0.867821	
	0.904344	
	0.881713	
	0.899811	
	0.842194	
	0.840094	
	0.893209	
	0.898566	
	0.831154	
	0.872082	
	0.874534	
	0.878340	
	0.802457	
	0.875620	
	0.873456	
	0.887812	
	0.896137	
	0.877431	
	0.899001	
	0.883302	
	0.873366	
	0.884258	
	0.862529	
	0.869727	
	0.887115	
	0.887432	
	0.865657	
	0.852704	
	0.876294	
	0.879899	
	0.892430	
	0.885264	
	0.870711	
	0.868207	
	0.853613	
	0.887236	
	0.877138	
	0.859959	
	0.905806	
	0.896744	
	0.898274	
	0.873254	
	0.888127	
	0.869303	
	0.867757	
	0.887785	
	0.881665	
	0.901714	
	0.908304	
	0.862437	
	0.873292	
	0.846246	
	0.890235	
	0.879834	
	0.875129	
	0.870504	
	0.857888	
	0.866585	
	0.843918	
	0.860335	
	0.850460	
	0.861852	
	0.851845	
	0.843194	
	0.853039	
	0.858454	
	0.882868	
	0.874843	
	0.882149	
	0.883692	
	0.861763	
	0.872221	
	0.870128	
	0.881326	
	0.860792	
	0.884376	
	0.858507	
	0.866417	
	0.860125	
	0.876132	
	0.854401	
	0.867926	
	0.876748	
	0.895004	
	0.900413	
	0.896901	
	0.852757	
	0.858044	
	0.817415	
	0.851872	
	0.788806	
	0.838548	
	0.859531	
	0.812657	
	0.837592	
	0.860268	
	0.881829	
	0.856249	
	0.849846	
	0.841062	
	0.879022	
	0.854933	
	0.888478	
	0.844407	
	0.837573	
	0.838881	
	0.865133	
	0.859622	
	0.838183	
	0.863103	
	0.858074	
	0.861505	
	0.872164	
	0.851481	
	0.848560	
	0.874446	
	0.859471	
	0.864595	
	0.873925	
	0.877890	
	0.877302	
	0.873018	
	0.883921	
	0.890833	
	0.868734	
	0.871271	
	0.861851	
	0.828735	
	0.895349	
	0.854994	
	0.862672	
	0.904426	
	0.884225	
	0.878513	
	0.896081	
	0.879554	
	0.873433	
	0.857534	
	0.873550	
	0.851738	
	0.877894	
	0.840911	
	0.885127	
	0.861599	
	0.878513	
	0.850535	
	0.864448	
	0.872601	
	0.866091	
	0.860623	
	0.856518	
	0.872372	
	0.871319	
	0.884234	
	0.840398	
	0.860361	
	0.877299	
	0.848415	
	0.847427	
	0.788890	
	0.824803	
	0.863961	
	0.842749	
	0.876053	
	0.831039	
	0.780604	
	0.854959	
	0.877207	
	0.829785	
	0.821399	
	0.843920	
	0.861484	
	0.785576	
	0.856166	
	0.863642	
	0.841714	
	0.842502	
	0.847357	
	0.854456	
	0.857301	
	0.877548	
	0.856000	
	0.831759	
	0.839579	
	0.859292	
	0.864265	
	0.861654	
	0.841007	
	0.855207	
	NaN	
	NaN	
	NaN	
	NaN	
	NaN	
	NaN	
	NaN	
	NaN	
	NaN	
	NaN	
	NaN	
	NaN	
	NaN	
	NaN	
	NaN	
	NaN	
	NaN	
	NaN	
	NaN	
	NaN	
	NaN	
	NaN	
	NaN	
	NaN	
	NaN	
	NaN	
	NaN	
	NaN	
	NaN	
	NaN	
	NaN	
	NaN	
	NaN	
	NaN	
	NaN	
	NaN	
	NaN	
	NaN	
	NaN	
	NaN	
	NaN	
	NaN	
	NaN	
	NaN	
	NaN	
	NaN	
	NaN	
	NaN	
	NaN	
	NaN	
	NaN	
	NaN	
	NaN	
	NaN	
	NaN	
	NaN	
	NaN	
	NaN	
	NaN	
	NaN	
	NaN	
	NaN	
	NaN	
	NaN	
	NaN	
	NaN	
	NaN	
	NaN	
	NaN	
	NaN	
	NaN	
	NaN	
	NaN	
	NaN	
	NaN	
	NaN	
	NaN	
	NaN	
	NaN	
	NaN	
	NaN	
	NaN	
	NaN	
	NaN	
	NaN	
	NaN	
	NaN	
	NaN	
	NaN	
	NaN	
	NaN	
	NaN	
	NaN	
	NaN	
	NaN	
	NaN	
	NaN	
	NaN	
	NaN	
	NaN	
	NaN	
	NaN	
	NaN	
	NaN	
	NaN	
	NaN	
	NaN	
	NaN	
	NaN	
	NaN	
	NaN	
	NaN	
	NaN	
	NaN	
	NaN	
	NaN	
	NaN	
	NaN	
	NaN	
	NaN	
	NaN	
	NaN	
	NaN	
	NaN	
	NaN	
	NaN	
	NaN	
	NaN	
	NaN	
	NaN	
	NaN	
	NaN	
	NaN	
	NaN	
	NaN	
	NaN	
	NaN	
	NaN	
	NaN	
	NaN	
	NaN	
	NaN	
	NaN	
	NaN	
	NaN	
	NaN	
	NaN	
	NaN	
	NaN	
	NaN	
	NaN	
	NaN	
	NaN	
	NaN	
	NaN	
	NaN	
	NaN	
	NaN	
	NaN	
	NaN	
	NaN	
	NaN	
	NaN	
	NaN	
	NaN	
	NaN	
	NaN	
	NaN	
	NaN	
	NaN	
	NaN	
	NaN	
	NaN	
	NaN	
	NaN	
	NaN	
	NaN	
	NaN	
	NaN	
