_Mode		
	-0.312658	
	-0.303123	
	-0.144882	
	-0.235653	
	-0.212603	
	-0.075841	
	-0.084519	
	-0.018305	
	0.186219	
	0.161386	
	-0.109824	
	-0.170871	
	0.187740	
	-0.041269	
	0.010176	
	0.080561	
	-0.080533	
	-0.074371	
	-0.075988	
	-0.103132	
	-0.134583	
	-0.285829	
	-0.284740	
	-0.149722	
	-0.255021	
	-0.110057	
	-0.155982	
	-0.121844	
	-0.030270	
	-0.169832	
	0.071789	
	0.145510	
	-0.217700	
	-0.145533	
	-0.074689	
	-0.106398	
	-0.236487	
	-0.111575	
	-0.101633	
	0.032071	
	0.049459	
	-0.063159	
	-0.196144	
	0.158875	
	-0.199144	
	-0.295685	
	-0.209068	
	-0.154926	
	-0.352158	
	-0.228839	
	-0.226906	
	-0.329388	
	-0.108440	
	-0.114513	
	-0.040324	
	-0.086243	
	-0.045548	
	-0.109909	
	-0.123793	
	-0.062074	
	-0.366685	
	-0.123977	
	-0.125269	
	0.027428	
	0.211289	
	0.111699	
	0.044791	
	-0.017988	
	-0.125170	
	-0.016035	
	-0.099760	
	-0.087055	
	-0.042188	
	-0.218025	
	0.040256	
	0.003278	
	0.100004	
	-0.022505	
	-0.065484	
	-0.084609	
	-0.108623	
	-0.110345	
	-0.106964	
	-0.087501	
	-0.053341	
	-0.155724	
	-0.098115	
	-0.081344	
	-0.068946	
	-0.079425	
	-0.111371	
	-0.197549	
	-0.001783	
	-0.337000	
	-0.125484	
	-0.093729	
	-0.029587	
	0.009253	
	-0.140531	
	-0.028887	
	-0.012139	
	-0.067456	
	0.007791	
	-0.199586	
	0.077727	
	-0.223579	
	-0.105564	
	-0.078121	
	-0.117866	
	-0.064705	
	0.019470	
	-0.111389	
	-0.282991	
	-0.066746	
	-0.074137	
	0.032243	
	-0.004837	
	0.044922	
	0.022202	
	-0.079167	
	-0.130143	
	-0.014495	
	-0.316337	
	-0.063661	
	-0.002685	
	0.065716	
	0.011907	
	0.096589	
	0.003824	
	0.069817	
	-0.017179	
	-0.078335	
	-0.110151	
	-0.134805	
	-0.055828	
	-0.068094	
	0.114804	
	-0.062020	
	-0.135049	
	-0.131322	
	-0.123063	
	-0.187395	
	-0.061692	
	-0.173688	
	0.181324	
	-0.021731	
	0.093984	
	-0.032857	
	-0.008510	
	-0.019339	
	-0.119310	
	-0.038268	
	-0.091247	
	0.027677	
	-0.224503	
	-0.045640	
	-0.039171	
	0.089553	
	0.009589	
	-0.155041	
	-0.085804	
	-0.154758	
	-0.101116	
	-0.151706	
	-0.049587	
	-0.009390	
	-0.140241	
	-0.107408	
	-0.064625	
	-0.055707	
	-0.256781	
	0.015837	
	-0.168205	
	-0.108285	
	-0.009448	
	-0.008434	
	0.108791	
	0.076472	
	0.100089	
	0.098980	
	-0.201230	
	-0.013229	
	0.184850	
	0.140855	
	0.048785	
	-0.068687	
	-0.064406	
	0.066753	
	-0.164355	
	-0.275876	
	-0.007878	
	-0.279674	
	0.110160	
	0.104728	
	0.053104	
	0.190380	
	0.223639	
	-0.075563	
	-0.101761	
	-0.087351	
	-0.034439	
	-0.080567	
	-0.072717	
	-0.101518	
	-0.150055	
	-0.139227	
	0.013732	
	-0.266733	
	0.090759	
	-0.211325	
	-0.183557	
	-0.038248	
	0.048248	
	0.100240	
	0.131782	
	0.026642	
	0.063976	
	-0.214469	
	0.081489	
	0.177577	
	0.111909	
	0.055104	
	0.117229	
	-0.053949	
	0.151893	
	-0.264224	
	-0.273469	
	-0.057271	
	-0.092966	
	-0.078720	
	-0.078473	
	0.081282	
	-0.079124	
	0.020290	
	-0.012313	
	-0.117378	
	-0.094225	
	-0.016948	
	0.005374	
	0.081025	
	-0.023948	
	-0.051917	
	-0.032105	
	-0.103854	
	-0.164672	
	-0.177297	
	-0.002665	
	-0.173496	
	-0.281324	
	0.054339	
	-0.124739	
	-0.169598	
	-0.133140	
	-0.134112	
	0.234298	
	-0.000357	
	0.130560	
	-0.195807	
	0.067939	
	-0.069891	
	-0.308836	
	-0.006145	
	-0.218543	
	-0.188946	
	-0.171128	
	-0.210021	
	-0.099953	
	-0.045862	
	0.155993	
	-0.035740	
	0.028227	
	-0.051755	
	-0.107196	
	-0.043778	
	-0.183226	
	0.101409	
	0.076635	
	0.121337	
	-0.151758	
	-0.051202	
	-0.020007	
	-0.224796	
	-0.135693	
	-0.189320	
	-0.043883	
	-0.112262	
	-0.108471	
	-0.104522	
	-0.104522	
	-0.060885	
	-0.124736	
	-0.067975	
	-0.076900	
	-0.068502	
	-0.014859	
	-0.093258	
	-0.149024	
	-0.082161	
	0.073070	
	-0.170889	
	0.172026	
	0.091545	
	-0.088385	
	0.107130	
	0.000534	
	-0.172943	
	-0.157568	
	0.088912	
	-0.036621	
	-0.078927	
	-0.088629	
	-0.130647	
	0.072241	
	-0.076807	
	-0.064701	
	-0.025935	
	-0.120302	
	-0.094556	
	0.127853	
	0.047681	
	0.000325	
	-0.045320	
	-0.018262	
	-0.137103	
	-0.091335	
	0.107653	
	-0.140409	
	-0.018200	
	-0.037294	
	-0.001970	
	0.123915	
	0.086442	
	0.058971	
	-0.006203	
	-0.129434	
	-0.083474	
	-0.083291	
	-0.001424	
	0.031987	
	0.133495	
	-0.114326	
	-0.101835	
	-0.171169	
	0.223495	
	-0.178191	
	0.002435	
	0.022239	
	0.162721	
	-0.026655	
	0.072555	
	0.050156	
	0.058125	
	-0.053221	
	-0.139035	
	-0.116884	
	-0.137709	
	-0.005556	
	-0.185840	
	-0.020757	
	-0.055744	
	0.080442	
	-0.010641	
	-0.116791	
	-0.165621	
	-0.147567	
	-0.111616	
	-0.151868	
	-0.169250	
	-0.084343	
	-0.086040	
	-0.095460	
	-0.159980	
	-0.042036	
	-0.266788	
	0.033076	
	-0.230300	
	-0.193483	
	0.116202	
	-0.080455	
	0.153741	
	0.061073	
	0.126432	
	-0.084100	
	-0.225916	
	-0.177150	
	0.195422	
	0.015955	
	0.045596	
	-0.064377	
	-0.070674	
	0.169719	
	-0.164957	
	-0.260539	
	-0.011268	
	-0.302669	
	-0.006306	
	0.078248	
	0.016234	
	0.219449	
	0.239369	
	-0.076973	
	-0.090355	
	-0.108539	
	-0.080267	
	-0.109413	
	-0.076593	
	-0.079028	
	-0.100023	
	-0.070371	
	0.032243	
	-0.283941	
	-0.010093	
	-0.238050	
	-0.207071	
	0.041714	
	-0.013275	
	0.109043	
	0.072639	
	0.147467	
	0.094004	
	-0.203053	
	-0.075983	
	0.037120	
	0.086476	
	0.052486	
	0.049678	
	-0.080394	
	0.110632	
	-0.182196	
	-0.307017	
	-0.134914	
	-0.033723	
	-0.158603	
	-0.075056	
	0.081311	
	-0.081599	
	-0.000805	
	0.015625	
	-0.115518	
	-0.102156	
	-0.010917	
	-0.058491	
	-0.043496	
	-0.105306	
	-0.065876	
	-0.000428	
	-0.047637	
	-0.001932	
	-0.092146	
	-0.117489	
	-0.112358	
	-0.037386	
	0.174389	
	0.075479	
	-0.119219	
	-0.114288	
	-0.168425	
	-0.066372	
	0.072998	
	-0.157256	
	-0.025067	
	-0.076962	
	-0.108881	
	-0.104522	
	-0.090860	
	-0.098697	
	-0.104818	
	-0.090724	
	-0.103074	
	-0.104461	
	-0.104522	
	-0.104522	
	-0.104541	
	-0.101766	
	-0.103297	
	-0.097065	
	-0.100471	
	-0.103644	
	-0.108727	
	-0.103598	
	-0.093523	
	-0.201482	
	0.000000	
	0.000000	
	0.000000	
