_Brightness		
	NaN	
	NaN	
	NaN	
	NaN	
	NaN	
	NaN	
	NaN	
	NaN	
	NaN	
	NaN	
	NaN	
	NaN	
	NaN	
	NaN	
	NaN	
	NaN	
	NaN	
	NaN	
	NaN	
	NaN	
	NaN	
	NaN	
	NaN	
	NaN	
	NaN	
	NaN	
	NaN	
	NaN	
	NaN	
	NaN	
	NaN	
	NaN	
	NaN	
	NaN	
	NaN	
	NaN	
	NaN	
	NaN	
	NaN	
	NaN	
	NaN	
	NaN	
	NaN	
	NaN	
	NaN	
	NaN	
	NaN	
	NaN	
	NaN	
	NaN	
	NaN	
	NaN	
	NaN	
	NaN	
	NaN	
	NaN	
	0.492618	
	0.352632	
	0.238074	
	0.251800	
	0.220981	
	0.212873	
	0.197562	
	0.231000	
	0.225393	
	0.202627	
	0.189734	
	0.181641	
	0.187784	
	0.182618	
	0.184845	
	0.188861	
	0.161488	
	0.173118	
	0.168886	
	0.164740	
	0.174728	
	0.147619	
	0.169543	
	0.147745	
	0.145156	
	0.149964	
	0.146196	
	0.142140	
	0.337393	
	0.281466	
	0.254160	
	0.249108	
	0.231446	
	0.230083	
	0.227233	
	0.212328	
	0.213442	
	0.194191	
	0.186352	
	0.187856	
	0.197225	
	0.195201	
	0.182672	
	0.172070	
	0.189412	
	0.169777	
	0.179595	
	0.170803	
	0.163162	
	0.181154	
	0.161027	
	0.146284	
	0.153314	
	0.145359	
	0.144855	
	0.142913	
	0.336045	
	0.272305	
	0.244563	
	0.238492	
	0.227281	
	0.231751	
	0.202349	
	0.204024	
	0.218045	
	0.183547	
	0.182949	
	0.201699	
	0.168147	
	0.177252	
	0.176866	
	0.219928	
	0.178147	
	0.201101	
	0.201696	
	0.198603	
	0.180192	
	0.183264	
	0.182450	
	0.151125	
	0.143514	
	0.162014	
	0.145382	
	0.139146	
	0.301697	
	0.273999	
	0.273655	
	0.265219	
	0.246909	
	0.255926	
	0.226069	
	0.200600	
	0.206287	
	0.205626	
	0.196472	
	0.193092	
	0.181308	
	0.200050	
	0.172909	
	0.179127	
	0.159856	
	0.147155	
	0.145960	
	0.155155	
	0.142738	
	0.145597	
	0.149669	
	0.151557	
	0.157900	
	0.149842	
	0.167728	
	0.157225	
	0.413044	
	0.316789	
	0.279573	
	0.280829	
	0.279485	
	0.278055	
	0.242519	
	0.245874	
	0.224450	
	0.211175	
	0.213926	
	0.203523	
	0.214447	
	0.185338	
	0.189278	
	0.213747	
	0.178963	
	0.189009	
	0.155290	
	0.168436	
	0.140154	
	0.165043	
	0.150865	
	0.143045	
	0.142836	
	0.135713	
	0.144238	
	0.228701	
	0.311926	
	0.275107	
	0.268709	
	0.229132	
	0.243253	
	0.224265	
	0.230622	
	0.282316	
	0.221259	
	0.225922	
	0.201740	
	0.195245	
	0.200961	
	0.219083	
	0.295667	
	0.267089	
	0.251705	
	0.225738	
	0.236917	
	0.237349	
	0.206074	
	0.247448	
	0.238597	
	0.239597	
	0.219545	
	0.216521	
	0.197863	
	0.204259	
	0.370929	
	0.254031	
	0.265702	
	0.225006	
	0.212643	
	0.211432	
	0.220732	
	0.243033	
	0.212521	
	0.216097	
	0.182344	
	0.195959	
	0.179434	
	0.185425	
	0.220431	
	0.223190	
	0.189632	
	0.179521	
	0.205140	
	0.203411	
	0.177077	
	0.182010	
	0.193467	
	0.156323	
	0.155080	
	0.154980	
	0.143902	
	0.159766	
	0.215473	
	0.183112	
	0.193006	
	0.194258	
	0.176846	
	0.175883	
	0.268662	
	0.287542	
	0.260887	
	0.247387	
	0.246439	
	0.213918	
	0.238821	
	0.306483	
	0.263516	
	0.195358	
	0.206271	
	0.198497	
	0.169915	
	0.172047	
	0.208588	
	0.194719	
	0.158172	
	0.164519	
	0.156398	
	0.159293	
	0.151352	
	0.168174	
	0.349113	
	0.259966	
	0.219630	
	0.200289	
	0.211115	
	0.198006	
	0.190765	
	0.161659	
	0.166818	
	0.160759	
	0.163672	
	0.163214	
	0.159743	
	0.162785	
	0.179932	
	0.182141	
	0.161162	
	0.154122	
	0.174460	
	0.133187	
	0.143688	
	0.148145	
	0.143345	
	0.139098	
	0.133694	
	0.140599	
	0.131957	
	0.206807	
	0.304387	
	0.231729	
	0.229250	
	0.211754	
	0.200833	
	0.199127	
	0.294572	
	0.236928	
	0.208520	
	0.194993	
	0.202745	
	0.186933	
	0.185339	
	0.331689	
	0.317406	
	0.275611	
	0.254668	
	0.244889	
	0.221793	
	0.214241	
	0.215681	
	0.210550	
	0.196933	
	0.174520	
	0.179385	
	0.163356	
	0.140009	
	0.243648	
	0.277558	
	0.221494	
	0.203056	
	0.189392	
	0.176430	
	0.192240	
	0.175173	
	0.189535	
	0.180382	
	0.189006	
	0.180024	
	0.181932	
	0.182614	
	0.292342	
	0.250903	
	0.236844	
	0.241248	
	0.244513	
	0.253581	
	0.277609	
	0.333144	
	0.292606	
	0.317425	
	0.299705	
	0.285079	
	0.260972	
	0.253003	
	0.251041	
	0.249531	
	0.261932	
	0.266136	
	0.246453	
	0.227898	
	0.206050	
	0.332143	
	0.243522	
	0.229248	
	0.238129	
	0.219381	
	0.208863	
	0.191050	
	0.197555	
	0.192792	
	0.174602	
	0.188787	
	0.183599	
	0.179425	
	0.193942	
	0.325496	
	0.268386	
	0.260722	
	0.241054	
	0.240909	
	0.239193	
	0.248117	
	0.379476	
	0.256029	
	0.218670	
	0.221076	
	0.190500	
	0.225631	
	0.211835	
	0.281317	
	0.222678	
	0.202163	
	0.194688	
	0.169281	
	0.185309	
	0.170944	
	0.290687	
	0.229059	
	0.214412	
	0.208350	
	0.195565	
	0.190694	
	0.166948	
	0.186326	
	0.172377	
	0.169448	
	0.181799	
	0.180785	
	0.172270	
	0.212059	
	0.395215	
	0.262179	
	0.245370	
	0.210754	
	0.229752	
	0.238342	
	0.226982	
	0.210687	
	0.223909	
	0.200419	
	0.206071	
	0.190654	
	0.202248	
	0.183237	
	0.336237	
	0.267007	
	0.278626	
	0.261028	
	0.234272	
	0.219551	
	0.239334	
	0.342871	
	0.285058	
	0.259752	
	0.251684	
	0.243132	
	0.237915	
	0.240497	
	0.257745	
	0.248792	
	0.227025	
	0.245898	
	0.201090	
	0.216683	
	0.203186	
	0.224392	
	0.180006	
	0.167975	
	0.204181	
	0.179266	
	0.177915	
	0.201346	
	0.325125	
	0.300953	
	0.265297	
	0.247345	
	0.254766	
	0.252612	
	0.226814	
	0.221406	
	0.236253	
	0.197581	
	0.209809	
	0.215335	
	0.201424	
	0.240290	
	0.299813	
	0.232322	
	0.227115	
	0.214627	
	0.212274	
	0.205942	
	0.241986	
	0.330449	
	0.245286	
	0.222235	
	0.226112	
	0.185484	
	0.213884	
	0.227684	
	0.329524	
	0.287095	
	0.273300	
	0.248586	
	0.239713	
	0.249726	
	0.233660	
	0.264524	
	0.215776	
	0.224129	
	0.225796	
	0.225099	
	0.218068	
	0.290225	
	0.375823	
	0.244563	
	0.235589	
	0.246303	
	0.247133	
	0.283439	
	0.212763	
	0.237267	
	0.209534	
	0.208326	
	0.194426	
	0.182704	
	0.179185	
	0.192389	
	0.236394	
	0.206640	
	0.205649	
	0.210114	
	0.200469	
	0.195090	
	0.278571	
	0.348263	
	0.244790	
	0.236854	
	0.245877	
	0.200448	
	0.217965	
	0.197565	
	0.227756	
	0.200347	
	0.213983	
	0.188519	
	0.202528	
	0.198819	
	0.195433	
	0.196062	
	0.171254	
	0.174879	
	0.198740	
	0.183961	
	0.231771	
	0.273728	
	0.300402	
	0.287900	
	0.289066	
	0.292414	
	0.335632	
	0.294021	
	0.298344	
	0.271773	
	0.236740	
	0.208199	
	0.238494	
	0.231869	
	0.204721	
	0.502613	
	0.490668	
	0.448899	
	0.336692	
	0.236323	
	0.230834	
	0.217699	
	0.188628	
	0.206818	
	0.216136	
	0.185293	
	0.184168	
	0.164875	
	0.156084	
	0.147347	
	0.176585	
	0.157649	
	0.163944	
	0.153151	
	0.146204	
	0.139356	
	0.141141	
	0.112885	
	0.117304	
	0.206683	
	0.323511	
	0.786372	
	0.873238	
	0.849751	
	0.445192	
	0.321032	
	0.326288	
	0.345989	
	0.556656	
	0.707329	
	0.674782	
	0.349811	
	0.285985	
	0.202385	
	0.160578	
	0.155293	
	0.207329	
	0.423261	
	0.398172	
	0.460803	
	0.447575	
	0.452303	
	0.406032	
	0.404900	
	0.384427	
	0.332140	
	0.270012	
	0.211602	
	0.228831	
	0.295781	
	0.320753	
	0.699330	
	0.695740	
	0.634954	
	0.402851	
	0.271101	
	0.290417	
	0.283892	
	0.300328	
	0.334541	
	0.330094	
	0.334793	
	0.345907	
	0.313283	
	0.312634	
	0.324474	
	0.317184	
	0.312857	
	0.324162	
	0.289460	
	0.315043	
	0.338707	
	0.363930	
	0.334097	
	0.305205	
	0.306987	
	0.316533	
	0.308693	
	0.288362	
	0.260970	
	0.307198	
	0.262899	
	0.243907	
	0.223787	
	0.193318	
	0.183558	
	0.219646	
	0.226484	
	0.274022	
	0.281390	
	0.316157	
	0.359943	
	0.416552	
	0.498333	
	0.445565	
	0.430455	
	0.472017	
	0.407122	
	0.329113	
	0.271431	
	0.238451	
	0.226984	
	0.261503	
	0.280822	
	0.280547	
	0.267773	
	0.211410	
	0.485719	
	0.395071	
	0.344502	
	0.364800	
	0.357077	
	0.375978	
	0.359899	
	0.397856	
	0.362372	
	0.383134	
	0.403747	
	0.373747	
	0.346703	
	0.273309	
	0.185468	
	0.137349	
	0.203555	
	0.251214	
	0.261856	
	0.307350	
	0.259834	
	0.272955	
	0.297761	
	0.276849	
	0.266282	
	0.242574	
	0.223869	
	0.240412	
	0.508145	
	0.306843	
	0.304834	
	0.275595	
	0.312812	
	0.354419	
	0.355600	
	0.367703	
	0.348654	
	0.375736	
	0.343996	
	0.300716	
	0.202599	
	0.159644	
	0.154105	
	0.452197	
	0.292773	
	0.300635	
	0.408143	
	0.838196	
	0.891565	
	0.900137	
	0.904945	
	0.863418	
	0.816452	
	0.605480	
	0.335648	
	0.297612	
	0.308536	
	0.317142	
	0.317735	
	0.338593	
	0.322925	
	0.338146	
	0.333710	
	0.348629	
	0.350586	
	0.333450	
	0.248220	
	0.294083	
	0.276588	
	0.291793	
	0.290396	
	0.238725	
	0.158700	
	0.167236	
	0.189924	
	0.233861	
	0.252938	
	0.311827	
	0.261119	
	0.271464	
	0.263333	
	0.282755	
	0.298394	
	0.301595	
	0.291825	
	0.275574	
	0.285811	
	0.263498	
	0.322148	
	0.288177	
	0.265444	
	0.281201	
	0.309652	
	0.303981	
	0.270124	
	0.258513	
	0.253306	
	0.243206	
	0.307307	
	0.335445	
	0.393017	
	0.401103	
	0.405283	
	0.366420	
	0.291012	
	0.284527	
	0.286046	
	0.216571	
	0.245161	
	0.502835	
	0.835606	
	0.894921	
	0.816003	
	0.470052	
	0.321898	
	0.294205	
	0.242621	
	0.242522	
	0.265764	
	0.268218	
	0.305311	
	0.344789	
	0.353999	
	0.359763	
	0.356417	
	0.308699	
	0.259016	
	0.218513	
	0.168579	
	0.167245	
	0.162097	
	0.176660	
	0.163257	
	0.180663	
	0.164737	
	0.160515	
	0.129175	
	0.172818	
	0.218683	
	0.286026	
	0.330969	
	0.373550	
	0.353165	
	0.366505	
	0.344959	
	0.358306	
	0.376755	
	0.389293	
	0.392550	
	0.418476	
	0.363376	
	0.372839	
	0.377602	
	0.374703	
	0.396989	
	0.378483	
	0.370099	
	0.355534	
	0.352906	
	0.353546	
	0.338281	
	0.331047	
	0.476825	
	0.773043	
	0.882981	
	0.904419	
	0.913383	
	0.918934	
	0.870861	
	0.694326	
	0.417045	
	0.317579	
	0.285707	
	0.282702	
	0.275816	
	0.323084	
	0.319270	
	0.350145	
	0.349115	
	0.376544	
	0.395143	
	0.375160	
	0.360477	
	0.380139	
	0.413758	
	0.421770	
	0.245173	
	0.189209	
	0.164886	
	0.269348	
	0.390615	
	0.384175	
	0.487587	
	0.445690	
	0.396245	
	0.395747	
	0.366985	
	0.368468	
	0.386820	
	0.362731	
	0.361741	
	0.332781	
	0.365167	
	0.367516	
	0.372241	
	0.326441	
	0.297624	
	0.238020	
	0.183820	
	0.237390	
	0.456303	
	0.505599	
	0.536386	
	0.553319	
	0.542958	
	0.417976	
	0.219226	
	0.156418	
	0.145848	
	0.240440	
	0.381222	
	0.343243	
	0.363844	
	0.243229	
	0.230006	
	0.182712	
	0.198820	
	0.284123	
	0.303714	
	0.310296	
	0.293123	
	0.283035	
	0.261365	
	0.259587	
	0.308661	
	0.238816	
	0.191496	
	0.405502	
	0.317997	
	0.291652	
	0.272882	
	0.266721	
	0.274376	
	0.297257	
	0.303992	
	0.338045	
	0.308502	
	0.217029	
	0.176130	
	0.175738	
	0.246083	
	0.272555	
	0.338279	
	0.337889	
	0.326048	
	0.324124	
	0.381789	
	0.346493	
	0.390711	
	0.399269	
	0.422601	
	0.749850	
	0.826117	
	0.821729	
	0.831087	
	0.529637	
	0.369459	
	0.371780	
	0.353052	
	0.341634	
	0.343909	
	0.316074	
	0.354844	
	0.346177	
	0.366751	
	0.801997	
	0.870680	
	0.905998	
	0.899229	
	0.895461	
	0.707833	
	0.424194	
	0.362395	
	0.322528	
	0.325579	
	0.374848	
	0.373627	
	0.344993	
	0.375639	
	0.376591	
	0.363920	
	0.379318	
	0.383537	
	0.366531	
	0.350134	
	0.422806	
	0.455050	
	0.442780	
	0.453155	
	0.506868	
	0.280000	
	0.601317	
	0.902493	
	0.898212	
	0.850976	
	0.585697	
	0.346466	
	0.322655	
	0.318976	
	0.326089	
	0.321522	
	0.306170	
	0.316264	
	0.324620	
	0.335401	
	0.319625	
	0.323392	
	0.309454	
	0.323694	
	0.329284	
	0.333214	
	0.339896	
	0.295309	
	0.337039	
	0.290668	
	0.279425	
	0.244354	
	0.227123	
	0.209388	
	0.212573	
	0.171677	
	0.187555	
	0.176685	
	0.179348	
	0.212235	
	0.404163	
	0.380467	
	0.341228	
	0.241112	
	0.314430	
	0.334879	
	0.334618	
	0.354896	
	0.394377	
	0.364304	
	0.341666	
	0.325997	
	0.317488	
	0.326321	
	0.337867	
	0.330702	
	0.332381	
	0.356641	
	0.348703	
	0.334669	
	0.350763	
	0.349514	
	0.326277	
	0.277547	
	0.232716	
	0.198863	
	0.192950	
	0.173384	
	0.202240	
	0.220069	
	0.246641	
	0.294613	
	0.295154	
	0.284374	
	0.227801	
	0.190025	
	0.201249	
	0.267961	
	0.249275	
	0.432900	
	0.362731	
	0.633157	
	0.833289	
	0.671240	
	0.317127	
	0.278458	
	0.313841	
	0.285105	
	0.281864	
	0.235690	
	0.259154	
	0.208186	
	0.219053	
	0.611461	
	0.840392	
	0.896284	
	0.837387	
	0.636889	
	0.453248	
	0.278496	
	0.256261	
	0.259256	
	0.256615	
	0.280008	
	0.277362	
	0.266316	
	0.267557	
	0.576126	
	0.780810	
	0.774122	
	0.728524	
	0.508598	
	0.411623	
	0.322768	
	0.266541	
	0.237823	
	0.234911	
	0.437739	
	0.731839	
	0.337352	
	0.375570	
	0.352945	
	0.354580	
	0.340431	
	0.399965	
	0.345222	
	0.361646	
	0.333279	
	0.314905	
	0.324196	
	0.367025	
	0.341719	
	0.382805	
	0.396628	
	0.431574	
	0.407949	
	0.414067	
	0.420915	
	0.359397	
	0.306183	
	0.253093	
	0.284512	
	0.377320	
	0.465307	
	0.533338	
	0.601697	
	0.574916	
	0.558090	
	0.520482	
	0.365781	
	0.241822	
	0.220228	
	0.364889	
	0.321200	
	0.465376	
	0.426006	
	0.392540	
	0.390027	
	0.363485	
	0.331907	
	0.357869	
	0.352587	
	0.367265	
	0.377522	
	0.387813	
	0.371311	
	0.393850	
	0.375725	
	0.378717	
	0.390310	
	0.380961	
	0.401740	
	0.383624	
	0.368704	
	0.380049	
	0.364619	
	0.320398	
	0.244687	
	0.163889	
	0.187428	
	0.276110	
	0.382766	
	0.360165	
	0.369106	
	0.337374	
	0.414805	
	0.405026	
	0.353671	
	0.465124	
	0.475187	
	0.522548	
	0.577584	
	0.501617	
	0.478101	
	0.469336	
	0.484514	
	0.393963	
	0.416693	
	0.409091	
	0.396681	
	0.380836	
	0.395814	
	0.289708	
	0.242080	
	0.222423	
	0.269788	
	0.783919	
	0.865212	
	0.561129	
	0.359869	
	0.400870	
	0.393389	
	0.406156	
	0.465691	
	0.495040	
	0.572020	
	0.517311	
	0.531819	
	0.486881	
	0.498506	
	0.519206	
	0.478409	
	0.496776	
	0.507202	
	0.526740	
	0.518078	
	0.536732	
	0.559970	
	0.556654	
	0.545071	
	0.555410	
	0.576831	
	0.550018	
	0.573917	
	0.540788	
	0.537314	
	0.452131	
	0.419569	
	0.363176	
	0.322389	
	0.277479	
	0.238349	
	0.257756	
	0.260652	
	0.248082	
	0.401951	
	0.520501	
	0.528759	
	0.558460	
	0.612237	
	0.534487	
	0.536947	
	0.558358	
	0.587697	
	0.606826	
	0.616209	
	0.585781	
	0.499017	
	0.400622	
	0.331836	
	0.600339	
	0.865946	
	0.921656	
	0.928518	
	0.858717	
	0.677598	
	0.484340	
	0.511023	
	0.443937	
	0.368980	
	0.388183	
	0.406965	
	0.394873	
	0.428861	
	0.435888	
	0.426578	
	0.409746	
	0.407605	
	0.411459	
	0.421161	
	0.441677	
	0.438849	
	0.454176	
	0.461262	
	0.347001	
	0.250753	
	0.320849	
	0.720700	
	0.860759	
	0.869650	
	0.890037	
	0.886432	
	0.811430	
	0.629453	
	0.470662	
	0.476234	
	0.418991	
	0.419612	
	0.470999	
	0.490675	
	0.437162	
	0.463922	
	0.559197	
	0.555068	
	0.522445	
	0.511195	
	0.489510	
	0.422996	
	0.303792	
	0.269729	
	0.227134	
	0.242764	
	0.256488	
	0.244206	
	0.208007	
	0.208552	
	0.234158	
	0.506782	
	0.534701	
	0.441573	
	0.305601	
	0.203573	
	0.197057	
	0.223130	
	0.195670	
	0.197601	
	0.205595	
	0.199083	
	0.220905	
	0.221427	
	0.248069	
	0.277929	
	0.388749	
	0.476218	
	0.774936	
	0.878351	
	0.920363	
	0.927320	
	0.936206	
	0.928161	
	0.910606	
	0.859077	
	0.586370	
	0.347089	
	0.409029	
	0.410593	
	0.405773	
	0.317769	
	0.307062	
	0.288502	
	0.330418	
	0.330897	
	0.317215	
	0.299209	
	0.260806	
	0.229445	
	0.248809	
	0.257130	
	0.274055	
	0.280037	
	0.337647	
	0.553782	
	0.633122	
	0.592972	
	0.631691	
	0.639385	
	0.565802	
	0.435788	
	0.252828	
	0.345985	
	0.564805	
	0.456123	
	0.401044	
	0.463769	
	0.362822	
	0.355167	
	0.262794	
	0.255659	
	0.189663	
	0.282694	
	0.340280	
	0.406826	
	0.410136	
	0.439087	
	0.449504	
	0.467913	
	0.460781	
	0.429768	
	0.349596	
	0.307696	
	0.264099	
	0.133130	
	0.136585	
	0.166546	
	0.153757	
	0.146701	
	0.188668	
	0.223738	
	0.242856	
	0.340354	
	0.318763	
	0.263723	
	0.359250	
	0.795015	
	0.758904	
	0.612136	
	0.359121	
	0.300895	
	0.296791	
	0.317699	
	0.333727	
	0.328292	
	0.300547	
	0.336351	
	0.358135	
	0.346321	
	0.232055	
	0.173521	
	0.372666	
	0.292096	
	0.349241	
	0.299154	
	0.318362	
	0.212119	
	0.183161	
	0.399573	
	0.542904	
	0.384764	
	0.381873	
	0.347764	
	0.347593	
	0.333726	
	0.288268	
	0.258886	
	0.303476	
	0.292607	
	0.310440	
	0.326710	
	0.274538	
	0.202812	
	0.187223	
	0.142059	
	0.121009	
	0.364489	
	0.759607	
	0.728309	
	0.565458	
	0.338424	
	0.272806	
	0.295287	
	0.328769	
	0.298931	
	0.306666	
	0.339765	
	0.393449	
	0.371284	
	0.337699	
	0.325696	
	0.316422	
	0.292874	
	0.301395	
	0.342106	
	0.339673	
	0.334296	
	0.340841	
	0.348164	
	0.355755	
	0.322516	
	0.349764	
	0.348948	
	0.351782	
	0.352616	
	0.357244	
	0.367426	
	0.323556	
	0.347988	
	0.321399	
	0.330956	
	0.331558	
	0.343142	
	0.335701	
	0.336970	
	0.323812	
	0.344460	
	0.337981	
	0.338722	
	0.325562	
	0.348620	
	0.333981	
	0.322457	
	0.311319	
	0.336217	
	0.341277	
	0.321423	
	0.327916	
	0.320490	
	0.354522	
	0.381247	
	0.364883	
	0.333777	
	0.343092	
	0.342567	
	0.280364	
	0.272241	
	0.282089	
	0.298900	
	0.335998	
	0.303711	
	0.253206	
	0.217138	
	0.284141	
	0.330101	
	0.304136	
	0.265880	
	0.252264	
	0.249158	
	0.239807	
	0.241826	
	0.205844	
	0.210544	
	0.235456	
	0.227439	
	0.220254	
	0.198273	
	0.203128	
	0.222881	
	0.191068	
	0.173039	
	0.197616	
	0.205072	
	0.158647	
	0.165866	
	0.179296	
	0.156046	
	0.176046	
	0.156958	
	0.153200	
	0.138872	
	0.152226	
	0.156404	
	0.137313	
	0.155426	
	0.195272	
	0.095529	
	0.094921	
	0.102406	
	0.108686	
	0.106024	
	0.106913	
	0.080454	
	0.074515	
	0.067230	
	0.087978	
	0.182668	
	0.481247	
	0.626027	
	0.679668	
	0.564226	
	0.322593	
	0.365113	
	0.275819	
	0.247931	
	0.208690	
	0.207350	
	0.198896	
	0.201807	
	0.244437	
	0.527948	
	0.756221	
	0.778349	
	0.765543	
	0.637385	
	0.372732	
	0.393288	
	0.375360	
	0.368879	
	0.355010	
	0.336602	
	0.337368	
	0.355938	
	0.398083	
	0.341488	
	0.304021	
	0.329405	
	0.319182	
	0.313395	
	0.341269	
	0.437117	
	0.687760	
	0.719024	
	0.762962	
	0.826093	
	0.759898	
	0.518722	
	0.476561	
	0.516264	
	0.514892	
	0.485602	
	0.432803	
	0.346010	
	0.357534	
	0.361246	
	0.301449	
	0.201896	
	0.212842	
	0.192090	
	0.162185	
	0.161233	
	0.260367	
	0.745292	
	0.828490	
	0.800145	
	0.762928	
	0.615513	
	0.377699	
	0.317935	
	0.266309	
	0.213917	
	0.191105	
	0.150670	
	0.146657	
	0.157750	
	0.145866	
	0.303977	
	0.756375	
	0.751686	
	0.536537	
	0.350340	
	0.281534	
	0.247157	
	0.243902	
	0.268643	
	0.295477	
	0.301590	
	0.271725	
	0.233628	
	0.209221	
	0.183445	
	0.128884	
	0.124115	
	0.332077	
	0.385113	
	0.340998	
	0.335804	
	0.346026	
	0.349429	
	0.359424	
	0.418327	
	0.422435	
	0.406193	
	0.464199	
	0.252982	
	0.836036	
	0.881854	
	0.691556	
	0.556422	
	0.407034	
	0.322427	
	0.305812	
	0.239625	
	0.212056	
	0.208833	
	0.236235	
	0.210160	
	0.213130	
	0.197850	
	0.191828	
	0.211396	
	0.195722	
	0.204026	
	0.190499	
	0.382727	
	0.310906	
	0.311384	
	0.230219	
	0.221803	
	0.177250	
	0.196303	
	0.228593	
	0.283012	
	0.272167	
	0.288485	
	0.338884	
	0.347798	
	0.315242	
	0.330866	
	0.304673	
	0.303907	
	0.300700	
	0.302173	
	0.309120	
	0.283935	
	0.274606	
	0.264341	
	0.288086	
	0.335199	
	0.352453	
	0.323681	
	0.272416	
	0.300583	
	0.319594	
	0.306278	
	0.313535	
	0.308418	
	0.317462	
	0.314398	
	0.328094	
	0.308931	
	0.363074	
	0.346005	
	0.314627	
	0.246098	
	0.253348	
	0.239586	
	0.245761	
	0.230456	
	0.248156	
	0.238403	
	0.232629	
	0.245928	
	0.213116	
	0.228750	
	0.244746	
	0.233289	
	0.223933	
	0.251611	
	0.228994	
	0.229600	
	0.220736	
	0.237796	
	0.229137	
	0.244313	
	0.201422	
	0.191909	
	0.196839	
	0.187142	
	0.150919	
	0.179024	
	0.262306	
	0.242517	
	0.201345	
	0.182484	
	0.196258	
	0.172127	
	0.181838	
	0.192534	
	0.167318	
	0.157919	
	0.159090	
	0.131267	
	0.125977	
	0.109459	
	0.144685	
	0.109798	
	0.115153	
	0.116458	
	0.116837	
	0.110899	
	0.098939	
	0.098755	
	0.104220	
	0.116214	
	0.113132	
	0.133181	
	0.141025	
	0.175275	
	0.121507	
	0.155504	
	0.182740	
	0.187108	
	0.233633	
	0.198924	
	0.187982	
	0.146842	
	0.092469	
	0.117433	
	0.093213	
	0.285712	
	0.658964	
	0.667156	
	0.308135	
	0.278748	
	0.300787	
	0.384476	
	0.315291	
	0.289626	
	0.279302	
	0.220593	
	0.202751	
	0.204487	
	0.189355	
	0.251729	
	0.244548	
	0.291139	
	0.351831	
	0.360033	
	0.343758	
	0.300973	
	0.288135	
	0.255831	
	0.232348	
	0.207239	
	0.204806	
	0.184981	
	0.193993	
	0.185327	
	0.220216	
	0.227770	
	0.259141	
	0.293598	
	0.398645	
	0.357948	
	0.350522	
	0.353362	
	0.340467	
	0.344651	
	0.363063	
	0.411631	
	0.507335	
	0.764560	
	0.759132	
	0.736766	
	0.442785	
	0.300136	
	0.325372	
	0.269368	
	0.307103	
	0.318568	
	0.309441	
	0.281559	
	0.284952	
	0.250972	
	0.276941	
	0.205049	
	0.182194	
	0.216159	
	0.337113	
	0.384836	
	0.382723	
	0.404604	
	0.574774	
	0.748523	
	0.788433	
	0.816494	
	0.817354	
	0.749719	
	0.463073	
	0.382134	
	0.377220	
	0.340880	
	0.342167	
	0.294602	
	0.309269	
	0.245915	
	0.253086	
	0.264917	
	0.238201	
	0.191346	
	0.170123	
	0.124431	
	0.128351	
	0.118434	
	0.137010	
	0.309362	
	0.290925	
	0.246773	
	0.270127	
	0.252293	
	0.231622	
	0.186151	
	0.166903	
	0.157718	
	0.159193	
	0.159182	
	0.145368	
	0.135976	
	0.131375	
	0.236434	
	0.196562	
	0.233790	
	0.282402	
	0.256197	
	0.215457	
	0.239782	
	0.221599	
	0.177194	
	0.186016	
	0.189064	
	0.177339	
	0.193606	
	0.190960	
	0.177781	
	0.153819	
	0.178281	
	0.168849	
	0.226425	
	0.304078	
	0.255971	
	0.197500	
	0.159083	
	0.166125	
	0.177876	
	0.158139	
	0.172696	
	0.144483	
	0.162509	
	0.159009	
	0.165603	
	0.163845	
	0.151025	
	0.172817	
	0.178125	
	0.205611	
	0.206673	
	0.198061	
	0.186141	
	0.196876	
	0.202031	
	0.185882	
	0.230454	
	0.210028	
	0.199111	
	0.211843	
	0.198024	
	0.201245	
	0.205804	
	0.226783	
	0.210039	
	0.211162	
	0.217127	
	0.209091	
	0.205056	
	0.209600	
	0.211391	
	0.179256	
	0.165932	
	0.166777	
	0.161334	
	0.178372	
	0.170010	
	0.179879	
	0.180072	
	0.156222	
	0.159907	
	0.151369	
	0.159517	
	0.175074	
	0.209760	
	0.177267	
	0.182223	
	0.177146	
	0.176086	
	0.176271	
	0.186153	
	0.176791	
	0.171111	
	0.160316	
	0.160040	
	0.150835	
	0.151307	
	0.174236	
	0.228715	
	0.173598	
	0.185664	
	0.161902	
	0.149505	
	0.141270	
	0.138059	
	0.145365	
	0.125868	
	0.103996	
	0.090976	
	0.091643	
	0.104461	
	0.087782	
	0.178609	
	0.125494	
	0.117572	
	0.095050	
	0.114764	
	0.108482	
	0.107529	
	0.146624	
	0.141034	
	0.135136	
	0.128630	
	0.246085	
	0.262877	
	0.245312	
	0.233562	
	0.188538	
	0.188116	
	0.181695	
	0.185862	
	0.176956	
	0.164322	
	0.153679	
	0.129510	
	0.098980	
	0.094600	
	0.175928	
	0.261509	
	0.293708	
	0.481346	
	0.474595	
	0.326506	
	0.276435	
	0.208876	
	0.187790	
	0.195507	
	0.172028	
	0.171981	
	0.184436	
	0.212742	
	0.217708	
	0.126508	
	0.159093	
	0.388204	
	0.438161	
	0.464151	
	0.479434	
	0.463470	
	0.463979	
	0.449108	
	0.440861	
	0.436404	
	0.344696	
	0.249227	
	0.264548	
	0.543764	
	0.486172	
	0.271067	
	0.213859	
	0.215077	
	0.180986	
	0.168653	
	0.165274	
	0.128594	
	0.135387	
	0.415123	
	0.734871	
	0.403214	
	0.450571	
	0.438471	
	0.439345	
	0.353570	
	0.345489	
	0.332127	
	0.332481	
	0.319881	
	0.365376	
	0.366881	
	0.332287	
	0.364182	
	0.394228	
	0.386753	
	0.378755	
	0.365294	
	0.363251	
	0.381468	
	0.392129	
	0.381625	
	0.367368	
	0.377111	
	0.364180	
	0.375062	
	0.374605	
	0.356242	
	0.398081	
	0.394743	
	0.436167	
	0.424230	
	0.401005	
	0.441245	
	0.382450	
	0.368106	
	0.417319	
	0.398197	
	0.375317	
	0.379490	
	0.297268	
	0.293909	
	0.302121	
	0.310863	
	0.215097	
	0.172087	
	0.408719	
	0.329376	
	0.316654	
	0.316891	
	0.316120	
	0.266496	
	0.197625	
	0.155174	
	0.144696	
	0.133428	
	0.134851	
	0.167270	
	0.183036	
	0.178545	
	0.211705	
	0.181552	
	0.148197	
	0.248184	
	0.315342	
	0.337236	
	0.386519	
	0.396443	
	0.405414	
	0.404806	
	0.424734	
	0.471086	
	0.411192	
	0.353295	
	0.270070	
	0.285598	
	0.325337	
	0.332091	
	0.262408	
	0.196846	
	0.184707	
	0.198963	
	0.204062	
	0.232671	
	0.320169	
	0.679319	
	0.743134	
	0.744836	
	0.708065	
	0.581018	
	0.400209	
	0.413087	
	0.421980	
	0.257462	
	0.199504	
	0.192544	
	0.304727	
	0.319400	
	0.335713	
	0.382186	
	0.579724	
	0.695963	
	0.691469	
	0.542803	
	0.374420	
	0.416468	
	0.426779	
	0.369422	
	0.371177	
	0.380441	
	0.391274	
	0.384159	
	0.379962	
	0.402494	
	0.399271	
	0.743170	
	0.747745	
	0.522744	
	0.399075	
	0.337613	
	0.352124	
	0.303799	
	0.304979	
	0.296607	
	0.306696	
	0.328982	
	0.354936	
	0.308222	
	0.311933	
	0.282323	
	0.298528	
	0.279231	
	0.184624	
	0.141357	
	0.154057	
	0.337342	
	0.439244	
	0.290410	
	0.264580	
	0.249460	
	0.257637	
	0.257886	
	0.248201	
	0.227336	
	0.257502	
	0.229156	
	0.205928	
	0.197947	
	0.196149	
	0.189455	
	0.217688	
	0.273563	
	0.237567	
	0.231440	
	0.241156	
	0.245055	
	0.258847	
	0.230293	
	0.257169	
	0.242358	
	0.224514	
	0.215831	
	0.194764	
	0.213066	
	0.202246	
	0.230642	
	0.191154	
	0.177486	
	0.157788	
	0.134024	
	0.145084	
	0.131806	
	0.284035	
	0.299549	
	0.298490	
	0.335026	
	0.332892	
	0.386227	
	0.391715	
	0.399077	
	0.380635	
	0.319346	
	0.194088	
	0.115880	
	0.143298	
	0.311158	
	0.391965	
	0.349791	
	0.285914	
	0.290653	
	0.319077	
	0.328307	
	0.310907	
	0.341271	
	0.339935	
	0.319372	
	0.302356	
	0.323835	
	0.207891	
	0.185051	
	0.259752	
	0.205592	
	0.221628	
	0.212952	
	0.183936	
	0.186063	
	0.186222	
	0.220567	
	0.182906	
	0.207717	
	0.223232	
	0.304426	
	0.274889	
	0.159480	
	0.311058	
	0.319905	
	0.386439	
	0.380634	
	0.418741	
	0.445418	
	0.439431	
	0.406403	
	0.423296	
	0.397858	
	0.369025	
	0.270088	
	0.217103	
	0.422342	
	0.535886	
	0.387636	
	0.305514	
	0.314633	
	0.270262	
	0.248521	
	0.213936	
	0.230014	
	0.240823	
	0.226545	
	0.240604	
	0.225863	
	0.223995	
	0.241300	
	0.256222	
	0.217316	
	0.232936	
	0.307656	
	0.517630	
	0.694024	
	0.756097	
	0.730312	
	0.698538	
	0.607176	
	0.369014	
	0.375549	
	0.372570	
	0.347060	
	0.340741	
	0.337720	
	0.313697	
	0.297870	
	0.309276	
	0.312131	
	0.321086	
	0.360640	
	0.137243	
	0.167982	
	0.144447	
	0.216991	
	0.268614	
	0.352615	
	0.360703	
	0.360648	
	0.335095	
	0.317556	
	0.324410	
	0.331437	
	0.330886	
	0.352314	
	0.340724	
	0.312204	
	0.310372	
	0.314384	
	0.330396	
	0.349671	
	0.381654	
	0.402043	
	0.383035	
	0.332518	
	0.296240	
	0.256309	
	0.249107	
	0.258131	
	0.251780	
	0.270058	
	0.302013	
	0.285964	
	0.268465	
	0.268315	
	0.229664	
	0.220989	
	0.216021	
	0.207498	
	0.193269	
	0.196829	
	0.184628	
	0.184912	
	0.195820	
	0.203558	
	0.205167	
	0.206455	
	0.215242	
	0.226516	
	0.228520	
	0.219819	
	0.251342	
	0.236637	
	0.218298	
	0.223836	
	0.223792	
	0.238351	
	0.275469	
	0.264950	
	0.252926	
	0.248512	
	0.248089	
	0.229265	
	0.229850	
	0.223013	
	0.208706	
	0.225759	
	0.233715	
	0.253521	
	0.248792	
	0.247989	
	0.293436	
	0.242254	
	0.219173	
	0.205482	
	0.213199	
	0.213791	
	0.236050	
	0.231970	
	0.214814	
	0.211343	
	0.212793	
	0.218236	
	0.231478	
	0.215527	
	0.521191	
	0.382275	
	0.257067	
	0.242527	
	0.227040	
	0.235392	
	0.218578	
	0.417529	
	0.257171	
	0.228520	
	0.205334	
	0.212954	
	0.193303	
	0.206334	
	0.418859	
	0.235773	
	0.172093	
	0.208820	
	0.181582	
	0.184081	
	0.180967	
	0.376501	
	0.256495	
	0.181180	
	0.159270	
	0.167911	
	0.171050	
	0.173172	
	0.321782	
	0.207301	
	0.182762	
	0.139049	
	0.140647	
	0.124216	
	0.115688	
	0.374254	
	0.195802	
	0.125250	
	0.068504	
	0.062101	
	0.068692	
	0.101913	
	0.415154	
	0.350734	
	0.341839	
	0.420779	
	0.521967	
	0.511186	
	0.554141	
	0.532117	
	0.500917	
	0.521184	
	0.517180	
	0.511313	
	0.545310	
	0.582259	
	0.718715	
	0.708271	
	0.559030	
	0.543185	
	0.519890	
	0.479860	
	0.469298	
	0.490150	
	0.452926	
	0.477477	
	0.487308	
	0.489365	
	0.466534	
	0.451088	
	0.502319	
	0.551337	
	0.470427	
	0.523031	
	0.519752	
	0.510362	
	0.508949	
	0.476596	
	0.490371	
	0.530652	
	0.497874	
	0.455394	
	0.410121	
	0.370603	
	0.314247	
	0.274688	
	0.346587	
	0.370909	
	0.408153	
	0.395735	
	0.434826	
	0.450313	
	0.431066	
	0.430079	
	0.431599	
	0.419657	
	0.407004	
	0.328216	
	0.327653	
	0.308666	
	0.358818	
	0.350063	
	0.356885	
	0.306875	
	0.347797	
	0.375413	
	0.350341	
	0.313566	
	0.501670	
	0.645370	
	0.701584	
	0.672744	
	0.676844	
	0.388182	
	0.403871	
	0.385957	
	0.284510	
	0.233286	
	0.222620	
	0.211062	
	0.266722	
	0.357707	
	0.395825	
	0.456661	
	0.380759	
	0.448814	
	0.462277	
	0.497807	
	0.517789	
	0.518424	
	0.534791	
	0.517130	
	0.447263	
	0.469334	
	0.491577	
	0.456988	
	0.411086	
	0.419096	
	0.369814	
	0.359539	
	0.394734	
	0.436513	
	0.520610	
	0.533746	
	0.552745	
	0.422371	
	0.362485	
	0.273114	
	0.514117	
	0.443731	
	0.422987	
	0.658128	
	0.811311	
	0.819800	
	0.621803	
	0.598125	
	0.403518	
	0.338297	
	0.350892	
	0.337791	
	0.372797	
	0.392496	
	0.404724	
	0.437096	
	0.456457	
	0.462849	
	0.493893	
	0.535814	
	0.506447	
	0.503035	
	0.497924	
	0.452339	
	0.448295	
	0.445645	
	0.448720	
	0.403257	
	0.395490	
	0.412125	
	0.486963	
	0.425222	
	0.246969	
	0.373885	
	0.434079	
	0.476413	
	0.542887	
	0.552857	
	0.559590	
	0.590503	
	0.579485	
	0.591641	
	0.607773	
	0.628561	
	0.628891	
	0.581726	
	0.581553	
	0.594543	
	0.453494	
	0.489035	
	0.515744	
	0.465677	
	0.516878	
	0.473926	
	0.449829	
	0.432402	
	0.338721	
	0.248509	
	0.233700	
	0.233885	
	0.279146	
	0.320510	
	0.253979	
	0.326303	
	0.417246	
	0.332113	
	0.334513	
	0.466086	
	0.498948	
	0.538682	
	0.527670	
	0.548629	
	0.549010	
	0.453537	
	0.288187	
	0.480176	
	0.449003	
	0.421140	
	0.431269	
	0.457051	
	0.401938	
	0.383709	
	0.312963	
	0.237003	
	0.235732	
	0.211798	
	0.200765	
	0.282190	
	0.230139	
	0.356036	
	0.331450	
	0.409258	
	0.372322	
	0.393880	
	0.332453	
	0.320530	
	0.359304	
	0.403437	
	0.382804	
	0.474558	
	0.519861	
	0.533605	
	0.471887	
	0.526561	
	0.444834	
	0.496368	
	0.518776	
	0.428128	
	0.369972	
	0.357743	
	0.329360	
	0.362312	
	0.364513	
	0.370425	
	0.343375	
	0.346280	
	0.344548	
	0.373512	
	0.311458	
	0.318416	
	0.341667	
	0.356387	
	0.339170	
	0.383853	
	0.393647	
	0.389284	
	0.376890	
	0.224092	
	0.189830	
	0.187123	
	0.177967	
	0.167266	
	0.309212	
	0.429323	
	0.456813	
	0.359188	
	0.367657	
	0.402223	
	0.388018	
	0.292652	
	0.259933	
	0.240383	
	0.209102	
	0.390769	
	0.423814	
	0.431412	
	0.454195	
	0.440334	
	0.383999	
	0.417363	
	0.399319	
	0.428329	
	0.415112	
	0.351250	
	0.361659	
	0.365188	
	0.316771	
	0.317727	
	0.239110	
	0.196952	
	0.151061	
	0.149188	
	0.185766	
	0.172006	
	0.197676	
	0.202704	
	0.197656	
	0.196747	
	0.188190	
	0.383144	
	0.574822	
	0.638243	
	0.675623	
	0.617826	
	0.453226	
	0.353577	
	0.427661	
	0.460031	
	0.445397	
	0.344077	
	0.290401	
	0.337630	
	0.371218	
	0.379728	
	0.374091	
	0.399360	
	0.360018	
	0.393173	
	0.386756	
	0.380750	
	0.367111	
	0.327683	
	0.358515	
	0.332214	
	0.318377	
	0.336477	
	0.321387	
	0.312975	
	0.316242	
	0.271938	
	0.281393	
	0.390715	
	0.496554	
	0.542910	
	0.540064	
	0.489390	
	0.470223	
	0.396603	
	0.391191	
	0.363411	
	0.431981	
	0.450190	
	0.446682	
	0.515670	
	0.538831	
	0.452948	
	0.376502	
	0.364238	
	0.335680	
	0.251796	
	0.172491	
	0.270736	
	0.600198	
	0.644737	
	0.562487	
	0.237119	
	0.204043	
	0.178793	
	0.208602	
	0.291041	
	0.155612	
	0.259655	
	0.307405	
	0.304858	
	0.283454	
	0.295006	
	0.256794	
	0.229458	
	0.200647	
	0.162804	
	0.154341	
	0.238341	
	0.620460	
	0.730912	
	0.406691	
	0.363721	
	0.335749	
	0.250511	
	0.239487	
	0.222309	
	0.204886	
	0.193888	
	0.305871	
	0.601060	
	0.604619	
	0.490991	
	0.437114	
	0.449752	
	0.435024	
	0.408982	
	0.408225	
	0.389004	
	0.309539	
	0.295885	
	0.300597	
	0.306197	
	0.361534	
	0.398575	
	0.352629	
	0.411472	
	0.381281	
	0.545926	
	0.407191	
	0.391927	
	0.402113	
	0.330407	
	0.287938	
	0.301137	
	0.268214	
	0.317667	
	0.450441	
	0.633700	
	0.723211	
	0.736216	
	0.726965	
	0.637428	
	0.582323	
	0.444076	
	0.362887	
	0.402083	
	0.405537	
	0.343982	
	0.308474	
	0.354149	
	0.394879	
	0.355728	
	0.352609	
	0.329249	
	0.352144	
	0.354440	
	0.370706	
	0.347917	
	0.341777	
	0.404490	
	0.420732	
	0.370008	
	0.352390	
	0.473271	
	0.527304	
	0.501937	
	0.472696	
	0.480210	
	0.564104	
	0.558395	
	0.491745	
	0.489307	
	0.465800	
	0.452790	
	0.420259	
	0.375747	
	0.341172	
	0.361636	
	0.369341	
	0.400745	
	0.379186	
	0.341833	
	0.368583	
	0.410365	
	0.394980	
	0.414818	
	0.349397	
	0.344450	
	0.351601	
	0.364124	
	0.364144	
	0.331080	
	0.284264	
	0.248700	
	0.252251	
	0.259425	
	0.400518	
	0.450041	
	0.439622	
	0.512355	
	0.579452	
	0.589028	
	0.635004	
	0.646434	
	0.648715	
	0.672543	
	0.642791	
	0.623780	
	0.626156	
	0.620413	
	0.581605	
	0.566989	
	0.514332	
	0.528208	
	0.564089	
	0.537682	
	0.529659	
	0.555363	
	0.547839	
	0.587409	
	0.572836	
	0.567335	
	0.506514	
	0.493698	
	0.481313	
	0.523324	
	0.579876	
	0.510109	
	0.551285	
	0.507456	
	0.513506	
	0.498472	
	0.464456	
	0.476953	
	0.530655	
	0.533337	
	0.508438	
	0.406797	
	0.413922	
	0.311419	
	0.393893	
	0.484992	
	0.413505	
	0.367439	
	0.375198	
	0.378543	
	0.397803	
	0.405546	
	0.375828	
	0.379578	
	0.384904	
	0.291664	
	0.316936	
	0.233655	
	0.328212	
	0.365707	
	0.367171	
	0.351911	
	0.328947	
	0.363656	
	0.389254	
	0.398578	
	0.361639	
	0.399742	
	0.393370	
	0.251496	
	0.366294	
	0.505222	
	0.464552	
	0.497538	
	0.463623	
	0.429952	
	0.333496	
	0.228638	
	0.232167	
	0.175677	
	0.220614	
	0.311170	
	0.300276	
	0.361023	
	0.456655	
	0.441364	
	0.483160	
	0.496676	
	0.493067	
	0.434142	
	0.368725	
	0.370904	
	0.406643	
	0.379633	
	0.392943	
	0.414736	
	0.331533	
	0.362826	
	0.339541	
	0.225163	
	0.183858	
	0.243670	
	0.350382	
	0.347756	
	0.420032	
	0.409728	
	0.379359	
	0.339284	
	0.257262	
	0.215932	
	0.258056	
	0.293126	
	0.366316	
	0.317566	
	0.257471	
	0.251000	
	0.298106	
	0.313796	
	0.297359	
	0.271491	
	0.251160	
	0.251484	
	0.241160	
	0.185949	
	0.453719	
	0.654179	
	0.722871	
	0.645778	
	0.468836	
	0.513596	
	0.523098	
	0.492653	
	0.505683	
	0.539433	
	0.558245	
	0.482110	
	0.395363	
	0.377922	
	0.402778	
	0.299442	
	0.406544	
	0.414054	
	0.514092	
	0.549276	
	0.547083	
	0.511019	
	0.476215	
	0.444703	
	0.473842	
	0.474815	
	0.450591	
	0.342085	
	0.279529	
	0.300836	
	0.353798	
	0.438901	
	0.420679	
	0.344174	
	0.345185	
	0.422842	
	0.451682	
	0.405614	
	0.325776	
	0.308878	
	0.271005	
	0.227440	
	0.199600	
	0.192697	
	0.246331	
	0.183337	
	0.345819	
	0.531789	
	0.562318	
	0.532107	
	0.493016	
	0.474020	
	0.445165	
	0.439862	
	0.330261	
	0.228485	
	0.215662	
	0.223093	
	0.276760	
	0.387682	
	0.454205	
	0.454413	
	0.473807	
	0.496596	
	0.503446	
	0.498722	
	0.517220	
	0.513553	
	0.517402	
	0.478614	
	0.407678	
	0.349840	
	0.472492	
	0.470741	
	0.496758	
	0.484049	
	0.421478	
	0.384202	
	0.425867	
	0.423314	
	0.412624	
	0.392673	
	0.403893	
	0.440102	
	0.407215	
	0.434001	
	0.321219	
	0.359124	
	0.486970	
	0.456247	
	0.520810	
	0.459917	
	0.441372	
	0.414056	
	0.438485	
	0.369591	
	0.279727	
	0.235251	
	0.301590	
	0.640006	
	0.570957	
	0.310761	
	0.273573	
	0.350418	
	0.433702	
	0.411193	
	0.423953	
	0.393707	
	0.417577	
	0.418837	
	0.408781	
	0.390501	
	0.334709	
	0.313955	
	0.323921	
	0.310320	
	0.295789	
	0.305274	
	0.316990	
	0.313516	
	0.343088	
	0.351163	
	0.353386	
	0.357535	
	0.356734	
	0.356122	
	0.342205	
	0.342877	
	0.390862	
	0.488813	
	0.495585	
	0.476929	
	0.407270	
	0.401890	
	0.376660	
	0.377446	
	0.375571	
	0.385251	
	0.372550	
	0.365470	
	0.357802	
	0.408453	
	0.425536	
	0.406781	
	0.359828	
	0.373578	
	0.392213	
	0.378169	
	0.384519	
	0.375156	
	0.386346	
	0.431118	
	0.374472	
	0.326731	
	0.342350	
	0.352746	
	0.336490	
	0.270984	
	0.249899	
	0.271588	
	0.317127	
	0.298599	
	0.312699	
	0.308951	
	0.258583	
	0.334670	
	0.306488	
	0.331201	
	0.335862	
	0.334487	
	0.276331	
	0.303734	
	0.316312	
	0.314083	
	0.329154	
	0.306193	
	0.282545	
	0.308452	
	0.337112	
	0.347709	
	0.352309	
	0.379267	
	0.314781	
	0.410362	
	0.496820	
	0.561082	
	0.520532	
	0.504361	
	0.452131	
	0.416461	
	0.332035	
	0.294341	
	0.320186	
	0.336918	
	0.317931	
	0.418114	
	0.567081	
	0.575659	
	0.371610	
	0.317988	
	0.411264	
	0.433636	
	0.440763	
	0.384820	
	0.348978	
	0.250541	
	0.164426	
	0.137232	
	0.266295	
	0.399884	
	0.325943	
	0.384981	
	0.414628	
	0.373709	
	0.335356	
	0.346395	
	0.405234	
	0.419490	
	0.359832	
	0.390100	
	0.405214	
	0.324854	
	0.257523	
	0.214704	
	0.158049	
	0.144866	
	0.151319	
	0.198014	
	0.235606	
	0.301972	
	0.322866	
	0.343510	
	0.398654	
	0.419407	
	0.356181	
	0.478555	
	0.657276	
	0.663512	
	0.616375	
	0.606289	
	0.418167	
	0.533148	
	0.510524	
	0.486299	
	0.455223	
	0.422564	
	0.443784	
	0.410545	
	0.400090	
	0.335173	
	0.308265	
	0.513478	
	0.596875	
	0.618794	
	0.456858	
	0.379810	
	0.274291	
	0.179830	
	0.189688	
	0.169300	
	0.153992	
	0.147746	
	0.190052	
	0.251388	
	0.287660	
	0.302747	
	0.229327	
	0.247911	
	0.188180	
	0.179172	
	0.195072	
	0.183833	
	0.186497	
	0.156372	
	0.180887	
	0.202702	
	0.195585	
	0.217263	
	0.179983	
	0.158578	
	0.171519	
	0.492842	
	0.270871	
	0.225018	
	0.218275	
	0.191495	
	0.201217	
	0.198779	
	0.469543	
	0.307978	
	0.250331	
	0.263861	
	0.358274	
	0.205769	
	0.237688	
	0.496124	
	0.453693	
	0.481644	
	0.476388	
	0.505034	
	0.471594	
	0.397833	
	0.484458	
	0.428869	
	0.384917	
	0.416553	
	0.370849	
	0.217393	
	0.205165	
	0.341038	
	0.303228	
	0.304034	
	0.357106	
	0.379840	
	0.393886	
	0.288182	
	0.343171	
	0.367696	
	0.457925	
	0.358694	
	0.387677	
	0.372732	
	0.345592	
	0.540386	
	0.467166	
	0.514467	
	0.568521	
	0.587012	
	0.577678	
	0.572817	
	0.571041	
	0.564035	
	0.544429	
	0.551478	
	0.601402	
	0.579904	
	0.590700	
	0.569891	
	0.584643	
	0.551876	
	0.577491	
	0.576754	
	0.527229	
	0.500201	
	0.506782	
	0.521011	
	0.533335	
	0.566602	
	0.553976	
	0.566171	
	0.541987	
	0.480237	
	0.570722	
	0.533419	
	0.545844	
	0.535526	
	0.486458	
	0.469305	
	0.525723	
	0.514050	
	0.546542	
	0.538834	
	0.504085	
	0.476410	
	0.519883	
	0.410068	
	0.363927	
	0.391474	
	0.366512	
	0.374414	
	0.383510	
	0.369301	
	0.342691	
	0.323422	
	0.282720	
	0.294076	
	0.250620	
	0.253884	
	0.298201	
	0.332261	
	0.251974	
	0.336777	
	0.418193	
	0.406257	
	0.414162	
	0.411198	
	0.355666	
	0.339062	
	0.271575	
	0.318006	
	0.275301	
	0.424436	
	0.639919	
	0.476206	
	0.307490	
	0.383455	
	0.367856	
	0.358786	
	0.359525	
	0.374311	
	0.410826	
	0.414789	
	0.420283	
	0.436672	
	0.409965	
	0.304548	
	0.305805	
	0.464411	
	0.496041	
	0.473685	
	0.534283	
	0.500562	
	0.480358	
	0.456381	
	0.464341	
	0.419628	
	0.434104	
	0.431639	
	0.442801	
	0.391327	
	0.269498	
	0.336881	
	0.350174	
	0.318821	
	0.576052	
	0.680907	
	0.720982	
	0.705706	
	0.685549	
	0.645099	
	0.576683	
	0.471922	
	0.463655	
	0.392855	
	0.329222	
	0.316078	
	0.302475	
	0.322564	
	0.342246	
	0.384170	
	0.348580	
	0.345062	
	0.343613	
	0.320995	
	0.271339	
	0.164486	
	0.152838	
	0.170413	
	0.238779	
	0.371576	
	0.377066	
	0.373209	
	0.369858	
	0.351921	
	0.330620	
	0.330320	
	0.353339	
	0.355696	
	0.357403	
	0.349744	
	0.356136	
	0.356730	
	0.393762	
	0.445306	
	0.569574	
	0.518846	
	0.538310	
	0.476164	
	0.453854	
	0.448825	
	0.449807	
	0.447859	
	0.420271	
	0.427503	
	0.466724	
	0.400062	
	0.406222	
	0.360374	
	0.289161	
	0.345272	
	0.420490	
	0.356920	
	0.356074	
	0.325713	
	0.277323	
	0.305882	
	0.325174	
	0.294605	
	0.259087	
	0.189060	
	0.257785	
	0.229285	
	0.228586	
	0.263644	
	0.333434	
	0.367467	
	0.411861	
	0.432201	
	0.400985	
	0.313750	
	0.224769	
	0.199199	
	0.319545	
	0.569481	
	0.714538	
	0.744893	
	0.526856	
	0.269027	
	0.215125	
	0.200524	
	0.278538	
	0.357237	
	0.377376	
	0.392585	
	0.447741	
	0.445628	
	0.332970	
	0.194325	
	0.517234	
	0.486361	
	0.525780	
	0.478305	
	0.483859	
	0.431840	
	0.406371	
	0.394097	
	0.425640	
	0.412722	
	0.443479	
	0.380903	
	0.283056	
	0.178777	
	0.254855	
	0.259114	
	0.253716	
	0.280160	
	0.492705	
	0.746442	
	0.766034	
	0.774871	
	0.755749	
	0.681022	
	0.641807	
	0.469740	
	0.498902	
	0.429456	
	0.381488	
	0.297873	
	0.266864	
	0.332512	
	0.349573	
	0.321686	
	0.275749	
	0.275056	
	0.181849	
	0.173929	
	0.180570	
	0.158109	
	0.165349	
	0.154355	
	0.147854	
	0.166958	
	0.247819	
	0.339339	
	0.412334	
	0.389594	
	0.372348	
	0.350644	
	0.386704	
	0.391663	
	0.398927	
	0.384293	
	0.385173	
	0.390239	
	0.473124	
	0.526285	
	0.548622	
	0.534941	
	0.512818	
	0.510396	
	0.451938	
	0.484334	
	0.495768	
	0.452658	
	0.422034	
	0.393077	
	0.446279	
	0.447161	
	0.417430	
	0.338954	
	0.292885	
	0.295672	
	0.329057	
	0.308555	
	0.324146	
	0.281378	
	0.225863	
	0.250199	
	0.220850	
	0.202047	
	0.206955	
	0.204746	
	0.308913	
	0.261375	
	0.291999	
	0.310867	
	0.376989	
	0.393851	
	0.373892	
	0.345927	
	0.299449	
	0.199152	
	0.151584	
	0.132324	
	0.165539	
	0.217394	
	0.292381	
	0.362799	
	0.335371	
	0.295056	
	0.268317	
	0.194515	
	0.169891	
	0.162111	
	0.169714	
	0.163585	
	0.152286	
	0.143099	
	0.144492	
	0.230702	
	0.196522	
	0.187447	
	0.197210	
	0.148464	
	0.142755	
	0.132652	
	0.150840	
	0.154968	
	0.184416	
	0.190033	
	0.172532	
	0.162950	
	0.195976	
	0.227306	
	0.441715	
	0.477386	
	0.426768	
	0.419542	
	0.364327	
	0.375901	
	0.375334	
	0.391018	
	0.356132	
	0.369332	
	0.364807	
	0.342432	
	0.338590	
	0.375460	
	0.390129	
	0.312295	
	0.316437	
	0.323062	
	0.353597	
	0.357814	
	0.350183	
	0.329376	
	0.316058	
	0.331097	
	0.403866	
	0.236617	
	0.222565	
	0.245763	
	0.284241	
	0.390340	
	0.425971	
	0.377795	
	0.373409	
	0.326353	
	0.330863	
	0.335614	
	0.369989	
	0.420554	
	0.409777	
	0.430127	
	0.428879	
	0.407164	
	0.354389	
	0.299317	
	0.294715	
	0.314921	
	0.286697	
	0.301765	
	0.321268	
	0.288619	
	0.294529	
	0.334047	
	0.324203	
	0.333076	
	0.349954	
	0.359440	
	0.309500	
	0.248446	
	0.272265	
	0.272880	
	0.275630	
	0.302747	
	0.300505	
	0.308453	
	0.303160	
	0.288871	
	0.280397	
	0.304202	
	0.303655	
	0.339323	
	0.334408	
	0.274756	
	0.283217	
	0.285070	
	0.304856	
	0.322985	
	0.323035	
	0.346155	
	0.343306	
	0.333810	
	0.326933	
	0.310700	
	0.317198	
	0.311251	
	0.308793	
	0.351266	
	0.391768	
	0.389035	
	0.400516	
	0.385288	
	0.409579	
	0.363828	
	0.343710	
	0.322014	
	0.344102	
	0.327589	
	0.331242	
	0.344031	
	0.319139	
	0.292051	
	0.273040	
	0.283434	
	0.294173	
	0.250844	
	0.237873	
	0.259647	
	0.278575	
	0.282866	
	0.297070	
	0.271906	
	0.236145	
	0.246664	
	0.207181	
	0.235467	
	0.217786	
	0.212305	
	0.180240	
	0.166576	
	0.207689	
	0.189019	
	0.187459	
	0.168974	
	0.178196	
	0.153470	
	0.159116	
	0.321675	
	0.578612	
	0.494178	
	0.405651	
	0.338508	
	0.269356	
	0.204224	
	0.190224	
	0.196114	
	0.193444	
	0.192427	
	0.182810	
	0.174889	
	0.179361	
	0.516872	
	0.661647	
	0.467382	
	0.351893	
	0.224710	
	0.181174	
	0.181078	
	0.348401	
	0.272831	
	0.105505	
	0.119404	
	0.109361	
	0.109312	
	0.129344	
	0.600989	
	0.670480	
	0.719095	
	0.667215	
	0.585856	
	0.536706	
	0.457083	
	0.385979	
	0.370280	
	0.312834	
	0.290295	
	0.283635	
	0.279688	
	0.257567	
	0.545432	
	0.544572	
	0.387544	
	0.362103	
	0.293025	
	0.270648	
	0.273126	
	0.314944	
	0.460490	
	0.400869	
	0.312134	
	0.274646	
	0.236992	
	0.217885	
	0.473209	
	0.546013	
	0.442861	
	0.371914	
	0.359403	
	0.316588	
	0.251353	
	0.225211	
	0.245331	
	0.209477	
	0.203823	
	0.236154	
	0.225188	
	0.207350	
	0.321168	
	0.799564	
	0.706504	
	0.545259	
	0.460384	
	0.364396	
	0.306475	
	0.370050	
	0.259791	
	0.153444	
	0.151245	
	0.193932	
	0.187748	
	0.169670	
	0.599177	
	0.605689	
	0.665922	
	0.613407	
	0.562272	
	0.478283	
	0.446308	
	0.355534	
	0.359173	
	0.334187	
	0.338062	
	0.289649	
	0.277207	
	0.277362	
	0.261337	
	0.244410	
	0.254832	
	0.245230	
	0.240223	
	0.269147	
	0.243543	
	0.241719	
	0.254138	
	0.267156	
	0.237808	
	0.247859	
	0.229150	
	0.203099	
	0.589277	
	0.619459	
	0.528639	
	0.478629	
	0.362353	
	0.298925	
	0.261432	
	0.217038	
	0.212115	
	0.199018	
	0.233588	
	0.240162	
	0.231174	
	0.266844	
	0.710091	
	0.650961	
	0.463927	
	0.378433	
	0.267344	
	0.245536	
	0.199263	
	0.359703	
	0.188532	
	0.098010	
	0.158100	
	0.132468	
	0.119511	
	0.338207	
	0.634093	
	0.718865	
	0.704623	
	0.632782	
	0.525130	
	0.502472	
	0.466217	
	0.384596	
	0.322506	
	0.324798	
	0.304408	
	0.302159	
	0.276454	
	0.311392	
	0.566154	
	0.427816	
	0.341657	
	0.289177	
	0.247259	
	0.232375	
	0.214300	
	0.374226	
	0.450808	
	0.320482	
	0.258556	
	0.213373	
	0.179958	
	0.231986	
	0.542062	
	0.503364	
	0.404164	
	0.396379	
	0.313194	
	0.257145	
	0.237390	
	0.200283	
	0.221229	
	0.189843	
	0.190610	
	0.182839	
	0.194067	
	0.193409	
	0.600722	
	0.781499	
	0.605713	
	0.517045	
	0.391904	
	0.347274	
	0.262175	
	0.333947	
	0.175071	
	0.138631	
	0.163142	
	0.196848	
	0.164475	
	0.431504	
	0.599337	
	0.659077	
	0.687367	
	0.631882	
	0.542000	
	0.480223	
	0.440520	
	0.399639	
	0.380541	
	0.386186	
	0.339315	
	0.315581	
	0.327327	
	0.300633	
	0.220677	
	0.219865	
	0.204821	
	0.203730	
	0.211225	
	0.254323	
	0.225138	
	0.293905	
	0.185819	
	0.208363	
	0.216941	
	0.210102	
	0.201309	
	0.289910	
	0.566133	
	0.553748	
	0.464856	
	0.386579	
	0.275557	
	0.234606	
	0.221867	
	0.194601	
	0.190598	
	0.193116	
	0.206044	
	0.189119	
	0.190545	
	0.384756	
	0.641691	
	0.494841	
	0.352066	
	0.251839	
	0.203486	
	0.159751	
	0.146859	
	0.155579	
	0.174459	
	0.153073	
	0.160281	
	0.169349	
	0.154459	
	0.574004	
	0.653378	
	0.700938	
	0.672077	
	0.625550	
	0.503162	
	0.472825	
	0.403028	
	0.356986	
	0.313252	
	0.277683	
	0.271457	
	0.236810	
	0.234197	
	0.440405	
	0.569034	
	0.428346	
	0.357203	
	0.308103	
	0.253643	
	0.241855	
	0.244921	
	0.183432	
	0.151479	
	0.139002	
	0.142597	
	0.170876	
	0.167347	
	0.457653	
	0.582058	
	0.481181	
	0.402341	
	0.361729	
	0.292156	
	0.213143	
	0.222830	
	0.187406	
	0.223355	
	0.196320	
	0.202349	
	0.200295	
	0.228141	
	0.351449	
	0.535947	
	0.499080	
	0.448096	
	0.403177	
	0.335775	
	0.271986	
	0.286618	
	0.283824	
	0.276013	
	0.261610	
	0.291169	
	0.267274	
	0.255447	
	0.586059	
	0.613175	
	0.427241	
	0.330717	
	0.267131	
	0.234791	
	0.225407	
	0.338706	
	0.250746	
	0.129826	
	0.135060	
	0.146845	
	0.156495	
	0.145656	
	0.569672	
	0.589485	
	0.675452	
	0.668639	
	0.581751	
	0.524244	
	0.442550	
	0.411511	
	0.361214	
	0.336875	
	0.330051	
	0.299391	
	0.301816	
	0.293747	
	0.545808	
	0.620376	
	0.489813	
	0.419827	
	0.341246	
	0.262949	
	0.217288	
	0.228387	
	0.254657	
	0.198901	
	0.201311	
	0.185287	
	0.171165	
	0.184433	
	0.448665	
	0.529912	
	0.359600	
	0.311133	
	0.230129	
	0.191694	
	0.176456	
	0.330296	
	0.229211	
	0.122518	
	0.135514	
	0.168340	
	0.142219	
	0.155426	
	0.596647	
	0.695236	
	0.698126	
	0.641276	
	0.544778	
	0.445987	
	0.426718	
	0.374557	
	0.307741	
	0.319477	
	0.318243	
	0.270089	
	0.268935	
	0.254432	
	0.585096	
	0.494654	
	0.413345	
	0.359631	
	0.289752	
	0.249009	
	0.242269	
	0.249297	
	0.225019	
	0.212706	
	0.221048	
	0.225614	
	0.236316	
	0.260496	
	0.521373	
	0.559270	
	0.471746	
	0.376146	
	0.345566	
	0.258032	
	0.249080	
	0.202336	
	0.201964	
	0.185630	
	0.176054	
	0.190995	
	0.183757	
	0.191111	
	0.443167	
	0.726114	
	0.616829	
	0.495418	
	0.408737	
	0.346553	
	0.289957	
	0.359017	
	0.254847	
	0.152860	
	0.189922	
	0.209222	
	0.192347	
	0.215637	
	0.595665	
	0.624887	
	0.662069	
	0.592343	
	0.529314	
	0.430744	
	0.420201	
	0.369519	
	0.355784	
	0.298610	
	0.314629	
	0.283673	
	0.292572	
	0.272060	
	0.309379	
	0.259935	
	0.275341	
	0.266716	
	0.267074	
	0.253871	
	0.232617	
	0.251434	
	0.244458	
	0.226181	
	0.232770	
	0.229026	
	0.242264	
	0.245693	
	0.584267	
	0.581891	
	0.473897	
	0.409107	
	0.346566	
	0.260810	
	0.228330	
	0.177511	
	0.202714	
	0.189248	
	0.191473	
	0.183396	
	0.159860	
	0.335026	
	0.620883	
	0.672325	
	0.694693	
	0.667188	
	0.579876	
	0.511732	
	0.439415	
	0.354084	
	0.224922	
	0.232558	
	0.267246	
	0.257667	
	0.230891	
	0.366295	
	0.652469	
	0.714169	
	0.650059	
	0.599497	
	0.490079	
	0.438428	
	0.371147	
	0.322078	
	0.303309	
	0.256259	
	0.244256	
	0.236758	
	0.226689	
	0.376895	
	0.621638	
	0.667107	
	0.665912	
	0.608274	
	0.604719	
	0.498887	
	0.430126	
	0.405206	
	0.363468	
	0.335827	
	0.352715	
	0.317054	
	0.345997	
	0.346472	
	0.248690	
	0.171628	
	0.191014	
	0.212441	
	0.214732	
	0.197520	
	0.168682	
	0.137971	
	0.122678	
	0.345008	
	0.714708	
	0.798725	
	0.832281	
	0.832266	
	0.694871	
	0.391547	
	0.416012	
	0.346938	
	0.299760	
	0.240463	
	0.231257	
	0.241691	
	0.257998	
	0.286040	
	0.489626	
	0.792641	
	0.839096	
	0.830251	
	0.767529	
	0.513001	
	0.419221	
	0.410302	
	0.363439	
	0.380868	
	0.359269	
	0.359627	
	0.387326	
	0.419475	
	0.516766	
	0.594069	
	0.541360	
	0.370550	
	0.376875	
	0.353288	
	0.352306	
	0.546629	
	0.753265	
	0.812926	
	0.850093	
	0.837250	
	0.676256	
	0.492537	
	0.515899	
	0.523307	
	0.556185	
	0.521058	
	0.446830	
	0.403579	
	0.395954	
	0.375801	
	0.313665	
	0.242039	
	0.228329	
	0.191274	
	0.164785	
	0.178883	
	0.323393	
	0.754983	
	0.765126	
	0.773008	
	0.728587	
	0.488588	
	0.398443	
	0.396634	
	0.333499	
	0.233344	
	0.193908	
	0.177741	
	0.156262	
	0.159227	
	0.151743	
	0.185678	
	0.666909	
	0.808033	
	0.564111	
	0.453858	
	0.425772	
	0.313489	
	0.306445	
	0.367153	
	0.344479	
	0.338461	
	0.331849	
	0.314116	
	0.234315	
	0.225628	
	0.177517	
	0.224824	
	0.313671	
	0.311096	
	0.287910	
	0.315057	
	0.320203	
	0.300399	
	0.317030	
	0.360513	
	0.357402	
	0.385254	
	0.248446	
	0.317141	
	0.780594	
	0.859150	
	0.690970	
	0.572991	
	0.419678	
	0.418438	
	0.345061	
	0.261470	
	0.239642	
	0.237359	
	0.213157	
	0.194505	
	0.174776	
	0.198127	
	0.178479	
	0.196976	
	0.203295	
	0.230688	
	0.410238	
	0.418633	
	0.334231	
	0.353109	
	0.252573	
	0.198409	
	0.236088	
	0.254142	
	0.252156	
	0.285565	
	0.305084	
	0.316985	
	0.328934	
	0.343527	
	0.346426	
	0.320849	
	0.295811	
	0.284954	
	0.271647	
	0.271184	
	0.289981	
	0.295480	
	0.283479	
	0.286704	
	0.308051	
	0.343542	
	0.339800	
	0.308288	
	0.329099	
	0.354393	
	0.310024	
	0.294045	
	0.313023	
	0.304057	
	0.297111	
	0.293140	
	0.320675	
	0.314320	
	0.344590	
	0.379262	
	0.294874	
	0.276817	
	0.244289	
	0.249975	
	0.253487	
	0.242048	
	0.252262	
	0.254806	
	0.258091	
	0.254946	
	0.245053	
	0.224928	
	0.261766	
	0.233357	
	0.243952	
	0.222477	
	0.229549	
	0.228509	
	0.208347	
	0.238997	
	0.297863	
	0.247550	
	0.251069	
	0.225939	
	0.245339	
	0.233232	
	0.197080	
	0.283883	
	0.270084	
	0.241179	
	0.229657	
	0.197698	
	0.203422	
	0.175981	
	0.187671	
	0.194262	
	0.161046	
	0.159638	
	0.152098	
	0.149203	
	0.134466	
	0.318493	
	0.217383	
	0.217400	
	0.197139	
	0.184150	
	0.184611	
	0.203599	
	0.219811	
	0.172737	
	0.185611	
	0.174555	
	0.168686	
	0.154089	
	0.210371	
	0.217138	
	0.127649	
	0.140042	
	0.159030	
	0.149241	
	0.130651	
	0.096017	
	0.073520	
	0.076479	
	0.095434	
	0.072293	
	0.293402	
	0.689271	
	0.656332	
	0.433355	
	0.318372	
	0.313329	
	0.337387	
	0.315437	
	0.310803	
	0.284940	
	0.268809	
	0.232382	
	0.205508	
	0.206065	
	0.174009	
	0.214045	
	0.176275	
	0.271173	
	0.360388	
	0.408424	
	0.350803	
	0.286208	
	0.266288	
	0.221663	
	0.196120	
	0.186585	
	0.192798	
	0.184896	
	0.201456	
	0.178774	
	0.199222	
	0.273746	
	0.301261	
	0.306756	
	0.355092	
	0.365821	
	0.378934	
	0.400172	
	0.400474	
	0.386940	
	0.422710	
	0.478495	
	0.734675	
	0.743978	
	0.757200	
	0.648727	
	0.367516	
	0.287584	
	0.313001	
	0.239405	
	0.284012	
	0.302410	
	0.278686	
	0.260692	
	0.290550	
	0.246855	
	0.210249	
	0.172522	
	0.180774	
	0.290118	
	0.403677	
	0.428704	
	0.418738	
	0.417040	
	0.478293	
	0.779448	
	0.841611	
	0.430564	
	0.404614	
	0.370259	
	0.326110	
	0.305874	
	0.270550	
	0.240742	
	0.221539	
	0.192773	
	0.218664	
	0.198113	
	0.184326	
	0.215896	
	0.256253	
	0.390928	
	0.457598	
	0.444875	
	0.401451	
	0.298758	
	0.294824	
	0.301227	
	0.291490	
	0.263388	
	0.218867	
	0.152037	
	0.149772	
	0.146293	
	0.123820	
	0.210434	
	0.263861	
	0.235833	
	0.328689	
	0.384579	
	0.334095	
	0.284586	
	0.284284	
	0.253537	
	0.276133	
	0.213738	
	0.220249	
	0.226153	
	0.217881	
	0.217321	
	0.210834	
	0.205468	
	0.201213	
	0.178986	
	0.208951	
	0.264308	
	0.320447	
	0.280789	
	0.181395	
	0.196343	
	0.156288	
	0.174020	
	0.187299	
	0.162031	
	0.151299	
	0.181892	
	0.186548	
	0.189338	
	0.172652	
	0.139335	
	0.171673	
	0.208322	
	0.210935	
	0.224217	
	0.207792	
	0.206596	
	0.223804	
	0.242686	
	0.235037	
	0.222234	
	0.221019	
	0.212471	
	0.217646	
	0.204961	
	0.225608	
	0.225300	
	0.206374	
	0.197951	
	0.201437	
	0.198148	
	0.190794	
	0.283868	
	0.231404	
	0.211925	
	0.205149	
	0.201055	
	0.194550	
	0.206151	
	0.191732	
	0.180856	
	0.175298	
	0.183548	
	0.184529	
	0.188197	
	0.185982	
	0.209298	
	0.213092	
	0.197442	
	0.180979	
	0.169116	
	0.172962	
	0.167541	
	0.234580	
	0.214438	
	0.198315	
	0.182144	
	0.176604	
	0.165631	
	0.149394	
	0.192436	
	0.180469	
	0.159723	
	0.175573	
	0.151961	
	0.138974	
	0.119215	
	0.109358	
	0.126033	
	0.098075	
	0.105860	
	0.105842	
	0.098615	
	0.099905	
	0.266492	
	0.224210	
	0.200473	
	0.165499	
	0.155550	
	0.176388	
	0.151588	
	0.190685	
	0.199824	
	0.202036	
	0.244459	
	0.305498	
	0.350237	
	0.348661	
	0.354730	
	0.319968	
	0.377329	
	0.362366	
	0.381505	
	0.425236	
	0.427681	
	0.364224	
	0.276025	
	0.177526	
	0.124401	
	0.140272	
	0.172416	
	0.389165	
	0.474361	
	0.415362	
	0.415346	
	0.316871	
	0.242460	
	0.233835	
	0.248631	
	0.219163	
	0.240716	
	0.247308	
	0.229022	
	0.258142	
	0.264403	
	0.292599	
	0.222773	
	0.322594	
	0.398356	
	0.357708	
	0.320310	
	0.323353	
	0.334450	
	0.396601	
	0.408947	
	0.406880	
	0.368365	
	0.212685	
	0.208055	
	0.501524	
	0.518541	
	0.307598	
	0.236564	
	0.192240	
	0.196462	
	0.186640	
	0.157849	
	0.134965	
	0.144352	
	0.403547	
	0.729834	
	0.517815	
	0.412922	
	0.471422	
	0.437181	
	0.371966	
	0.379701	
	0.357132	
	0.351831	
	0.316501	
	0.361321	
	0.361996	
	0.341139	
	0.348170	
	0.384023	
	0.379213	
	0.358343	
	0.375352	
	0.432039	
	0.360485	
	0.394693	
	0.363411	
	0.318139	
	0.311644	
	0.348522	
	0.327427	
	0.369122	
	0.380126	
	0.302917	
	0.363279	
	0.416050	
	0.350807	
	0.333487	
	0.320318	
	0.253216	
	0.236124	
	0.204526	
	0.205858	
	0.210261	
	0.193069	
	0.140702	
	0.164227	
	0.336696	
	0.368973	
	0.421057	
	0.583041	
	0.491407	
	0.477678	
	0.462086	
	0.368066	
	0.278744	
	0.161102	
	0.151240	
	0.149932	
	0.131149	
	0.210899	
	0.203564	
	0.194597	
	0.163357	
	0.181531	
	0.232285	
	0.335906	
	0.368618	
	0.348381	
	0.330082	
	0.303936	
	0.362350	
	0.369177	
	0.392128	
	0.404184	
	0.470723	
	0.497324	
	0.351848	
	0.270892	
	0.299307	
	0.370895	
	0.309929	
	0.256493	
	0.215465	
	0.172273	
	0.155744	
	0.203208	
	0.206228	
	0.228345	
	0.477545	
	0.733725	
	0.790331	
	0.790234	
	0.705595	
	0.403431	
	0.405757	
	0.382190	
	0.284991	
	0.175380	
	0.165475	
	0.251779	
	0.294912	
	0.339764	
	0.436246	
	0.603420	
	0.674624	
	0.722845	
	0.531287	
	0.347051	
	0.385861	
	0.386672	
	0.339283	
	0.338865	
	0.347000	
	0.358108	
	0.341771	
	0.372911	
	0.271523	
	0.223066	
	0.423261	
	0.798334	
	0.610439	
	0.398519	
	0.317215	
	0.281241	
	0.303692	
	0.351142	
	0.400149	
	0.355413	
	0.364418	
	0.396867	
	0.414779	
	0.412129	
	0.423384	
	0.425042	
	0.413185	
	0.290677	
	0.183277	
	0.135723	
	0.168243	
	0.245173	
	0.310988	
	0.279299	
	0.274346	
	0.262832	
	0.293909	
	0.279527	
	0.303282	
	0.315116	
	0.282877	
	0.257030	
	0.229686	
	0.218556	
	0.214908	
	0.197886	
	0.221107	
	0.220195	
	0.194404	
	0.227972	
	0.264584	
	0.260203	
	0.290507	
	0.271697	
	0.261341	
	0.277375	
	0.213998	
	0.193601	
	0.183049	
	0.156081	
	0.189705	
	0.204213	
	0.153524	
	0.137285	
	0.133508	
	0.119745	
	0.117631	
	0.336786	
	0.353046	
	0.345271	
	0.409073	
	0.475473	
	0.509566	
	0.502884	
	0.521324	
	0.417377	
	0.233806	
	0.175036	
	0.136045	
	0.150108	
	0.141556	
	0.245908	
	0.422592	
	0.441035	
	0.325827	
	0.250465	
	0.284881	
	0.302230	
	0.265410	
	0.280209	
	0.291166	
	0.309404	
	0.300610	
	0.271919	
	0.206699	
	0.219037	
	0.221826	
	0.227949	
	0.212133	
	0.199423	
	0.175999	
	0.172236	
	0.187494	
	0.179193	
	0.216558	
	0.209711	
	0.207941	
	0.228416	
	0.276648	
	0.242659	
	0.283026	
	0.322098	
	0.288398	
	0.262232	
	0.281127	
	0.306328	
	0.305814	
	0.343808	
	0.369262	
	0.338389	
	0.240170	
	0.162707	
	0.186487	
	0.413872	
	0.516651	
	0.434305	
	0.245119	
	0.259750	
	0.218014	
	0.259553	
	0.258035	
	0.261448	
	0.225672	
	0.238016	
	0.232889	
	0.217015	
	0.212353	
	0.237111	
	0.231774	
	0.247557	
	0.224790	
	0.245270	
	0.403234	
	0.551196	
	0.635564	
	0.660473	
	0.674840	
	0.665568	
	0.449457	
	0.375150	
	0.351251	
	0.339373	
	0.283712	
	0.294727	
	0.234879	
	0.217076	
	0.245919	
	0.216730	
	0.261745	
	0.267902	
	0.261691	
	0.224479	
	0.187569	
	0.158214	
	0.138140	
	0.155888	
	0.187454	
	0.161885	
	0.162991	
	0.176506	
	0.251024	
	0.273320	
	0.265355	
	0.291463	
	0.320093	
	0.307723	
	0.301021	
	0.264965	
	0.265725	
	0.320735	
	0.320572	
	0.335176	
	0.323649	
	0.376713	
	0.383203	
	0.400731	
	0.407430	
	0.352871	
	0.309567	
	0.280636	
	0.283187	
	0.296977	
	0.275848	
	0.261371	
	0.301598	
	0.299878	
	0.287723	
	0.276100	
	0.244312	
	0.268819	
	0.239076	
	0.234077	
	0.217424	
	0.218589	
	0.249664	
	0.230058	
	0.235496	
	0.226571	
	0.255506	
	0.259477	
	0.256407	
	0.273163	
	0.251722	
	0.250576	
	0.256707	
	0.246093	
	0.256453	
	0.248767	
	0.236804	
	0.250045	
	0.202905	
	0.217522	
	0.213256	
	0.289332	
	0.293136	
	0.288343	
	0.239382	
	0.191982	
	0.184311	
	0.205173	
	0.177666	
	0.226552	
	0.230749	
	0.248033	
	0.267598	
	0.286880	
	0.276202	
	0.289495	
	0.305925	
	0.302865	
	0.308574	
	0.287283	
	0.292688	
	0.321050	
	0.300549	
	0.298381	
	0.312735	
	0.307365	
	0.344453	
	0.583072	
	0.379851	
	0.288261	
	0.295088	
	0.285929	
	0.322634	
	0.347637	
	0.450974	
	0.359396	
	0.355886	
	0.368509	
	0.356213	
	0.316772	
	0.339390	
	0.449896	
	0.342326	
	0.336892	
	0.325819	
	0.337652	
	0.337943	
	0.372742	
	0.502677	
	0.379418	
	0.397005	
	0.360087	
	0.441747	
	0.369598	
	0.369470	
	0.403938	
	0.364374	
	0.417086	
	0.442252	
	0.451177	
	0.479089	
	0.506494	
	0.518660	
	0.513055	
	0.612350	
	0.618723	
	0.663855	
	0.655477	
	0.664262	
	0.580160	
	0.582496	
	0.571915	
	0.571844	
	0.614114	
	0.647886	
	0.649350	
	0.680021	
	0.656160	
	0.694967	
	0.692503	
	0.687625	
	0.695731	
	0.716821	
	0.797405	
	0.761658	
	0.722682	
	0.698385	
	0.657671	
	0.618260	
	0.610645	
	0.594585	
	0.576616	
	0.595078	
	0.576052	
	0.561416	
	0.561311	
	0.525604	
	0.500666	
	0.538206	
	0.467385	
	0.509251	
	0.541504	
	0.541623	
	0.528506	
	0.561232	
	0.539074	
	0.567604	
	0.572421	
	0.589816	
	0.564489	
	0.555310	
	0.421128	
	0.367325	
	0.424976	
	0.475811	
	0.482934	
	0.481783	
	0.474284	
	0.496950	
	0.495133	
	0.476744	
	0.485212	
	0.494175	
	0.478797	
	0.440134	
	0.408414	
	0.371419	
	0.462036	
	0.467427	
	0.456098	
	0.423634	
	0.415766	
	0.415689	
	0.439203	
	0.429940	
	0.384549	
	0.655821	
	0.711222	
	0.757150	
	0.812967	
	0.621427	
	0.453744	
	0.435375	
	0.458002	
	0.404060	
	0.344072	
	0.315536	
	0.336988	
	0.365182	
	0.412700	
	0.470488	
	0.534481	
	0.488029	
	0.480972	
	0.443336	
	0.448498	
	0.460252	
	0.434427	
	0.425844	
	0.463556	
	0.423028	
	0.426037	
	0.443181	
	0.379376	
	0.373251	
	0.328227	
	0.353162	
	0.394948	
	0.452496	
	0.518640	
	0.560335	
	0.550307	
	0.468211	
	0.395277	
	0.344536	
	0.364967	
	0.621488	
	0.494528	
	0.460686	
	0.656303	
	0.815668	
	0.776908	
	0.768029	
	0.742515	
	0.565465	
	0.454869	
	0.434524	
	0.458599	
	0.451902	
	0.461584	
	0.475143	
	0.490162	
	0.495722	
	0.509558	
	0.521397	
	0.521775	
	0.478685	
	0.477414	
	0.477809	
	0.463499	
	0.408689	
	0.409929	
	0.390251	
	0.406019	
	0.405232	
	0.385710	
	0.383872	
	0.414695	
	0.486184	
	0.396896	
	0.401539	
	0.456248	
	0.488810	
	0.463859	
	0.463148	
	0.472553	
	0.479994	
	0.441830	
	0.464298	
	0.466070	
	0.435449	
	0.384024	
	0.388837	
	0.441303	
	0.460892	
	0.441597	
	0.547686	
	0.529522	
	0.506443	
	0.513303	
	0.504280	
	0.516739	
	0.433892	
	0.418590	
	0.400881	
	0.354284	
	0.445170	
	0.329320	
	0.405826	
	0.444903	
	0.475558	
	0.553552	
	0.586807	
	0.560199	
	0.569428	
	0.542017	
	0.520879	
	0.489769	
	0.439136	
	0.503607	
	0.599733	
	0.466016	
	0.466229	
	0.465228	
	0.456011	
	0.468194	
	0.375189	
	0.279927	
	0.306183	
	0.331843	
	0.268924	
	0.275164	
	0.296721	
	0.278118	
	0.444037	
	0.397905	
	0.420395	
	0.412281	
	0.404658	
	0.332155	
	0.344720	
	0.367276	
	0.422699	
	0.454637	
	0.688345	
	0.755980	
	0.735174	
	0.718342	
	0.697199	
	0.505492	
	0.553992	
	0.526699	
	0.445938	
	0.368642	
	0.355607	
	0.375090	
	0.389386	
	0.395971	
	0.410651	
	0.377294	
	0.393022	
	0.395688	
	0.372806	
	0.351685	
	0.378626	
	0.388880	
	0.425530	
	0.384012	
	0.379259	
	0.397967	
	0.389107	
	0.303640	
	0.267750	
	0.269944	
	0.289686	
	0.267742	
	0.375398	
	0.459543	
	0.503449	
	0.433521	
	0.376541	
	0.358638	
	0.381617	
	0.431234	
	0.398039	
	0.367923	
	0.377226	
	0.445631	
	0.631278	
	0.639300	
	0.528908	
	0.499208	
	0.456248	
	0.441459	
	0.437159	
	0.449340	
	0.472154	
	0.462325	
	0.436009	
	0.447121	
	0.457403	
	0.446052	
	0.466924	
	0.445298	
	0.386430	
	0.292475	
	0.291397	
	0.300620	
	0.299545	
	0.284559	
	0.316117	
	0.274418	
	0.290585	
	0.296187	
	0.443856	
	0.594781	
	0.703872	
	0.708196	
	0.642368	
	0.474014	
	0.406897	
	0.461706	
	0.437562	
	0.391175	
	0.356841	
	0.350130	
	0.330144	
	0.327341	
	0.343786	
	0.368054	
	0.373408	
	0.401231	
	0.417709	
	0.396936	
	0.413757	
	0.373171	
	0.391132	
	0.367177	
	0.363136	
	0.355580	
	0.364889	
	0.376765	
	0.311359	
	0.350337	
	0.324830	
	0.339115	
	0.436788	
	0.559499	
	0.519905	
	0.530147	
	0.474584	
	0.500057	
	0.458301	
	0.507440	
	0.571340	
	0.625561	
	0.598519	
	0.657554	
	0.692551	
	0.744743	
	0.527721	
	0.459429	
	0.454135	
	0.379878	
	0.310186	
	0.419869	
	0.721125	
	0.746619	
	0.615198	
	0.381503	
	0.366229	
	0.310396	
	0.292682	
	0.327438	
	0.286597	
	0.353980	
	0.476125	
	0.471148	
	0.414761	
	0.405592	
	0.361352	
	0.307562	
	0.317113	
	0.297446	
	0.274907	
	0.269796	
	0.478427	
	0.760351	
	0.734141	
	0.456404	
	0.454900	
	0.436164	
	0.330274	
	0.293465	
	0.281535	
	0.307562	
	0.289275	
	0.393194	
	0.635996	
	0.713129	
	0.679035	
	0.628612	
	0.501605	
	0.465725	
	0.426429	
	0.470674	
	0.380005	
	0.334861	
	0.347756	
	0.337969	
	0.358752	
	0.358030	
	0.383254	
	0.427644	
	0.529432	
	0.569003	
	0.516702	
	0.452737	
	0.437808	
	0.398922	
	0.371130	
	0.332449	
	0.339238	
	0.316504	
	0.392913	
	0.586381	
	0.789197	
	0.822965	
	0.802809	
	0.812031	
	0.683142	
	0.672196	
	0.457775	
	0.417063	
	0.453886	
	0.417518	
	0.414868	
	0.377742	
	0.369713	
	0.464306	
	0.437095	
	0.467294	
	0.449642	
	0.438469	
	0.451395	
	0.460027	
	0.482438	
	0.420080	
	0.460925	
	0.527895	
	0.478178	
	0.432872	
	0.471126	
	0.497266	
	0.468388	
	0.486845	
	0.480041	
	0.647751	
	0.514714	
	0.503711	
	0.454268	
	0.435844	
	0.435437	
	0.392022	
	0.364369	
	0.314543	
	0.333025	
	0.324368	
	0.366515	
	0.382548	
	0.358630	
	0.400387	
	0.396164	
	0.373189	
	0.406281	
	0.426240	
	0.371464	
	0.354267	
	0.351642	
	0.343283	
	0.351539	
	0.384771	
	0.343795	
	0.336214	
	0.308345	
	0.527936	
	0.480508	
	0.493329	
	0.577237	
	0.605881	
	0.639953	
	0.657731	
	0.671548	
	0.680238	
	0.686448	
	0.648690	
	0.658271	
	0.644176	
	0.632682	
	0.599706	
	0.595292	
	0.553059	
	0.571279	
	0.587843	
	0.547807	
	0.562335	
	0.555307	
	0.557200	
	0.569700	
	0.570893	
	0.524727	
	0.501802	
	0.530269	
	0.476706	
	0.532160	
	0.553421	
	0.561005	
	0.516097	
	0.485359	
	0.493503	
	0.486470	
	0.479580	
	0.478598	
	0.455697	
	0.483754	
	0.401497	
	0.388938	
	0.383084	
	0.352322	
	0.475807	
	0.457766	
	0.415135	
	0.409793	
	0.446970	
	0.449500	
	0.469378	
	0.526938	
	0.510536	
	0.481389	
	0.373752	
	0.360419	
	0.374109	
	0.431327	
	0.429454	
	0.421004	
	0.412667	
	0.407107	
	0.379180	
	0.384906	
	0.396179	
	0.406378	
	0.474173	
	0.448477	
	0.473210	
	0.373454	
	0.487922	
	0.587046	
	0.556362	
	0.572599	
	0.553382	
	0.522960	
	0.446573	
	0.299108	
	0.309694	
	0.291383	
	0.267641	
	0.344097	
	0.364125	
	0.412712	
	0.468194	
	0.436224	
	0.490357	
	0.479649	
	0.452680	
	0.426195	
	0.414638	
	0.359970	
	0.438949	
	0.469642	
	0.404540	
	0.427668	
	0.450323	
	0.411527	
	0.401292	
	0.277836	
	0.258391	
	0.306663	
	0.392034	
	0.471018	
	0.535626	
	0.612037	
	0.634936	
	0.648945	
	0.575880	
	0.446416	
	0.362860	
	0.380672	
	0.407711	
	0.505809	
	0.476045	
	0.437451	
	0.391211	
	0.406159	
	0.405360	
	0.337147	
	0.345051	
	0.312543	
	0.332593	
	0.296560	
	0.283673	
	0.675116	
	0.773717	
	0.787133	
	0.695441	
	0.529041	
	0.581273	
	0.562608	
	0.566049	
	0.610893	
	0.553216	
	0.517089	
	0.546394	
	0.414237	
	0.402298	
	0.436076	
	0.408840	
	0.446942	
	0.521630	
	0.571699	
	0.531793	
	0.511984	
	0.520470	
	0.509635	
	0.573347	
	0.557463	
	0.567497	
	0.503835	
	0.419270	
	0.383391	
	0.423484	
	0.545064	
	0.443619	
	0.427413	
	0.462613	
	0.380823	
	0.363408	
	0.361957	
	0.352761	
	0.362918	
	0.318305	
	0.296199	
	0.328654	
	0.282075	
	0.282144	
	0.446770	
	0.558831	
	0.561170	
	0.509911	
	0.525708	
	0.547868	
	0.559361	
	0.572161	
	0.546072	
	0.467388	
	0.342647	
	0.323287	
	0.375848	
	0.453055	
	0.489744	
	0.484035	
	0.507269	
	0.495133	
	0.515027	
	0.539655	
	0.543384	
	0.538957	
	0.580379	
	0.535897	
	0.378570	
	0.377092	
	0.494687	
	0.489072	
	0.564202	
	0.528372	
	0.523400	
	0.559317	
	0.578466	
	0.541955	
	0.529310	
	0.515242	
	0.534042	
	0.525130	
	0.498691	
	0.510962	
	0.405038	
	0.377364	
	0.431780	
	0.474481	
	0.532363	
	0.469594	
	0.472818	
	0.505385	
	0.493467	
	0.447583	
	0.394078	
	0.365168	
	0.390025	
	0.757872	
	0.764355	
	0.383545	
	0.325198	
	0.419211	
	0.524284	
	0.452960	
	0.474940	
	0.446997	
	0.398537	
	0.374471	
	0.304181	
	0.323240	
	0.343560	
	0.357622	
	0.392362	
	0.358363	
	0.340656	
	0.363944	
	0.334097	
	0.359400	
	0.350205	
	0.352957	
	0.332442	
	0.366074	
	0.377405	
	0.397827	
	0.442075	
	0.414855	
	0.421635	
	0.433200	
	0.505637	
	0.480716	
	0.458431	
	0.412973	
	0.434573	
	0.403456	
	0.418958	
	0.412382	
	0.391655	
	0.370522	
	0.384516	
	0.354579	
	0.395538	
	0.393833	
	0.363089	
	0.354446	
	0.367662	
	0.408456	
	0.399329	
	0.422888	
	0.421822	
	0.442314	
	0.427175	
	0.450689	
	0.469828	
	0.433724	
	0.397257	
	0.326422	
	0.304795	
	0.343626	
	0.304713	
	0.328521	
	0.329711	
	0.377046	
	0.341144	
	0.365543	
	0.391995	
	0.342318	
	0.373633	
	0.385988	
	0.388820	
	0.356407	
	0.364860	
	0.326151	
	0.346520	
	0.358541	
	0.352988	
	0.357592	
	0.393206	
	0.349603	
	0.397086	
	0.420365	
	0.430364	
	0.426900	
	0.468047	
	0.534224	
	0.552495	
	0.523862	
	0.500173	
	0.474822	
	0.466907	
	0.456385	
	0.424807	
	0.465421	
	0.515798	
	0.489302	
	0.509526	
	0.652348	
	0.476148	
	0.406993	
	0.447782	
	0.484922	
	0.526952	
	0.531998	
	0.521694	
	0.461732	
	0.391223	
	0.322176	
	0.277530	
	0.304537	
	0.333539	
	0.364477	
	0.445124	
	0.467497	
	0.457713	
	0.398838	
	0.428582	
	0.476340	
	0.420656	
	0.391779	
	0.422304	
	0.443212	
	0.408721	
	0.336591	
	0.300272	
	0.264689	
	0.263188	
	0.223160	
	0.264437	
	0.315929	
	0.394849	
	0.417825	
	0.425884	
	0.488746	
	0.392371	
	0.438584	
	0.633825	
	0.666736	
	0.660190	
	0.671727	
	0.433083	
	0.487941	
	0.528888	
	0.490874	
	0.470848	
	0.494972	
	0.468844	
	0.474622	
	0.423868	
	0.374640	
	0.386198	
	0.650477	
	0.710498	
	0.723647	
	0.617152	
	0.422885	
	0.349271	
	0.267461	
	0.278397	
	0.273207	
	0.283606	
	0.264402	
	0.296228	
	0.327978	
	0.320821	
	0.311338	
	0.267951	
	0.280648	
	0.310175	
	0.255619	
	0.290140	
	0.254369	
	0.300204	
	0.297345	
	0.305152	
	0.316734	
	0.302907	
	0.296348	
	0.284080	
	0.313011	
	0.329316	
	0.376334	
	0.490879	
	0.313992	
	0.312068	
	0.316295	
	0.297992	
	0.312832	
	0.371933	
	0.511832	
	0.392719	
	0.346229	
	0.459917	
	0.431336	
	0.405593	
	0.479005	
	0.468065	
	0.471290	
	0.493933	
	0.490802	
	0.455212	
	0.465113	
	0.428976	
	0.495191	
	0.418483	
	0.436574	
	0.409898	
	0.314261	
	0.256258	
	0.253521	
	0.369694	
	0.360715	
	0.443258	
	0.411023	
	0.422042	
	0.381642	
	0.338759	
	0.415503	
	0.489873	
	0.463470	
	0.433170	
	0.454937	
	0.466499	
	0.492443	
	0.556236	
	0.516966	
	0.616257	
	0.638028	
	0.647062	
	0.644911	
	0.621371	
	0.605147	
	0.605379	
	0.600601	
	0.645535	
	0.664290	
	0.646262	
	0.623635	
	0.621844	
	0.661287	
	0.607281	
	0.579228	
	0.593720	
	0.606102	
	0.631813	
	0.606769	
	0.592170	
	0.579448	
	0.619763	
	0.574727	
	0.582689	
	0.561725	
	0.496064	
	0.545595	
	0.542981	
	0.546099	
	0.547564	
	0.510747	
	0.508344	
	0.515007	
	0.541994	
	0.570665	
	0.578622	
	0.614582	
	0.584052	
	0.596793	
	0.488138	
	0.416988	
	0.410914	
	0.420063	
	0.453757	
	0.421197	
	0.401442	
	0.386174	
	0.389218	
	0.382563	
	0.390033	
	0.381227	
	0.369164	
	0.410394	
	0.317445	
	0.346629	
	0.415255	
	0.446557	
	0.422917	
	0.476208	
	0.480966	
	0.495920	
	0.508913	
	0.464092	
	0.458696	
	0.402033	
	0.408394	
	0.525257	
	0.721715	
	0.607192	
	0.313736	
	0.300076	
	0.420192	
	0.381433	
	0.390194	
	0.374155	
	0.381225	
	0.437059	
	0.479365	
	0.458083	
	0.431910	
	0.465215	
	0.474590	
	0.503808	
	0.500549	
	0.532772	
	0.504856	
	0.452015	
	0.465974	
	0.516924	
	0.481088	
	0.473273	
	0.464777	
	0.456568	
	0.446278	
	0.396786	
	0.410604	
	0.438296	
	0.469567	
	0.685031	
	0.739301	
	0.791820	
	0.771361	
	0.760574	
	0.757289	
	0.708105	
	0.577043	
	0.524995	
	0.542002	
	0.468669	
	0.337291	
	0.354641	
	0.381433	
	0.401919	
	0.447730	
	0.410850	
	0.401598	
	0.370737	
	0.302965	
	0.244169	
	0.266487	
	0.273281	
	0.241927	
	0.285997	
	0.331315	
	0.398293	
	0.396166	
	0.390055	
	0.387365	
	0.382581	
	0.369800	
	0.391985	
	0.429117	
	0.466004	
	0.437480	
	0.473949	
	0.486509	
	0.467750	
	0.451542	
	0.526017	
	0.511871	
	0.541470	
	0.538377	
	0.559575	
	0.541943	
	0.545502	
	0.550120	
	0.551997	
	0.539271	
	0.535615	
	0.517009	
	0.529787	
	0.405812	
	0.406234	
	0.444451	
	0.410933	
	0.440620	
	0.466624	
	0.379559	
	0.399863	
	0.376436	
	0.382054	
	0.380628	
	0.342709	
	0.359501	
	0.370528	
	0.254280	
	0.255561	
	0.265861	
	0.381600	
	0.359009	
	0.418166	
	0.434947	
	0.453027	
	0.445353	
	0.412063	
	0.356295	
	0.350207	
	0.628008	
	0.783609	
	0.749720	
	0.583484	
	0.411913	
	0.309800	
	0.364314	
	0.357691	
	0.396006	
	0.433898	
	0.404741	
	0.437795	
	0.393739	
	0.438667	
	0.392419	
	0.531835	
	0.513166	
	0.516045	
	0.518584	
	0.500887	
	0.465491	
	0.456145	
	0.445466	
	0.452913	
	0.428512	
	0.437912	
	0.388705	
	0.294746	
	0.316204	
	0.320702	
	0.298972	
	0.439430	
	0.697736	
	0.783182	
	0.804310	
	0.809470	
	0.783145	
	0.741551	
	0.688808	
	0.557957	
	0.499954	
	0.484374	
	0.449533	
	0.350114	
	0.338207	
	0.322002	
	0.386674	
	0.371551	
	0.358068	
	0.313136	
	0.335345	
	0.312809	
	0.254881	
	0.259543	
	0.264005	
	0.275932	
	0.361421	
	0.412104	
	0.482773	
	0.473963	
	0.429927	
	0.402689	
	0.432033	
	0.420643	
	0.457257	
	0.460122	
	0.438306	
	0.467876	
	0.472201	
	0.487743	
	0.474155	
	0.509690	
	0.581693	
	0.560138	
	0.569680	
	0.538921	
	0.529409	
	0.501792	
	0.499505	
	0.526076	
	0.483046	
	0.495492	
	0.487458	
	0.480311	
	0.497814	
	0.435380	
	0.345214	
	0.361906	
	0.380116	
	0.381119	
	0.335410	
	0.374979	
	0.363751	
	0.358335	
	0.346971	
	0.319579	
	0.390490	
	0.355188	
	0.335171	
	0.342408	
	0.283634	
	0.336154	
	0.357074	
	0.403711	
	0.438926	
	0.491947	
	0.463525	
	0.450644	
	0.367090	
	0.280960	
	0.300511	
	0.330715	
	0.366727	
	0.498475	
	0.470253	
	0.390956	
	0.338692	
	0.268525	
	0.255362	
	0.239047	
	0.240913	
	0.263207	
	0.294937	
	0.304656	
	0.293606	
	0.324563	
	0.379881	
	0.283588	
	0.285559	
	0.299545	
	0.276623	
	0.290018	
	0.270028	
	0.254403	
	0.272334	
	0.308408	
	0.304870	
	0.290847	
	0.294906	
	0.378662	
	0.538543	
	0.501960	
	0.582314	
	0.535513	
	0.524420	
	0.497287	
	0.488413	
	0.460600	
	0.472196	
	0.460033	
	0.461202	
	0.432792	
	0.444618	
	0.488620	
	0.495065	
	0.385716	
	0.375979	
	0.404005	
	0.400523	
	0.444453	
	0.441603	
	0.474007	
	0.479065	
	0.496028	
	0.457059	
	0.524948	
	0.538057	
	0.398764	
	0.380330	
	0.418151	
	0.503688	
	0.493327	
	0.520444	
	0.489156	
	0.444350	
	0.467567	
	0.511660	
	0.519591	
	0.507040	
	0.547314	
	0.495947	
	0.510004	
	0.507943	
	0.526371	
	0.561791	
	0.527269	
	0.581652	
	0.563153	
	0.547723	
	0.524337	
	0.499519	
	0.459486	
	0.487965	
	0.483982	
	0.516014	
	0.537941	
	0.523324	
	0.519662	
	0.546429	
	0.527350	
	0.520906	
	0.523988	
	0.536719	
	0.555709	
	0.553805	
	0.574601	
	0.552812	
	0.534582	
	0.503968	
	0.497511	
	0.497589	
	0.486311	
	0.513097	
	0.509023	
	0.498886	
	0.504314	
	0.506239	
	0.489673	
	0.503613	
	0.546126	
	0.497344	
	0.489938	
	0.499841	
	0.501004	
	0.584304	
	0.547848	
	0.470502	
	0.517705	
	0.503412	
	0.516377	
	0.505714	
	0.510316	
	0.401069	
	0.396058	
	0.482934	
	0.483312	
	0.476401	
	0.536173	
	0.602250	
	0.438810	
	0.379765	
	0.385789	
	0.388088	
	0.363357	
	0.336468	
	0.496207	
	0.360667	
	0.351811	
	0.340120	
	0.409014	
	0.361532	
	0.372852	
	0.526172	
	0.401868	
	0.320397	
	0.442813	
	0.521582	
	0.376625	
	0.327392	
	0.516105	
	0.404773	
	0.284102	
	0.336541	
	0.305524	
	0.427673	
	0.421692	
	0.672315	
	0.560337	
	0.544219	
	0.591686	
	0.635183	
	0.640688	
	0.609910	
	0.606701	
	0.604982	
	0.659389	
	0.685317	
	0.650546	
	0.657541	
	0.693094	
	0.753257	
	0.735964	
	0.621517	
	0.608945	
	0.561632	
	0.595553	
	0.535989	
	0.524398	
	0.549148	
	0.560993	
	0.534814	
	0.510416	
	0.475764	
	0.487241	
	0.598364	
	0.618631	
	0.508715	
	0.552934	
	0.569023	
	0.506614	
	0.465375	
	0.527343	
	0.542707	
	0.557141	
	0.541967	
	0.572532	
	0.577817	
	0.581113	
	0.551879	
	0.394732	
	0.445476	
	0.513769	
	0.487661	
	0.477799	
	0.489910	
	0.509058	
	0.532357	
	0.496588	
	0.521217	
	0.520619	
	0.452849	
	0.454145	
	0.532112	
	0.523066	
	0.487406	
	0.483057	
	0.472413	
	0.448208	
	0.468128	
	0.500818	
	0.463600	
	0.482550	
	0.553053	
	0.637778	
	0.714794	
	0.747169	
	0.765374	
	0.543277	
	0.597723	
	0.596981	
	0.503430	
	0.467313	
	0.408942	
	0.400761	
	0.495863	
	0.508446	
	0.491695	
	0.533859	
	0.463441	
	0.414273	
	0.510290	
	0.535648	
	0.494330	
	0.502710	
	0.522497	
	0.500127	
	0.455258	
	0.522692	
	0.454967	
	0.374321	
	0.367278	
	0.419093	
	0.428314	
	0.451988	
	0.543607	
	0.486419	
	0.451787	
	0.425713	
	0.433761	
	0.422872	
	0.398746	
	0.371716	
	0.518430	
	0.622497	
	0.484574	
	0.534858	
	0.674809	
	0.761504	
	0.745482	
	0.673874	
	0.643076	
	0.579997	
	0.479200	
	0.426386	
	0.469575	
	0.476593	
	0.508936	
	0.504866	
	0.509852	
	0.539577	
	0.555119	
	0.607861	
	0.666275	
	0.598676	
	0.585414	
	0.561188	
	0.601034	
	0.571367	
	0.555084	
	0.558587	
	0.527835	
	0.489107	
	0.492417	
	0.453233	
	0.466295	
	0.397436	
	0.540408	
	0.571064	
	0.538967	
	0.553154	
	0.552424	
	0.565904	
	0.572940	
	0.553734	
	0.553363	
	0.570908	
	0.574835	
	0.549963	
	0.472011	
	0.492798	
	0.599662	
	0.492798	
	0.463669	
	0.515705	
	0.585538	
	0.537598	
	0.565725	
	0.498570	
	0.448841	
	0.364943	
	0.447801	
	0.417689	
	0.424200	
	0.531657	
	0.539620	
	0.445466	
	0.471333	
	0.407538	
	0.396189	
	0.391179	
	0.466676	
	0.502641	
	0.586831	
	0.595590	
	0.563153	
	0.466189	
	0.435404	
	0.605995	
	0.557291	
	0.542082	
	0.516574	
	0.498798	
	0.453952	
	0.357697	
	0.388971	
	0.432182	
	0.402326	
	0.389157	
	0.326107	
	0.312620	
	0.299350	
	0.455666	
	0.476851	
	0.472390	
	0.428893	
	0.452355	
	0.458911	
	0.417531	
	0.460537	
	0.496985	
	0.460332	
	0.586852	
	0.604426	
	0.573799	
	0.504634	
	0.542997	
	0.532565	
	0.519573	
	0.531406	
	0.505612	
	0.433990	
	0.450627	
	0.440976	
	0.461215	
	0.481048	
	0.476504	
	0.476651	
	0.449597	
	0.475927	
	0.544756	
	0.521512	
	0.483853	
	0.476665	
	0.487470	
	0.446839	
	0.464270	
	0.462492	
	0.478936	
	0.406029	
	0.377176	
	0.328360	
	0.329503	
	0.335873	
	0.468580	
	0.604303	
	0.577608	
	0.588374	
	0.496897	
	0.514253	
	0.528434	
	0.490988	
	0.419547	
	0.447503	
	0.384492	
	0.367400	
	0.505695	
	0.625497	
	0.573597	
	0.534063	
	0.530455	
	0.458353	
	0.445384	
	0.388640	
	0.433532	
	0.462691	
	0.450472	
	0.480528	
	0.440401	
	0.422081	
	0.479953	
	0.457134	
	0.504927	
	0.489781	
	0.434076	
	0.400198	
	0.396116	
	0.339739	
	0.368784	
	0.376841	
	0.381067	
	0.393883	
	0.554296	
	0.671975	
	0.728202	
	0.751618	
	0.766637	
	0.636475	
	0.495654	
	0.517304	
	0.499136	
	0.511453	
	0.454156	
	0.450015	
	0.433286	
	0.426507	
	0.479155	
	0.446963	
	0.468390	
	0.422379	
	0.576942	
	0.534158	
	0.476063	
	0.458806	
	0.452732	
	0.450186	
	0.416876	
	0.401141	
	0.395589	
	0.381658	
	0.382310	
	0.382240	
	0.372293	
	0.338075	
	0.473325	
	0.613881	
	0.615123	
	0.587866	
	0.578823	
	0.596538	
	0.590403	
	0.588759	
	0.554792	
	0.557126	
	0.580518	
	0.568588	
	0.578486	
	0.610763	
	0.631443	
	0.553621	
	0.527252	
	0.581467	
	0.580274	
	0.520576	
	0.453192	
	0.382288	
	0.505017	
	0.651844	
	0.646129	
	0.559355	
	0.362991	
	0.365443	
	0.532642	
	0.475753	
	0.413938	
	0.476404	
	0.451307	
	0.441709	
	0.448740	
	0.416887	
	0.703170	
	0.746296	
	0.539643	
	0.486255	
	0.517798	
	0.402922	
	0.367319	
	0.358807	
	0.342898	
	0.354935	
	0.526904	
	0.711425	
	0.722550	
	0.627516	
	0.605902	
	0.570500	
	0.480196	
	0.458389	
	0.446954	
	0.422872	
	0.402892	
	0.424008	
	0.436632	
	0.472514	
	0.504185	
	0.560067	
	0.535561	
	0.558439	
	0.576608	
	0.644287	
	0.544197	
	0.513726	
	0.530093	
	0.460943	
	0.397968	
	0.396168	
	0.443184	
	0.520239	
	0.785722	
	0.799937	
	0.815184	
	0.841472	
	0.856977	
	0.717080	
	0.582159	
	0.535531	
	0.497066	
	0.523676	
	0.554642	
	0.552526	
	0.498152	
	0.517800	
	0.540027	
	0.464729	
	0.501956	
	0.530645	
	0.592895	
	0.564525	
	0.524629	
	0.487960	
	0.474101	
	0.532946	
	0.516314	
	0.507211	
	0.576643	
	0.537204	
	0.576876	
	0.589508	
	0.572816	
	0.565844	
	0.613241	
	0.601298	
	0.559706	
	0.545276	
	0.489637	
	0.469829	
	0.492833	
	0.478438	
	0.405293	
	0.421022	
	0.438327	
	0.466425	
	0.428155	
	0.453258	
	0.506678	
	0.476969	
	0.447106	
	0.415688	
	0.396001	
	0.426420	
	0.433589	
	0.414374	
	0.421045	
	0.391920	
	0.435079	
	0.399566	
	0.373986	
	0.381816	
	0.507900	
	0.583608	
	0.557110	
	0.582755	
	0.604305	
	0.618708	
	0.645068	
	0.663693	
	0.695586	
	0.683485	
	0.673940	
	0.668138	
	0.659199	
	0.662798	
	0.643677	
	0.632498	
	0.577398	
	0.570741	
	0.628121	
	0.617476	
	0.573594	
	0.562925	
	0.554968	
	0.608666	
	0.594025	
	0.451146	
	0.502375	
	0.540811	
	0.610818	
	0.560397	
	0.558723	
	0.473942	
	0.523471	
	0.541971	
	0.523777	
	0.524184	
	0.502892	
	0.488269	
	0.478938	
	0.474416	
	0.423421	
	0.376258	
	0.436188	
	0.429191	
	0.477478	
	0.526776	
	0.509084	
	0.548675	
	0.529413	
	0.548035	
	0.574857	
	0.570346	
	0.586532	
	0.529461	
	0.423874	
	0.421138	
	0.536988	
	0.461263	
	0.460059	
	0.453916	
	0.493071	
	0.461742	
	0.420090	
	0.459624	
	0.529042	
	0.507653	
	0.508156	
	0.476793	
	0.456866	
	0.410761	
	0.578430	
	0.614260	
	0.566277	
	0.560019	
	0.528531	
	0.458950	
	0.321973	
	0.298800	
	0.333037	
	0.259460	
	0.272427	
	0.345097	
	0.369719	
	0.422999	
	0.540193	
	0.557194	
	0.530363	
	0.538631	
	0.515220	
	0.495620	
	0.455003	
	0.440782	
	0.452052	
	0.451724	
	0.451140	
	0.424012	
	0.428191	
	0.420603	
	0.576804	
	0.448638	
	0.389823	
	0.402927	
	0.438145	
	0.492664	
	0.554703	
	0.589978	
	0.574301	
	0.555068	
	0.510358	
	0.453864	
	0.431421	
	0.385343	
	0.536061	
	0.520898	
	0.424220	
	0.376585	
	0.375482	
	0.365950	
	0.380707	
	0.311140	
	0.337935	
	0.329299	
	0.317559	
	0.311133	
	0.299965	
	0.668196	
	0.753870	
	0.736012	
	0.583089	
	0.535047	
	0.579379	
	0.549755	
	0.552848	
	0.558814	
	0.566477	
	0.562931	
	0.548114	
	0.503915	
	0.428755	
	0.446375	
	0.516291	
	0.499150	
	0.534033	
	0.576953	
	0.562751	
	0.579966	
	0.548414	
	0.520843	
	0.545265	
	0.499248	
	0.480105	
	0.383618	
	0.386567	
	0.439548	
	0.598140	
	0.583136	
	0.524550	
	0.489860	
	0.461145	
	0.452534	
	0.502605	
	0.492190	
	0.430829	
	0.428125	
	0.422075	
	0.349340	
	0.368035	
	0.343440	
	0.517725	
	0.546055	
	0.574044	
	0.600472	
	0.576885	
	0.531571	
	0.528516	
	0.551329	
	0.539613	
	0.494302	
	0.366647	
	0.360355	
	0.345074	
	0.407221	
	0.583465	
	0.582472	
	0.529908	
	0.547528	
	0.550585	
	0.581449	
	0.506399	
	0.489574	
	0.509928	
	0.544490	
	0.470209	
	0.364119	
	0.372588	
	0.437449	
	0.546370	
	0.602271	
	0.509494	
	0.535783	
	0.524211	
	0.521791	
	0.474837	
	0.526061	
	0.515533	
	0.514215	
	0.522310	
	0.499528	
	0.459575	
	0.370794	
	0.574178	
	0.537618	
	0.502804	
	0.463238	
	0.502000	
	0.462667	
	0.506056	
	0.482308	
	0.458332	
	0.450074	
	0.398412	
	0.396793	
	0.630696	
	0.736027	
	0.579433	
	0.450093	
	0.433912	
	0.529633	
	0.515126	
	0.489820	
	0.490833	
	0.503121	
	0.489358	
	0.429213	
	0.506731	
	0.530060	
	0.478686	
	0.467587	
	0.568267	
	0.480301	
	0.498618	
	0.457932	
	0.454692	
	0.459329	
	0.454657	
	0.456217	
	0.451106	
	0.451257	
	0.439645	
	0.447479	
	0.475444	
	0.471237	
	0.501962	
	0.546217	
	0.558018	
	0.539969	
	0.483504	
	0.482665	
	0.471896	
	0.477428	
	0.458939	
	0.472107	
	0.445034	
	0.444758	
	0.454833	
	0.496132	
	0.561164	
	0.496678	
	0.470931	
	0.502236	
	0.487807	
	0.496608	
	0.497089	
	0.519809	
	0.510218	
	0.536303	
	0.473220	
	0.389609	
	0.375352	
	0.477228	
	0.498222	
	0.407030	
	0.408660	
	0.371786	
	0.368301	
	0.410589	
	0.400862	
	0.433444	
	0.371997	
	0.416943	
	0.350371	
	0.397557	
	0.439503	
	0.454994	
	0.528196	
	0.405717	
	0.408276	
	0.394020	
	0.431284	
	0.391062	
	0.386534	
	0.369177	
	0.372717	
	0.398041	
	0.411616	
	0.449126	
	0.416870	
	0.539886	
	0.630173	
	0.640914	
	0.600894	
	0.579944	
	0.598106	
	0.571991	
	0.554824	
	0.506980	
	0.521759	
	0.559293	
	0.556920	
	0.511347	
	0.552670	
	0.670126	
	0.514578	
	0.457827	
	0.516938	
	0.536725	
	0.556513	
	0.555812	
	0.538134	
	0.528127	
	0.469968	
	0.325436	
	0.344846	
	0.336105	
	0.356109	
	0.490354	
	0.499374	
	0.482517	
	0.438424	
	0.412529	
	0.383342	
	0.480639	
	0.455832	
	0.439895	
	0.448388	
	0.432108	
	0.383316	
	0.322632	
	0.288245	
	0.382842	
	0.444640	
	0.395679	
	0.348502	
	0.333985	
	0.400190	
	0.416683	
	0.460165	
	0.513641	
	0.445182	
	0.555525	
	0.647983	
	0.675954	
	0.691310	
	0.569677	
	0.507322	
	0.561866	
	0.532667	
	0.545095	
	0.526412	
	0.515397	
	0.507956	
	0.478512	
	0.394198	
	0.385422	
	0.498764	
	0.639627	
	0.716846	
	0.689180	
	0.547628	
	0.425698	
	0.394030	
	0.373730	
	0.332150	
	0.353755	
	0.366024	
	0.393422	
	0.362018	
	0.389104	
	0.392459	
	0.370810	
	0.379096	
	0.488942	
	0.447816	
	0.438470	
	0.405276	
	0.400468	
	0.398063	
	0.359053	
	0.373010	
	0.392752	
	0.384693	
	0.363482	
	0.372756	
	0.355432	
	0.413487	
	0.602841	
	0.431182	
	0.394649	
	0.390593	
	0.350324	
	0.346973	
	0.394648	
	0.538468	
	0.426259	
	0.393421	
	0.449728	
	0.411670	
	0.394960	
	0.455454	
	0.595231	
	0.564679	
	0.532955	
	0.481544	
	0.483544	
	0.500415	
	0.475090	
	0.502011	
	0.459841	
	0.476913	
	0.440321	
	0.329701	
	0.257884	
	0.251599	
	0.485679	
	0.444361	
	0.436173	
	0.433149	
	0.472911	
	0.472709	
	0.462567	
	0.457225	
	0.377288	
	0.526959	
	0.472861	
	0.549089	
	0.527297	
	0.466420	
	0.628954	
	0.549422	
	0.587871	
	0.622869	
	0.634886	
	0.628871	
	0.622831	
	0.609356	
	0.612836	
	0.596840	
	0.612312	
	0.638208	
	0.672780	
	0.648271	
	0.665068	
	0.694105	
	0.633789	
	0.624706	
	0.576272	
	0.552956	
	0.531651	
	0.535121	
	0.520551	
	0.515648	
	0.568837	
	0.574133	
	0.566154	
	0.579603	
	0.590724	
	0.642114	
	0.617365	
	0.615265	
	0.617559	
	0.565279	
	0.531040	
	0.536001	
	0.562975	
	0.567706	
	0.545495	
	0.569149	
	0.575700	
	0.605430	
	0.537021	
	0.501309	
	0.478795	
	0.454536	
	0.446995	
	0.450054	
	0.464875	
	0.420660	
	0.424172	
	0.395760	
	0.394304	
	0.387470	
	0.395592	
	0.453618	
	0.556141	
	0.502226	
	0.491606	
	0.518673	
	0.508554	
	0.522252	
	0.509881	
	0.500699	
	0.470000	
	0.440189	
	0.437516	
	0.451944	
	0.451027	
	0.619832	
	0.732517	
	0.535604	
	0.372022	
	0.411917	
	0.482110	
	0.439237	
	0.428747	
	0.431696	
	0.443682	
	0.472130	
	0.488402	
	0.449806	
	0.446609	
	0.464162	
	0.557749	
	0.520526	
	0.549830	
	0.577385	
	0.536388	
	0.495947	
	0.498052	
	0.515841	
	0.496007	
	0.499927	
	0.487495	
	0.465077	
	0.418896	
	0.489596	
	0.601754	
	0.505683	
	0.495763	
	0.690863	
	0.763701	
	0.777812	
	0.774314	
	0.791550	
	0.776636	
	0.772546	
	0.619586	
	0.545692	
	0.577660	
	0.535766	
	0.529965	
	0.492639	
	0.502532	
	0.519514	
	0.542699	
	0.496288	
	0.457163	
	0.462658	
	0.434488	
	0.346614	
	0.316298	
	0.335516	
	0.294851	
	0.361861	
	0.553624	
	0.482134	
	0.513409	
	0.481664	
	0.474315	
	0.417516	
	0.417047	
	0.458878	
	0.497328	
	0.527802	
	0.496472	
	0.462878	
	0.525988	
	0.545092	
	0.603411	
	0.643522	
	0.590542	
	0.628255	
	0.588914	
	0.551886	
	0.564653	
	0.551713	
	0.605910	
	0.605717	
	0.592959	
	0.586128	
	0.574708	
	0.621820	
	0.556094	
	0.493397	
	0.517234	
	0.554067	
	0.501315	
	0.512049	
	0.519287	
	0.472916	
	0.456426	
	0.447880	
	0.416749	
	0.374647	
	0.375974	
	0.527727	
	0.529447	
	0.475709	
	0.462528	
	0.491145	
	0.519156	
	0.515681	
	0.505356	
	0.507904	
	0.433249	
	0.415954	
	0.485575	
	0.695804	
	0.756733	
	0.763719	
	0.658243	
	0.438112	
	0.435396	
	0.384540	
	0.442491	
	0.468376	
	0.445898	
	0.463653	
	0.453360	
	0.439588	
	0.466680	
	0.425326	
	0.541469	
	0.622451	
	0.533152	
	0.576308	
	0.571353	
	0.581298	
	0.517286	
	0.494069	
	0.494304	
	0.504615	
	0.474417	
	0.485126	
	0.512893	
	0.422124	
	0.318828	
	0.479724	
	0.520559	
	0.480723	
	0.473782	
	0.652927	
	0.799273	
	0.848610	
	0.850923	
	0.848615	
	0.819507	
	0.788332	
	0.610182	
	0.505677	
	0.542198	
	0.541372	
	0.493343	
	0.438201	
	0.493757	
	0.504207	
	0.488553	
	0.485490	
	0.479373	
	0.430890	
	0.366931	
	0.341519	
	0.317161	
	0.316005	
	0.345128	
	0.522196	
	0.545759	
	0.473462	
	0.429862	
	0.501323	
	0.529041	
	0.516596	
	0.515147	
	0.481785	
	0.451889	
	0.476190	
	0.486292	
	0.473176	
	0.458262	
	0.562555	
	0.577486	
	0.590473	
	0.585071	
	0.581219	
	0.605981	
	0.590276	
	0.542437	
	0.580609	
	0.547364	
	0.559022	
	0.548126	
	0.589472	
	0.546976	
	0.597068	
	0.512737	
	0.488087	
	0.501274	
	0.455803	
	0.418671	
	0.454033	
	0.415694	
	0.392826	
	0.382257	
	0.353738	
	0.350493	
	0.365465	
	0.375077	
	0.560188	
	0.480625	
	0.498466	
	0.439528	
	0.467170	
	0.486410	
	0.509201	
	0.549057	
	0.535959	
	0.498172	
	0.426610	
	0.373529	
	0.380894	
	0.398991	
	0.431010	
	0.490927	
	0.475307	
	0.417601	
	0.378053	
	0.353190	
	0.299129	
	0.288530	
	0.284611	
	0.271556	
	0.266892	
	0.279340	
	0.262766	
	0.407731	
	0.315849	
	0.296843	
	0.349545	
	0.331968	
	0.374025	
	0.351696	
	0.351774	
	0.349636	
	0.355902	
	0.339568	
	0.332636	
	0.339711	
	0.353950	
	0.401443	
	0.485743	
	0.463386	
	0.556251	
	0.551611	
	0.516384	
	0.511929	
	0.507376	
	0.538211	
	0.501379	
	0.524037	
	0.506895	
	0.479300	
	0.501237	
	0.497771	
	0.503332	
	0.487830	
	0.500516	
	0.537811	
	0.544736	
	0.550982	
	0.506814	
	0.507260	
	0.511546	
	0.480606	
	0.503273	
	0.493866	
	0.541410	
	0.473559	
	0.574611	
	0.572648	
	0.553809	
	0.541009	
	0.521848	
	0.475931	
	0.460133	
	0.426538	
	0.434637	
	0.479308	
	0.519375	
	0.529905	
	0.536147	
	0.553007	
	0.553269	
	0.476696	
	0.448122	
	0.482084	
	0.421691	
	0.421049	
	0.471740	
	0.461863	
	0.487044	
	0.508129	
	0.492276	
	0.521832	
	0.533071	
	0.533472	
	0.552850	
	0.473434	
	0.473462	
	0.456894	
	0.459445	
	0.469851	
	0.437088	
	0.456830	
	0.483880	
	0.457511	
	0.477035	
	0.480504	
	0.481610	
	0.538628	
	0.529350	
	0.448129	
	0.461104	
	0.491126	
	0.488336	
	0.471561	
	0.477723	
	0.468204	
	0.460269	
	0.470413	
	0.455964	
	0.479263	
	0.493912	
	0.522891	
	0.658720	
	0.566794	
	0.547370	
	0.532595	
	0.507450	
	0.524544	
	0.558932	
	0.611255	
	0.505217	
	0.475957	
	0.486882	
	0.460354	
	0.477243	
	0.547798	
	0.624446	
	0.530684	
	0.511077	
	0.496678	
	0.502593	
	0.462808	
	0.488349	
	0.499319	
	0.469185	
	0.456741	
	0.490130	
	0.467076	
	0.475615	
	0.556720	
	0.605934	
	0.472546	
	0.431162	
	0.418453	
	0.460528	
	0.414957	
	0.415383	
	0.385309	
	0.387200	
	0.407859	
	0.421018	
	0.457312	
	0.475801	
	0.577510	
	0.521861	
	0.483803	
	0.581785	
	0.628648	
	0.590988	
	0.593227	
	0.614906	
	0.612248	
	0.613689	
	0.655456	
	0.658252	
	0.609519	
	0.611222	
	0.626267	
	0.665261	
	0.644610	
	0.652529	
	0.664061	
	0.648426	
	0.643809	
	0.658643	
	0.663656	
	0.639078	
	0.656195	
	0.631952	
	0.646072	
	0.626957	
	0.642782	
	0.597467	
	0.624804	
	0.613268	
	0.634062	
	0.646904	
	0.666560	
	0.655860	
	0.679788	
	0.687006	
	0.694211	
	0.706491	
	0.707337	
	0.706142	
	0.632402	
	0.408052	
	0.466689	
	0.469370	
	0.504826	
	0.543187	
	0.550030	
	0.564225	
	0.565846	
	0.601793	
	0.568006	
	0.616303	
	0.590712	
	0.612032	
	0.528839	
	0.317727	
	0.336927	
	0.319920	
	0.359377	
	0.326103	
	0.328611	
	0.342268	
	0.317574	
	0.327964	
	0.343699	
	0.348624	
	0.327152	
	0.347489	
	0.340970	
	0.349731	
	0.342145	
	0.342765	
	0.340880	
	0.363688	
	0.360012	
	0.392842	
	0.403854	
	0.424174	
	0.410775	
	0.399126	
	0.426458	
	0.442910	
	0.423867	
	0.402313	
	0.431281	
	0.397312	
	0.420382	
	0.388951	
	0.367729	
	0.410044	
	0.403398	
	0.393928	
	0.370537	
	0.404867	
	0.431654	
	0.489376	
	0.459834	
	0.370758	
	0.423662	
	0.379692	
	0.433395	
	0.447970	
	0.409279	
	0.452006	
	0.376415	
	0.386022	
	0.383982	
	0.416610	
	0.425884	
	0.507967	
	0.423449	
	0.296269	
	0.255970	
	0.285524	
	0.291807	
	0.322853	
	0.287580	
	0.335249	
	0.317063	
	0.311777	
	0.344514	
	0.324658	
	0.346195	
	0.311023	
	0.312311	
	0.321257	
	0.303458	
	0.341134	
	0.365816	
	0.376685	
	0.365148	
	0.369581	
	0.342641	
	0.368811	
	0.342789	
	0.378153	
	0.359644	
	0.364945	
	0.396513	
	0.283991	
	0.218173	
	0.307842	
	0.305052	
	0.292222	
	0.307985	
	0.301478	
	0.309392	
	0.297998	
	0.305909	
	0.295747	
	0.325595	
	0.309265	
	0.321685	
	0.314190	
	0.309684	
	0.293978	
	0.307305	
	0.332082	
	0.314443	
	0.345322	
	0.368127	
	0.346157	
	0.352785	
	0.365439	
	0.409411	
	0.399770	
	0.380842	
	0.282178	
	0.310812	
	0.286156	
	0.310892	
	0.285757	
	0.267436	
	0.296258	
	0.292449	
	0.349299	
	0.300159	
	0.287579	
	0.271110	
	0.272353	
	0.327526	
	0.351947	
	0.321903	
	0.300899	
	0.291030	
	0.288815	
	0.289838	
	0.283050	
	0.277404	
	0.292634	
	0.314475	
	0.283957	
	0.321483	
	0.321770	
	0.392020	
	0.253853	
	0.260172	
	0.256714	
	0.282049	
	0.249072	
	0.248726	
	0.267415	
	0.258205	
	0.260208	
	0.290151	
	0.263715	
	0.283500	
	0.257563	
	0.289558	
	0.313642	
	0.274648	
	0.296302	
	0.285665	
	0.297599	
	0.297094	
	0.315833	
	0.302312	
	0.310285	
	0.332695	
	0.356843	
	0.341216	
	0.357692	
	0.425412	
	0.291013	
	0.243692	
	0.260040	
	0.279498	
	0.266585	
	0.248980	
	0.261892	
	0.276025	
	0.307303	
	0.288696	
	0.283182	
	0.295118	
	0.250559	
	0.315825	
	0.737287	
	0.573632	
	0.350809	
	0.305685	
	0.251262	
	0.253585	
	0.276144	
	0.252823	
	0.257416	
	0.258473	
	0.281082	
	0.285943	
	0.288104	
	0.306772	
	0.304762	
	0.668469	
	0.477849	
	0.314586	
	0.288039	
	0.249460	
	0.272469	
	0.279774	
	0.304428	
	0.273709	
	0.288856	
	0.293559	
	0.338507	
	0.328448	
	0.336309	
	0.405304	
	0.543781	
	0.374473	
	0.292710	
	0.276221	
	0.258280	
	0.297875	
	0.260864	
	0.337786	
	0.345535	
	0.344371	
	0.410580	
	0.524593	
	0.629466	
	0.648606	
	0.660998	
	0.440642	
	0.460839	
	0.592767	
	0.602109	
	0.603557	
	0.591380	
	0.647130	
	0.620084	
	0.644200	
	0.637357	
	0.644829	
	0.625527	
	0.649958	
	0.644077	
	0.646099	
	0.642418	
	0.659999	
	0.646691	
	0.658331	
	0.671006	
	0.659895	
	0.658844	
	0.621750	
	0.646408	
	0.633020	
	0.641737	
	0.640723	
	0.629550	
	0.638453	
	0.623821	
	0.624592	
	0.624512	
	0.464155	
	0.372972	
	0.394504	
	0.398831	
	0.371735	
	0.353489	
	0.403316	
	0.391030	
	0.372575	
	0.375033	
	0.377199	
	0.389296	
	0.405204	
	0.366332	
	0.396924	
	0.396911	
	0.519501	
	0.405880	
	0.366695	
	0.345072	
	0.380132	
	0.389915	
	0.363084	
	0.367908	
	0.495168	
	0.534823	
	0.374022	
	0.369398	
	0.340988	
	0.410917	
	0.366342	
	0.427443	
	0.471114	
	0.493621	
	0.438557	
	0.482122	
	0.568112	
	0.614402	
	0.592162	
	0.634025	
	0.642194	
	0.665011	
	0.679413	
	0.691234	
	0.670189	
	0.663829	
	0.669893	
	0.671514	
	0.668015	
	0.693354	
	0.708578	
	0.720954	
	0.686990	
	0.675463	
	0.679096	
	0.706856	
	0.703363	
	0.703527	
	0.664400	
	0.639421	
	0.648680	
	0.621195	
	0.633046	
	0.639062	
	0.628907	
	0.610858	
	0.602483	
	0.574113	
	0.591427	
	0.580643	
	0.577993	
	0.578722	
	0.563305	
	0.576529	
	0.558982	
	0.568886	
	0.557645	
	0.546301	
	0.527557	
	0.543547	
	0.526394	
	0.565555	
	0.542243	
	0.552268	
	0.518790	
	0.480441	
	0.514233	
	0.522931	
	0.515731	
	0.517515	
	0.501286	
	0.512956	
	0.478206	
	0.451116	
	0.482169	
	0.500634	
	0.489863	
	0.489876	
	0.480942	
	0.475039	
	0.435517	
	0.477082	
	0.449913	
	0.486614	
	0.486660	
	0.493806	
	0.454432	
	0.501362	
	0.519836	
	0.534842	
	0.491597	
	0.517938	
	0.518311	
	0.521050	
	0.510128	
	0.514072	
	0.483378	
	0.472940	
	0.491054	
	0.483726	
	0.464055	
	0.482014	
	0.466707	
	0.481090	
	0.472494	
	0.488437	
	0.463012	
	0.442984	
	0.441117	
	0.507820	
	0.493508	
	0.490633	
	0.489313	
	0.471400	
	0.519685	
	0.534759	
	0.535233	
	0.469666	
	0.477081	
	0.469624	
	0.470760	
	0.420950	
	0.404276	
	0.454832	
	0.492529	
	0.462583	
	0.456755	
	0.467791	
	0.466559	
	0.461897	
	0.427208	
	0.415080	
	0.476814	
	0.462093	
	0.475963	
	0.437628	
	0.439066	
	0.455454	
	0.417923	
	0.432777	
	0.473628	
	0.446873	
	0.464098	
	0.426319	
	0.449134	
	0.462154	
	0.501963	
	0.518130	
	0.538783	
	0.505903	
	0.489433	
	0.502728	
	0.490468	
	0.509818	
	0.481851	
	0.471336	
	0.490336	
	0.500515	
	0.549044	
	0.501444	
	0.504822	
	0.521005	
	0.521358	
	0.535645	
	0.522898	
	0.473171	
	0.434870	
	0.501984	
	0.512577	
	0.540996	
	0.501956	
	0.512752	
	0.503535	
	0.456795	
	0.439583	
	0.500518	
	0.480401	
	0.480366	
	0.518331	
	0.517166	
	0.505357	
	0.512534	
	0.499474	
	0.492819	
	0.503610	
	0.466774	
	0.525150	
	0.491359	
	0.527518	
	0.512284	
	0.540114	
	0.529591	
	0.501148	
	0.498927	
	0.464093	
	0.460939	
	0.487051	
	0.497009	
	0.506849	
	0.489557	
	0.481179	
	0.472561	
	0.447151	
	0.472752	
	0.493551	
	0.528842	
	0.550304	
	0.544421	
	0.512110	
	0.530735	
	0.518692	
	0.475861	
	0.504811	
	0.552405	
	0.565333	
	0.602631	
	0.547748	
	0.577489	
	0.541206	
	0.523542	
	0.533014	
	0.487256	
	0.414509	
	0.430409	
	0.513368	
	0.578654	
	0.629992	
	0.585710	
	0.527555	
	0.534606	
	0.524725	
	0.516783	
	0.524618	
	0.508720	
	0.525795	
	0.475542	
	0.467591	
	0.466291	
	0.499715	
	0.517321	
	0.583651	
	0.564799	
	0.518121	
	0.470216	
	0.537857	
	0.531612	
	0.525290	
	0.521231	
	0.538552	
	0.519443	
	0.544110	
	0.578551	
	NaN	
	NaN	
	NaN	
	NaN	
	NaN	
	NaN	
	NaN	
	NaN	
	NaN	
	NaN	
	NaN	
	NaN	
	NaN	
	NaN	
	NaN	
	NaN	
	NaN	
	NaN	
	NaN	
	NaN	
	NaN	
	NaN	
	NaN	
	NaN	
	NaN	
	NaN	
	NaN	
	NaN	
	NaN	
	NaN	
	NaN	
	NaN	
	NaN	
	NaN	
	NaN	
	NaN	
	NaN	
	NaN	
	NaN	
	NaN	
	NaN	
	NaN	
	NaN	
	NaN	
	NaN	
	NaN	
	NaN	
	NaN	
	NaN	
	NaN	
	NaN	
	NaN	
	NaN	
	NaN	
	NaN	
	NaN	
	NaN	
	NaN	
	NaN	
	NaN	
	NaN	
	NaN	
	NaN	
	NaN	
	NaN	
	NaN	
	NaN	
	NaN	
	NaN	
	NaN	
	NaN	
	NaN	
	NaN	
	NaN	
	NaN	
	NaN	
	NaN	
	NaN	
	NaN	
	NaN	
	NaN	
	NaN	
	NaN	
	NaN	
	NaN	
	NaN	
	NaN	
	NaN	
	NaN	
	NaN	
	NaN	
	NaN	
	NaN	
	NaN	
	NaN	
	NaN	
	NaN	
	NaN	
	NaN	
	NaN	
	NaN	
	NaN	
	NaN	
	NaN	
	NaN	
	NaN	
	NaN	
	NaN	
	NaN	
	NaN	
	NaN	
	NaN	
	NaN	
	NaN	
	NaN	
	NaN	
	NaN	
	NaN	
	NaN	
	NaN	
	NaN	
	NaN	
	NaN	
	NaN	
	NaN	
	NaN	
	NaN	
	NaN	
	NaN	
	NaN	
	NaN	
	NaN	
	NaN	
	NaN	
	NaN	
	NaN	
	NaN	
	NaN	
	NaN	
	NaN	
	NaN	
	NaN	
	NaN	
	NaN	
	NaN	
	NaN	
	NaN	
	NaN	
	NaN	
	NaN	
	NaN	
	NaN	
	NaN	
	NaN	
	NaN	
	NaN	
	NaN	
	NaN	
	NaN	
	NaN	
	NaN	
	NaN	
	NaN	
	NaN	
	NaN	
	NaN	
	NaN	
	NaN	
	NaN	
	NaN	
	NaN	
	NaN	
	NaN	
	NaN	
	NaN	
	NaN	
	NaN	
	NaN	
	NaN	
	NaN	
	NaN	
	NaN	
	NaN	
	NaN	
	NaN	
	NaN	
	NaN	
	NaN	
	NaN	
	NaN	
	NaN	
	NaN	
	NaN	
	NaN	
	NaN	
	NaN	
	NaN	
	NaN	
	NaN	
	NaN	
	NaN	
	NaN	
	NaN	
	NaN	
	NaN	
	NaN	
	NaN	
	NaN	
	NaN	
	NaN	
	NaN	
	NaN	
