_Brightness		
	NaN	
	NaN	
	NaN	
	NaN	
	NaN	
	NaN	
	NaN	
	NaN	
	NaN	
	NaN	
	NaN	
	NaN	
	NaN	
	NaN	
	NaN	
	NaN	
	0.278976	
	0.196384	
	0.239559	
	0.142478	
	0.083594	
	0.081461	
	0.097292	
	0.064868	
	0.087833	
	0.084495	
	0.079877	
	0.087136	
	0.093050	
	0.087761	
	0.101605	
	0.117412	
	0.111933	
	0.092143	
	0.118545	
	0.113539	
	0.133397	
	0.134545	
	0.125024	
	0.123713	
	0.131454	
	0.143033	
	0.157049	
	0.164945	
	0.114034	
	0.129652	
	0.134916	
	0.137584	
	0.129946	
	0.164182	
	0.155509	
	0.147525	
	0.151365	
	0.133213	
	0.172277	
	0.199686	
	0.192652	
	0.142355	
	0.134531	
	0.114604	
	0.083513	
	0.105696	
	0.099199	
	0.096318	
	0.093895	
	0.111334	
	0.103353	
	0.110112	
	0.111449	
	0.114758	
	0.127426	
	0.115464	
	0.119122	
	0.129620	
	0.165335	
	0.151257	
	0.149568	
	0.143421	
	0.150634	
	0.160228	
	0.133840	
	0.109408	
	0.120946	
	0.111027	
	0.100968	
	0.098288	
	0.110802	
	0.117595	
	0.111364	
	0.103204	
	0.126647	
	0.144867	
	0.129587	
	0.128220	
	0.138231	
	0.126107	
	0.150987	
	0.156669	
	0.132676	
	0.135410	
	0.149726	
	0.121913	
	0.058739	
	0.059409	
	0.074584	
	0.069816	
	0.082066	
	0.070823	
	0.073927	
	0.072655	
	0.085214	
	0.082548	
	0.095476	
	0.097636	
	0.101933	
	0.100029	
	0.104640	
	0.105559	
	0.131938	
	0.132549	
	0.157776	
	0.163319	
	0.180785	
	0.204803	
	0.160392	
	0.168253	
	0.166493	
	0.161374	
	0.168848	
	0.158946	
	0.205398	
	0.312368	
	0.281048	
	0.214708	
	0.195647	
	0.196236	
	0.187046	
	0.222901	
	0.297852	
	0.274087	
	0.202032	
	0.145087	
	0.116013	
	0.117672	
	0.128266	
	0.173889	
	0.189449	
	0.197247	
	0.216543	
	0.146156	
	0.161625	
	0.202615	
	0.225687	
	0.268108	
	0.212558	
	0.193890	
	0.158324	
	0.174463	
	0.210536	
	0.196054	
	0.254418	
	0.313985	
	0.198878	
	0.184501	
	0.191182	
	0.145556	
	0.128193	
	0.106785	
	0.086733	
	0.101382	
	0.092345	
	0.100484	
	0.114307	
	0.140874	
	0.160070	
	0.192258	
	0.181804	
	0.187857	
	0.189270	
	0.179081	
	0.141122	
	0.123971	
	0.051925	
	0.063454	
	0.064430	
	0.071833	
	0.078399	
	0.081046	
	0.077498	
	0.060801	
	0.087849	
	0.075699	
	0.064288	
	0.096886	
	0.115501	
	0.103767	
	0.090079	
	0.089080	
	0.081052	
	0.085677	
	0.106198	
	0.128811	
	0.122201	
	0.155769	
	0.101011	
	0.105096	
	0.100807	
	0.110847	
	0.106407	
	0.145161	
	0.157702	
	0.160435	
	0.136788	
	0.157577	
	0.139109	
	0.123446	
	0.140495	
	0.137576	
	0.152096	
	0.132011	
	0.137810	
	0.151406	
	0.090483	
	0.086158	
	0.123304	
	0.145127	
	0.126017	
	0.100183	
	0.114708	
	0.093897	
	0.113709	
	0.113871	
	0.104967	
	0.079931	
	0.105585	
	0.102390	
	0.092127	
	0.097027	
	0.085067	
	0.096133	
	0.080005	
	0.091824	
	0.090056	
	0.131844	
	0.144459	
	0.127849	
	0.138496	
	0.138096	
	0.116822	
	0.124020	
	0.105733	
	0.144323	
	0.143339	
	0.165004	
	0.133744	
	0.169046	
	0.139190	
	0.125603	
	0.145416	
	0.168302	
	0.199615	
	0.086355	
	0.081102	
	0.065867	
	0.068020	
	0.057584	
	0.068305	
	0.061939	
	0.072051	
	0.077643	
	0.055655	
	0.084146	
	0.075144	
	0.091029	
	0.079878	
	0.074920	
	0.085542	
	0.082652	
	0.086802	
	0.081934	
	0.087482	
	0.090950	
	0.087576	
	0.107563	
	0.099748	
	0.104260	
	0.135726	
	0.116827	
	0.134865	
	0.136509	
	0.142651	
	0.128486	
	0.148575	
	0.161772	
	0.165642	
	0.141941	
	0.132700	
	0.123327	
	0.121848	
	0.155893	
	0.174402	
	0.147582	
	0.062012	
	0.072719	
	0.077132	
	0.114217	
	0.088888	
	0.085936	
	0.088036	
	0.102094	
	0.131359	
	0.119561	
	0.104616	
	0.109100	
	0.113264	
	0.143637	
	0.139283	
	0.147655	
	0.139998	
	0.157553	
	0.149078	
	0.143010	
	0.149009	
	0.159319	
	0.141785	
	0.126007	
	0.128705	
	0.132431	
	0.129142	
	0.137873	
	0.136868	
	0.154275	
	0.168722	
	0.144706	
	0.142966	
	0.145330	
	0.133985	
	0.134528	
	0.128280	
	0.134968	
	0.164112	
	0.165040	
	0.158900	
	0.111803	
	0.118781	
	0.135558	
	0.117166	
	0.116496	
	0.127564	
	0.165989	
	0.161435	
	0.142346	
	0.173012	
	0.151715	
	0.145622	
	0.145313	
	0.142181	
	0.157624	
	0.130971	
	0.150066	
	0.160622	
	0.161973	
	0.178222	
	0.164313	
	0.149528	
	0.149504	
	0.149855	
	0.135930	
	0.144829	
	0.149515	
	0.140571	
	0.151614	
	0.131121	
	0.143848	
	0.156195	
	0.161254	
	0.160548	
	0.145046	
	0.162635	
	0.173406	
	0.196566	
	0.224248	
	0.216976	
	0.240704	
	0.184790	
	0.214609	
	0.226513	
	0.206810	
	0.197566	
	0.197348	
	0.229100	
	0.239239	
	0.300646	
	0.376851	
	0.342892	
	0.324710	
	0.279426	
	0.272018	
	0.293853	
	0.333001	
	0.370590	
	0.440658	
	0.356294	
	0.307123	
	0.276549	
	0.242392	
	0.231301	
	0.207769	
	0.201211	
	0.225612	
	0.220892	
	0.253294	
	0.242852	
	0.259881	
	0.331872	
	0.333994	
	0.286534	
	0.208991	
	0.214646	
	0.167971	
	0.132555	
	0.089572	
	0.101502	
	0.129078	
	0.165127	
	0.167700	
	0.182659	
	0.208546	
	0.206757	
	0.235254	
	0.216180	
	0.245154	
	0.259536	
	0.207890	
	0.286996	
	0.307678	
	0.329950	
	0.336600	
	0.306858	
	0.300479	
	0.308245	
	0.290235	
	0.367317	
	0.399809	
	0.403000	
	0.448518	
	0.417250	
	0.417843	
	0.322154	
	0.354376	
	0.426381	
	0.412511	
	0.439937	
	0.429958	
	0.380948	
	0.414821	
	0.441377	
	0.461695	
	0.372804	
	0.255032	
	0.203798	
	0.193217	
	0.195223	
	0.216001	
	0.220295	
	0.228070	
	0.237152	
	0.304183	
	0.309131	
	0.304868	
	0.287815	
	0.255358	
	0.247971	
	0.257198	
	0.285338	
	0.344441	
	0.346607	
	0.318506	
	0.273296	
	0.279667	
	0.236679	
	0.255053	
	0.275962	
	0.277968	
	0.354404	
	0.265139	
	0.268790	
	0.256207	
	0.226158	
	0.194574	
	0.197698	
	0.222430	
	0.192420	
	0.168218	
	0.163308	
	0.149075	
	0.177552	
	0.180836	
	0.158412	
	0.161948	
	0.087472	
	0.077509	
	0.096869	
	0.081357	
	0.109770	
	0.101477	
	0.091690	
	0.076982	
	0.085617	
	0.087921	
	0.082352	
	0.091849	
	0.101825	
	0.101600	
	0.103993	
	0.087526	
	0.090274	
	0.089331	
	0.108957	
	0.088857	
	0.092637	
	0.088774	
	0.098089	
	0.107612	
	0.101146	
	0.092807	
	0.046589	
	0.056356	
	0.052251	
	0.067592	
	0.050318	
	0.089786	
	0.067125	
	0.083355	
	0.089051	
	0.061394	
	0.075315	
	0.084706	
	0.090944	
	0.093339	
	0.080437	
	0.088020	
	0.070159	
	0.112746	
	0.122655	
	0.099630	
	0.068059	
	0.060659	
	0.065701	
	0.066885	
	0.070221	
	0.083552	
	0.079744	
	0.105004	
	0.160532	
	0.205573	
	0.152107	
	0.126446	
	0.134990	
	0.121103	
	0.117572	
	0.126460	
	0.146043	
	0.159952	
	0.109522	
	0.030821	
	0.055132	
	0.060731	
	0.056876	
	0.063803	
	0.069093	
	0.062850	
	0.062887	
	0.108974	
	0.073666	
	0.079296	
	0.146198	
	0.105957	
	0.140211	
	0.143340	
	0.127526	
	0.137070	
	0.140684	
	0.165771	
	0.133234	
	0.152913	
	0.141146	
	0.119161	
	0.184196	
	0.132581	
	0.184585	
	0.136023	
	0.152585	
	0.132754	
	0.161316	
	0.194134	
	0.163005	
	0.129124	
	0.159420	
	0.132798	
	0.139583	
	0.188914	
	0.182935	
	0.190032	
	0.158635	
	0.136832	
	0.141204	
	0.181231	
	0.186117	
	0.152942	
	0.149422	
	0.199155	
	0.158108	
	0.130990	
	0.123786	
	0.142288	
	0.100093	
	0.096866	
	0.129123	
	0.120857	
	0.120786	
	0.145945	
	0.161360	
	0.133229	
	0.125261	
	0.137249	
	0.149866	
	0.167455	
	0.177180	
	0.145030	
	0.128121	
	0.107464	
	0.109354	
	0.102481	
	0.111755	
	0.130768	
	0.124567	
	0.126988	
	0.107971	
	0.110193	
	0.093942	
	0.122986	
	0.127975	
	0.140467	
	0.119675	
	0.123003	
	0.123463	
	0.149180	
	0.128470	
	0.148255	
	0.197706	
	0.165819	
	0.179975	
	0.222978	
	0.212596	
	0.233209	
	0.217756	
	0.261570	
	0.210012	
	0.237406	
	0.207014	
	0.086677	
	0.042441	
	0.068267	
	0.090221	
	0.067555	
	0.063401	
	0.061653	
	0.058883	
	0.054902	
	0.056359	
	0.057413	
	0.058714	
	0.053224	
	0.066108	
	0.059282	
	0.059052	
	0.058795	
	0.072748	
	0.063404	
	0.084465	
	0.102258	
	0.117091	
	0.110203	
	0.120253	
	0.151539	
	0.147185	
	0.121060	
	0.172055	
	0.188682	
	0.167384	
	0.167698	
	0.213688	
	0.193752	
	0.138939	
	0.182473	
	0.214856	
	0.183131	
	0.196151	
	0.223882	
	0.198361	
	0.194918	
	0.243952	
	0.208361	
	0.156183	
	0.147200	
	0.150397	
	0.134930	
	0.166559	
	0.234822	
	0.210019	
	0.201553	
	0.200068	
	0.217151	
	0.205892	
	0.208180	
	0.236256	
	0.213905	
	0.194437	
	0.218683	
	0.209400	
	0.171669	
	0.162431	
	0.148151	
	0.139841	
	0.168783	
	0.210754	
	0.231178	
	0.259718	
	0.298690	
	0.214447	
	0.246393	
	0.284483	
	0.332670	
	0.329586	
	0.313094	
	0.279149	
	0.226676	
	0.205363	
	0.171421	
	0.172578	
	0.173180	
	0.163009	
	0.170446	
	0.167689	
	0.067511	
	0.090153	
	0.077048	
	0.078586	
	0.093358	
	0.096833	
	0.111284	
	0.119550	
	0.123882	
	0.127902	
	0.125930	
	0.132755	
	0.127525	
	0.134413	
	0.154740	
	0.204761	
	0.227854	
	0.236900	
	0.258597	
	0.241399	
	0.202505	
	0.236860	
	0.312156	
	0.304825	
	0.337860	
	0.304083	
	0.266894	
	0.278400	
	0.293107	
	0.335152	
	0.311759	
	0.359103	
	0.320401	
	0.264769	
	0.282274	
	0.314029	
	0.300536	
	0.327666	
	0.325796	
	0.231992	
	0.214154	
	0.196420	
	0.190605	
	0.209064	
	0.223802	
	0.201988	
	0.191637	
	0.188492	
	0.192547	
	0.211146	
	0.211582	
	0.216845	
	0.231323	
	0.187196	
	0.142617	
	0.133666	
	0.156543	
	0.197061	
	0.180856	
	0.198284	
	0.251402	
	0.390541	
	0.503016	
	0.532029	
	0.543404	
	0.501502	
	0.475567	
	0.421314	
	0.403261	
	0.388314	
	0.325224	
	0.333562	
	0.330549	
	0.299432	
	0.244861	
	0.266390	
	0.264574	
	0.256698	
	0.231971	
	0.122242	
	0.171057	
	0.133806	
	0.150283	
	0.203087	
	0.144153	
	0.162404	
	0.229594	
	0.234701	
	0.225808	
	0.227333	
	0.278070	
	0.295659	
	0.291905	
	0.342312	
	0.399984	
	0.384468	
	0.392121	
	0.481954	
	0.490145	
	0.468336	
	0.464396	
	0.500652	
	0.476263	
	0.443277	
	0.532548	
	0.552621	
	0.466460	
	0.480369	
	0.529480	
	0.541212	
	0.465529	
	0.537851	
	0.556704	
	0.487597	
	0.481749	
	0.552041	
	0.530269	
	0.459456	
	0.536296	
	0.535243	
	0.445364	
	0.411676	
	0.346722	
	0.355060	
	0.312205	
	0.397835	
	0.397348	
	0.382539	
	0.371767	
	0.419149	
	0.444628	
	0.421839	
	0.412911	
	0.453380	
	0.441021	
	0.388663	
	0.405769	
	0.423770	
	0.460467	
	0.422530	
	0.446401	
	0.450381	
	0.534663	
	0.449418	
	0.490821	
	0.512660	
	0.489440	
	0.578969	
	0.568491	
	0.531486	
	0.561516	
	0.550249	
	0.540923	
	0.468597	
	0.509754	
	0.451702	
	0.307003	
	0.173145	
	0.152328	
	0.126507	
	0.079248	
	0.083387	
	0.114326	
	0.089613	
	0.124239	
	0.076264	
	0.081387	
	0.079007	
	0.080879	
	0.087503	
	0.083946	
	0.086269	
	0.097936	
	0.109903	
	0.121464	
	0.134997	
	0.168071	
	0.172243	
	0.190900	
	0.179534	
	0.179111	
	0.210543	
	0.177150	
	0.184353	
	0.214394	
	0.190358	
	0.207883	
	0.195777	
	0.213097	
	0.184315	
	0.197057	
	0.180889	
	0.176341	
	0.174803	
	0.185074	
	0.207346	
	0.228505	
	0.305255	
	0.279481	
	0.277813	
	0.173418	
	0.224857	
	0.218309	
	0.170662	
	0.165756	
	0.178245	
	0.231436	
	0.241166	
	0.275155	
	0.290666	
	0.308509	
	0.329186	
	0.336910	
	0.310831	
	0.333144	
	0.330050	
	0.326173	
	0.232382	
	0.382337	
	0.523635	
	0.613104	
	0.514543	
	0.416177	
	0.394810	
	0.410024	
	0.413459	
	0.406270	
	0.473842	
	0.493105	
	0.511022	
	0.499544	
	0.492569	
	0.487879	
	0.481575	
	0.297683	
	0.310356	
	0.316821	
	0.245784	
	0.206831	
	0.422305	
	0.438335	
	0.336244	
	0.335420	
	0.230703	
	0.213063	
	0.234744	
	0.245566	
	0.291593	
	0.263505	
	0.296218	
	0.256525	
	0.317635	
	0.365460	
	0.315664	
	0.357497	
	0.417397	
	0.415588	
	0.365731	
	0.440917	
	0.458352	
	0.487274	
	0.431578	
	0.450031	
	0.474138	
	0.387229	
	0.388384	
	0.412991	
	0.392638	
	0.372114	
	0.448228	
	0.455822	
	0.411063	
	0.469078	
	0.481316	
	0.433002	
	0.470395	
	0.479813	
	0.432814	
	0.485921	
	0.467527	
	0.415815	
	0.386557	
	0.384953	
	0.384842	
	0.289301	
	0.288560	
	0.307693	
	0.312647	
	0.336791	
	0.407491	
	0.399971	
	0.387579	
	0.378586	
	0.408752	
	0.386018	
	0.445284	
	0.363475	
	0.169340	
	0.172945	
	0.145213	
	0.178983	
	0.179504	
	0.198142	
	0.256610	
	0.321340	
	0.339577	
	0.369810	
	0.403048	
	0.488567	
	0.471723	
	0.537867	
	0.531236	
	0.499696	
	0.476695	
	0.522167	
	0.426311	
	0.223569	
	0.348711	
	0.390700	
	0.371462	
	0.205313	
	0.226220	
	0.182154	
	0.193054	
	0.214587	
	0.218410	
	0.207120	
	0.231977	
	0.229700	
	0.242863	
	0.270092	
	0.320694	
	0.338261	
	0.304792	
	0.330599	
	0.380677	
	0.364210	
	0.375124	
	0.400221	
	0.388373	
	0.366715	
	0.436094	
	0.454187	
	0.419796	
	0.427789	
	0.423504	
	0.396415	
	0.373433	
	0.425102	
	0.391529	
	0.409103	
	0.430348	
	0.448029	
	0.381084	
	0.427687	
	0.445144	
	0.438407	
	0.463019	
	0.485540	
	0.447575	
	0.420668	
	0.405540	
	0.341455	
	0.332591	
	0.332531	
	0.360121	
	0.371077	
	0.352955	
	0.393514	
	0.375520	
	0.375775	
	0.390345	
	0.389699	
	0.399017	
	0.399404	
	0.456673	
	0.477270	
	0.443613	
	0.432052	
	0.401247	
	0.401657	
	0.384241	
	0.380069	
	0.400859	
	0.396033	
	0.434315	
	0.422880	
	0.460480	
	0.303568	
	0.304951	
	0.325449	
	0.306011	
	0.291613	
	0.276044	
	0.230055	
	0.276528	
	0.333458	
	0.448543	
	0.377525	
	0.203649	
	0.229286	
	0.225937	
	0.206146	
	0.122894	
	0.124657	
	0.171609	
	0.153934	
	0.146092	
	0.183966	
	0.200981	
	0.190493	
	0.194426	
	0.238367	
	0.199574	
	0.192669	
	0.243269	
	0.271186	
	0.252561	
	0.240479	
	0.298812	
	0.299354	
	0.264603	
	0.274283	
	0.285361	
	0.325432	
	0.324948	
	0.323138	
	0.328605	
	0.313666	
	0.294623	
	0.349834	
	0.381481	
	0.344953	
	0.317808	
	0.350378	
	0.285585	
	0.281157	
	0.318114	
	0.328484	
	0.328601	
	0.296535	
	0.326497	
	0.218541	
	0.207834	
	0.203666	
	0.245798	
	0.310711	
	0.287535	
	0.280563	
	0.282377	
	0.288681	
	0.268065	
	0.259877	
	0.262288	
	0.270287	
	0.252839	
	0.264333	
	0.247005	
	0.239936	
	0.239274	
	0.249099	
	0.281642	
	0.323588	
	0.285192	
	0.302660	
	0.349382	
	0.310827	
	0.295436	
	0.345632	
	0.359880	
	0.339255	
	0.346958	
	0.346680	
	0.283923	
	0.248659	
	0.270057	
	0.293701	
	0.243541	
	0.212902	
	0.130712	
	0.099599	
	0.111848	
	0.101644	
	0.097115	
	0.072462	
	0.085589	
	0.089187	
	0.090144	
	0.103562	
	0.117318	
	0.107747	
	0.126792	
	0.114429	
	0.114094	
	0.119950	
	0.133621	
	0.149455	
	0.146263	
	0.152178	
	0.143873	
	0.134559	
	0.134231	
	0.153374	
	0.163656	
	0.177299	
	0.186828	
	0.166256	
	0.188591	
	0.276316	
	0.231787	
	0.259907	
	0.252810	
	0.272381	
	0.340202	
	0.291750	
	0.273477	
	0.293608	
	0.257589	
	0.176855	
	0.173530	
	0.156422	
	0.148443	
	0.153072	
	0.152411	
	0.152855	
	0.141367	
	0.168795	
	0.200866	
	0.196834	
	0.182708	
	0.227224	
	0.241174	
	0.220272	
	0.219962	
	0.237385	
	0.226005	
	0.276443	
	0.265699	
	0.285894	
	0.276393	
	0.292699	
	0.281236	
	0.250048	
	0.306832	
	0.310937	
	0.304592	
	0.281561	
	0.298353	
	0.270547	
	0.316399	
	0.344316	
	0.262571	
	0.194017	
	0.192978	
	0.193865	
	0.299392	
	0.387248	
	0.453438	
	0.459193	
	0.399213	
	0.341490	
	0.314950	
	0.360637	
	0.307795	
	0.203810	
	0.216571	
	0.344096	
	0.239027	
	0.230551	
	0.201132	
	0.177970	
	0.156998	
	0.189009	
	0.204204	
	0.190600	
	0.211143	
	0.209413	
	0.184667	
	0.189522	
	0.217748	
	0.204640	
	0.204660	
	0.225088	
	0.206859	
	0.182518	
	0.237131	
	0.222126	
	0.204429	
	0.218355	
	0.214308	
	0.216743	
	0.222240	
	0.226083	
	0.226907	
	0.207969	
	0.190975	
	0.167479	
	0.191764	
	0.193297	
	0.198359	
	0.193927	
	0.193601	
	0.199642	
	0.148445	
	0.156497	
	0.221555	
	0.200766	
	0.170074	
	0.169813	
	0.170791	
	0.167799	
	0.165186	
	0.167637	
	0.170373	
	0.165844	
	0.213629	
	0.238908	
	0.203261	
	0.242993	
	0.271273	
	0.327418	
	0.215177	
	0.334686	
	0.282613	
	0.263796	
	0.251310	
	0.265204	
	0.245063	
	0.237005	
	0.239740	
	0.224750	
	0.242722	
	0.228110	
	0.185681	
	0.114692	
	0.124142	
	0.132513	
	0.142724	
	0.164466	
	0.153817	
	0.142156	
	0.162509	
	0.071477	
	0.056073	
	0.082383	
	0.081037	
	0.108309	
	0.089365	
	0.083711	
	0.084446	
	0.096162	
	0.112189	
	0.092418	
	0.089664	
	0.082699	
	0.087272	
	0.092251	
	0.110071	
	0.131784	
	0.108419	
	0.119527	
	0.132727	
	0.102095	
	0.104842	
	0.091987	
	0.123109	
	0.114254	
	0.128316	
	0.116245	
	0.111439	
	0.093815	
	0.109285	
	0.082720	
	0.115216	
	0.115816	
	0.127808	
	0.111995	
	0.115659	
	0.125913	
	0.127370	
	0.174651	
	0.136240	
	0.094336	
	0.076210	
	0.072839	
	0.089819	
	0.087584	
	0.089666	
	0.085383	
	0.098183	
	0.104426	
	0.096532	
	0.068489	
	0.088628	
	0.087244	
	0.090787	
	0.080943	
	0.092346	
	0.114019	
	0.169149	
	0.290874	
	0.254501	
	0.287241	
	0.297347	
	0.295648	
	0.327919	
	0.357640	
	0.349511	
	0.332351	
	0.354933	
	0.353044	
	0.227433	
	0.198180	
	0.157489	
	0.218384	
	0.289043	
	0.283338	
	0.243488	
	0.164602	
	0.227445	
	0.296191	
	0.326331	
	0.333721	
	0.304622	
	0.217208	
	0.227349	
	0.229030	
	0.215892	
	0.251735	
	0.302389	
	0.310651	
	0.293531	
	0.336890	
	0.305366	
	0.277636	
	0.319675	
	0.367649	
	0.349859	
	0.332160	
	0.319441	
	0.362919	
	0.402020	
	0.427080	
	0.416991	
	0.382043	
	0.417742	
	0.416953	
	0.382291	
	0.440052	
	0.461547	
	0.444136	
	0.486074	
	0.506250	
	0.512372	
	0.487351	
	0.529229	
	0.538722	
	0.508583	
	0.550455	
	0.531478	
	0.399897	
	0.360632	
	0.363788	
	0.377318	
	0.363745	
	0.396030	
	0.385527	
	0.389712	
	0.429168	
	0.432251	
	0.439377	
	0.462489	
	0.466612	
	0.469731	
	0.438276	
	0.430885	
	0.481012	
	0.489754	
	0.440141	
	0.438565	
	0.431615	
	0.374776	
	0.387843	
	0.428900	
	0.406305	
	0.425158	
	0.408803	
	0.444235	
	0.396171	
	0.426918	
	0.423857	
	0.444647	
	0.463569	
	0.480722	
	0.522593	
	0.542412	
	0.544574	
	0.480386	
	0.457700	
	0.284388	
	0.247473	
	0.196895	
	0.162517	
	0.135267	
	0.119631	
	0.103666	
	0.084205	
	0.091851	
	0.091586	
	0.086641	
	0.096593	
	0.066141	
	0.076113	
	0.066960	
	0.080466	
	0.081254	
	0.108781	
	0.088565	
	0.091331	
	0.093441	
	0.095140	
	0.115709	
	0.108480	
	0.107394	
	0.103217	
	0.107890	
	0.106789	
	0.102927	
	0.122968	
	0.124876	
	0.133015	
	0.136710	
	0.214746	
	0.264299	
	0.301215	
	0.364856	
	0.338219	
	0.313095	
	0.259588	
	0.211942	
	0.225596	
	0.207275	
	0.207203	
	0.285354	
	0.312304	
	0.318624	
	0.372012	
	0.338100	
	0.314235	
	0.340877	
	0.342386	
	0.309193	
	0.319368	
	0.337966	
	0.355062	
	0.340176	
	0.316136	
	0.264236	
	0.220755	
	0.214518	
	0.182431	
	0.134226	
	0.128028	
	0.128109	
	0.140433	
	0.123979	
	0.123074	
	0.110841	
	0.117048	
	0.100151	
	0.131292	
	0.145336	
	0.127325	
	0.137015	
	0.110729	
	0.141790	
	0.111345	
	0.148633	
	0.146001	
	0.123619	
	0.136738	
	0.136142	
	0.118650	
	0.106368	
	0.179179	
	0.139751	
	0.147849	
	0.127676	
	0.134893	
	0.124334	
	0.145899	
	0.150289	
	0.161921	
	0.156242	
	0.166383	
	0.179301	
	0.173546	
	0.164852	
	0.148440	
	0.151354	
	0.160083	
	0.180955	
	0.177286	
	0.234654	
	0.196833	
	0.190176	
	0.182730	
	0.176192	
	0.183138	
	0.153887	
	0.163800	
	0.166986	
	0.177875	
	0.174838	
	0.192173	
	0.186056	
	0.209011	
	0.196378	
	0.201559	
	0.193882	
	0.192696	
	0.164203	
	0.166450	
	0.146542	
	0.173023	
	0.169798	
	0.167066	
	0.200015	
	0.203301	
	0.209063	
	0.195870	
	0.229422	
	0.229970	
	0.164052	
	0.179871	
	0.183708	
	0.206344	
	0.197661	
	0.241887	
	0.234955	
	0.224810	
	0.242677	
	0.201572	
	0.183037	
	0.177417	
	0.163322	
	0.169725	
	0.195063	
	0.185490	
	0.183144	
	0.154458	
	0.165486	
	0.170658	
	0.175778	
	0.202283	
	0.201874	
	0.195289	
	0.185510	
	0.176896	
	0.146829	
	0.147839	
	0.075116	
	0.100331	
	0.074329	
	0.098030	
	0.091263	
	0.095866	
	0.105670	
	0.125929	
	0.105896	
	0.117757	
	0.099705	
	0.104284	
	0.097037	
	0.109026	
	0.109805	
	0.106915	
	0.113604	
	0.097551	
	0.105534	
	0.118747	
	0.117909	
	0.116853	
	0.109482	
	0.125435	
	0.136444	
	0.120263	
	0.112713	
	0.119187	
	0.110586	
	0.106887	
	0.111582	
	0.124424	
	0.136439	
	0.128435	
	0.123532	
	0.113459	
	0.107816	
	0.114809	
	0.140096	
	0.164240	
	0.155103	
	0.107978	
	0.152537	
	0.074583	
	0.074663	
	0.054884	
	0.057619	
	0.070295	
	0.058796	
	0.047443	
	0.063401	
	0.052409	
	0.063340	
	0.057669	
	0.061498	
	0.067531	
	0.062935	
	0.059190	
	0.063043	
	0.073645	
	0.071209	
	0.074584	
	0.069645	
	0.070360	
	0.081238	
	0.101524	
	0.125805	
	0.162453	
	0.163086	
	0.150251	
	0.189435	
	0.163639	
	0.119187	
	0.121505	
	0.121615	
	0.194177	
	0.143487	
	0.163788	
	0.145552	
	0.169528	
	0.169506	
	0.131867	
	0.122775	
	0.129081	
	0.066360	
	0.062066	
	0.076682	
	0.060128	
	0.073514	
	0.069333	
	0.059423	
	0.068270	
	0.076720	
	0.081610	
	0.102124	
	0.080580	
	0.078714	
	0.078224	
	0.073041	
	0.082462	
	0.084478	
	0.090116	
	0.093843	
	0.093064	
	0.082876	
	0.081874	
	0.084631	
	0.110231	
	0.128715	
	0.098537	
	0.112210	
	0.115049	
	0.121717	
	0.108151	
	0.119702	
	0.106762	
	0.140886	
	0.097369	
	0.109660	
	0.128434	
	0.118652	
	0.110684	
	0.140331	
	0.086413	
	0.064156	
	0.078047	
	0.099004	
	0.101140	
	0.110117	
	0.110453	
	0.098346	
	0.079048	
	0.075381	
	0.078058	
	0.087911	
	0.088377	
	0.087635	
	0.106351	
	0.089675	
	0.114697	
	0.097476	
	0.107990	
	0.105780	
	0.115279	
	0.100947	
	0.116864	
	0.129621	
	0.132924	
	0.139181	
	0.172959	
	0.236051	
	0.240982	
	0.213636	
	0.247470	
	0.234795	
	0.187247	
	0.149450	
	0.149647	
	0.177507	
	0.198867	
	0.180421	
	0.148328	
	0.145584	
	0.155284	
	0.149630	
	0.157994	
	0.154672	
	0.090921	
	0.057134	
	0.058775	
	0.084167	
	0.059733	
	0.079582	
	0.068246	
	0.072111	
	0.088522	
	0.078837	
	0.105734	
	0.107954	
	0.113866	
	0.085920	
	0.099933	
	0.101017	
	0.076346	
	0.097026	
	0.085115	
	0.090395	
	0.076039	
	0.088850	
	0.076909	
	0.079151	
	0.080811	
	0.095865	
	0.100000	
	0.095566	
	0.124468	
	0.102184	
	0.116433	
	0.158131	
	0.135846	
	0.155481	
	0.141828	
	0.122768	
	0.126767	
	0.128776	
	0.118759	
	0.139168	
	0.135016	
	0.086570	
	0.084794	
	0.062780	
	0.078285	
	0.129438	
	0.106334	
	0.108203	
	0.102591	
	0.086122	
	0.104053	
	0.099279	
	0.101019	
	0.102947	
	0.097120	
	0.096410	
	0.124349	
	0.100430	
	0.110057	
	0.113348	
	0.108367	
	0.092816	
	0.093874	
	0.128210	
	0.097573	
	0.114816	
	0.134244	
	0.116811	
	0.140603	
	0.118655	
	0.115209	
	0.129462	
	0.120531	
	0.119531	
	0.126922	
	0.131373	
	0.139302	
	0.167754	
	0.157865	
	0.143425	
	0.124707	
	0.140741	
	0.107845	
	0.070497	
	0.037085	
	0.039277	
	0.059243	
	0.050193	
	0.066553	
	0.081747	
	0.069307	
	0.062843	
	0.059411	
	0.059811	
	0.054873	
	0.066308	
	0.063780	
	0.073538	
	0.072695	
	0.100780	
	0.079469	
	0.092949	
	0.082105	
	0.080231	
	0.072328	
	0.080958	
	0.079785	
	0.086498	
	0.083293	
	0.102203	
	0.071644	
	0.096721	
	0.080784	
	0.096351	
	0.085012	
	0.079295	
	0.092740	
	0.081801	
	0.078955	
	0.083197	
	0.092270	
	0.115844	
	0.103592	
	0.102802	
	0.086768	
	0.064916	
	0.082318	
	0.087845	
	0.103631	
	0.094584	
	0.104668	
	0.094043	
	0.115657	
	0.096560	
	0.087336	
	0.078373	
	0.096172	
	0.086492	
	0.107928	
	0.117115	
	0.109767	
	0.123090	
	0.136255	
	0.121059	
	0.123490	
	0.149787	
	0.142803	
	0.213873	
	0.236116	
	0.325519	
	0.311351	
	0.321812	
	0.274018	
	0.210029	
	0.176893	
	0.158980	
	0.146996	
	0.150652	
	0.162241	
	0.150699	
	0.142761	
	0.115470	
	0.120085	
	0.107831	
	0.079969	
	0.083573	
	0.079137	
	0.085232	
	0.067845	
	0.078284	
	0.059231	
	0.075708	
	0.076756	
	0.083514	
	0.083560	
	0.084503	
	0.092350	
	0.110938	
	0.124298	
	0.108212	
	0.124542	
	0.125385	
	0.118235	
	0.139054	
	0.146699	
	0.176172	
	0.161465	
	0.182877	
	0.201255	
	0.185849	
	0.209727	
	0.200724	
	0.190879	
	0.211554	
	0.222524	
	0.219825	
	0.245291	
	0.246439	
	0.242932	
	0.251282	
	0.255645	
	0.281481	
	0.271061	
	0.271094	
	0.264415	
	0.238679	
	0.222012	
	0.183722	
	0.143826	
	0.164945	
	0.174248	
	0.186208	
	0.185284	
	0.218918	
	0.239064	
	0.236078	
	0.200576	
	0.151617	
	0.113991	
	0.111048	
	0.119611	
	0.133564	
	0.147167	
	0.160917	
	0.167538	
	0.235834	
	0.446159	
	0.418523	
	0.432303	
	0.429006	
	0.423731	
	0.416774	
	0.332742	
	0.207573	
	0.112473	
	0.153667	
	0.183489	
	0.167263	
	0.173981	
	0.162047	
	0.184461	
	0.205870	
	0.170787	
	0.151224	
	0.104609	
	0.050214	
	0.036918	
	0.051717	
	0.071264	
	0.102368	
	0.120915	
	0.140376	
	0.177587	
	0.159926	
	0.196072	
	0.270053	
	0.272411	
	0.283282	
	0.294374	
	0.271879	
	0.340265	
	0.269667	
	0.298677	
	0.340384	
	0.357103	
	0.324414	
	0.356523	
	0.426354	
	0.409595	
	0.345652	
	0.421350	
	0.454544	
	0.416397	
	0.428141	
	0.489292	
	0.498368	
	0.439183	
	0.433747	
	0.489934	
	0.454040	
	0.471313	
	0.442926	
	0.456982	
	0.438634	
	0.377235	
	0.514710	
	0.502537	
	0.309883	
	0.275560	
	0.307002	
	0.219853	
	0.176327	
	0.140463	
	0.154852	
	0.185224	
	0.179428	
	0.164366	
	0.194630	
	0.188146	
	0.167790	
	0.145731	
	0.187831	
	0.208164	
	0.179875	
	0.184483	
	0.190200	
	0.171446	
	0.164373	
	0.173082	
	0.192148	
	0.212808	
	0.189007	
	0.189447	
	0.242334	
	0.208896	
	0.156409	
	0.170109	
	0.170405	
	0.153548	
	0.134990	
	0.177597	
	0.171635	
	0.158908	
	0.181030	
	0.199361	
	0.190930	
	0.176460	
	0.182199	
	0.134494	
	0.088074	
	0.070734	
	0.096743	
	0.090905	
	0.075177	
	0.077562	
	0.075942	
	0.071169	
	0.081718	
	0.071501	
	0.082186	
	0.099047	
	0.082511	
	0.121030	
	0.099677	
	0.114341	
	0.092998	
	0.077776	
	0.114126	
	0.150306	
	0.110035	
	0.136156	
	0.126059	
	0.135483	
	0.120863	
	0.128826	
	0.161595	
	0.174746	
	0.208906	
	0.209883	
	0.255717	
	0.225183	
	0.215186	
	0.206947	
	0.276989	
	0.300717	
	0.360152	
	0.212063	
	0.235309	
	0.241430	
	0.210568	
	0.127980	
	0.107409	
	0.108797	
	0.113002	
	0.151794	
	0.178662	
	0.199436	
	0.250652	
	0.251470	
	0.232582	
	0.229250	
	0.232740	
	0.215264	
	0.240392	
	0.196868	
	0.297263	
	0.318779	
	0.306970	
	0.270507	
	0.193609	
	0.160080	
	0.175813	
	0.198618	
	0.230941	
	0.282163	
	0.300311	
	0.280265	
	0.326550	
	0.330571	
	0.351977	
	0.305021	
	0.231282	
	0.264796	
	0.223032	
	0.146150	
	0.130293	
	0.148720	
	0.268555	
	0.296514	
	0.247208	
	0.197718	
	0.241135	
	0.272303	
	0.330106	
	0.316717	
	0.353184	
	0.351602	
	0.378098	
	0.388698	
	0.415649	
	0.466767	
	0.474604	
	0.432008	
	0.457334	
	0.497616	
	0.466280	
	0.436611	
	0.512098	
	0.559090	
	0.533348	
	0.561750	
	0.593200	
	0.497972	
	0.492963	
	0.560280	
	0.575421	
	0.554852	
	0.598224	
	0.608583	
	0.511144	
	0.454694	
	0.546066	
	0.563895	
	0.457840	
	0.554979	
	0.594141	
	0.492628	
	0.496271	
	0.547400	
	0.399882	
	0.322526	
	0.363109	
	0.350137	
	0.334369	
	0.383773	
	0.421980	
	0.376524	
	0.414189	
	0.439005	
	0.379822	
	0.437902	
	0.488726	
	0.436298	
	0.397412	
	0.399388	
	0.270367	
	0.183367	
	0.181019	
	0.178404	
	0.259183	
	0.321630	
	0.353354	
	0.369441	
	0.417297	
	0.401410	
	0.421855	
	0.449786	
	0.455959	
	0.436949	
	0.446083	
	0.463317	
	0.457231	
	0.358659	
	0.292107	
	0.210898	
	0.206498	
	0.277465	
	0.187872	
	0.196848	
	0.240694	
	0.228425	
	0.179958	
	0.209562	
	0.240093	
	0.256324	
	0.300520	
	0.336023	
	0.340467	
	0.345036	
	0.347718	
	0.309924	
	0.297267	
	0.307632	
	0.373130	
	0.357068	
	0.393665	
	0.407699	
	0.359659	
	0.358733	
	0.404247	
	0.428654	
	0.363270	
	0.428539	
	0.447996	
	0.437199	
	0.368045	
	0.411994	
	0.480102	
	0.446922	
	0.453382	
	0.476659	
	0.473938	
	0.405293	
	0.438211	
	0.459820	
	0.501912	
	0.465598	
	0.495165	
	0.511825	
	0.398320	
	0.272655	
	0.269242	
	0.339162	
	0.278322	
	0.304168	
	0.301563	
	0.296070	
	0.267670	
	0.354546	
	0.362194	
	0.361307	
	0.413474	
	0.376554	
	0.302828	
	0.274508	
	0.142500	
	0.172577	
	0.188503	
	0.235325	
	0.211900	
	0.295002	
	0.285936	
	0.226353	
	0.240235	
	0.304347	
	0.344102	
	0.352964	
	0.308746	
	0.298200	
	0.328294	
	0.277696	
	0.277787	
	0.542008	
	0.717607	
	0.712479	
	0.783070	
	0.717488	
	0.343283	
	0.353516	
	0.319178	
	0.314133	
	0.187203	
	0.199165	
	0.190810	
	0.196961	
	0.204543	
	0.232458	
	0.199778	
	0.205904	
	0.223647	
	0.273655	
	0.276266	
	0.332410	
	0.265471	
	0.237633	
	0.263756	
	0.336993	
	0.344072	
	0.330466	
	0.370154	
	0.316527	
	0.301587	
	0.285074	
	0.331958	
	0.352643	
	0.351979	
	0.374754	
	0.296317	
	0.265287	
	0.337030	
	0.321093	
	0.353606	
	0.293338	
	0.305511	
	0.310994	
	0.325890	
	0.283584	
	0.307317	
	0.368275	
	0.391870	
	0.344114	
	0.298011	
	0.217086	
	0.199260	
	0.222831	
	0.233577	
	0.253954	
	0.268371	
	0.248366	
	0.275244	
	0.250457	
	0.288213	
	0.274662	
	0.305443	
	0.330813	
	0.319505	
	0.287620	
	0.280004	
	0.287654	
	0.324830	
	0.355876	
	0.349258	
	0.340517	
	0.316371	
	0.291339	
	0.300369	
	0.323213	
	0.399100	
	0.379788	
	0.388972	
	0.360593	
	0.318231	
	0.284717	
	0.352730	
	0.395813	
	0.384086	
	0.395853	
	0.371433	
	0.353878	
	0.316450	
	0.361263	
	0.408609	
	0.365560	
	0.308214	
	0.184342	
	0.152264	
	0.080620	
	0.071750	
	0.057955	
	0.082952	
	0.059416	
	0.079275	
	0.068128	
	0.082141	
	0.081391	
	0.076714	
	0.086783	
	0.081020	
	0.070545	
	0.069568	
	0.089606	
	0.076447	
	0.070317	
	0.073033	
	0.070125	
	0.068842	
	0.081784	
	0.080857	
	0.078662	
	0.086341	
	0.099832	
	0.090432	
	0.092977	
	0.101844	
	0.086206	
	0.099586	
	0.076923	
	0.089408	
	0.092301	
	0.095512	
	0.125810	
	0.144508	
	0.142111	
	0.157215	
	0.165224	
	0.141990	
	0.088508	
	0.078261	
	0.084652	
	0.092745	
	0.088561	
	0.108437	
	0.085384	
	0.074521	
	0.090448	
	0.097253	
	0.109097	
	0.075262	
	0.075110	
	0.074303	
	0.076674	
	0.086150	
	0.088755	
	0.089843	
	0.092818	
	0.092208	
	0.089953	
	0.101666	
	0.089620	
	0.088610	
	0.113503	
	0.129801	
	0.159712	
	0.142995	
	0.210958	
	0.168365	
	0.195158	
	0.173460	
	0.173444	
	0.181868	
	0.168234	
	0.193514	
	0.195560	
	0.200001	
	0.174268	
	0.163473	
	0.119495	
	0.134785	
	0.105923	
	0.077246	
	0.095432	
	0.098459	
	0.071834	
	0.108896	
	0.080989	
	0.087293	
	0.104158	
	0.090393	
	0.096793	
	0.121501	
	0.119600	
	0.102556	
	0.123915	
	0.124810	
	0.095912	
	0.099725	
	0.124246	
	0.114987	
	0.103080	
	0.106940	
	0.099958	
	0.115099	
	0.103535	
	0.077839	
	0.114344	
	0.132374	
	0.108905	
	0.097391	
	0.112661	
	0.114890	
	0.122049	
	0.115736	
	0.130497	
	0.135887	
	0.162530	
	0.126027	
	0.136917	
	0.112578	
	0.094685	
	0.104405	
	0.086295	
	0.127665	
	0.154781	
	0.129314	
	0.120725	
	0.132314	
	0.126872	
	0.129759	
	0.135328	
	0.108965	
	0.172324	
	0.202892	
	0.235801	
	0.142192	
	0.173124	
	0.142567	
	0.129833	
	0.149377	
	0.210794	
	0.208247	
	0.261327	
	0.277948	
	0.296209	
	0.360326	
	0.322926	
	0.389386	
	0.445666	
	0.433340	
	0.471137	
	0.475083	
	0.413404	
	0.354605	
	0.360273	
	0.331976	
	0.381387	
	0.375698	
	0.319171	
	0.220666	
	0.175635	
	0.145834	
	0.119570	
	0.113974	
	0.098283	
	0.117211	
	0.107325	
	0.116240	
	0.098374	
	0.113570	
	0.128231	
	0.123497	
	0.136604	
	0.152309	
	0.169278	
	0.157195	
	0.173949	
	0.171598	
	0.184787	
	0.167666	
	0.168461	
	0.150551	
	0.187579	
	0.207980	
	0.235481	
	0.290216	
	0.285453	
	0.271939	
	0.294553	
	0.263220	
	0.288016	
	0.289679	
	0.295048	
	0.339558	
	0.362852	
	0.396522	
	0.364552	
	0.257670	
	0.193736	
	0.160902	
	0.101081	
	0.099736	
	0.100231	
	0.215595	
	0.197368	
	0.245042	
	0.245932	
	0.267839	
	0.259111	
	0.242293	
	0.276349	
	0.229297	
	0.157259	
	0.106653	
	0.128004	
	0.122965	
	0.113387	
	0.128625	
	0.153395	
	0.151839	
	0.176772	
	0.164176	
	0.188543	
	0.198027	
	0.161788	
	0.191987	
	0.171231	
	0.200098	
	0.224829	
	0.217981	
	0.235719	
	0.229514	
	0.280540	
	0.299380	
	0.298022	
	0.280415	
	0.289838	
	0.326011	
	0.281422	
	0.231700	
	0.317871	
	0.209283	
	0.131334	
	0.108949	
	0.051789	
	0.057960	
	0.062814	
	0.065852	
	0.059614	
	0.059033	
	0.078058	
	0.088871	
	0.076641	
	0.076441	
	0.085646	
	0.082235	
	0.079114	
	0.090424	
	0.076262	
	0.095334	
	0.081749	
	0.111443	
	0.105985	
	0.115119	
	0.116538	
	0.094281	
	0.117826	
	0.103644	
	0.119308	
	0.122783	
	0.112110	
	0.142880	
	0.133994	
	0.259114	
	0.373519	
	0.467292	
	0.547529	
	0.567464	
	0.570439	
	0.603861	
	0.610191	
	0.306318	
	0.165280	
	0.152821	
	0.136831	
	0.133015	
	0.150535	
	0.150950	
	0.177272	
	0.163260	
	0.230395	
	0.260181	
	0.242585	
	0.280359	
	0.295480	
	0.281562	
	0.302130	
	0.393382	
	0.297985	
	0.300726	
	0.389313	
	0.385451	
	0.339385	
	0.374045	
	0.377421	
	0.394181	
	0.394084	
	0.420652	
	0.377048	
	0.344694	
	0.401143	
	0.442599	
	0.402481	
	0.413220	
	0.410250	
	0.373854	
	0.391525	
	0.439891	
	0.448328	
	0.364581	
	0.446374	
	0.423207	
	0.339871	
	0.347704	
	0.288525	
	0.251384	
	0.249260	
	0.275646	
	0.263213	
	0.217177	
	0.259955	
	0.280117	
	0.300588	
	0.331870	
	0.360383	
	0.313874	
	0.288212	
	0.323294	
	0.339966	
	0.328413	
	0.345787	
	0.370628	
	0.343934	
	0.317324	
	0.319778	
	0.329267	
	0.333591	
	0.330678	
	0.359109	
	0.321314	
	0.307205	
	0.324495	
	0.276865	
	0.282206	
	0.278707	
	0.289856	
	0.300391	
	0.296201	
	0.289808	
	0.239011	
	0.193060	
	0.198719	
	0.216844	
	0.253402	
	0.264300	
	0.188766	
	0.124811	
	0.129824	
	0.152279	
	0.182373	
	0.200799	
	0.232684	
	0.153065	
	0.146967	
	0.182339	
	0.229879	
	0.230427	
	0.218110	
	0.199446	
	0.169615	
	0.199791	
	0.244823	
	0.261330	
	0.276820	
	0.262187	
	0.209464	
	0.195339	
	0.228251	
	0.228141	
	0.290858	
	0.259678	
	0.220114	
	0.186959	
	0.194410	
	0.186842	
	0.200328	
	0.210869	
	0.213411	
	0.155395	
	0.233085	
	0.156890	
	0.108196	
	0.093732	
	0.154183	
	0.199381	
	0.181568	
	0.076270	
	0.066503	
	0.101933	
	0.098209	
	0.100632	
	0.104911	
	0.128953	
	0.133972	
	0.118268	
	0.141276	
	0.127159	
	0.120898	
	0.144180	
	0.168333	
	0.184417	
	0.191397	
	0.227240	
	0.211272	
	0.168030	
	0.187977	
	0.205084	
	0.215597	
	0.215470	
	0.219668	
	0.241082	
	0.235126	
	0.227478	
	0.273039	
	0.228659	
	0.232785	
	0.252360	
	0.253968	
	0.251406	
	0.262174	
	0.258195	
	0.255440	
	0.236586	
	0.263699	
	0.268413	
	0.220895	
	0.236749	
	0.212576	
	0.172788	
	0.134203	
	0.168971	
	0.229674	
	0.213649	
	0.210047	
	0.229068	
	0.241750	
	0.239778	
	0.199477	
	0.219787	
	0.225686	
	0.231679	
	0.251003	
	0.228210	
	0.219972	
	0.222332	
	0.243670	
	0.240722	
	0.241242	
	0.248836	
	0.249858	
	0.236519	
	0.238531	
	0.267970	
	0.266980	
	0.246889	
	0.226351	
	0.267521	
	0.257671	
	0.228131	
	0.255279	
	0.250790	
	0.241844	
	0.236557	
	0.284462	
	0.247811	
	0.238843	
	0.224744	
	0.246113	
	0.194944	
	0.138806	
	0.158306	
	0.184165	
	0.196746	
	0.191643	
	0.194365	
	0.169502	
	0.170951	
	0.195182	
	0.213069	
	0.232254	
	0.223609	
	0.227634	
	0.212598	
	0.190070	
	0.189403	
	0.194973	
	0.208779	
	0.202022	
	0.201712	
	0.151636	
	0.125678	
	0.126076	
	0.159525	
	0.153683	
	0.143628	
	0.162194	
	0.160930	
	0.164106	
	0.151967	
	0.151152	
	0.139997	
	0.155506	
	0.157672	
	0.166257	
	0.154697	
	0.118513	
	0.137475	
	0.120376	
	0.150277	
	0.168586	
	0.157874	
	0.162436	
	0.167680	
	0.137244	
	0.138623	
	0.138567	
	0.142729	
	0.145360	
	0.122727	
	0.126606	
	0.127047	
	0.106770	
	0.113565	
	0.120590	
	0.138721	
	0.157246	
	0.137287	
	0.144763	
	0.084783	
	0.077153	
	0.075915	
	0.107421	
	0.102049	
	0.133876	
	0.123650	
	0.149892	
	0.183136	
	0.165179	
	0.142672	
	0.123463	
	0.181648	
	0.219169	
	0.215703	
	0.190937	
	0.193823	
	0.174130	
	0.202703	
	0.194642	
	0.183326	
	0.145604	
	0.101223	
	0.047403	
	0.075231	
	0.071833	
	0.069172	
	0.092651	
	0.067577	
	0.075596	
	0.076911	
	0.093911	
	0.133556	
	0.085014	
	0.090257	
	0.101034	
	0.097784	
	0.089398	
	0.102716	
	0.100170	
	0.107139	
	0.103016	
	0.137227	
	0.256083	
	0.228685	
	0.264569	
	0.195131	
	0.240618	
	0.317303	
	0.307696	
	0.307944	
	0.316187	
	0.301628	
	0.296410	
	0.280353	
	0.325088	
	0.302971	
	0.268915	
	0.226051	
	0.196828	
	0.191753	
	0.216519	
	0.220530	
	0.214567	
	0.107614	
	0.108661	
	0.117912	
	0.152426	
	0.140032	
	0.156687	
	0.162041	
	0.161899	
	0.185182	
	0.195641	
	0.198748	
	0.203054	
	0.202741	
	0.203368	
	0.187096	
	0.186675	
	0.187770	
	0.204337	
	0.210185	
	0.244965	
	0.215861	
	0.222420	
	0.257641	
	0.258628	
	0.286033	
	0.261400	
	0.246651	
	0.227241	
	0.253003	
	0.309910	
	0.356949	
	0.363663	
	0.303270	
	0.313319	
	0.288076	
	0.216070	
	0.215992	
	0.237825	
	0.209074	
	0.091148	
	0.076715	
	0.073378	
	0.081575	
	0.069966	
	0.088827	
	0.075668	
	0.087441	
	0.088729	
	0.072237	
	0.082881	
	0.068303	
	0.071982	
	0.075456	
	0.067863	
	0.099151	
	0.135417	
	0.167019	
	0.165026	
	0.167836	
	0.146391	
	0.155859	
	0.153480	
	0.175211	
	0.156290	
	0.178796	
	0.175837	
	0.154110	
	0.161424	
	0.162194	
	0.147292	
	0.159072	
	0.162058	
	0.146885	
	0.124762	
	0.167877	
	0.160043	
	0.188101	
	0.142401	
	0.116140	
	0.144048	
	0.159518	
	0.151603	
	0.157247	
	0.166509	
	0.179972	
	0.202071	
	0.229582	
	0.226039	
	0.224168	
	0.307291	
	0.284181	
	0.280011	
	0.293528	
	0.327345	
	0.280822	
	0.325263	
	0.346469	
	0.267532	
	0.328911	
	0.380294	
	0.355094	
	0.384933	
	0.402554	
	0.375395	
	0.384769	
	0.438936	
	0.430301	
	0.380906	
	0.442619	
	0.483560	
	0.430784	
	0.451376	
	0.405792	
	0.372306	
	0.326378	
	0.366891	
	0.368342	
	0.323587	
	0.307520	
	0.413952	
	0.404945	
	0.388557	
	0.387007	
	0.222396	
	0.254446	
	0.269241	
	0.303089	
	0.214174	
	0.161485	
	0.197120	
	0.220835	
	0.246516	
	0.249390	
	0.325571	
	0.333602	
	0.327816	
	0.296284	
	0.239259	
	0.258475	
	0.207150	
	0.219345	
	0.192089	
	0.192400	
	0.234185	
	0.241004	
	0.239712	
	0.253392	
	0.272314	
	0.257742	
	0.295655	
	0.322855	
	0.302291	
	0.289318	
	0.302788	
	0.273748	
	0.283858	
	0.303828	
	0.327861	
	0.317578	
	0.316042	
	0.322470	
	0.289025	
	0.278240	
	0.311560	
	0.323429	
	0.296959	
	0.325116	
	0.300249	
	0.240778	
	0.222435	
	0.239140	
	0.233041	
	0.231571	
	0.237945	
	0.274601	
	0.307729	
	0.353497	
	0.329787	
	0.232561	
	0.201971	
	0.196056	
	0.198783	
	0.209816	
	0.136743	
	0.154168	
	0.301047	
	0.215678	
	0.345655	
	0.413510	
	0.450520	
	0.389163	
	0.337683	
	0.354018	
	0.399404	
	0.469993	
	0.481067	
	0.461581	
	0.524081	
	0.510792	
	0.422238	
	0.279463	
	0.293697	
	0.289732	
	0.308941	
	0.304224	
	0.339499	
	0.526367	
	0.387901	
	0.344060	
	0.284440	
	0.297503	
	0.305512	
	0.326561	
	0.297294	
	0.290000	
	0.338161	
	0.349388	
	0.343436	
	0.375268	
	0.396284	
	0.347657	
	0.370216	
	0.418913	
	0.414001	
	0.399594	
	0.433946	
	0.418013	
	0.388004	
	0.387322	
	0.442235	
	0.435060	
	0.412368	
	0.439306	
	0.396698	
	0.397749	
	0.436466	
	0.429492	
	0.386094	
	0.422091	
	0.431449	
	0.405507	
	0.418587	
	0.425798	
	0.401674	
	0.407775	
	0.434584	
	0.451806	
	0.465164	
	0.491039	
	0.427015	
	0.311379	
	0.315967	
	0.315248	
	0.279354	
	0.349386	
	0.379354	
	0.331637	
	0.343224	
	0.328859	
	0.315217	
	0.349725	
	0.353303	
	0.330427	
	0.346830	
	0.410017	
	0.450095	
	0.355601	
	0.417981	
	0.439215	
	0.448693	
	0.481648	
	0.426661	
	0.451954	
	0.510221	
	0.491206	
	0.485212	
	0.463159	
	0.475341	
	0.478339	
	0.477218	
	0.454087	
	0.361737	
	0.289053	
	0.200566	
	0.229303	
	0.152129	
	0.156861	
	0.216289	
	0.190295	
	0.208896	
	0.216050	
	0.188158	
	0.149976	
	0.145552	
	0.189218	
	0.171732	
	0.178551	
	0.199531	
	0.188019	
	0.190673	
	0.214821	
	0.230358	
	0.208670	
	0.243354	
	0.234634	
	0.224331	
	0.230359	
	0.259378	
	0.238859	
	0.252230	
	0.281274	
	0.325558	
	0.275220	
	0.306766	
	0.298668	
	0.335659	
	0.321230	
	0.327083	
	0.361421	
	0.325331	
	0.311650	
	0.338524	
	0.355342	
	0.304907	
	0.341765	
	0.395319	
	0.359052	
	0.313399	
	0.356854	
	0.337788	
	0.304356	
	0.274644	
	0.351149	
	0.339476	
	0.261048	
	0.281616	
	0.300274	
	0.278568	
	0.273605	
	0.307812	
	0.329874	
	0.333648	
	0.332269	
	0.339128	
	0.283339	
	0.289699	
	0.293167	
	0.315346	
	0.346326	
	0.325282	
	0.346604	
	0.334484	
	0.327903	
	0.308217	
	0.334878	
	0.393665	
	0.381763	
	0.365772	
	0.357696	
	0.367335	
	0.347011	
	0.372180	
	0.403351	
	0.396512	
	0.374942	
	0.393739	
	0.374102	
	0.347297	
	0.381318	
	0.322703	
	0.248266	
	0.252960	
	0.194694	
	0.133453	
	0.152688	
	0.126995	
	0.115722	
	0.110365	
	0.111021	
	0.102394	
	0.129744	
	0.135314	
	0.136893	
	0.140301	
	0.121108	
	0.111553	
	0.125992	
	0.121291	
	0.120207	
	0.128779	
	0.135155	
	0.114849	
	0.117057	
	0.117861	
	0.124365	
	0.146360	
	0.142663	
	0.131680	
	0.149369	
	0.145624	
	0.167860	
	0.170260	
	0.154947	
	0.140471	
	0.131543	
	0.135274	
	0.127999	
	0.130606	
	0.132894	
	0.141180	
	0.150262	
	0.209267	
	0.152119	
	0.191371	
	0.169540	
	0.239438	
	0.263237	
	0.263978	
	0.304666	
	0.348225	
	0.444070	
	0.434658	
	0.411172	
	0.411245	
	0.421067	
	0.346311	
	0.361609	
	0.407426	
	0.346114	
	0.320443	
	0.343728	
	0.373310	
	0.276741	
	0.260411	
	0.244831	
	0.208622	
	0.189543	
	0.186013	
	0.182174	
	0.170274	
	0.194721	
	0.211261	
	0.184648	
	0.187842	
	0.173306	
	0.157943	
	0.129774	
	0.074820	
	0.150426	
	0.157444	
	0.164174	
	0.154282	
	0.150610	
	0.112646	
	0.119400	
	0.107816	
	0.099309	
	0.119638	
	0.124768	
	0.133649	
	0.133373	
	0.115947	
	0.139819	
	0.147894	
	0.167401	
	0.144164	
	0.162464	
	0.152084	
	0.150346	
	0.157536	
	0.190196	
	0.177787	
	0.176083	
	0.210625	
	0.191931	
	0.193448	
	0.217898	
	0.254732	
	0.245644	
	0.245430	
	0.253008	
	0.237134	
	0.211871	
	0.258410	
	0.262249	
	0.235999	
	0.271261	
	0.281894	
	0.247583	
	0.243959	
	0.281928	
	0.275038	
	0.256589	
	0.294860	
	0.254899	
	0.240840	
	0.285742	
	0.243541	
	0.206853	
	0.253711	
	0.253082	
	0.212086	
	0.202563	
	0.240464	
	0.275993	
	0.246670	
	0.240748	
	0.233541	
	0.166480	
	0.140837	
	0.166947	
	0.152548	
	0.149657	
	0.137762	
	0.220964	
	0.362983	
	0.355851	
	0.348138	
	0.350570	
	0.366699	
	0.370061	
	0.350347	
	0.383000	
	0.395407	
	0.349591	
	0.386471	
	0.363857	
	0.331764	
	0.268362	
	0.303071	
	0.295577	
	0.274590	
	0.309320	
	0.232608	
	0.174701	
	0.195918	
	0.240451	
	0.234855	
	0.192251	
	0.189323	
	0.235762	
	0.257204	
	0.288697	
	0.272695	
	0.258335	
	0.277866	
	0.271815	
	0.297774	
	0.279713	
	0.288013	
	0.302153	
	0.318993	
	0.313888	
	0.328460	
	0.358662	
	0.288342	
	0.259919	
	0.265787	
	0.224647	
	0.212446	
	0.197179	
	0.197301	
	0.219432	
	0.217206	
	0.224201	
	0.196824	
	0.205911	
	0.183832	
	0.183026	
	0.198863	
	0.243920	
	0.273395	
	0.281426	
	0.200141	
	0.174359	
	0.212421	
	0.222509	
	0.170939	
	0.171091	
	0.157877	
	0.165991	
	0.169563	
	0.202661	
	0.203382	
	0.183923	
	0.174163	
	0.210291	
	0.214114	
	0.242896	
	0.239835	
	0.217279	
	0.241494	
	0.253559	
	0.276474	
	0.272712	
	0.263035	
	0.304129	
	0.270706	
	0.279495	
	0.296350	
	0.288070	
	0.300201	
	0.313949	
	0.349744	
	0.334469	
	0.317937	
	0.314805	
	0.335282	
	0.328345	
	0.354762	
	0.387378	
	0.386529	
	0.364031	
	0.399993	
	0.385087	
	0.347888	
	0.372207	
	0.379428	
	0.321136	
	0.256150	
	0.277194	
	0.273270	
	0.271427	
	0.256679	
	0.284877	
	0.332100	
	0.320711	
	0.308963	
	0.347444	
	0.410966	
	0.359207	
	0.342925	
	0.366169	
	0.333862	
	0.299447	
	0.330290	
	0.412580	
	0.419369	
	0.401462	
	0.400225	
	0.393271	
	0.333740	
	0.329812	
	0.354779	
	0.403176	
	0.389716	
	0.374479	
	0.388330	
	0.356070	
	0.324938	
	0.359137	
	0.404757	
	0.428651	
	0.401115	
	0.400362	
	0.383131	
	0.336794	
	0.289399	
	0.244260	
	0.259006	
	0.249797	
	0.217799	
	0.278934	
	0.285409	
	0.266407	
	0.241802	
	0.250701	
	0.265818	
	0.296552	
	0.299187	
	0.316114	
	0.314186	
	0.285892	
	0.325401	
	0.382327	
	0.338961	
	0.305039	
	0.339773	
	0.361485	
	0.365288	
	0.359196	
	0.404576	
	0.388787	
	0.358891	
	0.410698	
	0.440176	
	0.411617	
	0.440555	
	0.459324	
	0.413244	
	0.388101	
	0.311166	
	0.356028	
	0.306761	
	0.364002	
	0.280250	
	0.230780	
	0.223654	
	0.173905	
	0.080588	
	0.072792	
	0.077175	
	0.084274	
	0.070245	
	0.080427	
	0.078107	
	0.077403	
	0.095909	
	0.092704	
	0.099343	
	0.123977	
	0.121666	
	0.130026	
	0.109963	
	0.125991	
	0.125499	
	0.130890	
	0.141343	
	0.142968	
	0.133086	
	0.110276	
	0.129409	
	0.115882	
	0.123797	
	0.138272	
	0.141390	
	0.182039	
	0.168283	
	0.164027	
	0.173054	
	0.228519	
	0.193843	
	0.172320	
	0.182092	
	0.216577	
	0.185907	
	0.201214	
	0.130195	
	0.130583	
	0.139142	
	0.176492	
	0.166319	
	0.226378	
	0.192237	
	0.242970	
	0.249103	
	0.249543	
	0.288466	
	0.327192	
	0.293106	
	0.302888	
	0.321798	
	0.289647	
	0.182645	
	0.165814	
	0.126466	
	0.123407	
	0.110814	
	0.100574	
	0.168341	
	0.175483	
	0.411261	
	0.499589	
	0.536894	
	0.522583	
	0.554546	
	0.545283	
	0.523246	
	0.525578	
	0.509070	
	0.462171	
	0.420858	
	0.342216	
	0.243545	
	0.202210	
	0.179745	
	0.150900	
	0.159688	
	0.145325	
	0.162772	
	0.132114	
	0.100284	
	0.082163	
	0.090100	
	0.078940	
	0.090814	
	0.089504	
	0.092254	
	0.094648	
	0.091924	
	0.085068	
	0.118942	
	0.113419	
	0.125191	
	0.133560	
	0.124304	
	0.102520	
	0.105872	
	0.122214	
	0.149936	
	0.172984	
	0.158716	
	0.144330	
	0.126109	
	0.124222	
	0.114449	
	0.150961	
	0.144001	
	0.164941	
	0.137997	
	0.151576	
	0.129623	
	0.136670	
	0.151734	
	0.170145	
	0.155415	
	0.138015	
	0.167620	
	0.156020	
	0.180145	
	0.185445	
	0.111760	
	0.122598	
	0.112731	
	0.094152	
	0.123643	
	0.121858	
	0.122620	
	0.129781	
	0.113866	
	0.134820	
	0.151458	
	0.230022	
	0.270099	
	0.256286	
	0.305518	
	0.290158	
	0.338021	
	0.343351	
	0.292691	
	0.392972	
	0.400415	
	0.375783	
	0.392780	
	0.389651	
	0.401725	
	0.452787	
	0.465386	
	0.371430	
	0.291872	
	0.196946	
	0.198967	
	0.181155	
	0.171750	
	0.188334	
	0.169693	
	0.232203	
	0.280993	
	0.246369	
	0.163771	
	0.151474	
	0.127235	
	0.151871	
	0.105314	
	0.135738	
	0.116273	
	0.141705	
	0.180025	
	0.172792	
	0.155599	
	0.170850	
	0.165670	
	0.158221	
	0.170457	
	0.155407	
	0.132897	
	0.163123	
	0.190795	
	0.165161	
	0.221359	
	0.210575	
	0.161661	
	0.176338	
	0.234889	
	0.244110	
	0.251103	
	0.273077	
	0.214526	
	0.182381	
	0.215432	
	0.233665	
	0.213889	
	0.236681	
	0.250185	
	0.205389	
	0.211986	
	0.288809	
	0.259453	
	0.171851	
	0.164771	
	0.218041	
	0.154941	
	0.095467	
	0.089670	
	0.090572	
	0.086719	
	0.104756	
	0.109495	
	0.073462	
	0.068661	
	0.058594	
	0.063650	
	0.063137	
	0.084952	
	0.075264	
	0.078556	
	0.092730	
	0.092678	
	0.120674	
	0.088101	
	0.082882	
	0.089864	
	0.099447	
	0.115865	
	0.129661	
	0.109277	
	0.131256	
	0.121531	
	0.127223	
	0.120001	
	0.127170	
	0.143510	
	0.127908	
	0.151034	
	0.158987	
	0.150564	
	0.150560	
	0.164604	
	0.157732	
	0.150350	
	0.176439	
	0.120581	
	0.134525	
	0.117146	
	0.074050	
	0.052770	
	0.042308	
	0.047943	
	0.055537	
	0.057085	
	0.066939	
	0.054306	
	0.054433	
	0.047947	
	0.058407	
	0.071778	
	0.063245	
	0.069749	
	0.059218	
	0.060787	
	0.065470	
	0.088713	
	0.070874	
	0.076520	
	0.072579	
	0.078072	
	0.078816	
	0.081178	
	0.084138	
	0.095102	
	0.075840	
	0.077657	
	0.074666	
	0.095119	
	0.080577	
	0.090706	
	0.084514	
	0.087778	
	0.096768	
	0.112396	
	0.137495	
	0.158515	
	0.115835	
	0.087196	
	0.083361	
	0.091824	
	0.098443	
	0.123098	
	0.109081	
	0.099790	
	0.090710	
	0.108230	
	0.120798	
	0.099893	
	0.089929	
	0.091932	
	0.084358	
	0.108704	
	0.097457	
	0.135012	
	0.104417	
	0.113927	
	0.083015	
	0.114331	
	0.086074	
	0.097782	
	0.100740	
	0.119270	
	0.131829	
	0.117423	
	0.135341	
	0.122198	
	0.136999	
	0.149778	
	0.175824	
	0.181434	
	0.189522	
	0.186215	
	0.148395	
	0.117395	
	0.128578	
	0.154493	
	0.132370	
	0.062344	
	0.074216	
	0.078279	
	0.087672	
	0.120003	
	0.124071	
	0.163044	
	0.179928	
	0.186356	
	0.157442	
	0.176019	
	0.151566	
	0.139843	
	0.161156	
	0.186177	
	0.166775	
	0.168260	
	0.187234	
	0.177533	
	0.164347	
	0.190295	
	0.172704	
	0.170485	
	0.179522	
	0.202363	
	0.177367	
	0.177493	
	0.189244	
	0.235367	
	0.233326	
	0.221367	
	0.215734	
	0.200918	
	0.221352	
	0.193779	
	0.226381	
	0.199720	
	0.214185	
	0.208135	
	0.175858	
	0.167589	
	0.165127	
	0.067200	
	0.106609	
	0.117301	
	0.143409	
	0.141115	
	0.131830	
	0.145828	
	0.145952	
	0.151337	
	0.156413	
	0.151462	
	0.163855	
	0.143895	
	0.167393	
	0.181685	
	0.155985	
	0.168189	
	0.203577	
	0.211945	
	0.212371	
	0.259117	
	0.240202	
	0.201672	
	0.271488	
	0.240422	
	0.244796	
	0.224516	
	0.232618	
	0.253851	
	0.237497	
	0.270135	
	0.264205	
	0.237736	
	0.252556	
	0.331582	
	0.296964	
	0.225052	
	0.259483	
	0.285447	
	0.274715	
	0.295856	
	0.290082	
	0.272236	
	0.162872	
	0.119410	
	0.138411	
	0.137929	
	0.126308	
	0.156443	
	0.180863	
	0.154464	
	0.160249	
	0.164783	
	0.131060	
	0.148185	
	0.182768	
	0.191269	
	0.199235	
	0.200174	
	0.191309	
	0.198970	
	0.177619	
	0.196223	
	0.235775	
	0.183853	
	0.200186	
	0.212015	
	0.206731	
	0.222549	
	0.224840	
	0.221952	
	0.199881	
	0.227451	
	0.253194	
	0.216936	
	0.247803	
	0.267993	
	0.277428	
	0.238406	
	0.248091	
	0.264531	
	0.257346	
	0.267748	
	0.249108	
	0.147139	
	0.117601	
	0.081595	
	0.080791	
	0.086494	
	0.060850	
	0.070103	
	0.063138	
	0.071628	
	0.070207	
	0.072511	
	0.072018	
	0.069430	
	0.068977	
	0.074385	
	0.083641	
	0.090944	
	0.107841	
	0.110382	
	0.112682	
	0.129060	
	0.124813	
	0.117967	
	0.162912	
	0.170616	
	0.150776	
	0.148095	
	0.112611	
	0.104782	
	0.113794	
	0.115695	
	0.104021	
	0.116936	
	0.096400	
	0.128855	
	0.229022	
	0.249022	
	0.276456	
	0.265538	
	0.269399	
	0.338084	
	0.239003	
	0.092343	
	0.067788	
	0.075800	
	0.127102	
	0.116947	
	0.109581	
	0.116243	
	0.122910	
	0.133407	
	0.127998	
	0.132426	
	0.134051	
	0.153373	
	0.120803	
	0.133325	
	0.148521	
	0.137560	
	0.138183	
	0.156272	
	0.148322	
	0.182547	
	0.196490	
	0.186155	
	0.182671	
	0.175056	
	0.158166	
	0.147607	
	0.150901	
	0.145027	
	0.193267	
	0.233589	
	0.220407	
	0.223547	
	0.185663	
	0.221184	
	0.249119	
	0.295221	
	0.288314	
	0.262660	
	0.159152	
	0.122864	
	0.126322	
	0.091123	
	0.115286	
	0.099388	
	0.118531	
	0.099293	
	0.113841	
	0.110265	
	0.114524	
	0.116527	
	0.172167	
	0.222305	
	0.237427	
	0.278426	
	0.281323	
	0.287232	
	0.236562	
	0.285556	
	0.288736	
	0.274263	
	0.242621	
	0.222476	
	0.261804	
	0.238730	
	0.247763	
	0.229233	
	0.241405	
	0.212641	
	0.178535	
	0.170985	
	0.114052	
	0.114603	
	0.138889	
	0.160078	
	0.165982	
	0.205311	
	0.156044	
	0.157998	
	0.172874	
	0.150119	
	0.184353	
	0.183944	
	0.201591	
	0.115174	
	0.093907	
	0.088862	
	0.083411	
	0.087516	
	0.084687	
	0.095379	
	0.115385	
	0.111531	
	0.115472	
	0.119337	
	0.122642	
	0.128775	
	0.106365	
	0.113256	
	0.114578	
	0.128189	
	0.125499	
	0.118001	
	0.118193	
	0.121180	
	0.137007	
	0.157534	
	0.141458	
	0.163470	
	0.159674	
	0.133974	
	0.135243	
	0.156684	
	0.172163	
	0.171007	
	0.168864	
	0.184379	
	0.181797	
	0.196616	
	0.201755	
	0.217340	
	0.226202	
	0.268471	
	0.222708	
	0.187567	
	0.167918	
	0.191047	
	0.226682	
	0.230312	
	0.222933	
	0.199533	
	0.211950	
	0.196242	
	0.210019	
	0.150862	
	0.200831	
	0.210253	
	0.195287	
	0.191023	
	0.211072	
	0.210281	
	0.216043	
	0.196025	
	0.195095	
	0.197973	
	0.211062	
	0.218551	
	0.203422	
	0.216011	
	0.255172	
	0.234823	
	0.224608	
	0.234242	
	0.277357	
	0.350787	
	0.328864	
	0.294626	
	0.253419	
	0.247322	
	0.269918	
	0.310692	
	0.249449	
	0.225092	
	0.284285	
	0.181310	
	0.167026	
	0.171778	
	0.175148	
	0.154927	
	0.157167	
	0.183631	
	0.172171	
	0.208972	
	0.189261	
	0.161322	
	0.133518	
	0.171223	
	0.160932	
	0.153384	
	0.141428	
	0.156894	
	0.186052	
	0.164137	
	0.123837	
	0.160062	
	0.149282	
	0.119977	
	0.131356	
	0.152953	
	0.133761	
	0.171760	
	0.171940	
	0.162251	
	0.163645	
	0.159840	
	0.172422	
	0.204533	
	0.155416	
	0.149565	
	0.128907	
	0.142424	
	0.104130	
	0.102144	
	0.123171	
	0.104719	
	0.098522	
	0.138599	
	0.122487	
	0.066497	
	0.102158	
	0.095616	
	0.109445	
	0.100544	
	0.122534	
	0.076092	
	0.109650	
	0.094272	
	0.108330	
	0.103315	
	0.184354	
	0.194868	
	0.182988	
	0.188886	
	0.290945	
	0.291883	
	0.304164	
	0.223937	
	0.224324	
	0.192852	
	0.191335	
	0.206690	
	0.205687	
	0.205254	
	0.201508	
	0.239524	
	0.228192	
	0.208037	
	0.216139	
	0.189213	
	0.223841	
	0.161390	
	0.183486	
	0.206773	
	0.200549	
	0.211822	
	0.196290	
	0.163005	
	0.103236	
	0.117483	
	0.109971	
	0.090459	
	0.060511	
	0.062854	
	0.063286	
	0.067191	
	0.057005	
	0.066101	
	0.069324	
	0.072374	
	0.092431	
	0.076028	
	0.109843	
	0.088717	
	0.099110	
	0.079690	
	0.075339	
	0.091548	
	0.099161	
	0.111647	
	0.096982	
	0.109045	
	0.109225	
	0.100354	
	0.095402	
	0.077444	
	0.118145	
	0.101160	
	0.116832	
	0.142729	
	0.126890	
	0.124774	
	0.113918	
	0.093001	
	0.108624	
	0.119041	
	0.154634	
	0.116809	
	0.134248	
	0.198518	
	0.155613	
	0.131340	
	0.090087	
	0.063032	
	0.067240	
	0.090264	
	0.096822	
	0.093743	
	0.078758	
	0.081616	
	0.104863	
	0.073900	
	0.081646	
	0.061789	
	0.087088	
	0.072877	
	0.086201	
	0.094084	
	0.130384	
	0.194090	
	0.195263	
	0.175346	
	0.195465	
	0.252197	
	0.247168	
	0.195301	
	0.220937	
	0.254839	
	0.289293	
	0.326555	
	0.336671	
	0.268421	
	0.219409	
	0.177541	
	0.157795	
	0.161106	
	0.143743	
	0.146985	
	0.134259	
	0.141341	
	0.156855	
	0.133262	
	0.142726	
	0.114007	
	0.096041	
	0.048243	
	0.074472	
	0.050096	
	0.081245	
	0.075052	
	0.091495	
	0.081013	
	0.098292	
	0.114277	
	0.122801	
	0.103403	
	0.136155	
	0.140498	
	0.104264	
	0.124010	
	0.152308	
	0.142451	
	0.153115	
	0.173978	
	0.158858	
	0.139731	
	0.160356	
	0.173642	
	0.172748	
	0.211862	
	0.237982	
	0.209152	
	0.185278	
	0.223056	
	0.223908	
	0.244463	
	0.244861	
	0.250540	
	0.203574	
	0.248623	
	0.258572	
	0.256992	
	0.265925	
	0.280386	
	0.167803	
	0.170902	
	0.196975	
	0.178409	
	0.170704	
	0.175858	
	0.188599	
	0.190632	
	0.195467	
	0.203787	
	0.208990	
	0.187444	
	0.156912	
	0.149638	
	0.137689	
	0.158081	
	0.149027	
	0.148906	
	0.161861	
	0.157241	
	0.188393	
	0.332431	
	0.377265	
	0.400298	
	0.437487	
	0.376724	
	0.358731	
	0.246237	
	0.136647	
	0.157088	
	0.145385	
	0.168450	
	0.175600	
	0.190682	
	0.219987	
	0.276992	
	0.252560	
	0.179311	
	0.119508	
	0.129322	
	0.181932	
	0.146872	
	0.104037	
	0.070443	
	0.070141	
	0.059690	
	0.057325	
	0.065342	
	0.081415	
	0.090622	
	0.097964	
	0.119870	
	0.099995	
	0.110264	
	0.140962	
	0.154311	
	0.149737	
	0.164178	
	0.153758	
	0.165472	
	0.190522	
	0.206227	
	0.209444	
	0.195960	
	0.248478	
	0.252613	
	0.258471	
	0.230010	
	0.244338	
	0.236705	
	0.207958	
	0.253182	
	0.259195	
	0.243263	
	0.247479	
	0.247975	
	0.239211	
	0.199500	
	0.204551	
	0.205826	
	0.245895	
	0.264572	
	0.250875	
	0.260979	
	0.269201	
	0.230587	
	0.203333	
	0.209613	
	0.194794	
	0.207803	
	0.265233	
	0.237106	
	0.161207	
	0.205199	
	0.224628	
	0.193150	
	0.197455	
	0.241472	
	0.188277	
	0.177380	
	0.189007	
	0.193659	
	0.198978	
	0.232238	
	0.217831	
	0.170876	
	0.160988	
	0.164410	
	0.169651	
	0.152421	
	0.177149	
	0.157026	
	0.147479	
	0.167939	
	0.188567	
	0.162802	
	0.161916	
	0.150462	
	0.152444	
	0.163645	
	0.108632	
	0.099570	
	0.137599	
	0.047889	
	0.067715	
	0.062206	
	0.056286	
	0.066293	
	0.067124	
	0.073365	
	0.065651	
	0.074887	
	0.073585	
	0.077586	
	0.088976	
	0.079000	
	0.079633	
	0.094503	
	0.099124	
	0.084588	
	0.107101	
	0.105569	
	0.109745	
	0.113845	
	0.121377	
	0.119166	
	0.121157	
	0.120498	
	0.120748	
	0.108057	
	0.106224	
	0.091648	
	0.105299	
	0.117031	
	0.121126	
	0.130177	
	0.137515	
	0.146573	
	0.248260	
	0.338230	
	0.307617	
	0.328722	
	0.387867	
	0.266300	
	0.192109	
	0.177942	
	0.144686	
	0.142399	
	0.130900	
	0.132645	
	0.155127	
	0.153233	
	0.164325	
	0.236234	
	0.314098	
	0.347599	
	0.425130	
	0.379227	
	0.263366	
	0.332119	
	0.411624	
	0.360518	
	0.335766	
	0.366821	
	0.369999	
	0.269330	
	0.318873	
	0.319339	
	0.248911	
	0.186736	
	0.161392	
	0.164641	
	0.166948	
	0.226644	
	0.217346	
	0.174406	
	0.186375	
	0.178427	
	0.155085	
	0.193000	
	0.335731	
	0.389789	
	0.379900	
	0.212001	
	0.127203	
	0.105851	
	0.126903	
	0.077388	
	0.073111	
	0.094241	
	0.092053	
	0.093355	
	0.083500	
	0.115751	
	0.125336	
	0.103826	
	0.112205	
	0.145975	
	0.148703	
	0.168683	
	0.190834	
	0.163060	
	0.163145	
	0.184112	
	0.209062	
	0.190645	
	0.263504	
	0.192719	
	0.172766	
	0.206268	
	0.201322	
	0.198303	
	0.203624	
	0.223918	
	0.198231	
	0.212823	
	0.212682	
	0.218977	
	0.181167	
	0.227127	
	0.217096	
	0.191936	
	0.189471	
	0.244964	
	0.245271	
	0.195226	
	0.201037	
	0.160426	
	0.104764	
	0.116828	
	0.121805	
	0.134080	
	0.108891	
	0.128098	
	0.137215	
	0.136669	
	0.133999	
	0.124967	
	0.114820	
	0.139606	
	0.170757	
	0.183905	
	0.204354	
	0.155775	
	0.104556	
	0.147817	
	0.159253	
	0.168117	
	0.171295	
	0.171840	
	0.178342	
	0.191522	
	0.216140	
	0.211247	
	0.210413	
	0.217399	
	0.205969	
	0.172132	
	0.139360	
	0.119999	
	0.148334	
	0.204462	
	0.180185	
	0.187125	
	0.133581	
	0.126929	
	0.129282	
	0.147528	
	0.132191	
	0.117117	
	0.130524	
	0.150257	
	0.167376	
	0.177870	
	0.191966	
	0.177252	
	0.155078	
	0.143519	
	0.162188	
	0.185258	
	0.191324	
	0.207276	
	0.210737	
	0.181988	
	0.194575	
	0.198517	
	0.210169	
	0.207820	
	0.178181	
	0.191720	
	0.225468	
	0.236268	
	0.201896	
	0.211437	
	0.258755	
	0.252694	
	0.259995	
	0.300089	
	0.287265	
	0.263437	
	0.244872	
	0.260603	
	0.278857	
	0.243351	
	0.287385	
	0.294289	
	0.296393	
	0.248255	
	0.246123	
	0.215401	
	0.203686	
	0.198327	
	0.240478	
	0.249084	
	0.261567	
	0.236212	
	0.207026	
	0.232636	
	0.193549	
	0.216390	
	0.204452	
	0.200455	
	0.190613	
	0.198596	
	0.198397	
	0.190737	
	0.176074	
	0.169436	
	0.191770	
	0.206741	
	0.184025	
	0.184487	
	0.188509	
	0.212570	
	0.236315	
	0.252865	
	0.278644	
	0.296779	
	0.383194	
	0.404104	
	0.377739	
	0.364376	
	0.319806	
	0.344716	
	0.399087	
	0.318772	
	0.292490	
	0.342509	
	0.217634	
	0.122969	
	0.152773	
	0.185233	
	0.233059	
	0.261279	
	0.262713	
	0.255992	
	0.259229	
	0.290119	
	0.343772	
	0.344317	
	0.302184	
	0.351817	
	0.339124	
	0.330308	
	0.351471	
	0.299468	
	0.326259	
	0.302198	
	0.371446	
	0.363770	
	0.336310	
	0.385478	
	0.340636	
	0.354126	
	0.334095	
	0.343908	
	0.388328	
	0.407900	
	0.392711	
	0.418178	
	0.410976	
	0.393178	
	0.401905	
	0.428358	
	0.410131	
	0.406469	
	0.433920	
	0.462416	
	0.418100	
	0.440939	
	0.454648	
	0.461819	
	0.423908	
	0.425446	
	0.366084	
	0.285654	
	0.273980	
	0.262698	
	0.248419	
	0.267948	
	0.265447	
	0.286371	
	0.302683	
	0.291123	
	0.259125	
	0.289907	
	0.277567	
	0.295009	
	0.300660	
	0.297811	
	0.295068	
	0.302188	
	0.342800	
	0.324408	
	0.327279	
	0.319746	
	0.351744	
	0.372047	
	0.358140	
	0.383988	
	0.368085	
	0.346012	
	0.339278	
	0.353659	
	0.374521	
	0.357818	
	0.358633	
	0.420391	
	0.339930	
	0.378950	
	0.364021	
	0.430288	
	0.402358	
	0.381483	
	0.410376	
	0.323876	
	0.288366	
	0.293433	
	0.262105	
	0.195151	
	0.250886	
	0.218331	
	0.179417	
	0.226057	
	0.171481	
	0.145853	
	0.155204	
	0.155994	
	0.163738	
	0.160088	
	0.156136	
	0.166100	
	0.143677	
	0.126670	
	0.157736	
	0.144029	
	0.136035	
	0.127782	
	0.126239	
	0.166645	
	0.164411	
	0.149187	
	0.157846	
	0.148265	
	0.193871	
	0.149228	
	0.165398	
	0.158964	
	0.156638	
	0.132388	
	0.133878	
	0.169372	
	0.222952	
	0.209225	
	0.232591	
	0.325040	
	0.108160	
	0.186864	
	0.203514	
	0.232141	
	0.217914	
	0.196670	
	0.221923	
	0.227447	
	0.229904	
	0.226392	
	0.238546	
	0.231790	
	0.277922	
	0.281214	
	0.265988	
	0.270298	
	0.267665	
	0.235542	
	0.288037	
	0.267800	
	0.288176	
	0.291598	
	0.316676	
	0.336307	
	0.284006	
	0.285409	
	0.285147	
	0.283480	
	0.312422	
	0.355432	
	0.396677	
	0.396885	
	0.360621	
	0.297785	
	0.322113	
	0.335958	
	0.338306	
	0.317856	
	0.258376	
	0.186322	
	0.219368	
	0.375637	
	0.257012	
	0.261578	
	0.291742	
	0.266885	
	0.214056	
	0.185047	
	0.177874	
	0.195313	
	0.225089	
	0.215036	
	0.200450	
	0.189670	
	0.210194	
	0.230429	
	0.196113	
	0.230264	
	0.251771	
	0.211775	
	0.222319	
	0.258690	
	0.235218	
	0.213228	
	0.265354	
	0.258647	
	0.231539	
	0.249271	
	0.280909	
	0.231789	
	0.227318	
	0.257727	
	0.265108	
	0.224711	
	0.257337	
	0.266105	
	0.242179	
	0.256874	
	0.280459	
	0.246375	
	0.225758	
	0.230719	
	0.271174	
	0.254444	
	0.244473	
	0.253580	
	0.236677	
	0.198687	
	0.170271	
	0.164697	
	0.171514	
	0.185832	
	0.182017	
	0.186407	
	0.214376	
	0.223163	
	0.182685	
	0.177126	
	0.166219	
	0.168033	
	0.163024	
	0.167119	
	0.187015	
	0.196575	
	0.186714	
	0.142206	
	0.180896	
	0.147927	
	0.132110	
	0.178464	
	0.186278	
	0.215492	
	0.191220	
	0.161424	
	0.170146	
	0.248026	
	0.249871	
	0.298648	
	0.307560	
	0.307375	
	0.315646	
	0.276655	
	0.322039	
	0.299246	
	0.390793	
	0.423387	
	0.359743	
	0.426200	
	0.325833	
	0.326826	
	0.216616	
	0.171442	
	0.202945	
	0.223576	
	0.200876	
	0.227963	
	0.212601	
	0.185160	
	0.230043	
	0.226594	
	0.226625	
	0.233349	
	0.239836	
	0.239179	
	0.250729	
	0.295077	
	0.241341	
	0.233879	
	0.249120	
	0.238563	
	0.279534	
	0.279702	
	0.304383	
	0.299881	
	0.305274	
	0.331409	
	0.339074	
	0.403945	
	0.412575	
	0.406274	
	0.438646	
	0.466116	
	0.399418	
	0.404927	
	0.376592	
	0.439290	
	0.403112	
	0.272711	
	0.249727	
	0.263505	
	0.201438	
	0.148200	
	0.113147	
	0.135682	
	0.137391	
	0.188139	
	0.160914	
	0.159290	
	0.167734	
	0.171849	
	0.143227	
	0.141568	
	0.204032	
	0.235473	
	0.238250	
	0.236756	
	0.215182	
	0.198912	
	0.184721	
	0.253789	
	0.252288	
	0.242072	
	0.164906	
	0.180418	
	0.206967	
	0.182436	
	0.159849	
	0.167875	
	0.179891	
	0.194620	
	0.211134	
	0.229597	
	0.249267	
	0.274807	
	0.258194	
	0.287566	
	0.300934	
	0.332203	
	0.349889	
	0.265928	
	0.269550	
	0.251956	
	0.302599	
	0.176960	
	0.126289	
	0.103347	
	0.056098	
	0.049987	
	0.049093	
	0.044154	
	0.044380	
	0.055031	
	0.052241	
	0.049883	
	0.064069	
	0.052596	
	0.061717	
	0.059444	
	0.052227	
	0.077250	
	0.065842	
	0.092578	
	0.103076	
	0.095986	
	0.108991	
	0.087762	
	0.092533	
	0.117117	
	0.123826	
	0.146905	
	0.129701	
	0.143711	
	0.130700	
	0.118845	
	0.153477	
	0.173918	
	0.167785	
	0.157790	
	0.169898	
	0.138780	
	0.151580	
	0.114267	
	0.100796	
	0.121674	
	0.134446	
	0.128529	
	0.139591	
	0.212681	
	0.180703	
	0.232210	
	0.264557	
	0.308141	
	0.327493	
	0.336491	
	0.353057	
	0.344748	
	0.384851	
	0.401729	
	0.391718	
	0.400229	
	0.447123	
	0.396784	
	0.394647	
	0.455037	
	0.475784	
	0.432779	
	0.464578	
	0.461062	
	0.415793	
	0.462063	
	0.449073	
	0.394744	
	0.416819	
	0.402022	
	0.357436	
	0.369397	
	0.427349	
	0.351304	
	0.293172	
	0.334941	
	0.344933	
	0.302744	
	0.340891	
	0.294471	
	0.258091	
	0.295237	
	0.325364	
	0.268659	
	0.274125	
	0.236930	
	0.158168	
	0.161836	
	0.186645	
	0.168327	
	0.181257	
	0.181944	
	0.191183	
	0.204700	
	0.214664	
	0.217598	
	0.226687	
	0.234979	
	0.210613	
	0.202447	
	0.208732	
	0.194896	
	0.181143	
	0.204633	
	0.211590	
	0.201179	
	0.202935	
	0.212463	
	0.216179	
	0.243410	
	0.233811	
	0.256413	
	0.261215	
	0.258022	
	0.227517	
	0.207699	
	0.223914	
	0.236942	
	0.230086	
	0.230611	
	0.249565	
	0.253715	
	0.232171	
	0.208337	
	0.208585	
	0.209152	
	0.178685	
	0.166096	
	0.138828	
	0.112484	
	0.104223	
	0.097671	
	0.087599	
	0.109746	
	0.112222	
	0.110323	
	0.105981	
	0.119490	
	0.116541	
	0.110299	
	0.135836	
	0.120952	
	0.139558	
	0.128460	
	0.144887	
	0.129318	
	0.140477	
	0.154594	
	0.160570	
	0.144369	
	0.144764	
	0.143390	
	0.141249	
	0.164520	
	0.154230	
	0.152310	
	0.165067	
	0.134668	
	0.140295	
	0.144715	
	0.140298	
	0.140441	
	0.125169	
	0.143716	
	0.125937	
	0.134319	
	0.127309	
	0.094882	
	0.136506	
	0.142361	
	0.086813	
	0.111225	
	0.106348	
	0.103641	
	0.120679	
	0.131991	
	0.120519	
	0.137377	
	0.135059	
	0.152911	
	0.136161	
	0.144126	
	0.166785	
	0.194155	
	0.194432	
	0.203814	
	0.210253	
	0.199897	
	0.174586	
	0.222725	
	0.219985	
	0.197116	
	0.231888	
	0.210878	
	0.211918	
	0.217578	
	0.223162	
	0.241973	
	0.197265	
	0.220334	
	0.228936	
	0.209345	
	0.212993	
	0.225081	
	0.274380	
	0.202192	
	0.238039	
	0.244597	
	0.221943	
	0.241259	
	0.241687	
	0.179108	
	0.152787	
	0.155237	
	0.189223	
	0.190397	
	0.179468	
	0.191386	
	0.196828	
	0.198423	
	0.193321	
	0.201610	
	0.193930	
	0.193238	
	0.210032	
	0.217005	
	0.201475	
	0.207836	
	0.223699	
	0.190953	
	0.204700	
	0.249057	
	0.262321	
	0.232364	
	0.253832	
	0.276759	
	0.227058	
	0.230735	
	0.277677	
	0.258150	
	0.230220	
	0.241507	
	0.257299	
	0.235292	
	0.243075	
	0.262083	
	0.254621	
	0.238954	
	0.242951	
	0.280072	
	0.257881	
	0.204341	
	0.221206	
	0.236199	
	0.146478	
	0.126056	
	0.126242	
	0.143141	
	0.135858	
	0.152276	
	0.147976	
	0.131345	
	0.146718	
	0.153708	
	0.156276	
	0.131878	
	0.142039	
	0.159251	
	0.190500	
	0.181110	
	0.148289	
	0.172481	
	0.166046	
	0.166730	
	0.185505	
	0.173013	
	0.152080	
	0.162753	
	0.186106	
	0.191160	
	0.168621	
	0.170088	
	0.175696	
	0.200386	
	0.204859	
	0.182767	
	0.198021	
	0.195652	
	0.190611	
	0.192186	
	0.185915	
	0.177732	
	0.222595	
	0.213780	
	0.192772	
	0.134809	
	0.102354	
	0.111660	
	0.109721	
	0.112238	
	0.103670	
	0.129656	
	0.117478	
	0.104379	
	0.092922	
	0.082376	
	0.107231	
	0.095187	
	0.088268	
	0.091728	
	0.094204	
	0.099441	
	0.097658	
	0.106532	
	0.107412	
	0.119073	
	0.104222	
	0.121978	
	0.130469	
	0.107863	
	0.102665	
	0.106834	
	0.145956	
	0.160358	
	0.171929	
	0.125683	
	0.111771	
	0.116334	
	0.117244	
	0.103594	
	0.122376	
	0.148000	
	0.147960	
	0.101953	
	0.113728	
	0.110712	
	0.122768	
	0.164608	
	0.095137	
	0.075936	
	0.078436	
	0.065340	
	0.083001	
	0.072628	
	0.083952	
	0.086075	
	0.094780	
	0.071708	
	0.103169	
	0.094419	
	0.107844	
	0.115820	
	0.148396	
	0.130880	
	0.141814	
	0.139078	
	0.147919	
	0.121388	
	0.126592	
	0.135655	
	0.130808	
	0.127467	
	0.129408	
	0.142854	
	0.175936	
	0.161218	
	0.144214	
	0.131978	
	0.159261	
	0.141698	
	0.163629	
	0.167577	
	0.150088	
	0.124949	
	0.144262	
	0.137249	
	0.155889	
	0.135155	
	0.131658	
	0.124322	
	0.052917	
	0.078618	
	0.072570	
	0.059290	
	0.083935	
	0.099731	
	0.098430	
	0.141210	
	0.114526	
	0.193335	
	0.182867	
	0.138563	
	0.162347	
	0.164340	
	0.175855	
	0.212445	
	0.175863	
	0.196954	
	0.202139	
	0.047616	
	0.066613	
	0.082671	
	0.124977	
	0.150877	
	0.125004	
	0.152257	
	0.140946	
	0.162075	
	0.152798	
	0.161978	
	0.167420	
	0.186149	
	0.202663	
	0.172757	
	0.199442	
	0.208117	
	0.198807	
	0.229354	
	0.205558	
	0.205518	
	0.229061	
	0.209091	
	0.135964	
	0.101855	
	0.088400	
	0.084765	
	0.110198	
	0.075818	
	0.096630	
	0.098832	
	0.136744	
	0.133015	
	0.094418	
	0.100692	
	0.091635	
	0.076616	
	0.112211	
	0.097404	
	0.107176	
	0.119317	
	0.123707	
	0.113901	
	0.099283	
	0.093177	
	0.146384	
	0.141698	
	0.108130	
	0.135424	
	0.134909	
	0.183231	
	0.151938	
	0.173502	
	0.150030	
	0.160110	
	0.194706	
	0.203706	
	0.245982	
	0.205143	
	0.232176	
	0.209152	
	0.174894	
	0.177806	
	0.151784	
	0.138141	
	0.109200	
	0.111004	
	0.111271	
	0.107072	
	0.117043	
	0.119569	
	0.125075	
	0.126251	
	0.107402	
	0.106774	
	0.111109	
	0.101529	
	0.126497	
	0.124785	
	0.138150	
	0.148959	
	0.146209	
	0.148461	
	0.146351	
	0.189809	
	0.164464	
	0.218704	
	0.219757	
	0.220822	
	0.245727	
	0.263943	
	0.240615	
	0.229416	
	0.188705	
	0.270577	
	0.295403	
	0.349019	
	0.310110	
	0.295916	
	0.310521	
	0.295450	
	0.323128	
	0.207105	
	0.218844	
	0.252906	
	0.136943	
	0.030860	
	0.064948	
	0.054926	
	0.038734	
	0.055066	
	0.047729	
	0.069671	
	0.077878	
	0.107821	
	0.093476	
	0.131275	
	0.139383	
	0.123517	
	0.149483	
	0.159588	
	0.163673	
	0.232019	
	0.253811	
	0.295042	
	0.250083	
	0.227560	
	0.257291	
	0.283146	
	0.404850	
	0.304607	
	0.395109	
	0.414441	
	0.308251	
	0.277965	
	0.215710	
	0.244368	
	0.163284	
	0.208211	
	0.223090	
	0.244491	
	0.217648	
	0.241535	
	0.257713	
	0.268730	
	0.316505	
	0.375546	
	0.352189	
	0.266607	
	0.133728	
	0.128333	
	0.141291	
	0.133409	
	0.156159	
	0.152380	
	0.167312	
	0.145148	
	0.151201	
	0.182321	
	0.203383	
	0.248184	
	0.246999	
	0.205178	
	0.225903	
	0.193121	
	0.212829	
	0.251367	
	0.242215	
	0.308795	
	0.291027	
	0.268371	
	0.253551	
	0.231108	
	0.226962	
	0.200915	
	0.120811	
	0.135390	
	0.129473	
	0.104214	
	0.098809	
	0.095494	
	0.083229	
	0.073535	
	0.114161	
	0.115854	
	0.155633	
	0.172941	
	0.203572	
	0.264129	
	0.213981	
	0.111900	
	0.070428	
	0.079099	
	0.092192	
	0.094294	
	0.120480	
	0.130539	
	0.095846	
	0.105388	
	0.108285	
	0.131526	
	0.126972	
	0.118725	
	0.138067	
	0.123629	
	0.151886	
	0.180284	
	0.199163	
	0.234116	
	0.152268	
	0.202799	
	0.261903	
	0.244394	
	0.230179	
	0.234221	
	0.273461	
	0.224161	
	0.182837	
	0.184819	
	0.162397	
	0.151820	
	0.153030	
	0.130860	
	0.138284	
	0.181807	
	0.182017	
	0.185463	
	0.176384	
	0.192585	
	0.193417	
	0.227853	
	0.211756	
	0.214314	
	0.134921	
	0.140080	
	0.123905	
	0.117729	
	0.141391	
	0.138275	
	0.164730	
	0.149396	
	0.165076	
	0.176383	
	0.161388	
	0.181935	
	0.165224	
	0.190693	
	0.195134	
	0.166224	
	0.216606	
	0.272735	
	0.206941	
	0.218836	
	0.242687	
	0.234000	
	0.241199	
	0.250864	
	0.274292	
	0.245310	
	0.210216	
	0.164063	
	0.130602	
	0.130243	
	0.124008	
	0.151926	
	0.143096	
	0.122483	
	0.148395	
	0.170725	
	0.146815	
	0.165823	
	0.204973	
	0.191837	
	0.153719	
	0.200653	
	0.136973	
	0.075264	
	0.066109	
	0.121488	
	0.175333	
	0.193104	
	0.231435	
	0.205961	
	0.202741	
	0.222218	
	0.216089	
	0.199242	
	0.208212	
	0.273279	
	0.312958	
	0.281720	
	0.303168	
	0.260990	
	0.233622	
	0.207870	
	0.247803	
	0.320924	
	0.343556	
	0.330022	
	0.326378	
	0.286528	
	0.291035	
	0.304884	
	0.316284	
	0.184858	
	0.181942	
	0.216481	
	0.245071	
	0.245372	
	0.195239	
	0.211556	
	0.323085	
	0.257304	
	0.299567	
	0.236016	
	0.253234	
	0.279434	
	0.280096	
	0.194686	
	0.162441	
	0.168948	
	0.151923	
	0.146659	
	0.171111	
	0.148439	
	0.170460	
	0.184474	
	0.173673	
	0.164788	
	0.148466	
	0.137006	
	0.180015	
	0.173144	
	0.177003	
	0.199357	
	0.164444	
	0.184970	
	0.221404	
	0.147830	
	0.151582	
	0.137551	
	0.184788	
	0.153745	
	0.124716	
	0.137863	
	0.146567	
	0.106556	
	0.081807	
	0.077713	
	0.083802	
	0.077637	
	0.080298	
	0.101638	
	0.101199	
	0.100816	
	0.110023	
	0.100015	
	0.110435	
	0.102840	
	0.110975	
	0.118008	
	0.164685	
	0.089861	
	0.103706	
	0.109846	
	0.094014	
	0.136878	
	0.119197	
	0.148709	
	0.150832	
	0.134701	
	0.140038	
	0.142659	
	0.148970	
	0.135655	
	0.147243	
	0.169916	
	0.147269	
	0.189954	
	0.152408	
	0.154866	
	0.153335	
	0.149441	
	0.163583	
	0.198600	
	0.191710	
	0.164749	
	0.229260	
	0.180379	
	0.127802	
	0.113469	
	0.106958	
	0.119366	
	0.115958	
	0.120976	
	0.126164	
	0.144271	
	0.120703	
	0.117830	
	0.125622	
	0.103059	
	0.139523	
	0.122008	
	0.144123	
	0.100804	
	0.099910	
	0.084781	
	0.099263	
	0.077645	
	0.098033	
	0.104124	
	0.078944	
	0.093664	
	0.076264	
	0.081596	
	0.093089	
	0.079043	
	0.091699	
	0.080170	
	0.091627	
	0.087884	
	0.080896	
	0.100859	
	0.092196	
	0.124051	
	0.138742	
	0.154046	
	0.131709	
	0.141439	
	0.143939	
	0.151431	
	0.117072	
	0.086983	
	0.078940	
	0.076142	
	0.071816	
	0.090703	
	0.089514	
	0.078338	
	0.065204	
	0.100939	
	0.107165	
	0.108561	
	0.096728	
	0.106701	
	0.100195	
	0.126922	
	0.108154	
	0.061785	
	0.052277	
	0.076839	
	0.047109	
	0.070489	
	0.051490	
	0.064992	
	0.048524	
	0.076619	
	0.069282	
	0.095310	
	0.099622	
	0.164200	
	0.178207	
	0.192813	
	0.213524	
	0.222530	
	0.245525	
	0.268413	
	0.294283	
	0.269473	
	0.269824	
	0.289674	
	0.275887	
	0.277557	
	0.317506	
	0.301919	
	0.344317	
	0.162648	
	0.120203	
	0.143588	
	0.139656	
	0.167014	
	0.140813	
	0.171549	
	0.146957	
	0.148932	
	0.155318	
	0.197428	
	0.197488	
	0.157991	
	0.170415	
	0.173395	
	0.097159	
	0.112053	
	0.105172	
	0.098254	
	0.130658	
	0.144183	
	0.128339	
	0.124563	
	0.103420	
	0.109538	
	0.114180	
	0.112738	
	0.118937	
	0.128757	
	0.155096	
	0.142892	
	0.168282	
	0.171782	
	0.161683	
	0.132858	
	0.137203	
	0.132958	
	0.135104	
	0.127694	
	0.138561	
	0.163291	
	0.112318	
	0.070339	
	0.089898	
	0.136960	
	0.148998	
	0.143524	
	0.141142	
	0.136834	
	0.132224	
	0.142905	
	0.178939	
	0.199332	
	0.148615	
	0.172328	
	0.158170	
	0.147410	
	0.103176	
	0.081359	
	0.087036	
	0.080742	
	0.076689	
	0.083854	
	0.101781	
	0.116983	
	0.116984	
	0.123175	
	0.152896	
	0.185498	
	0.200106	
	0.168466	
	0.195478	
	0.224615	
	0.205274	
	0.188675	
	0.187688	
	0.231696	
	0.215136	
	0.149625	
	0.249941	
	0.247761	
	0.222130	
	0.214399	
	0.236619	
	0.304883	
	0.191780	
	0.103025	
	0.122966	
	0.141913	
	0.173414	
	0.135417	
	0.195998	
	0.212952	
	0.161768	
	0.183287	
	0.198973	
	0.211039	
	0.217087	
	0.214635	
	0.249701	
	0.236545	
	0.165152	
	0.114868	
	0.169035	
	0.150123	
	0.139789	
	0.152710	
	0.185479	
	0.173698	
	0.127094	
	0.176362	
	0.195951	
	0.200891	
	0.169640	
	0.160042	
	0.192802	
	0.184503	
	0.128590	
	0.169532	
	0.156228	
	0.160517	
	0.150856	
	0.191345	
	0.194990	
	0.207541	
	0.169804	
	0.115249	
	0.125173	
	0.174455	
	0.198874	
	0.134740	
	0.170434	
	0.127337	
	0.127745	
	0.132574	
	0.138649	
	0.143273	
	0.198206	
	0.217954	
	0.218365	
	0.195936	
	0.230529	
	0.165742	
	0.178111	
	0.160835	
	0.154192	
	0.139652	
	0.126381	
	0.066775	
	0.068474	
	0.117737	
	0.079642	
	0.110373	
	0.096629	
	0.117337	
	0.116177	
	0.140887	
	0.130857	
	0.132495	
	0.148902	
	0.133881	
	0.100823	
	0.113745	
	0.136846	
	0.126842	
	0.139725	
	0.154058	
	0.121057	
	0.111526	
	0.093274	
	0.107855	
	0.138007	
	0.142024	
	0.124471	
	0.150100	
	0.130689	
	0.119414	
	0.110679	
	0.119359	
	0.139194	
	0.126049	
	0.170094	
	0.133824	
	0.131476	
	0.130227	
	0.164474	
	0.239736	
	0.170694	
	0.130507	
	0.127574	
	0.130665	
	0.128443	
	0.126680	
	0.113877	
	0.121258	
	0.137919	
	0.133815	
	0.114769	
	0.119609	
	0.114278	
	0.112626	
	0.168682	
	0.136849	
	0.127796	
	0.133962	
	0.125726	
	0.116033	
	0.113310	
	0.105194	
	0.118554	
	0.119862	
	0.126043	
	0.120309	
	0.160577	
	0.133462	
	0.143478	
	0.144107	
	0.117795	
	0.145780	
	0.122572	
	0.136172	
	0.135192	
	0.140271	
	0.116401	
	0.131311	
	0.120581	
	0.125190	
	0.117696	
	0.135132	
	0.148353	
	0.158651	
	0.138787	
	0.146748	
	0.158431	
	0.174851	
	0.186685	
	0.174440	
	0.169209	
	0.161999	
	0.148961	
	0.179389	
	0.187136	
	0.179088	
	0.184820	
	0.181544	
	0.183532	
	0.183720	
	0.164255	
	0.154876	
	0.164969	
	0.159684	
	0.188367	
	0.166651	
	0.203700	
	0.161663	
	0.164919	
	0.175696	
	0.172692	
	0.172268	
	0.170048	
	0.160929	
	0.141503	
	0.143389	
	0.157186	
	0.150871	
	0.170290	
	0.152410	
	0.173140	
	0.193173	
	0.197283	
	0.170397	
	0.156969	
	0.152972	
	0.156365	
	0.151854	
	0.150142	
	0.140146	
	0.149906	
	0.141549	
	0.136079	
	0.136562	
	0.147953	
	0.139786	
	0.154869	
	0.148267	
	0.157829	
	0.147389	
	0.148002	
	0.166519	
	0.165211	
	0.161443	
	0.179050	
	0.149948	
	0.144923	
	0.141068	
	0.140207	
	0.177464	
	0.170343	
	0.218179	
	0.205987	
	0.207425	
	0.178864	
	0.198368	
	0.165780	
	0.196493	
	0.158837	
	0.202435	
	0.192035	
	0.204421	
	0.182279	
	0.202274	
	0.195735	
	0.228567	
	0.210782	
	0.211476	
	0.198219	
	0.162886	
	0.192300	
	0.200974	
	0.250665	
	0.174856	
	0.210158	
	0.184479	
	0.178956	
	0.232354	
	0.178907	
	0.248910	
	0.240456	
	0.257825	
	0.256380	
	0.314217	
	0.370019	
	0.268703	
	0.288654	
	0.250962	
	0.336913	
	0.317449	
	0.379943	
	0.293320	
	0.340358	
	0.226937	
	0.230072	
	NaN	
	NaN	
	NaN	
	NaN	
	NaN	
	NaN	
	NaN	
	NaN	
	NaN	
	NaN	
	NaN	
	NaN	
	NaN	
	NaN	
	NaN	
	NaN	
	NaN	
	NaN	
	NaN	
	NaN	
	NaN	
	NaN	
	NaN	
	NaN	
	NaN	
	NaN	
	NaN	
	NaN	
	NaN	
	NaN	
	NaN	
	NaN	
	NaN	
	NaN	
	NaN	
	NaN	
	NaN	
	NaN	
	NaN	
	NaN	
	NaN	
	NaN	
	NaN	
	NaN	
	NaN	
	NaN	
	NaN	
	NaN	
	NaN	
	NaN	
	NaN	
	NaN	
	NaN	
	NaN	
	NaN	
	NaN	
	NaN	
	NaN	
	NaN	
	NaN	
	NaN	
	NaN	
	NaN	
	NaN	
	NaN	
	NaN	
	NaN	
	NaN	
	NaN	
	NaN	
	NaN	
	NaN	
	NaN	
	NaN	
	NaN	
	NaN	
	NaN	
	NaN	
	NaN	
	NaN	
	NaN	
	NaN	
	NaN	
	NaN	
	NaN	
	NaN	
	NaN	
	NaN	
	NaN	
	NaN	
	NaN	
	NaN	
	NaN	
	NaN	
	NaN	
	NaN	
	NaN	
	NaN	
	NaN	
	NaN	
	NaN	
	NaN	
	NaN	
	NaN	
	NaN	
	NaN	
	NaN	
	NaN	
	NaN	
	NaN	
	NaN	
	NaN	
	NaN	
	NaN	
	NaN	
	NaN	
	NaN	
	NaN	
	NaN	
	NaN	
	NaN	
	NaN	
	NaN	
	NaN	
	NaN	
	NaN	
	NaN	
	NaN	
	NaN	
	NaN	
	NaN	
	NaN	
	NaN	
	NaN	
	NaN	
	NaN	
	NaN	
	NaN	
	NaN	
	NaN	
	NaN	
	NaN	
	NaN	
	NaN	
	NaN	
	NaN	
	NaN	
	NaN	
	NaN	
	NaN	
	NaN	
	NaN	
	NaN	
	NaN	
	NaN	
	NaN	
	NaN	
	NaN	
	NaN	
	NaN	
	NaN	
	NaN	
	NaN	
	NaN	
	NaN	
	NaN	
	NaN	
	NaN	
	NaN	
	NaN	
	NaN	
	NaN	
	NaN	
	NaN	
	NaN	
	NaN	
	NaN	
	NaN	
	NaN	
	NaN	
	NaN	
	NaN	
	NaN	
	NaN	
	NaN	
	NaN	
	NaN	
	NaN	
	NaN	
	NaN	
	NaN	
	NaN	
	NaN	
	NaN	
	NaN	
	NaN	
	NaN	
	NaN	
	NaN	
	NaN	
	NaN	
	NaN	
	NaN	
	NaN	
	NaN	
	NaN	
	NaN	
	NaN	
	NaN	
	NaN	
	NaN	
	NaN	
	NaN	
	NaN	
	NaN	
	NaN	
	NaN	
	NaN	
	NaN	
	NaN	
	NaN	
	NaN	
	NaN	
	NaN	
	NaN	
	NaN	
	NaN	
	NaN	
	NaN	
	NaN	
	NaN	
	NaN	
	NaN	
	NaN	
	NaN	
	NaN	
	NaN	
	NaN	
	NaN	
	NaN	
	NaN	
	NaN	
	NaN	
	NaN	
	NaN	
