_Mode		
	-0.157509	
	-0.028597	
	0.202254	
	-0.034220	
	-0.030286	
	-0.237998	
	-0.046502	
	0.035498	
	-0.108918	
	0.017228	
	0.032908	
	-0.173878	
	0.046105	
	-0.030884	
	-0.183919	
	-0.033487	
	0.135922	
	0.161737	
	0.078625	
	-0.073267	
	0.107957	
	-0.091882	
	-0.060556	
	-0.083786	
	-0.049951	
	0.034873	
	0.022439	
	0.045593	
	-0.051248	
	-0.094850	
	0.007309	
	0.027629	
	-0.108458	
	0.080898	
	-0.063869	
	0.010643	
	0.028888	
	-0.004982	
	0.046764	
	0.018895	
	-0.011244	
	0.037580	
	0.005631	
	-0.049591	
	0.004429	
	0.122712	
	-0.199889	
	-0.120724	
	0.084088	
	0.128464	
	0.123979	
	-0.162209	
	-0.141699	
	-0.016058	
	0.066142	
	-0.015339	
	-0.035446	
	0.023818	
	-0.050608	
	-0.051798	
	0.039614	
	-0.087639	
	0.168514	
	0.211917	
	0.170700	
	-0.020380	
	0.073392	
	-0.006176	
	0.025640	
	-0.095885	
	-0.108218	
	-0.078470	
	0.016014	
	-0.017122	
	-0.146712	
	-0.013424	
	-0.067320	
	0.059784	
	0.040134	
	0.004083	
	0.086944	
	0.076329	
	-0.049059	
	-0.027991	
	0.113045	
	-0.215023	
	-0.173381	
	-0.125680	
	-0.185580	
	-0.213804	
	-0.110638	
	-0.053989	
	-0.070520	
	-0.067447	
	0.120252	
	-0.117880	
	0.070474	
	0.141799	
	0.027102	
	0.127254	
	-0.031797	
	0.097837	
	-0.039603	
	-0.050268	
	0.221591	
	-0.014561	
	0.206190	
	-0.027290	
	-0.061294	
	0.095070	
	-0.044273	
	-0.148844	
	0.086384	
	-0.063970	
	-0.059770	
	-0.054515	
	0.087400	
	-0.127388	
	-0.077350	
	0.020987	
	-0.125068	
	-0.000200	
	0.091014	
	-0.008916	
	-0.036739	
	0.054966	
	-0.034223	
	0.056933	
	-0.077499	
	-0.113025	
	-0.115941	
	0.112575	
	-0.107523	
	-0.135815	
	0.002017	
	-0.236313	
	0.053569	
	-0.084699	
	-0.140756	
	0.008694	
	0.210903	
	0.152551	
	-0.086131	
	-0.003295	
	-0.021114	
	0.093421	
	-0.055742	
	-0.098491	
	0.105901	
	-0.032439	
	-0.087591	
	0.131402	
	-0.062958	
	0.282036	
	-0.146357	
	-0.015214	
	-0.133210	
	0.022037	
	0.217749	
	-0.031081	
	-0.040255	
	-0.098044	
	0.043449	
	0.042132	
	0.059155	
	0.043990	
	-0.029457	
	0.012052	
	0.167674	
	0.116368	
	0.192127	
	0.062320	
	-0.074928	
	-0.136035	
	-0.005140	
	-0.027329	
	0.053335	
	0.059322	
	0.038228	
	-0.094160	
	-0.162390	
	-0.183088	
	0.016136	
	-0.049811	
	0.125881	
	0.030555	
	-0.059127	
	0.003883	
	-0.000033	
	0.052121	
	0.007534	
	0.042070	
	-0.024532	
	-0.102179	
	-0.116451	
	0.006798	
	0.095585	
	-0.110014	
	-0.229520	
	0.145663	
	-0.194602	
	-0.238902	
	0.035287	
	-0.133724	
	0.086631	
	0.059229	
	0.020368	
	0.007113	
	0.008044	
	0.012746	
	0.098688	
	-0.024361	
	-0.079829	
	0.145953	
	0.194994	
	0.002518	
	-0.166284	
	0.040775	
	-0.052427	
	0.036135	
	0.057654	
	-0.238000	
	-0.280012	
	0.042615	
	-0.090979	
	-0.215503	
	-0.307154	
	0.023495	
	0.145198	
	0.007389	
	-0.056992	
	0.013334	
	0.148971	
	-0.193101	
	0.101613	
	0.133651	
	-0.134449	
	-0.193019	
	-0.042885	
	-0.149813	
	-0.031843	
	-0.058807	
	0.234698	
	-0.068461	
	0.006032	
	0.140589	
	-0.068386	
	0.129534	
	0.087680	
	0.156661	
	0.023432	
	0.011356	
	0.017664	
	-0.043944	
	0.046949	
	0.170445	
	-0.066868	
	0.034375	
	-0.011460	
	-0.077099	
	0.225223	
	-0.336907	
	-0.013408	
	0.022709	
	-0.050398	
	-0.008128	
	-0.002417	
	-0.094015	
	-0.067274	
	-0.075450	
	0.139602	
	0.081103	
	0.216492	
	-0.045786	
	0.054651	
	0.005178	
	-0.005501	
	0.121990	
	0.121710	
	0.141188	
	-0.217975	
	0.007512	
	0.174726	
	-0.215982	
	-0.208832	
	-0.073827	
	0.099314	
	-0.014038	
	0.005880	
	-0.052875	
	-0.025080	
	0.034226	
	0.023210	
	-0.083127	
	0.095006	
	0.064865	
	0.082662	
	0.104766	
	-0.053505	
	-0.071836	
	0.040759	
	0.060762	
	0.025789	
	0.025002	
	0.121409	
	0.187368	
	0.032469	
	0.010109	
	-0.080179	
	-0.086219	
	-0.007675	
	0.002199	
	-0.043969	
	-0.057188	
	-0.051811	
	0.102524	
	0.155476	
	-0.073831	
	-0.091143	
	0.140025	
	0.013683	
	-0.047299	
