_Mode		
	0.144929	
	0.182200	
	0.122758	
	0.195068	
	0.101256	
	0.113863	
	0.150663	
	0.212921	
	0.145436	
	0.122582	
	0.065184	
	0.125907	
	0.196399	
	0.167187	
	0.177784	
	0.141988	
	0.032875	
	0.195694	
	0.148063	
	0.122153	
	0.081541	
	0.089638	
	0.182037	
	0.204636	
	0.199276	
	0.122286	
	0.062965	
	0.138422	
	0.069015	
	0.208727	
	0.139122	
	0.120180	
	0.096789	
	0.170350	
	0.305219	
	0.117946	
	0.083803	
	0.156648	
	0.205738	
	0.128515	
	0.092639	
	0.046707	
	-0.034390	
	0.045833	
	0.194526	
	0.158113	
	0.062819	
	0.069601	
	-0.294124	
	-0.059386	
	0.182260	
	0.198512	
	0.061644	
	0.107079	
	0.110714	
	0.076299	
	0.247579	
	0.048319	
	-0.005202	
	0.178843	
	0.164624	
	0.048676	
	0.076712	
	0.046483	
	0.032508	
	-0.039389	
	0.109738	
	0.200859	
	0.010170	
	-0.033862	
	0.168236	
	0.085310	
	0.226106	
	0.137913	
	0.182016	
	0.214262	
	0.044631	
	-0.029700	
	0.035653	
	0.061870	
	-0.046297	
	0.054034	
	-0.000386	
	-0.003820	
	0.116340	
	0.097377	
	0.095850	
	0.149696	
	0.065624	
	0.139817	
	0.104964	
	0.097670	
	0.133844	
	0.003884	
	-0.006692	
	-0.159444	
	-0.153815	
	0.051610	
	-0.039362	
	0.095426	
	-0.087840	
	0.052125	
	0.006831	
	0.022547	
	0.096305	
	-0.062336	
	0.033619	
	0.092368	
	0.076914	
	0.140718	
	0.079519	
	0.067993	
	0.066538	
	-0.012881	
	-0.217115	
	-0.091120	
	-0.127468	
	0.025262	
	-0.150533	
	-0.201715	
	-0.168633	
	-0.174805	
	-0.025150	
	-0.000022	
	0.006664	
	-0.018927	
	-0.098086	
	-0.015455	
	0.064212	
	0.039802	
	0.030621	
	-0.146967	
	-0.044500	
	-0.033743	
	-0.121109	
	0.011133	
	0.058561	
	0.196696	
	0.094072	
	-0.033353	
	-0.088871	
	-0.099356	
	-0.127896	
	-0.167060	
	-0.086191	
	-0.076548	
	-0.152238	
	0.066434	
	-0.005435	
	-0.084424	
	-0.069919	
	-0.078672	
	-0.012259	
	0.146147	
	0.008833	
	-0.215067	
	-0.033268	
	-0.072873	
	0.099727	
	-0.130234	
	0.206857	
	0.008929	
	-0.035419	
	-0.046160	
	0.132916	
	-0.036829	
	0.070014	
	0.055321	
	0.142228	
	0.111359	
	-0.089933	
	-0.038284	
	0.117082	
	0.115330	
	-0.077537	
	-0.175048	
	-0.061990	
	0.061814	
	0.102921	
	-0.270056	
	-0.258582	
	-0.226253	
	-0.036449	
	-0.242734	
	0.048930	
	-0.051040	
	-0.043743	
	-0.064966	
	0.018542	
	-0.144976	
	-0.156611	
	0.115880	
	0.087294	
	0.029798	
	-0.063139	
	-0.034121	
	-0.027438	
	0.026885	
	-0.003925	
	-0.101680	
	-0.076917	
	-0.179684	
	-0.122793	
	-0.059245	
	-0.204092	
	0.020883	
	0.082480	
	0.041991	
	-0.114164	
	-0.094524	
	0.151355	
	-0.092907	
	0.030312	
	0.122929	
	-0.087427	
	0.003921	
	-0.072903	
	-0.046556	
	-0.000693	
	0.044999	
	-0.108443	
	0.040176	
	0.023404	
	-0.073204	
	-0.060710	
	0.026571	
	-0.007000	
	-0.057973	
	-0.074044	
	-0.040611	
	0.055966	
	-0.014805	
	-0.123207	
	-0.021327	
	-0.212966	
	0.034056	
	0.163683	
	-0.100033	
	0.172159	
	-0.315002	
	-0.190049	
	0.039032	
	-0.162159	
	0.037711	
	-0.175992	
	-0.032636	
	0.241927	
	-0.064632	
	-0.090108	
	-0.134617	
	-0.058317	
	-0.102981	
	0.066223	
	-0.049932	
	-0.077070	
	-0.065454	
	0.156220	
	0.036651	
	-0.113743	
	-0.105218	
	0.046063	
	-0.054435	
	0.046095	
	-0.166868	
	-0.224354	
	0.090695	
	-0.145475	
	0.009062	
	0.068777	
	0.000321	
	-0.187629	
	-0.174908	
	0.010411	
	0.078297	
	-0.058988	
	-0.104185	
	0.046139	
	-0.056281	
	0.014165	
	-0.025239	
	0.078955	
	-0.017701	
	-0.037704	
	-0.106275	
	0.001236	
	-0.020040	
	0.060996	
	0.149181	
	-0.066025	
	-0.098202	
	-0.069214	
	-0.078958	
	-0.075029	
	0.023882	
	-0.116754	
	0.106536	
	0.099380	
	0.211503	
	-0.007713	
	0.073103	
	-0.339106	
	-0.111974	
	-0.096637	
	0.118953	
	0.162382	
	0.070452	
	0.008491	
	0.100654	
	0.192916	
	0.053990	
	0.082350	
	-0.069086	
	-0.082380	
	0.100773	
	-0.008147	
	-0.056335	
	0.102059	
	-0.257738	
	0.076199	
	-0.095824	
	-0.062352	
	-0.028669	
	0.035571	
	0.213301	
	-0.116877	
	0.121932	
	-0.067844	
	-0.037767	
	-0.017281	
	-0.073946	
	-0.062898	
	-0.010220	
	-0.209349	
	-0.055476	
	0.063779	
	0.103905	
	-0.099066	
	-0.216298	
	-0.054351	
	-0.133084	
	0.016504	
	-0.191257	
	0.019462	
	-0.042015	
	0.064293	
	0.088879	
	0.089471	
	-0.014463	
	0.002968	
	0.056974	
	0.063728	
	0.130380	
	-0.183888	
	-0.055543	
	0.014436	
	-0.012462	
	0.025795	
	-0.080900	
	-0.059639	
	0.112377	
	0.088837	
	-0.175266	
	-0.254306	
	-0.114595	
	0.024106	
	-0.194881	
	0.014395	
	-0.054766	
	-0.070892	
	-0.058247	
	-0.168205	
	-0.162844	
	-0.173547	
	0.086249	
	0.097603	
	0.037961	
	-0.103537	
	-0.055594	
	0.018034	
	0.085652	
	0.177715	
	-0.085333	
	0.014880	
	-0.149472	
	-0.141696	
	-0.041407	
	-0.201486	
	0.096661	
	0.041325	
	0.028321	
	-0.138693	
	-0.151217	
	-0.056117	
	-0.116797	
	-0.052962	
	0.010065	
	0.029490	
	0.054611	
	-0.082171	
	-0.070180	
	0.003006	
	0.074941	
	-0.074683	
	-0.007946	
	0.071337	
	-0.059855	
	-0.063091	
	0.039816	
	-0.057612	
	-0.057964	
	-0.093233	
	-0.061975	
	0.044310	
	0.016553	
	0.005883	
	-0.056216	
	-0.108587	
	0.062162	
	0.252598	
	-0.133982	
	0.128385	
	-0.259793	
	-0.143731	
	0.086994	
	-0.171845	
	0.108374	
	-0.003639	
	-0.018451	
	0.246808	
	-0.054646	
	-0.105115	
	-0.164833	
	-0.041566	
	-0.029501	
	-0.068043	
	-0.039441	
	-0.042450	
	-0.023369	
	0.044938	
	0.063428	
	-0.113370	
	-0.097669	
	0.045304	
	-0.082304	
	0.047156	
	-0.208002	
	-0.178845	
	0.170258	
	-0.157259	
	-0.059276	
	0.054520	
	-0.046007	
	-0.206889	
	-0.111127	
	-0.062298	
	-0.050585	
	-0.035206	
	0.070741	
	0.120760	
	-0.065655	
	0.048336	
	0.045816	
	0.021498	
	-0.007974	
	0.082894	
	-0.032995	
	0.006095	
	0.080907	
	0.091139	
	-0.074745	
	0.106817	
	-0.021396	
	0.052274	
	0.042094	
	-0.027192	
	-0.049678	
	-0.133432	
	-0.117851	
	0.060931	
	0.167051	
	-0.142404	
	0.186901	
	-0.300864	
	-0.122675	
	0.008964	
	-0.150803	
	0.069651	
	-0.088765	
	-0.007454	
	0.277411	
	0.079925	
	0.028901	
	-0.013668	
	-0.073178	
	-0.146068	
	0.019660	
	-0.033925	
	-0.077364	
	0.062598	
	0.037584	
	-0.034319	
	0.030274	
	0.011590	
	0.067629	
	-0.020460	
	0.065110	
	-0.239966	
	-0.273743	
	0.148172	
	-0.088005	
	0.135016	
	0.102055	
	-0.013505	
	-0.134406	
	-0.110080	
	0.047988	
	0.024857	
	0.102369	
	0.145967	
	0.168952	
	0.138831	
	0.003069	
	-0.043069	
	-0.067523	
	0.136992	
	0.056390	
	0.140094	
	0.248448	
	0.275106	
	0.101786	
	0.114109	
	0.024554	
	0.037766	
	-0.078004	
	-0.362029	
	0.016874	
	0.114171	
	-0.001908	
	-0.048490	
	-0.078243	
	-0.005382	
	-0.142714	
	0.120828	
	0.079125	
	0.026306	
	0.056853	
	-0.039781	
	0.116377	
	0.082964	
	-0.017432	
	0.083514	
	0.096188	
	0.124738	
	0.010576	
	0.009133	
	0.017378	
	-0.100848	
	-0.078842	
	0.124968	
	0.045629	
	-0.337093	
	-0.147016	
	0.118540	
	0.159943	
	0.114865	
	0.036748	
	-0.072982	
	-0.055838	
	-0.110997	
	-0.113814	
	-0.054366	
	-0.044732	
	-0.042088	
	0.062274	
	-0.040229	
	0.125456	
	0.138498	
	0.112311	
	0.165741	
	0.108537	
	0.150528	
	0.167709	
	0.090327	
	0.194353	
	0.032522	
	-0.030121	
	-0.032438	
	-0.053815	
	-0.010235	
	-0.057771	
	-0.062636	
	-0.084214	
	-0.010828	
	0.140990	
	0.077054	
	0.007008	
	0.134262	
	0.038587	
	-0.030738	
	-0.015089	
	-0.039957	
	-0.025511	
	-0.084654	
	0.071077	
	0.031360	
	-0.015601	
	0.041969	
	-0.059692	
	0.089194	
	0.021356	
	-0.001879	
	0.029313	
	0.092989	
	0.163814	
	0.185911	
	0.014952	
	-0.040507	
	-0.070667	
	0.077400	
	-0.133595	
	0.002318	
	-0.214089	
	0.029743	
	-0.029833	
	0.054364	
	-0.042836	
	0.061692	
	-0.035631	
	-0.082348	
	-0.090494	
	-0.111960	
	-0.039549	
	-0.054046	
	-0.085756	
	-0.060282	
	0.000000	
	0.000000	
	0.000000	
	0.000000	
	0.000000	
	0.000000	
	0.000000	
