_Key	_Keyclarity	_Keystrength		
	10.000000	0.568766	9.000000	
	5.000000	0.238442	4.000000	
	10.000000	0.629691	9.000000	
	10.000000	0.533870	9.000000	
	5.000000	0.292721	4.000000	
	2.000000	0.601693	1.000000	
	5.000000	0.217119	4.000000	
	10.000000	0.647991	9.000000	
	10.000000	0.557878	9.000000	
	5.000000	0.343569	4.000000	
	10.000000	0.630808	9.000000	
	10.000000	0.611265	9.000000	
	5.000000	0.740494	4.000000	
	10.000000	0.676886	9.000000	
	5.000000	0.447185	4.000000	
	10.000000	0.767732	9.000000	
	10.000000	0.533077	9.000000	
	5.000000	0.681162	4.000000	
	10.000000	0.734519	9.000000	
	3.000000	0.466889	2.000000	
	10.000000	0.792682	9.000000	
	10.000000	0.692821	9.000000	
	5.000000	0.673422	4.000000	
	10.000000	0.663979	9.000000	
	5.000000	0.419644	4.000000	
	10.000000	0.721824	9.000000	
	10.000000	0.721997	9.000000	
	5.000000	0.698001	4.000000	
	10.000000	0.682615	9.000000	
	3.000000	0.529781	2.000000	
	10.000000	0.647657	9.000000	
	12.000000	0.579208	11.000000	
	10.000000	0.574652	9.000000	
	7.000000	0.656996	6.000000	
	7.000000	0.690788	6.000000	
	2.000000	0.716105	1.000000	
	5.000000	0.556209	4.000000	
	5.000000	0.729335	4.000000	
	5.000000	0.706817	4.000000	
	5.000000	0.563821	4.000000	
	5.000000	0.610676	4.000000	
	10.000000	0.604833	9.000000	
	10.000000	0.686902	9.000000	
	10.000000	0.603515	9.000000	
	10.000000	0.459052	9.000000	
	10.000000	0.630603	9.000000	
	7.000000	0.661318	6.000000	
	7.000000	0.458696	6.000000	
	10.000000	0.542276	9.000000	
	10.000000	0.619154	9.000000	
	10.000000	0.628054	9.000000	
	10.000000	0.681635	9.000000	
	12.000000	0.592225	11.000000	
	12.000000	0.823467	11.000000	
	7.000000	0.488560	6.000000	
	8.000000	0.422858	7.000000	
	10.000000	0.565386	9.000000	
	5.000000	0.499446	4.000000	
	10.000000	0.489321	9.000000	
	10.000000	0.454221	9.000000	
	10.000000	0.693055	9.000000	
	10.000000	0.569278	9.000000	
	5.000000	0.432195	4.000000	
	7.000000	0.603560	6.000000	
	7.000000	0.812835	6.000000	
	2.000000	0.688018	1.000000	
	10.000000	0.565009	9.000000	
	5.000000	0.289636	4.000000	
	10.000000	0.373807	9.000000	
	10.000000	0.271588	9.000000	
	7.000000	0.473161	6.000000	
	8.000000	0.613840	7.000000	
	10.000000	0.327021	9.000000	
	3.000000	0.639347	2.000000	
	8.000000	0.238992	7.000000	
	9.000000	0.443694	8.000000	
	3.000000	0.402202	2.000000	
	5.000000	0.317644	4.000000	
	10.000000	0.461296	9.000000	
	7.000000	0.651088	6.000000	
	10.000000	0.316858	9.000000	
	10.000000	0.725325	9.000000	
	7.000000	0.542775	6.000000	
	12.000000	0.615110	11.000000	
	5.000000	0.657748	4.000000	
	2.000000	0.769051	1.000000	
	3.000000	0.369901	2.000000	
	11.000000	0.248117	10.000000	
	10.000000	0.695521	9.000000	
	10.000000	0.547641	9.000000	
	10.000000	0.658436	9.000000	
	12.000000	0.622689	11.000000	
	6.000000	0.374643	5.000000	
	12.000000	0.668153	11.000000	
	12.000000	0.609425	11.000000	
	5.000000	0.650287	4.000000	
	10.000000	0.531893	9.000000	
	5.000000	0.621593	4.000000	
	10.000000	0.539100	9.000000	
	10.000000	0.563537	9.000000	
	5.000000	0.370288	4.000000	
	3.000000	0.661736	2.000000	
	10.000000	0.568981	9.000000	
	3.000000	0.525388	2.000000	
	3.000000	0.547473	2.000000	
	12.000000	0.706761	11.000000	
	10.000000	0.559435	9.000000	
	7.000000	0.350212	6.000000	
	5.000000	0.542640	4.000000	
	10.000000	0.374439	9.000000	
	10.000000	0.461223	9.000000	
	10.000000	0.527256	9.000000	
	12.000000	0.435930	11.000000	
	12.000000	0.633829	11.000000	
	7.000000	0.672549	6.000000	
	7.000000	0.690763	6.000000	
	10.000000	0.583413	9.000000	
	5.000000	0.480257	4.000000	
	5.000000	0.577639	4.000000	
	5.000000	0.509274	4.000000	
	5.000000	0.474316	4.000000	
	10.000000	0.451764	9.000000	
	6.000000	0.235188	5.000000	
	5.000000	0.530118	4.000000	
	7.000000	0.443208	6.000000	
	10.000000	0.588994	9.000000	
	10.000000	0.541299	9.000000	
	2.000000	0.670350	1.000000	
	10.000000	0.551434	9.000000	
	3.000000	0.377670	2.000000	
	3.000000	0.333366	2.000000	
	10.000000	0.502883	9.000000	
	10.000000	0.395669	9.000000	
	12.000000	0.601504	11.000000	
	12.000000	0.496384	11.000000	
	10.000000	0.593587	9.000000	
	10.000000	0.665242	9.000000	
	7.000000	0.707269	6.000000	
	7.000000	0.630414	6.000000	
	10.000000	0.504960	9.000000	
	10.000000	0.259542	9.000000	
	8.000000	0.198257	7.000000	
	10.000000	0.389983	9.000000	
	10.000000	0.709379	9.000000	
	12.000000	0.725379	11.000000	
	7.000000	0.524586	6.000000	
	10.000000	0.624323	9.000000	
	10.000000	0.652476	9.000000	
	10.000000	0.659883	9.000000	
	7.000000	0.800172	6.000000	
	12.000000	0.597944	11.000000	
	10.000000	0.681630	9.000000	
	5.000000	0.259612	4.000000	
	10.000000	0.664030	9.000000	
	5.000000	0.730911	4.000000	
	5.000000	0.579147	4.000000	
	10.000000	0.603523	9.000000	
	10.000000	0.594999	9.000000	
	10.000000	0.815192	9.000000	
	10.000000	0.442914	9.000000	
	10.000000	0.446641	9.000000	
	10.000000	0.631123	9.000000	
	7.000000	0.572814	6.000000	
	12.000000	0.602828	11.000000	
	7.000000	0.682599	6.000000	
	7.000000	0.351928	6.000000	
	10.000000	0.700331	9.000000	
	10.000000	0.577478	9.000000	
	5.000000	0.424690	4.000000	
	10.000000	0.622116	9.000000	
	10.000000	0.342349	9.000000	
	10.000000	0.697859	9.000000	
	10.000000	0.518570	9.000000	
	5.000000	0.447140	4.000000	
	7.000000	0.502000	6.000000	
	7.000000	0.536346	6.000000	
	10.000000	0.539712	9.000000	
	10.000000	0.523068	9.000000	
	10.000000	0.289642	9.000000	
	3.000000	0.416251	2.000000	
	5.000000	0.198885	4.000000	
	5.000000	0.413785	4.000000	
	7.000000	0.822058	6.000000	
	3.000000	0.504750	2.000000	
	3.000000	0.655747	2.000000	
	3.000000	0.274973	2.000000	
	10.000000	0.368795	9.000000	
	3.000000	0.418251	2.000000	
	7.000000	0.255872	6.000000	
	10.000000	0.441422	9.000000	
	2.000000	0.451939	1.000000	
	10.000000	0.450975	9.000000	
	10.000000	0.712185	9.000000	
	10.000000	0.665172	9.000000	
	5.000000	0.592756	4.000000	
	5.000000	0.573095	4.000000	
	10.000000	0.347183	9.000000	
	10.000000	0.376607	9.000000	
	11.000000	0.284843	10.000000	
	10.000000	0.466282	9.000000	
	5.000000	0.389790	4.000000	
	10.000000	0.397360	9.000000	
	12.000000	0.557277	11.000000	
	12.000000	0.351770	11.000000	
	12.000000	0.798831	11.000000	
	12.000000	0.476487	11.000000	
	10.000000	0.728275	9.000000	
	10.000000	0.708056	9.000000	
	5.000000	0.359989	4.000000	
	10.000000	0.483028	9.000000	
	10.000000	0.457628	9.000000	
	5.000000	0.264254	4.000000	
	3.000000	0.646273	2.000000	
	10.000000	0.606150	9.000000	
	10.000000	0.571876	9.000000	
	3.000000	0.490001	2.000000	
	12.000000	0.673604	11.000000	
	7.000000	0.613156	6.000000	
	5.000000	0.325607	4.000000	
	7.000000	0.562218	6.000000	
	7.000000	0.335034	6.000000	
	10.000000	0.561967	9.000000	
	12.000000	0.420004	11.000000	
	10.000000	0.500113	9.000000	
	12.000000	0.682432	11.000000	
	7.000000	0.574217	6.000000	
	2.000000	0.702109	1.000000	
	5.000000	0.689525	4.000000	
	5.000000	0.502736	4.000000	
	5.000000	0.448784	4.000000	
	5.000000	0.296578	4.000000	
	10.000000	0.526219	9.000000	
	10.000000	0.627651	9.000000	
	5.000000	0.331091	4.000000	
	7.000000	0.619745	6.000000	
	10.000000	0.407486	9.000000	
	10.000000	0.720158	9.000000	
	10.000000	0.606389	9.000000	
	2.000000	0.450651	1.000000	
	10.000000	0.602728	9.000000	
	5.000000	0.224485	4.000000	
	10.000000	0.434843	9.000000	
	12.000000	0.356721	11.000000	
	3.000000	0.389514	2.000000	
	12.000000	0.612070	11.000000	
	10.000000	0.540539	9.000000	
	7.000000	0.629012	6.000000	
	10.000000	0.649677	9.000000	
	7.000000	0.518900	6.000000	
	10.000000	0.490492	9.000000	
	10.000000	0.248641	9.000000	
	10.000000	0.279036	9.000000	
	10.000000	0.417721	9.000000	
	10.000000	0.397871	9.000000	
	5.000000	0.614722	4.000000	
	7.000000	0.612193	6.000000	
	7.000000	0.652946	6.000000	
	10.000000	0.718351	9.000000	
	6.000000	0.319447	5.000000	
	7.000000	0.423494	6.000000	
	10.000000	0.505396	9.000000	
	10.000000	0.657501	9.000000	
	10.000000	0.602323	9.000000	
	10.000000	0.299061	9.000000	
	7.000000	0.571810	6.000000	
	7.000000	0.635477	6.000000	
	2.000000	0.622805	1.000000	
	10.000000	0.682305	9.000000	
	10.000000	0.400330	9.000000	
	5.000000	0.484437	4.000000	
	10.000000	0.472653	9.000000	
	5.000000	0.442451	4.000000	
	3.000000	0.453128	2.000000	
	10.000000	0.500685	9.000000	
	10.000000	0.589321	9.000000	
	3.000000	0.716370	2.000000	
	7.000000	0.413894	6.000000	
	10.000000	0.811005	9.000000	
	7.000000	0.497875	6.000000	
	10.000000	0.562904	9.000000	
	10.000000	0.704606	9.000000	
	10.000000	0.376199	9.000000	
	10.000000	0.687228	9.000000	
	7.000000	0.368925	6.000000	
	10.000000	0.783208	9.000000	
	5.000000	0.644955	4.000000	
	6.000000	0.471656	5.000000	
	7.000000	0.223565	6.000000	
	10.000000	0.448911	9.000000	
	10.000000	0.708036	9.000000	
	10.000000	0.618156	9.000000	
	7.000000	0.608306	6.000000	
	12.000000	0.608962	11.000000	
	12.000000	0.409799	11.000000	
	12.000000	0.560349	11.000000	
	12.000000	0.771224	11.000000	
	5.000000	0.283923	4.000000	
	10.000000	0.749591	9.000000	
	10.000000	0.619876	9.000000	
	10.000000	0.579815	9.000000	
	10.000000	0.743455	9.000000	
	10.000000	0.298076	9.000000	
	3.000000	0.394600	2.000000	
	7.000000	0.620338	6.000000	
	10.000000	0.604968	9.000000	
	3.000000	0.459143	2.000000	
	12.000000	0.616232	11.000000	
	10.000000	0.511912	9.000000	
	7.000000	0.546956	6.000000	
	5.000000	0.455103	4.000000	
	7.000000	0.648867	6.000000	
	10.000000	0.368861	9.000000	
	10.000000	0.616797	9.000000	
	10.000000	0.487853	9.000000	
	10.000000	0.412071	9.000000	
	7.000000	0.568472	6.000000	
	7.000000	0.391581	6.000000	
	2.000000	0.745246	1.000000	
	5.000000	0.475939	4.000000	
	5.000000	0.476058	4.000000	
	5.000000	0.354266	4.000000	
	5.000000	0.215720	4.000000	
	10.000000	0.701120	9.000000	
	10.000000	0.598693	9.000000	
	5.000000	0.438833	4.000000	
	7.000000	0.597155	6.000000	
	7.000000	0.339444	6.000000	
	10.000000	0.594477	9.000000	
	2.000000	0.611551	1.000000	
	5.000000	0.516899	4.000000	
	10.000000	0.546860	9.000000	
	3.000000	0.158249	2.000000	
	10.000000	0.662109	9.000000	
	10.000000	0.586139	9.000000	
	12.000000	0.512748	11.000000	
	12.000000	0.475227	11.000000	
	10.000000	0.635991	9.000000	
	10.000000	0.572239	9.000000	
	7.000000	0.688135	6.000000	
	7.000000	0.740582	6.000000	
	10.000000	0.504471	9.000000	
	2.000000	0.304855	1.000000	
	8.000000	0.227855	7.000000	
	3.000000	0.552378	2.000000	
	7.000000	0.524890	6.000000	
	3.000000	0.682193	2.000000	
	7.000000	0.554030	6.000000	
	10.000000	0.576058	9.000000	
	10.000000	0.657767	9.000000	
	10.000000	0.610884	9.000000	
	10.000000	0.641537	9.000000	
	12.000000	0.509789	11.000000	
	10.000000	0.548611	9.000000	
	5.000000	0.587413	4.000000	
	7.000000	0.570848	6.000000	
	5.000000	0.690651	4.000000	
	5.000000	0.740400	4.000000	
	10.000000	0.755123	9.000000	
	10.000000	0.630697	9.000000	
	10.000000	0.543711	9.000000	
	10.000000	0.507526	9.000000	
	10.000000	0.428554	9.000000	
	10.000000	0.664034	9.000000	
	10.000000	0.750736	9.000000	
	11.000000	0.335200	10.000000	
	12.000000	0.329802	11.000000	
	1.000000	0.000000	0.000000	
	1.000000	0.000000	0.000000	
	1.000000	0.000000	0.000000	
	1.000000	0.000000	0.000000	
