MIRtoolbox1.7	_Pitch_Mean	
song_file\0001192-¬G¶m.mp3	NaN	
	1111.548094	
	1096.662231	
	1186.573394	
	1392.524772	
	1376.745322	
	1290.647575	
	NaN	
	191.267913	
	NaN	
	792.103236	
	881.498438	
	1436.397833	
	866.113780	
	160.066229	
	76.742264	
	123.650143	
	853.524604	
	86.580978	
	606.042120	
	NaN	
	221.326222	
	1132.229861	
	258.602487	
	849.671084	
	1001.363110	
	NaN	
	1165.193467	
	258.706563	
	189.894069	
	1038.937443	
	215.534672	
	216.808885	
	NaN	
	107.161202	
	191.410106	
	192.663519	
	757.879106	
	285.850024	
	1180.394471	
	1342.532833	
	352.412377	
	342.139329	
	288.924933	
	NaN	
	287.863625	
	82.594725	
	277.999527	
	NaN	
	NaN	
	NaN	
	NaN	
	895.973237	
	766.685987	
	NaN	
	NaN	
	819.544038	
	209.736166	
	192.674508	
	NaN	
	868.074877	
	NaN	
	1484.022970	
	920.363961	
	291.973101	
	340.659080	
	291.074315	
	211.153317	
	197.485189	
	227.250863	
	189.652508	
	216.134306	
	NaN	
	NaN	
	1105.149983	
	85.282113	
	NaN	
	NaN	
	1155.234845	
	NaN	
	211.444473	
	194.727575	
	NaN	
	215.858471	
	255.501186	
	289.816846	
	1001.438990	
	948.496256	
	NaN	
	NaN	
	341.212200	
	NaN	
	252.481055	
	264.211098	
	284.848594	
	NaN	
	NaN	
	96.507408	
	1073.173331	
	952.487361	
	1185.051579	
	171.763158	
	NaN	
	NaN	
	NaN	
	NaN	
	130.352070	
	1145.504491	
	234.120021	
	NaN	
	1073.305242	
	1153.683006	
	287.501918	
	212.612180	
	1063.110979	
	1085.925654	
	1003.313847	
	1080.856522	
	1164.775453	
	1110.972524	
	1139.068917	
	1084.970496	
	299.814649	
	NaN	
	258.709667	
	257.869855	
	NaN	
	211.252742	
	213.429572	
	1094.230519	
	1105.182500	
	191.501158	
	NaN	
	1130.652577	
	176.425457	
	NaN	
	NaN	
	139.047299	
	NaN	
	1084.873656	
	215.928306	
	253.274099	
	1016.064074	
	994.701052	
	NaN	
	1203.428053	
	NaN	
	347.192735	
	346.230475	
	289.582105	
	256.800993	
	NaN	
	1058.699598	
	258.550027	
	287.474990	
	264.260367	
	288.673665	
	NaN	
	286.736670	
	334.265988	
	281.166996	
	284.897168	
	259.486391	
	288.634538	
	263.295795	
	NaN	
	215.578323	
	170.229740	
	186.834505	
	193.996686	
	1243.775756	
	216.422640	
	216.393820	
	218.234349	
	NaN	
	288.704400	
	1159.982213	
	1186.716591	
	346.561577	
	345.836466	
	342.503372	
	349.098312	
	599.779239	
	1117.852913	
	1162.813934	
	1137.354160	
	691.166426	
	805.886741	
	693.134507	
	264.501298	
	284.735703	
	77.047643	
	NaN	
	913.886667	
	1089.426631	
	281.143754	
	930.176430	
	1124.835541	
	NaN	
	114.161712	
	99.324686	
	NaN	
	NaN	
	110.463042	
	1153.767558	
	212.187944	
	NaN	
	885.081372	
	NaN	
	NaN	
	1130.569732	
	1162.407388	
	258.515162	
	813.681777	
	256.728779	
	NaN	
	144.036342	
	NaN	
	291.239087	
	1140.366195	
	258.887735	
	207.023564	
	1042.850515	
	1000.659783	
	217.602788	
	NaN	
	191.649582	
	1116.493747	
	1047.544867	
	1034.072479	
	179.818075	
	NaN	
	1110.273617	
	192.094663	
	NaN	
	NaN	
	253.658778	
	NaN	
	NaN	
	285.845730	
	1021.238047	
	1185.770450	
	NaN	
	1046.809812	
	346.462767	
	290.948287	
	674.530459	
	260.522172	
	288.907129	
	277.789715	
	284.629885	
	NaN	
	128.165943	
	1161.059809	
	927.442273	
	NaN	
	127.913057	
	NaN	
	1183.618564	
	1088.808449	
	1197.960190	
	1299.746630	
	NaN	
	1210.829034	
	NaN	
	1005.302763	
	NaN	
	NaN	
	NaN	
	1105.092243	
	874.635995	
	856.862312	
	868.785370	
	859.701693	
	858.628136	
	NaN	
	86.468303	
	602.272662	
	217.535285	
	NaN	
	NaN	
	NaN	
	259.231126	
	NaN	
	1025.360129	
	791.095213	
	1165.813629	
	258.253615	
	NaN	
	927.354262	
	216.850862	
	NaN	
	107.779384	
	NaN	
	171.062369	
	192.682542	
	NaN	
	772.779237	
	286.439378	
	1156.603073	
	NaN	
	348.773852	
	342.931275	
	289.806337	
	254.885784	
	NaN	
	978.040829	
	287.743165	
	NaN	
	NaN	
	911.014918	
	1002.116472	
	95.561625	
	NaN	
	116.331747	
	NaN	
	826.705242	
	1157.257307	
	NaN	
	848.201878	
	NaN	
	257.553906	
	875.929472	
	NaN	
	896.949277	
	921.650665	
	NaN	
	343.432216	
	293.794607	
	212.653362	
	196.759682	
	231.940977	
	1065.900447	
	97.407248	
	1083.025802	
	1121.870908	
	144.016396	
	1184.096889	
	NaN	
	192.817977	
	1162.388431	
	NaN	
	NaN	
	105.640056	
	NaN	
	1135.146184	
	254.973554	
	288.448462	
	1018.818029	
	1285.478414	
	347.783321	
	344.854459	
	291.649860	
	1150.901169	
	108.423608	
	264.886181	
	286.303240	
	NaN	
	789.730009	
	1169.918317	
	NaN	
	925.874543	
	1020.059628	
	1012.218045	
	NaN	
	NaN	
	1032.155945	
	1044.672246	
	NaN	
	1023.149534	
	1142.020312	
	1143.021220	
	233.744501	
	NaN	
	1070.775607	
	1163.159606	
	285.690612	
	212.238266	
	1031.391348	
	1078.682071	
	291.048882	
	1095.634044	
	NaN	
	1144.425527	
	1123.964979	
	298.428698	
	NaN	
	260.353751	
	NaN	
	256.592904	
	164.050394	
	210.469153	
	213.705707	
	NaN	
	1178.947428	
	154.470626	
	NaN	
	193.921554	
	NaN	
	203.340448	
	NaN	
	NaN	
	191.978420	
	1113.050323	
	213.940421	
	255.741882	
	1024.594574	
	285.483924	
	971.748014	
	1111.246582	
	1171.870877	
	NaN	
	342.954945	
	343.806194	
	289.624009	
	1067.592652	
	NaN	
	NaN	
	260.416313	
	285.978443	
	284.675612	
	292.386556	
	288.035401	
	283.416009	
	332.770304	
	284.728898	
	260.207709	
	287.423246	
	262.507390	
	214.384998	
	219.343230	
	NaN	
	170.056166	
	187.550773	
	194.318347	
	1237.871827	
	219.642620	
	217.313709	
	NaN	
	1151.172215	
	288.445707	
	1153.814756	
	NaN	
	346.514148	
	346.060672	
	NaN	
	NaN	
	351.690913	
	583.172004	
	920.358005	
	1123.122891	
	1175.427109	
	1182.842828	
	672.087227	
	799.483611	
	683.353618	
	264.796024	
	288.019355	
	80.389695	
	1026.397590	
	NaN	
	NaN	
	785.258575	
	NaN	
	993.376403	
	1057.546625	
	1041.063193	
	NaN	
	NaN	
	NaN	
	211.144822	
	1146.060948	
	890.678578	
	NaN	
	1081.751741	
	1138.852114	
	259.528629	
	255.997232	
	255.409465	
	NaN	
	NaN	
	NaN	
	293.260000	
	1153.834078	
	NaN	
	210.276298	
	1037.303749	
	1068.792119	
	1030.454604	
	1059.110939	
	NaN	
	204.588888	
	NaN	
	NaN	
	1057.974279	
	185.528726	
	NaN	
	NaN	
	191.167624	
	NaN	
	704.377171	
	214.891730	
	1009.590353	
	286.334481	
	912.179622	
	86.587214	
	NaN	
	525.521855	
	1072.021280	
	345.375431	
	291.161809	
	263.906801	
	218.530528	
	260.016629	
	1136.565211	
	NaN	
	1103.612664	
	1030.913339	
	287.451770	
	278.799094	
	283.277090	
	286.409557	
	278.832349	
	285.840470	
	987.706716	
	NaN	
	923.787411	
	NaN	
	NaN	
	679.538228	
	923.954757	
	429.570359	
	543.517882	
	1124.422631	
	517.647445	
	1095.836531	
	1177.252655	
	1160.006896	
	1175.438662	
	1180.696218	
	1157.779583	
	1165.628930	
	1139.492838	
	1110.147113	
	1169.791902	
	581.326668	
