_Mode		
	-0.042855	
	-0.229074	
	-0.187753	
	-0.121956	
	-0.104765	
	-0.104000	
	-0.139858	
	-0.162690	
	0.023268	
	-0.100573	
	-0.067824	
	-0.160789	
	-0.183889	
	-0.232840	
	-0.230621	
	0.203918	
	0.179825	
	-0.092907	
	-0.287867	
	-0.159067	
	-0.087427	
	-0.266019	
	-0.223942	
	-0.044780	
	-0.163405	
	-0.175087	
	-0.197333	
	-0.231842	
	-0.179350	
	-0.203524	
	-0.008679	
	-0.087524	
	-0.088915	
	-0.064579	
	-0.090813	
	-0.050047	
	-0.041120	
	-0.051224	
	-0.050056	
	-0.034333	
	-0.197804	
	-0.079783	
	-0.143469	
	-0.089936	
	-0.184414	
	-0.007489	
	0.039357	
	0.109545	
	-0.000580	
	0.069600	
	0.164695	
	0.066056	
	-0.051687	
	-0.077832	
	-0.138256	
	-0.038200	
	-0.013890	
	0.023663	
	-0.023782	
	-0.157786	
	-0.029364	
	-0.021602	
	-0.064089	
	-0.083255	
	0.076043	
	0.087388	
	-0.041414	
	-0.156958	
	-0.199519	
	0.017159	
	-0.033199	
	-0.040788	
	-0.035789	
	-0.129076	
	-0.041245	
	0.013038	
	-0.051637	
	-0.094396	
	-0.044855	
	-0.083010	
	0.005460	
	-0.065576	
	-0.106989	
	-0.116471	
	-0.140544	
	-0.123206	
	-0.071827	
	0.064146	
	-0.021939	
	0.005957	
	0.007443	
	-0.119967	
	-0.163743	
	-0.191272	
	-0.036704	
	-0.100954	
	0.030249	
	0.189950	
	0.014259	
	-0.213362	
	-0.228792	
	-0.173416	
	0.075577	
	0.108908	
	-0.090604	
	-0.061444	
	-0.189706	
	0.060931	
	-0.092043	
	0.035953	
	0.088951	
	0.084617	
	-0.121637	
	-0.037444	
	0.054017	
	-0.143562	
	-0.181650	
	0.042327	
	0.038614	
	-0.029319	
	-0.017624	
	-0.116492	
	0.165155	
	-0.090316	
	-0.242709	
	0.160090	
	0.024208	
	0.006754	
	-0.126981	
	-0.116099	
	-0.002671	
	0.009828	
	0.104475	
	-0.139703	
	0.018047	
	-0.028188	
	-0.178568	
	0.111781	
	-0.167274	
	0.215290	
	-0.069443	
	-0.051844	
	-0.010531	
	-0.044019	
	-0.324493	
	-0.184995	
	-0.211377	
	0.022389	
	-0.049644	
	-0.225353	
	-0.089628	
	0.014752	
	-0.050268	
	0.020229	
	-0.040156	
	-0.041452	
	0.020344	
	0.007728	
	0.009603	
	-0.116155	
	0.114447	
	0.037820	
	0.042320	
	-0.144939	
	-0.283063	
	-0.286763	
	-0.005269	
	-0.086682	
	0.043501	
	-0.125835	
	-0.110532	
	-0.057656	
	-0.052702	
	-0.178165	
	0.060745	
	-0.337671	
	-0.087732	
	0.087363	
	-0.092513	
	0.009969	
	-0.102172	
	-0.260563	
	-0.261922	
	0.131267	
	-0.145068	
	0.075859	
	-0.146994	
	-0.034074	
	-0.180735	
	0.070415	
	-0.042215	
	0.017784	
	-0.001871	
	-0.122467	
	-0.086900	
	0.144213	
	0.164493	
	0.010696	
	0.012368	
	-0.054747	
	-0.010208	
	0.227269	
	-0.069883	
	-0.200535	
	-0.273962	
	0.060680	
	0.050326	
	0.023293	
	0.089134	
	0.160508	
	0.153190	
	0.151180	
	-0.080914	
	0.096166	
	-0.088970	
	0.022959	
	0.043334	
	-0.087815	
	-0.202044	
	-0.045834	
	0.049715	
	0.122149	
	0.216199	
	-0.179318	
	0.148808	
	-0.245763	
	0.006733	
	-0.230918	
	0.165730	
	-0.266679	
	-0.247333	
	-0.089690	
	0.024867	
	-0.033235	
	-0.049778	
	-0.014506	
	-0.102595	
	-0.068686	
	0.103991	
	-0.124023	
	-0.056778	
	-0.005988	
	-0.049337	
	-0.241131	
	-0.217018	
	-0.193557	
	0.181232	
	0.103333	
	0.061950	
	-0.300796	
	0.029569	
	-0.232605	
	-0.197833	
	0.142347	
	0.040590	
	0.021835	
	-0.031679	
	0.014136	
	-0.293963	
	-0.246297	
	0.107834	
	0.236261	
	0.064515	
	-0.159531	
	-0.030465	
	-0.056244	
	-0.371085	
	-0.090032	
	-0.180064	
	-0.277003	
	-0.260867	
	0.212315	
	-0.069717	
	-0.118872	
	-0.122350	
	-0.191311	
	-0.161388	
	-0.188563	
	0.016215	
	-0.037893	
	0.206353	
	0.074254	
	-0.040908	
	0.212402	
	-0.277727	
	-0.137684	
	-0.063435	
	0.014752	
	-0.036093	
	0.138826	
	-0.093721	
	0.108569	
	-0.031389	
	-0.156686	
	-0.052809	
	0.081067	
	-0.000775	
	-0.173315	
	-0.195267	
	0.039042	
	-0.087390	
	-0.220284	
	-0.133108	
	-0.310353	
	0.012026	
	-0.139641	
	0.039375	
	-0.024818	
	0.009490	
	-0.108843	
	-0.230162	
	0.044843	
	0.111277	
	-0.152943	
	-0.011215	
	-0.127843	
	-0.094573	
	0.041200	
	-0.013247	
	0.132572	
	0.195388	
	-0.314061	
	0.018055	
	-0.029664	
	-0.227611	
	-0.159254	
	-0.245260	
	-0.009526	
	0.111440	
	-0.192403	
	0.021815	
	0.284714	
	0.137023	
	0.013720	
	-0.036496	
	0.065590	
	-0.228318	
	-0.125118	
	0.063277	
	0.129983	
	-0.173385	
	-0.059429	
	-0.125806	
	0.236498	
	0.072593	
	-0.167484	
	-0.030459	
	-0.024463	
	0.009038	
	0.090969	
	-0.052669	
	-0.019718	
	-0.233395	
	-0.186166	
	-0.021045	
	-0.192542	
	0.007202	
	-0.199796	
	-0.161856	
	-0.126356	
	-0.143025	
	0.085046	
	-0.080204	
	0.188947	
	-0.157913	
	-0.135321	
	-0.213313	
	0.247115	
	0.345044	
	-0.328792	
	-0.019556	
	-0.326222	
	-0.083272	
	-0.019940	
	0.078803	
	0.139027	
	0.045037	
	0.062547	
	0.007562	
	0.059943	
	0.005148	
	-0.155739	
	-0.187189	
	-0.180985	
	-0.099035	
	0.028064	
	0.091012	
	0.046857	
	-0.040789	
	0.014979	
	-0.019841	
	-0.024313	
	-0.023872	
	-0.050651	
	-0.081301	
	-0.172901	
	-0.255491	
	-0.285783	
	-0.354964	
	-0.220855	
	-0.023847	
	-0.035311	
	-0.125402	
	-0.105612	
	-0.032652	
	0.032480	
	0.037504	
	0.029095	
	0.037690	
	-0.127551	
	0.027055	
	-0.067525	
	-0.100052	
	-0.086676	
	-0.039596	
	-0.050938	
	-0.046016	
	-0.115489	
	0.119295	
	0.087831	
	0.166456	
	-0.022469	
	0.222304	
	0.176460	
	0.069204	
	-0.070965	
	-0.070163	
	-0.013426	
	-0.049970	
	-0.188009	
	-0.129324	
	-0.145710	
	-0.127709	
	-0.074933	
	0.078554	
	0.161994	
	-0.027309	
	0.149314	
	-0.125293	
	-0.026933	
	0.156986	
	-0.139963	
	-0.116477	
	-0.173845	
	-0.111017	
	0.071693	
	-0.011601	
	-0.008532	
	-0.011975	
	-0.161720	
	-0.072596	
	-0.039840	
	-0.128010	
	0.013881	
	0.038983	
	-0.010711	
	0.114789	
	0.025957	
	-0.012764	
	-0.062773	
	-0.149621	
	-0.176700	
	0.152192	
	-0.079461	
	0.206731	
	0.067024	
	-0.139527	
	-0.147756	
	-0.152371	
	-0.159898	
	0.153247	
	0.011902	
	-0.010394	
	0.039690	
	0.200066	
	-0.182394	
	-0.225591	
	-0.024350	
	-0.020222	
	0.183437	
	0.127933	
	0.006435	
	-0.154816	
	-0.101832	
	0.077009	
	0.107157	
	0.054042	
	-0.009679	
	0.255861	
	0.069178	
