_Brightness		
	NaN	
	NaN	
	NaN	
	NaN	
	NaN	
	NaN	
	NaN	
	NaN	
	NaN	
	NaN	
	NaN	
	NaN	
	NaN	
	NaN	
	NaN	
	NaN	
	NaN	
	NaN	
	NaN	
	NaN	
	NaN	
	NaN	
	NaN	
	NaN	
	NaN	
	NaN	
	NaN	
	NaN	
	NaN	
	NaN	
	NaN	
	NaN	
	NaN	
	NaN	
	NaN	
	NaN	
	NaN	
	NaN	
	NaN	
	NaN	
	NaN	
	NaN	
	NaN	
	NaN	
	NaN	
	NaN	
	NaN	
	NaN	
	NaN	
	0.464047	
	0.421606	
	0.291805	
	0.468977	
	0.255542	
	0.185351	
	0.190091	
	0.189927	
	0.181902	
	0.221875	
	0.208418	
	0.201437	
	0.176085	
	0.186951	
	0.332589	
	0.369646	
	0.409569	
	0.446356	
	0.331033	
	0.309322	
	0.200310	
	0.200304	
	0.310675	
	0.172682	
	0.168079	
	0.217546	
	0.156388	
	0.315968	
	0.427591	
	0.372801	
	0.461757	
	0.306674	
	0.272231	
	0.230318	
	0.206379	
	0.230576	
	0.249751	
	0.196932	
	0.195187	
	0.165072	
	0.188811	
	0.387380	
	0.474454	
	0.362772	
	0.282350	
	0.184998	
	0.172455	
	0.206240	
	0.218477	
	0.343739	
	0.247886	
	0.277856	
	0.186046	
	0.182749	
	0.262404	
	0.445298	
	0.533005	
	0.270671	
	0.185567	
	0.170056	
	0.200854	
	0.177397	
	0.183310	
	0.185370	
	0.216857	
	0.188012	
	0.185138	
	0.199890	
	0.356449	
	0.312183	
	0.508708	
	0.332361	
	0.244920	
	0.213447	
	0.286097	
	0.314683	
	0.268503	
	0.238498	
	0.218286	
	0.210202	
	0.198222	
	0.401924	
	0.538369	
	0.504199	
	0.362674	
	0.319717	
	0.306424	
	0.302433	
	0.329807	
	0.260979	
	0.320970	
	0.282352	
	0.236848	
	0.203600	
	0.270271	
	0.364560	
	0.262054	
	0.290040	
	0.167008	
	0.175007	
	0.218928	
	0.215896	
	0.206567	
	0.222453	
	0.197576	
	0.194302	
	0.194996	
	0.217542	
	0.204144	
	0.344868	
	0.463309	
	0.294289	
	0.210691	
	0.175685	
	0.194315	
	0.182412	
	0.191399	
	0.164551	
	0.218980	
	0.211840	
	0.191520	
	0.293331	
	0.424209	
	0.391990	
	0.432635	
	0.278501	
	0.347913	
	0.327048	
	0.262411	
	0.237143	
	0.248483	
	0.282898	
	0.265027	
	0.245764	
	0.232310	
	0.415685	
	0.526547	
	0.509715	
	0.385670	
	0.332289	
	0.307730	
	0.338271	
	0.290327	
	0.240174	
	0.327240	
	0.250867	
	0.243059	
	0.261319	
	0.324935	
	0.410319	
	0.295861	
	0.333362	
	0.185079	
	0.195202	
	0.172859	
	0.182991	
	0.174809	
	0.201926	
	0.169495	
	0.177780	
	0.166721	
	0.568180	
	0.465504	
	0.426056	
	0.344937	
	0.259809	
	0.264963	
	0.255017	
	0.277829	
	0.320325	
	0.359051	
	0.341527	
	0.357802	
	0.326107	
	0.417945	
	0.675138	
	0.509131	
	0.459329	
	0.465609	
	0.439297	
	0.420787	
	0.361539	
	0.344250	
	0.379665	
	0.482718	
	0.490341	
	0.406391	
	0.495272	
	0.474102	
	0.527503	
	0.563771	
	0.623480	
	0.620562	
	0.614263	
	0.669483	
	0.641340	
	0.528075	
	0.473510	
	0.479249	
	0.467126	
	0.554254	
	0.515652	
	0.521971	
	0.352632	
	0.414980	
	0.308817	
	0.319389	
	0.419412	
	0.362874	
	0.321572	
	0.331229	
	0.275520	
	0.352977	
	0.423929	
	0.384095	
	0.402657	
	0.386291	
	0.383630	
	0.486554	
	0.274315	
	0.320189	
	0.323943	
	0.379046	
	0.361495	
	0.346133	
	0.338789	
	0.342157	
	0.330493	
	0.350082	
	0.556591	
	0.461043	
	0.582349	
	0.630339	
	0.424183	
	0.393116	
	0.416987	
	0.419144	
	0.428292	
	0.427670	
	0.382679	
	0.451009	
	0.439226	
	0.437772	
	0.531536	
	0.699726	
	0.727022	
	0.582256	
	0.554174	
	0.508635	
	0.581399	
	0.551044	
	0.517267	
	0.518898	
	0.550566	
	0.605571	
	0.614670	
	0.473923	
	0.498970	
	0.442747	
	0.476820	
	0.390405	
	0.407363	
	0.417063	
	0.456491	
	0.481034	
	0.414695	
	0.400700	
	0.356220	
	0.478719	
	0.490351	
	0.468243	
	0.492026	
	0.460251	
	0.314731	
	0.312702	
	0.384571	
	0.398666	
	0.439546	
	0.413165	
	0.405212	
	0.399000	
	0.424045	
	0.438725	
	0.594995	
	0.577655	
	0.551708	
	0.491382	
	0.407944	
	0.403024	
	0.392887	
	0.420014	
	0.416707	
	0.426172	
	0.505887	
	0.442309	
	0.470091	
	0.417343	
	0.578035	
	0.511506	
	0.645371	
	0.605153	
	0.596818	
	0.544278	
	0.576066	
	0.593688	
	0.569077	
	0.478736	
	0.522770	
	0.620561	
	0.578625	
	0.456163	
	0.461745	
	0.478798	
	0.411577	
	0.471711	
	0.419622	
	0.403909	
	0.360671	
	0.404553	
	0.387593	
	0.452673	
	0.430037	
	0.569437	
	0.440386	
	0.363885	
	0.396983	
	0.365631	
	0.322281	
	0.329413	
	0.362323	
	0.377689	
	0.412363	
	0.476284	
	0.509847	
	0.383784	
	0.449490	
	0.425472	
	0.527544	
	0.423018	
	0.407601	
	0.335708	
	0.308349	
	0.342664	
	0.190868	
	0.239015	
	0.250611	
	0.302548	
	0.341206	
	0.195350	
	0.278378	
	0.359080	
	0.428074	
	0.442639	
	0.543874	
	0.385660	
	0.344583	
	0.437236	
	0.272972	
	0.353973	
	0.327707	
	0.252454	
	0.199185	
	0.268692	
	0.320078	
	0.487022	
	0.342849	
	0.260095	
	0.449059	
	0.251170	
	0.201923	
	0.166148	
	0.226816	
	0.405591	
	0.345311	
	0.280822	
	0.369858	
	0.304588	
	0.339809	
	0.221949	
	0.254548	
	0.422948	
	0.302345	
	0.359246	
	0.195159	
	0.234360	
	0.260164	
	0.198807	
	0.142046	
	0.151056	
	0.155458	
	0.215144	
	0.177209	
	0.416611	
	0.409169	
	0.315474	
	0.181053	
	0.121495	
	0.103339	
	0.215855	
	0.239873	
	0.175457	
	0.178239	
	0.116934	
	0.192252	
	0.157061	
	0.242145	
	0.357412	
	0.383149	
	0.217053	
	0.168889	
	0.210028	
	0.266653	
	0.229434	
	0.172998	
	0.195363	
	0.200165	
	0.232330	
	0.174880	
	0.243935	
	0.192928	
	0.303701	
	0.242152	
	0.143713	
	0.137980	
	0.181866	
	0.132579	
	0.127320	
	0.128465	
	0.127359	
	0.060178	
	0.099685	
	0.125556	
	0.122813	
	0.370695	
	0.445151	
	0.438382	
	0.407590	
	0.398940	
	0.406996	
	0.388385	
	0.412589	
	0.445684	
	0.410008	
	0.387455	
	0.379413	
	0.401588	
	0.392564	
	0.430198	
	0.355746	
	0.308461	
	0.294505	
	0.329746	
	0.353632	
	0.382515	
	0.331804	
	0.351184	
	0.295451	
	0.295294	
	0.318998	
	0.530720	
	0.456911	
	0.383624	
	0.421436	
	0.393832	
	0.413849	
	0.400570	
	0.415252	
	0.426212	
	0.424263	
	0.602537	
	0.932166	
	0.819828	
	0.689911	
	0.367960	
	0.356421	
	0.359754	
	0.380260	
	0.316756	
	0.275238	
	0.253800	
	0.284164	
	0.344885	
	0.394845	
	0.797405	
	0.821510	
	0.429315	
	0.399263	
	0.297157	
	0.359603	
	0.391431	
	0.417400	
	0.392116	
	0.387955	
	0.378171	
	0.397837	
	0.425039	
	0.470180	
	0.480422	
	0.489288	
	0.431983	
	0.347654	
	0.311970	
	0.297683	
	0.307406	
	0.336619	
	0.336340	
	0.338578	
	0.235952	
	0.245304	
	0.422094	
	0.679862	
	0.714816	
	0.767339	
	0.623482	
	0.510797	
	0.477248	
	0.399845	
	0.385880	
	0.375508	
	0.403760	
	0.403140	
	0.404946	
	0.462214	
	0.515882	
	0.408705	
	0.397540	
	0.409524	
	0.330606	
	0.326443	
	0.344318	
	0.370438	
	0.437880	
	0.366255	
	0.517393	
	0.471855	
	0.458524	
	0.592642	
	0.554074	
	0.329079	
	0.437166	
	0.419454	
	0.421679	
	0.389910	
	0.396387	
	0.395739	
	0.384245	
	0.413931	
	0.385205	
	0.371420	
	0.413903	
	0.456788	
	0.530379	
	0.494080	
	0.489675	
	0.527647	
	0.523981	
	0.527343	
	0.531768	
	0.527836	
	0.540960	
	0.558880	
	0.592979	
	0.610330	
	0.594834	
	0.571512	
	0.570358	
	0.637018	
	0.604657	
	0.583667	
	0.598960	
	0.623404	
	0.613927	
	0.629490	
	0.590052	
	0.661915	
	0.638829	
	0.660771	
	0.641131	
	0.558085	
	0.564177	
	0.637888	
	0.626511	
	0.664533	
	0.649559	
	0.641580	
	0.649155	
	0.634369	
	0.652316	
	0.643061	
	0.685676	
	0.658627	
	0.524466	
	0.412485	
	0.541451	
	0.399453	
	0.420631	
	0.460113	
	0.465778	
	0.418054	
	0.426638	
	0.467172	
	0.475937	
	0.457760	
	0.430478	
	0.511162	
	0.495928	
	0.577365	
	0.434617	
	0.378577	
	0.339622	
	0.308362	
	0.355104	
	0.365521	
	0.360639	
	0.339182	
	0.354285	
	0.336934	
	0.354461	
	0.371648	
	0.689174	
	0.752882	
	0.573992	
	0.473046	
	0.459196	
	0.367767	
	0.429999	
	0.446068	
	0.418476	
	0.429934	
	0.361859	
	0.360672	
	0.275465	
	0.186637	
	0.447600	
	0.172867	
	0.145318	
	0.137751	
	0.125880	
	0.154637	
	0.122197	
	0.121889	
	0.123653	
	0.120877	
	0.206672	
	0.116048	
	0.212522	
	0.390530	
	0.239921	
	0.268440	
	0.259859	
	0.252549	
	0.305168	
	0.375164	
	0.401339	
	0.417276	
	0.457285	
	0.410405	
	0.321234	
	0.323896	
	0.473110	
	0.535834	
	0.521708	
	0.571542	
	0.497902	
	0.408689	
	0.520921	
	0.544074	
	0.397141	
	0.236841	
	0.426189	
	0.805448	
	0.879216	
	0.837010	
	0.660782	
	0.676257	
	0.649199	
	0.667642	
	0.687099	
	0.714794	
	0.732271	
	0.726527	
	0.764162	
	0.701328	
	0.548192	
	0.544879	
	0.613841	
	0.563256	
	0.529469	
	0.502265	
	0.497092	
	0.539302	
	0.523189	
	0.532002	
	0.455790	
	0.420993	
	0.384832	
	0.488554	
	0.572104	
	0.588223	
	0.514342	
	0.339553	
	0.416978	
	0.326880	
	0.374466	
	0.449077	
	0.441377	
	0.417081	
	0.430744	
	0.446055	
	0.465841	
	0.428367	
	0.457613	
	0.518885	
	0.506376	
	0.427211	
	0.479084	
	0.439050	
	0.425707	
	0.435543	
	0.425449	
	0.476588	
	0.580481	
	0.444089	
	0.298995	
	0.308259	
	0.349226	
	0.378226	
	0.473399	
	0.515537	
	0.397650	
	0.357135	
	0.404081	
	0.417223	
	0.526736	
	0.554226	
	0.565994	
	0.484421	
	0.458496	
	0.491407	
	0.455605	
	0.386993	
	0.534774	
	0.541177	
	0.435088	
	0.429791	
	0.385313	
	0.353040	
	0.453232	
	0.407164	
	0.324662	
	0.330001	
	0.317587	
	0.351560	
	0.436824	
	0.294182	
	0.444402	
	0.453565	
	0.411082	
	0.382233	
	0.403313	
	0.407116	
	0.431674	
	0.453036	
	0.458041	
	0.446421	
	0.480835	
	0.487559	
	0.447011	
	0.438931	
	0.541719	
	0.425039	
	0.398474	
	0.405709	
	0.414835	
	0.424423	
	0.450818	
	0.462876	
	0.449170	
	0.448679	
	0.491406	
	0.502471	
	0.524837	
	0.629037	
	0.517615	
	0.458607	
	0.523307	
	0.555477	
	0.674640	
	0.609213	
	0.658368	
	0.696705	
	0.683272	
	0.615466	
	0.538243	
	0.533921	
	0.546417	
	0.542475	
	0.514443	
	0.478933	
	0.434754	
	0.481049	
	0.440925	
	0.539305	
	0.469566	
	0.462429	
	0.464950	
	0.510940	
	0.443472	
	0.432626	
	0.593250	
	0.324422	
	0.284880	
	0.273111	
	0.312188	
	0.322364	
	0.274527	
	0.279594	
	0.300578	
	0.303926	
	0.295347	
	0.482226	
	0.439525	
	0.491193	
	0.621597	
	0.315169	
	0.292818	
	0.302439	
	0.368037	
	0.279553	
	0.286857	
	0.358278	
	0.332074	
	0.274650	
	0.291429	
	0.507034	
	0.574949	
	0.794245	
	0.642966	
	0.427186	
	0.422421	
	0.510255	
	0.629971	
	0.598619	
	0.533072	
	0.528351	
	0.577456	
	0.579648	
	0.588776	
	0.360601	
	0.260744	
	0.435811	
	0.228714	
	0.259187	
	0.275027	
	0.241360	
	0.276624	
	0.703946	
	0.784680	
	0.876208	
	0.941502	
	0.945902	
	0.881917	
	0.831576	
	0.630581	
	0.389321	
	0.518133	
	0.553384	
	0.529063	
	0.572802	
	0.620365	
	0.620398	
	0.611561	
	0.562613	
	0.497685	
	0.459826	
	0.425310	
	0.344587	
	0.424295	
	0.352563	
	0.386009	
	0.415540	
	0.408920	
	0.427418	
	0.372618	
	0.351539	
	0.334574	
	0.338049	
	0.408283	
	0.470937	
	0.435111	
	0.498655	
	0.416345	
	0.372459	
	0.363645	
	0.380134	
	0.387754	
	0.402650	
	0.390404	
	0.435227	
	0.477864	
	0.483494	
	0.333808	
	0.370881	
	0.187046	
	0.327889	
	0.269332	
	0.186976	
	0.217659	
	0.267530	
	0.290885	
	0.211765	
	0.176943	
	0.798806	
	0.913598	
	0.899537	
	0.902604	
	0.807732	
	0.635297	
	0.465634	
	0.549953	
	0.597694	
	0.633001	
	0.654309	
	0.645846	
	0.620906	
	0.593097	
	0.453473	
	0.396298	
	0.376970	
	0.373309	
	0.438170	
	0.331047	
	0.306214	
	0.292399	
	0.309201	
	0.292788	
	0.289109	
	0.272819	
	0.327732	
	0.350235	
	0.381520	
	0.278782	
	0.310977	
	0.442381	
	0.634871	
	0.557543	
	0.499222	
	0.503903	
	0.514943	
	0.464383	
	0.424408	
	0.387252	
	0.386749	
	0.403962	
	0.403601	
	0.385368	
	0.325926	
	0.285769	
	0.360002	
	0.253812	
	0.215748	
	0.211754	
	0.223623	
	0.229241	
	0.253894	
	0.220326	
	0.159637	
	0.239675	
	0.258980	
	0.256228	
	0.138783	
	0.347725	
	0.168105	
	0.134488	
	0.138933	
	0.166329	
	0.153345	
	0.136763	
	0.162253	
	0.155887	
	0.181185	
	0.208400	
	0.232828	
	0.243856	
	0.281632	
	0.293235	
	0.261866	
	0.228217	
	0.252389	
	0.260717	
	0.268869	
	0.309948	
	0.329785	
	0.349304	
	0.377115	
	0.323569	
	0.277203	
	0.367735	
	0.501477	
	0.348440	
	0.289287	
	0.274702	
	0.298398	
	0.294218	
	0.347675	
	0.333473	
	0.261688	
	0.222927	
	0.283885	
	0.336827	
	0.273473	
	0.198619	
	0.210740	
	0.310508	
	0.228802	
	0.250555	
	0.310891	
	0.293950	
	0.280339	
	0.217078	
	0.245258	
	0.677779	
	0.929360	
	0.929447	
	0.830648	
	0.703118	
	0.657474	
	0.380607	
	0.297845	
	0.344069	
	0.387693	
	0.366441	
	0.348833	
	0.326045	
	0.318847	
	0.315848	
	0.372117	
	0.376020	
	0.318414	
	0.341300	
	0.322298	
	0.298176	
	0.257843	
	0.205237	
	0.210586	
	0.229564	
	0.215272	
	0.219731	
	0.258756	
	0.247996	
	0.300586	
	0.411742	
	0.640136	
	0.600449	
	0.535032	
	0.440955	
	0.386955	
	0.366671	
	0.403651	
	0.372655	
	0.424066	
	0.436962	
	0.483251	
	0.482319	
	0.370921	
	0.281285	
	0.480579	
	0.244406	
	0.284106	
	0.302098	
	0.346562	
	0.373845	
	0.231884	
	0.162541	
	0.257365	
	0.303884	
	0.224456	
	0.298857	
	0.328654	
	0.497928	
	0.409275	
	0.378930	
	0.347498	
	0.339436	
	0.277057	
	0.255110	
	0.222041	
	0.186772	
	0.185361	
	0.168063	
	0.205558	
	0.199222	
	0.193514	
	0.247125	
	0.173405	
	0.145255	
	0.139060	
	0.140517	
	0.159986	
	0.255471	
	0.559864	
	0.649898	
	0.692213	
	0.704023	
	0.739766	
	0.534462	
	0.539934	
	0.467101	
	0.433840	
	0.455117	
	0.489584	
	0.456787	
	0.463781	
	0.463356	
	0.451235	
	0.368915	
	0.274400	
	0.248426	
	0.335007	
	0.349851	
	0.438592	
	0.345228	
	0.362448	
	0.284999	
	0.291009	
	0.224555	
	0.314416	
	0.289505	
	0.267218	
	0.296231	
	0.523540	
	0.738361	
	0.442087	
	0.395403	
	0.294921	
	0.285699	
	0.266553	
	0.265721	
	0.240834	
	0.205215	
	0.224445	
	0.224400	
	0.209586	
	0.201765	
	0.242441	
	0.260945	
	0.359073	
	0.327234	
	0.228196	
	0.220249	
	0.197040	
	0.212742	
	0.242869	
	0.285161	
	0.311477	
	0.254619	
	0.146215	
	0.186507	
	0.373737	
	0.490997	
	0.322483	
	0.310293	
	0.313708	
	0.344274	
	0.390539	
	0.388698	
	0.441976	
	0.461871	
	0.474529	
	0.480131	
	0.553908	
	0.535094	
	0.476735	
	0.383485	
	0.299249	
	0.256614	
	0.315005	
	0.318122	
	0.359731	
	0.352133	
	0.357487	
	0.295054	
	0.254368	
	0.244079	
	0.305214	
	0.315211	
	0.519462	
	0.295808	
	0.285510	
	0.346722	
	0.302307	
	0.296295	
	0.273014	
	0.241332	
	0.229112	
	0.195079	
	0.191898	
	0.176622	
	0.232465	
	0.247561	
	0.207717	
	0.217888	
	0.212374	
	0.179762	
	0.177065	
	0.205871	
	0.250999	
	0.318989	
	0.311408	
	0.354617	
	0.337099	
	0.335944	
	0.417990	
	0.525042	
	0.411924	
	0.383467	
	0.356296	
	0.359499	
	0.360109	
	0.393534	
	0.368548	
	0.320142	
	0.341201	
	0.375226	
	0.353746	
	0.289608	
	0.354569	
	0.322473	
	0.204584	
	0.173361	
	0.191332	
	0.202910	
	0.222533	
	0.365075	
	0.293982	
	0.326880	
	0.268182	
	0.198638	
	0.177656	
	0.389447	
	0.418608	
	0.180682	
	0.160664	
	0.152846	
	0.134773	
	0.117083	
	0.132107	
	0.108933	
	0.160882	
	0.162394	
	0.130116	
	0.156654	
	0.191220	
	0.348190	
	0.442901	
	0.191650	
	0.150376	
	0.140113	
	0.121782	
	0.130894	
	0.111585	
	0.104704	
	0.161723	
	0.146008	
	0.152163	
	0.274841	
	0.569912	
	0.601047	
	0.629207	
	0.515534	
	0.491723	
	0.503175	
	0.493250	
	0.524112	
	0.504639	
	0.562712	
	0.561898	
	0.610663	
	0.670651	
	0.482833	
	0.365479	
	0.420603	
	0.300445	
	0.277502	
	0.295927	
	0.229443	
	0.204688	
	0.115463	
	0.118751	
	0.206838	
	0.149846	
	0.203431	
	0.120394	
	0.162361	
	0.394953	
	0.270299	
	0.235822	
	0.206664	
	0.216968	
	0.204187	
	0.202807	
	0.232158	
	0.241764	
	0.199236	
	0.155111	
	0.160626	
	0.166825	
	0.159055	
	0.226481	
	0.176193	
	0.123826	
	0.109133	
	0.106933	
	0.118382	
	0.109165	
	0.109639	
	0.103707	
	0.209278	
	0.815004	
	0.911008	
	0.854693	
	0.755859	
	0.602072	
	0.465884	
	0.438659	
	0.444931	
	0.393945	
	0.429525	
	0.425919	
	0.401728	
	0.400756	
	0.492668	
	0.542796	
	0.538787	
	0.386188	
	0.394985	
	0.327707	
	0.299496	
	0.278064	
	0.238280	
	0.214696	
	0.206408	
	0.228318	
	0.250656	
	0.301943	
	0.332186	
	0.326291	
	0.321150	
	0.436735	
	0.434126	
	0.422743	
	0.425821	
	0.431712	
	0.387375	
	0.424669	
	0.465054	
	0.441603	
	0.455667	
	0.432156	
	0.421093	
	0.414753	
	0.440018	
	0.400273	
	0.400916	
	0.307034	
	0.288682	
	0.283026	
	0.265877	
	0.295497	
	0.344479	
	0.330913	
	0.287244	
	0.352782	
	0.841831	
	0.912175	
	0.867832	
	0.814844	
	0.774617	
	0.507954	
	0.477522	
	0.516692	
	0.491096	
	0.514838	
	0.529211	
	0.456981	
	0.336657	
	0.279016	
	0.257527	
	0.239320	
	0.350669	
	0.357039	
	0.449045	
	0.404834	
	0.338718	
	0.298240	
	0.289218	
	0.267563	
	0.504926	
	0.825493	
	0.903832	
	0.922641	
	0.892944	
	0.749551	
	0.520943	
	0.516769	
	0.454342	
	0.503763	
	0.561070	
	0.518846	
	0.433704	
	0.441797	
	0.478443	
	0.482984	
	0.438384	
	0.463150	
	0.438064	
	0.392985	
	0.425614	
	0.393640	
	0.321085	
	0.246937	
	0.249272	
	0.247151	
	0.262641	
	0.264596	
	0.295339	
	0.365566	
	0.391562	
	0.361380	
	0.399321	
	0.561915	
	0.557637	
	0.526337	
	0.540465	
	0.516181	
	0.445824	
	0.428134	
	0.376457	
	0.357575	
	0.307967	
	0.294986	
	0.300922	
	0.198696	
	0.182661	
	0.286363	
	0.173903	
	0.173935	
	0.183204	
	0.242640	
	0.339751	
	0.423350	
	0.752187	
	0.897333	
	0.906129	
	0.901202	
	0.806760	
	0.753947	
	0.514886	
	0.322172	
	0.342835	
	0.399320	
	0.415186	
	0.457906	
	0.444810	
	0.440130	
	0.452057	
	0.426106	
	0.440693	
	0.467178	
	0.478970	
	0.631223	
	0.485309	
	0.354718	
	0.371832	
	0.406027	
	0.343421	
	0.338945	
	0.344762	
	0.325137	
	0.317575	
	0.331515	
	0.373479	
	0.347895	
	0.635907	
	0.634501	
	0.355218	
	0.428362	
	0.480896	
	0.376090	
	0.432443	
	0.478735	
	0.454803	
	0.475458	
	0.408222	
	0.458657	
	0.355123	
	0.277054	
	0.218424	
	0.339253	
	0.305075	
	0.320216	
	0.331628	
	0.345095	
	0.287895	
	0.214648	
	0.229033	
	0.198754	
	0.223419	
	0.273410	
	0.249982	
	0.282224	
	0.433232	
	0.307447	
	0.250315	
	0.268617	
	0.278307	
	0.357556	
	0.380426	
	0.399497	
	0.386172	
	0.407009	
	0.427766	
	0.444917	
	0.486680	
	0.436276	
	0.260467	
	0.318340	
	0.240450	
	0.281425	
	0.330388	
	0.363029	
	0.218733	
	0.171602	
	0.183201	
	0.331344	
	0.426124	
	0.440959	
	0.400323	
	0.504084	
	0.638374	
	0.606848	
	0.623066	
	0.573445	
	0.486797	
	0.540642	
	0.623801	
	0.652436	
	0.714050	
	0.621356	
	0.470030	
	0.433260	
	0.459619	
	0.465583	
	0.480901	
	0.495523	
	0.506784	
	0.571562	
	0.613803	
	0.518934	
	0.382615	
	0.792374	
	0.902068	
	0.734245	
	0.637811	
	0.574588	
	0.481201	
	0.454535	
	0.484994	
	0.630719	
	0.567060	
	0.554524	
	0.507485	
	0.523624	
	0.559669	
	0.541058	
	0.513613	
	0.480306	
	0.435953	
	0.512952	
	0.473537	
	0.541936	
	0.582459	
	0.555266	
	0.465035	
	0.349183	
	0.284581	
	0.251466	
	0.242184	
	0.446483	
	0.297989	
	0.407307	
	0.398388	
	0.375290	
	0.381690	
	0.356167	
	0.443621	
	0.389795	
	0.418180	
	0.405064	
	0.471580	
	0.526109	
	0.490145	
	0.568661	
	0.423232	
	0.374608	
	0.304964	
	0.325284	
	0.403181	
	0.411534	
	0.349611	
	0.464518	
	0.772006	
	0.827627	
	0.844749	
	0.854910	
	0.739611	
	0.581586	
	0.450901	
	0.344529	
	0.393573	
	0.360766	
	0.419877	
	0.403385	
	0.420797	
	0.439571	
	0.418508	
	0.393780	
	0.400944	
	0.414031	
	0.383382	
	0.321906	
	0.419264	
	0.353470	
	0.371769	
	0.374422	
	0.372813	
	0.333537	
	0.335571	
	0.372911	
	0.372787	
	0.458526	
	0.487598	
	0.537268	
	0.575465	
	0.617464	
	0.588691	
	0.610833	
	0.490462	
	0.613139	
	0.684534	
	0.700532	
	0.615561	
	0.492496	
	0.493589	
	0.581597	
	0.618039	
	0.631726	
	0.600507	
	0.670474	
	0.402754	
	0.338734	
	0.398585	
	0.468387	
	0.370752	
	0.544174	
	0.451804	
	0.498540	
	0.448980	
	0.426233	
	0.455481	
	0.579021	
	0.560257	
	0.587330	
	0.459127	
	0.445346	
	0.423257	
	0.364784	
	0.350368	
	0.352396	
	0.332337	
	0.325411	
	0.397548	
	0.421259	
	0.426322	
	0.540401	
	0.487389	
	0.346300	
	0.303616	
	0.316768	
	0.282251	
	0.290691	
	0.272394	
	0.253144	
	0.285510	
	0.345094	
	0.363581	
	0.379344	
	0.413799	
	0.515368	
	0.592853	
	0.477190	
	0.447586	
	0.497385	
	0.477021	
	0.232100	
	0.313593	
	0.363145	
	0.394938	
	0.455682	
	0.408041	
	0.228505	
	0.349975	
	0.345000	
	0.291021	
	0.301054	
	0.287580	
	0.242998	
	0.172201	
	0.232393	
	0.293115	
	0.319955	
	0.245513	
	0.201199	
	0.136079	
	0.361278	
	0.267023	
	0.295476	
	0.349780	
	0.352772	
	0.420815	
	0.405004	
	0.432914	
	0.399885	
	0.404511	
	0.460104	
	0.454535	
	0.415701	
	0.419645	
	0.452396	
	0.380998	
	0.368023	
	0.390131	
	0.403919	
	0.369372	
	0.415275	
	0.418325	
	0.430955	
	0.381735	
	0.397768	
	0.395802	
	0.458481	
	0.525953	
	0.521096	
	0.561555	
	0.544465	
	0.442358	
	0.500326	
	0.610322	
	0.695794	
	0.714001	
	0.691187	
	0.566368	
	0.545920	
	0.583311	
	0.488035	
	0.486864	
	0.479089	
	0.475175	
	0.447050	
	0.471068	
	0.440917	
	0.361246	
	0.362320	
	0.365922	
	0.377500	
	0.379417	
	0.358407	
	0.354505	
	0.457421	
	0.584404	
	0.516863	
	0.531241	
	0.580712	
	0.564246	
	0.548725	
	0.521844	
	0.497955	
	0.490127	
	0.442368	
	0.409185	
	0.477955	
	0.460468	
	0.451457	
	0.514804	
	0.439609	
	0.453009	
	0.460108	
	0.469176	
	0.420547	
	0.408838	
	0.427881	
	0.717325	
	0.866129	
	0.795573	
	0.541645	
	0.604903	
	0.671739	
	0.645129	
	0.613408	
	0.605959	
	0.550660	
	0.501700	
	0.478232	
	0.461174	
	0.495178	
	0.469085	
	0.394834	
	0.344623	
	0.295642	
	0.312415	
	0.319676	
	0.304023	
	0.286392	
	0.360540	
	0.428042	
	0.453616	
	0.506973	
	0.563004	
	0.801591	
	0.864450	
	0.595060	
	0.431782	
	0.518656	
	0.549583	
	0.464174	
	0.518784	
	0.467612	
	0.412489	
	0.491961	
	0.488102	
	0.461038	
	0.490117	
	0.406125	
	0.358693	
	0.387652	
	0.385530	
	0.377366	
	0.359056	
	0.329763	
	0.319910	
	0.313265	
	0.361638	
	0.378419	
	0.397763	
	0.372198	
	0.336534	
	0.508321	
	0.613683	
	0.593547	
	0.585538	
	0.495072	
	0.410758	
	0.383084	
	0.372357	
	0.353412	
	0.457158	
	0.472595	
	0.486823	
	0.467731	
	0.431769	
	0.408440	
	0.349420	
	0.309228	
	0.374199	
	0.355925	
	0.340400	
	0.327632	
	0.331056	
	0.293032	
	0.406432	
	0.523163	
	0.396677	
	0.412452	
	0.447623	
	0.641219	
	0.503213	
	0.360090	
	0.481003	
	0.380087	
	0.358050	
	0.350233	
	0.381147	
	0.371389	
	0.371728	
	0.373308	
	0.452573	
	0.435006	
	0.398752	
	0.425665	
	0.476844	
	0.480064	
	0.455738	
	0.390753	
	0.397029	
	0.415653	
	0.408532	
	0.405776	
	0.387936	
	0.372808	
	0.403656	
	0.431280	
	0.522337	
	0.523404	
	0.567253	
	0.681002	
	0.676412	
	0.653528	
	0.655022	
	0.620335	
	0.588218	
	0.587473	
	0.638645	
	0.626054	
	0.655927	
	0.575896	
	0.489996	
	0.424890	
	0.499256	
	0.449943	
	0.409559	
	0.384027	
	0.417314	
	0.473742	
	0.470174	
	0.436153	
	0.422245	
	0.504454	
	0.467478	
	0.368679	
	0.403128	
	0.423396	
	0.540102	
	0.567182	
	0.575833	
	0.520789	
	0.535750	
	0.549001	
	0.536496	
	0.562363	
	0.554047	
	0.560483	
	0.573087	
	0.617867	
	0.677158	
	0.648179	
	0.627987	
	0.582184	
	0.499681	
	0.408444	
	0.443280	
	0.510582	
	0.544559	
	0.570005	
	0.534872	
	0.418927	
	0.405212	
	0.480349	
	0.581753	
	0.516880	
	0.577786	
	0.530718	
	0.528281	
	0.562616	
	0.575737	
	0.608589	
	0.600978	
	0.617553	
	0.608031	
	0.521961	
	0.566242	
	0.554128	
	0.492587	
	0.464536	
	0.418659	
	0.420947	
	0.446046	
	0.458322	
	0.448250	
	0.414544	
	0.362624	
	0.351023	
	0.567369	
	0.500361	
	0.612967	
	0.699441	
	0.474969	
	0.417641	
	0.449475	
	0.479823	
	0.471470	
	0.350231	
	0.349544	
	0.307225	
	0.340968	
	0.318786	
	0.356945	
	0.372411	
	0.419039	
	0.403171	
	0.485876	
	0.516055	
	0.500166	
	0.417758	
	0.376862	
	0.399955	
	0.450201	
	0.429605	
	0.404831	
	0.405900	
	0.468462	
	0.501781	
	0.413307	
	0.524670	
	0.638238	
	0.570077	
	0.545071	
	0.562866	
	0.480291	
	0.498405	
	0.439144	
	0.387663	
	0.438022	
	0.478613	
	0.505508	
	0.426735	
	0.341134	
	0.474967	
	0.361930	
	0.407257	
	0.532672	
	0.498242	
	0.556012	
	0.490581	
	0.401109	
	0.422301	
	0.407842	
	0.401172	
	0.386972	
	0.421796	
	0.402192	
	0.459819	
	0.424906	
	0.414474	
	0.392203	
	0.382202	
	0.351122	
	0.370353	
	0.424992	
	0.482081	
	0.526597	
	0.517958	
	0.591017	
	0.569828	
	0.497883	
	0.380863	
	0.429816	
	0.520672	
	0.529849	
	0.554774	
	0.566539	
	0.549722	
	0.455600	
	0.432034	
	0.503351	
	0.538881	
	0.540211	
	0.608654	
	0.620168	
	0.574352	
	0.486654	
	0.411135	
	0.439575	
	0.442095	
	0.432470	
	0.437381	
	0.454664	
	0.396550	
	0.419217	
	0.310137	
	0.228717	
	0.400848	
	0.271111	
	0.285669	
	0.335658	
	0.316966	
	0.349679	
	0.300730	
	0.371771	
	0.347845	
	0.323867	
	0.357347	
	0.398664	
	0.395358	
	0.353642	
	0.485897	
	0.317372	
	0.287601	
	0.266577	
	0.258171	
	0.230670	
	0.347048	
	0.406244	
	0.359859	
	0.341159	
	0.323817	
	0.306462	
	0.270867	
	0.279887	
	0.184876	
	0.188726	
	0.248263	
	0.233284	
	0.272903	
	0.208661	
	0.172265	
	0.187432	
	0.206423	
	0.219884	
	0.261988	
	0.314938	
	0.275274	
	0.262690	
	0.339807	
	0.324473	
	0.363357	
	0.331755	
	0.369034	
	0.316554	
	0.313415	
	0.350020	
	0.305443	
	0.412549	
	0.220965	
	0.192830	
	0.190061	
	0.228345	
	0.202637	
	0.185875	
	0.175637	
	0.179588	
	0.191534	
	0.264604	
	0.207621	
	0.228864	
	0.269363	
	0.321337	
	0.380052	
	0.343371	
	0.339297	
	0.450631	
	0.465906	
	0.479601	
	0.506849	
	0.520356	
	0.552273	
	0.505783	
	0.521054	
	0.518133	
	0.595667	
	0.680637	
	0.625268	
	0.409890	
	0.381452	
	0.385130	
	0.413940	
	0.392351	
	0.388962	
	0.365651	
	0.367556	
	0.377580	
	0.399763	
	0.378012	
	0.448634	
	0.544296	
	0.789117	
	0.756804	
	0.708320	
	0.702348	
	0.710517	
	0.700876	
	0.678520	
	0.629932	
	0.636336	
	0.657967	
	0.678101	
	0.451620	
	0.318358	
	0.503926	
	0.561277	
	0.492007	
	0.504193	
	0.557644	
	0.526652	
	0.521737	
	0.510213	
	0.555605	
	0.530152	
	0.523086	
	0.518050	
	0.512209	
	0.469533	
	0.615025	
	0.458994	
	0.431230	
	0.490369	
	0.499052	
	0.485419	
	0.522687	
	0.500116	
	0.527556	
	0.499028	
	0.533226	
	0.566778	
	0.656081	
	0.690254	
	0.506484	
	0.407727	
	0.408371	
	0.416403	
	0.398869	
	0.353101	
	0.384930	
	0.411706	
	0.392984	
	0.442233	
	0.291794	
	0.601872	
	0.794205	
	0.719424	
	0.689855	
	0.655404	
	0.624904	
	0.602526	
	0.626159	
	0.591704	
	0.584126	
	0.574176	
	0.574921	
	0.624668	
	0.424636	
	0.507642	
	0.487048	
	0.401948	
	0.436748	
	0.462779	
	0.450382	
	0.464621	
	0.463950	
	0.465042	
	0.432262	
	0.447993	
	0.490930	
	0.562429	
	0.677761	
	0.611913	
	0.566338	
	0.472983	
	0.431999	
	0.460862	
	0.458555	
	0.477213	
	0.502396	
	0.573936	
	0.475174	
	0.480860	
	0.492921	
	0.516646	
	0.613352	
	0.631600	
	0.472725	
	0.407385	
	0.392926	
	0.402356	
	0.366982	
	0.370598	
	0.452876	
	0.365017	
	0.332019	
	0.349732	
	0.430036	
	0.660599	
	0.708022	
	0.524465	
	0.573464	
	0.599978	
	0.606450	
	0.563474	
	0.546861	
	0.564151	
	0.524886	
	0.505087	
	0.479456	
	0.493654	
	0.249526	
	0.455617	
	0.315066	
	0.543132	
	0.428338	
	0.373460	
	0.468473	
	0.435247	
	0.610867	
	0.472145	
	0.398015	
	0.437596	
	0.384753	
	0.377496	
	0.217673	
	0.675887	
	0.517759	
	0.376965	
	0.308396	
	0.301232	
	0.293313	
	0.217400	
	0.258901	
	0.289171	
	0.291508	
	0.307632	
	0.357378	
	0.359050	
	0.694838	
	0.613351	
	0.393978	
	0.324854	
	0.295717	
	0.248538	
	0.220397	
	0.256305	
	0.293083	
	0.332997	
	0.329559	
	0.356754	
	0.381514	
	0.477402	
	0.481005	
	0.356649	
	0.387244	
	0.371349	
	0.424226	
	0.406281	
	0.389734	
	0.442820	
	0.432424	
	0.435869	
	0.427497	
	0.340193	
	0.282492	
	0.264910	
	0.196054	
	0.257216	
	0.200185	
	0.231080	
	0.237667	
	0.194444	
	0.221312	
	0.241463	
	0.255392	
	0.140853	
	0.104307	
	0.133938	
	0.415521	
	0.181791	
	0.142833	
	0.127689	
	0.122286	
	0.138984	
	0.149119	
	0.140063	
	0.145487	
	0.151965	
	0.184203	
	0.174142	
	0.173431	
	0.362497	
	0.532792	
	0.216069	
	0.209762	
	0.213265	
	0.207762	
	0.191494	
	0.183405	
	0.165816	
	0.180748	
	0.206925	
	0.210634	
	0.216696	
	0.250712	
	0.402404	
	0.592184	
	0.400933	
	0.286296	
	0.275904	
	0.306568	
	0.285075	
	0.219581	
	0.187004	
	0.186980	
	0.272055	
	0.325670	
	0.331327	
	0.291794	
	0.429787	
	0.219234	
	0.191429	
	0.136441	
	0.098306	
	0.116256	
	0.111847	
	0.137237	
	0.098706	
	0.111036	
	0.106022	
	0.098176	
	0.233196	
	0.412743	
	0.466805	
	0.318589	
	0.322920	
	0.315612	
	0.310035	
	0.337479	
	0.369490	
	0.348984	
	0.305756	
	0.314670	
	0.318670	
	0.318550	
	0.378886	
	0.498123	
	0.356195	
	0.323564	
	0.316140	
	0.284431	
	0.319593	
	0.343369	
	0.377607	
	0.399658	
	0.409483	
	0.248083	
	0.315063	
	0.272441	
	0.448057	
	0.613139	
	0.450098	
	0.434565	
	0.419921	
	0.414902	
	0.377329	
	0.347137	
	0.319718	
	0.325367	
	0.298709	
	0.246821	
	0.262287	
	0.316807	
	0.354490	
	0.180739	
	0.177799	
	0.171304	
	0.203802	
	0.228916	
	0.285661	
	0.325527	
	0.308002	
	0.502277	
	0.764677	
	0.843651	
	0.760811	
	0.345238	
	0.385323	
	0.414211	
	0.358791	
	0.306712	
	0.268930	
	0.275782	
	0.263786	
	0.274934	
	0.267794	
	0.270411	
	0.307938	
	0.350991	
	0.347397	
	0.399416	
	0.454892	
	0.359502	
	0.349970	
	0.397554	
	0.395981	
	0.363861	
	0.385879	
	0.376745	
	0.408218	
	0.413284	
	0.465755	
	0.486481	
	0.550732	
	0.670325	
	0.622780	
	0.527281	
	0.545214	
	0.621788	
	0.642003	
	0.600012	
	0.564048	
	0.571337	
	0.598609	
	0.637039	
	0.616867	
	0.557451	
	0.566393	
	0.519434	
	0.439400	
	0.426564	
	0.428399	
	0.418257	
	0.472597	
	0.485993	
	0.484731	
	0.451240	
	0.469673	
	0.528737	
	0.469825	
	0.469139	
	0.623004	
	0.445406	
	0.434776	
	0.352622	
	0.411645	
	0.454095	
	0.470576	
	0.415203	
	0.462886	
	0.458927	
	0.434105	
	0.472149	
	0.571204	
	0.550469	
	0.560897	
	0.505712	
	0.460624	
	0.469033	
	0.432557	
	0.426097	
	0.363051	
	0.349827	
	0.361221	
	0.406189	
	0.442425	
	0.444116	
	0.546955	
	0.766239	
	0.586197	
	0.554528	
	0.505316	
	0.453419	
	0.424276	
	0.438439	
	0.487199	
	0.457529	
	0.466414	
	0.378676	
	0.419833	
	0.287965	
	0.231047	
	0.427174	
	0.231611	
	0.195400	
	0.208204	
	0.190758	
	0.200179	
	0.196326	
	0.179672	
	0.186020	
	0.183847	
	0.239314	
	0.165730	
	0.205557	
	0.389852	
	0.282977	
	0.219801	
	0.255262	
	0.290020	
	0.312508	
	0.305248	
	0.300467	
	0.306803	
	0.338366	
	0.283508	
	0.275463	
	0.337645	
	0.378800	
	0.486998	
	0.437354	
	0.433807	
	0.330562	
	0.365324	
	0.389554	
	0.510662	
	0.581267	
	0.272303	
	0.225614	
	0.558400	
	0.813199	
	0.786644	
	0.638744	
	0.619297	
	0.649914	
	0.710044	
	0.762504	
	0.760655	
	0.778043	
	0.725541	
	0.690453	
	0.926799	
	0.947034	
	0.954174	
	0.911813	
	0.738267	
	0.496354	
	0.474547	
	0.538992	
	0.582065	
	0.637286	
	0.592033	
	0.573434	
	0.473063	
	0.807935	
	0.821719	
	0.845698	
	0.881487	
	0.847690	
	0.654142	
	0.531023	
	0.525015	
	0.580507	
	0.681879	
	0.714956	
	0.693180	
	0.630663	
	0.620618	
	0.565838	
	0.407164	
	0.379212	
	0.401830	
	0.516717	
	0.403072	
	0.282683	
	0.280912	
	0.260046	
	0.263592	
	0.279482	
	0.278329	
	0.299344	
	0.295053	
	0.208103	
	0.181775	
	0.223083	
	0.409455	
	0.596374	
	0.513020	
	0.475117	
	0.376127	
	0.353214	
	0.404010	
	0.521099	
	0.523511	
	0.578446	
	0.592344	
	0.568360	
	0.522077	
	0.524503	
	0.565659	
	0.540241	
	0.537669	
	0.481925	
	0.479534	
	0.409403	
	0.284889	
	0.289445	
	0.412931	
	0.798590	
	0.857034	
	0.861072	
	0.866134	
	0.795056	
	0.657467	
	0.566680	
	0.396404	
	0.324524	
	0.280289	
	0.282325	
	0.281826	
	0.302644	
	0.419865	
	0.300224	
	0.332907	
	0.387094	
	0.411141	
	0.443942	
	0.505572	
	0.435279	
	0.409428	
	0.415147	
	0.399142	
	0.418345	
	0.405588	
	0.411088	
	0.450004	
	0.480564	
	0.517500	
	0.523103	
	0.510731	
	0.670293	
	0.494032	
	0.485111	
	0.523831	
	0.595083	
	0.554702	
	0.592161	
	0.551702	
	0.509664	
	0.533932	
	0.542616	
	0.540843	
	0.545966	
	0.527545	
	0.518314	
	0.558933	
	0.509554	
	0.458884	
	0.400129	
	0.436106	
	0.527488	
	0.492503	
	0.413377	
	0.480743	
	0.441704	
	0.587884	
	0.535112	
	0.399290	
	0.401583	
	0.431129	
	0.491260	
	0.520138	
	0.537269	
	0.479484	
	0.391387	
	0.381496	
	0.447457	
	0.496161	
	0.471108	
	0.632355	
	0.411770	
	0.462225	
	0.397011	
	0.350767	
	0.339734	
	0.327837	
	0.409180	
	0.529682	
	0.449004	
	0.353056	
	0.459558	
	0.416650	
	0.684139	
	0.570363	
	0.622472	
	0.804538	
	0.517919	
	0.458002	
	0.457946	
	0.525413	
	0.562746	
	0.558676	
	0.483805	
	0.528261	
	0.566670	
	0.531091	
	0.450413	
	0.493728	
	0.252371	
	0.270452	
	0.358272	
	0.337517	
	0.297494	
	0.157653	
	0.163266	
	0.169704	
	0.514870	
	0.646944	
	0.728884	
	0.726761	
	0.492267	
	0.422150	
	0.347167	
	0.319825	
	0.339019	
	0.349367	
	0.335084	
	0.346212	
	0.343572	
	0.337764	
	0.351580	
	0.391273	
	0.421510	
	0.470921	
	0.449476	
	0.350972	
	0.314057	
	0.319034	
	0.327527	
	0.367767	
	0.446216	
	0.458451	
	0.363801	
	0.307378	
	0.322231	
	0.339098	
	0.401761	
	0.517795	
	0.604960	
	0.397380	
	0.328787	
	0.334362	
	0.386597	
	0.427021	
	0.434844	
	0.431590	
	0.502413	
	0.517362	
	0.563970	
	0.510644	
	0.491801	
	0.491981	
	0.537399	
	0.545270	
	0.570849	
	0.567965	
	0.539302	
	0.373869	
	0.574279	
	0.638209	
	0.687091	
	0.622523	
	0.571837	
	0.290577	
	0.486544	
	0.397835	
	0.411100	
	0.434755	
	0.442789	
	0.449902	
	0.457243	
	0.438162	
	0.401160	
	0.279036	
	0.215160	
	0.298785	
	0.332684	
	0.349438	
	0.347049	
	0.341161	
	0.309109	
	0.274597	
	0.293324	
	0.292140	
	0.270927	
	0.263807	
	0.245824	
	0.169467	
	0.174640	
	0.438262	
	0.678384	
	0.507471	
	0.550852	
	0.583681	
	0.592010	
	0.631561	
	0.587585	
	0.546913	
	0.557916	
	0.596541	
	0.628704	
	0.573462	
	0.565849	
	0.541560	
	0.485424	
	0.469938	
	0.428004	
	0.417177	
	0.375163	
	0.386086	
	0.392403	
	0.390336	
	0.415893	
	0.366068	
	0.379701	
	0.419646	
	0.405566	
	0.297914	
	0.322237	
	0.331721	
	0.269367	
	0.272397	
	0.293305	
	0.314382	
	0.301088	
	0.324716	
	0.299215	
	0.314380	
	0.288378	
	0.274551	
	0.310645	
	0.421183	
	0.371346	
	0.290840	
	0.263391	
	0.286316	
	0.265615	
	0.278127	
	0.319444	
	0.311785	
	0.309124	
	0.290643	
	0.288291	
	0.271535	
	0.338255	
	0.529938	
	0.447825	
	0.353502	
	0.335141	
	0.335351	
	0.319385	
	0.326709	
	0.385157	
	0.417108	
	0.361425	
	0.326136	
	0.291546	
	0.256283	
	0.220781	
	0.350197	
	0.342149	
	0.339950	
	0.345960	
	0.336400	
	0.329133	
	0.305383	
	0.306393	
	0.293802	
	0.282693	
	0.277748	
	0.242619	
	0.233491	
	0.392582	
	0.470056	
	0.331576	
	0.361920	
	0.375678	
	0.360498	
	0.340667	
	0.331756	
	0.287132	
	0.310498	
	0.401439	
	0.379989	
	0.375520	
	0.301364	
	0.505160	
	0.372718	
	0.337647	
	0.273675	
	0.312772	
	0.311444	
	0.314979	
	0.325245	
	0.299742	
	0.264499	
	0.238563	
	0.236032	
	0.345071	
	0.766459	
	0.709879	
	0.595014	
	0.565064	
	0.557594	
	0.496276	
	0.530138	
	0.459477	
	0.486676	
	0.451131	
	0.507855	
	0.485494	
	0.370371	
	0.247293	
	0.530092	
	0.457546	
	0.337512	
	0.439585	
	0.486099	
	0.557360	
	0.505136	
	0.416708	
	0.287923	
	0.209483	
	0.207720	
	0.110779	
	0.131515	
	0.254730	
	0.468782	
	0.289842	
	0.269010	
	0.254591	
	0.216043	
	0.186954	
	0.179612	
	0.243496	
	0.278081	
	0.280120	
	0.278230	
	0.264342	
	0.267312	
	0.391209	
	0.393486	
	0.281759	
	0.263717	
	0.313758	
	0.295524	
	0.316068	
	0.507065	
	0.571123	
	0.653858	
	0.767357	
	0.692138	
	0.435334	
	0.532555	
	0.459602	
	0.411456	
	0.394483	
	0.394404	
	0.316067	
	0.275997	
	0.238861	
	0.209366	
	0.197771	
	0.159849	
	0.138798	
	0.239646	
	0.263823	
	0.305356	
	0.165869	
	0.191583	
	0.181091	
	0.269070	
	0.333108	
	0.356237	
	0.291973	
	0.251433	
	0.338335	
	0.394369	
	0.302772	
	0.521766	
	0.355627	
	0.308969	
	0.297193	
	0.304493	
	0.278129	
	0.291947	
	0.286816	
	0.278666	
	0.281143	
	0.276888	
	0.272191	
	0.308091	
	0.334796	
	0.434927	
	0.415871	
	0.304358	
	0.274381	
	0.243663	
	0.296425	
	0.330762	
	0.326588	
	0.231144	
	0.175788	
	0.185804	
	0.214749	
	0.346064	
	0.543913	
	0.560532	
	0.422608	
	0.460233	
	0.422540	
	0.366245	
	0.347807	
	0.372263	
	0.294098	
	0.272521	
	0.259474	
	0.236322	
	0.235236	
	0.274330	
	0.315487	
	0.350989	
	0.173081	
	0.159759	
	0.220777	
	0.306162	
	0.314048	
	0.298066	
	0.231612	
	0.210935	
	0.245545	
	0.260539	
	0.229974	
	0.343960	
	0.582193	
	0.461723	
	0.457483	
	0.434695	
	0.418656	
	0.362861	
	0.375104	
	0.327689	
	0.331303	
	0.356390	
	0.288576	
	0.277586	
	0.376940	
	0.492796	
	0.387033	
	0.338825	
	0.358898	
	0.372952	
	0.375314	
	0.307408	
	0.266269	
	0.298436	
	0.341262	
	0.378989	
	0.350560	
	0.405350	
	0.641072	
	0.467643	
	0.371868	
	0.335103	
	0.368134	
	0.392104	
	0.361350	
	0.417663	
	0.375863	
	0.354713	
	0.316343	
	0.301048	
	0.305903	
	0.387395	
	0.447698	
	0.297744	
	0.295057	
	0.270632	
	0.211407	
	0.190920	
	0.167918	
	0.225559	
	0.246121	
	0.252192	
	0.285974	
	0.213633	
	0.407789	
	0.581042	
	0.347561	
	0.155043	
	0.165284	
	0.145359	
	0.161138	
	0.271741	
	0.271578	
	0.294778	
	0.243204	
	0.194134	
	0.188419	
	0.281954	
	0.445616	
	0.541586	
	0.262999	
	0.180971	
	0.183551	
	0.165289	
	0.188741	
	0.182118	
	0.195238	
	0.209169	
	0.217998	
	0.260309	
	0.275736	
	0.600146	
	0.689915	
	0.515958	
	0.473690	
	0.459841	
	0.406292	
	0.366634	
	0.326079	
	0.309395	
	0.305875	
	0.289446	
	0.288151	
	0.339803	
	0.362743	
	0.508828	
	0.404240	
	0.180360	
	0.186259	
	0.147215	
	0.137729	
	0.112644	
	0.122868	
	0.232538	
	0.287356	
	0.330258	
	0.559873	
	0.812454	
	0.622320	
	0.521315	
	0.330096	
	0.193535	
	0.206188	
	0.205447	
	0.229298	
	0.224348	
	0.226971	
	0.179155	
	0.209366	
	0.198961	
	0.209301	
	0.237360	
	0.450813	
	0.381091	
	0.169246	
	0.169370	
	0.147664	
	0.148135	
	0.143405	
	0.131212	
	0.113605	
	0.116305	
	0.153625	
	0.187529	
	0.151090	
	0.361957	
	0.387609	
	0.264945	
	0.210764	
	0.197284	
	0.205741	
	0.222771	
	0.295956	
	0.334791	
	0.340691	
	0.387173	
	0.256534	
	0.121682	
	0.165899	
	0.281139	
	0.275866	
	0.232753	
	0.271461	
	0.221424	
	0.217649	
	0.209764	
	0.242552	
	0.242847	
	0.231515	
	0.210706	
	0.210887	
	0.228284	
	0.447644	
	0.439227	
	0.401518	
	0.369251	
	0.343582	
	0.359702	
	0.385727	
	0.339209	
	0.340595	
	0.309987	
	0.332117	
	0.320335	
	0.310827	
	0.371753	
	0.530167	
	0.454351	
	0.347276	
	0.372039	
	0.414148	
	0.413949	
	0.377013	
	0.428193	
	0.465185	
	0.719441	
	0.900763	
	0.907478	
	0.902329	
	0.889762	
	0.871040	
	0.872467	
	0.597284	
	0.586759	
	0.617080	
	0.637249	
	0.618038	
	0.605780	
	0.588360	
	0.544705	
	0.589882	
	0.515893	
	0.602607	
	0.563781	
	0.432078	
	0.466302	
	0.396300	
	0.420222	
	0.500146	
	0.444126	
	0.428110	
	0.788318	
	0.897834	
	0.897870	
	0.908999	
	0.924258	
	0.917582	
	0.518315	
	0.542026	
	0.683296	
	0.587942	
	0.587366	
	0.628332	
	0.624096	
	0.625683	
	0.624970	
	0.635513	
	0.659505	
	0.690702	
	0.696948	
	0.679499	
	0.628380	
	0.477221	
	0.343723	
	0.348600	
	0.340241	
	0.274663	
	0.287612	
	0.281090	
	0.292140	
	0.305584	
	0.284555	
	0.292292	
	0.411471	
	0.596170	
	0.520889	
	0.492829	
	0.472104	
	0.417396	
	0.406000	
	0.401755	
	0.403692	
	0.385434	
	0.418870	
	0.430335	
	0.467107	
	0.475188	
	0.462585	
	0.522045	
	0.553431	
	0.533032	
	0.583676	
	0.675745	
	0.607062	
	0.386324	
	0.644430	
	0.819151	
	0.824071	
	0.853905	
	0.856400	
	0.798066	
	0.710542	
	0.491992	
	0.313394	
	0.382708	
	0.399636	
	0.365156	
	0.408555	
	0.398966	
	0.356806	
	0.369202	
	0.443793	
	0.463040	
	0.452944	
	0.382020	
	0.529249	
	0.631980	
	0.460223	
	0.424031	
	0.428898	
	0.450312	
	0.396743	
	0.470829	
	0.494247	
	0.477250	
	0.503452	
	0.498930	
	0.521666	
	0.503888	
	0.727010	
	0.794100	
	0.562664	
	0.530563	
	0.463937	
	0.483411	
	0.509436	
	0.515789	
	0.494234	
	0.498218	
	0.437666	
	0.434405	
	0.417207	
	0.456625	
	0.537248	
	0.415549	
	0.472497	
	0.436166	
	0.493987	
	0.448017	
	0.384252	
	0.329285	
	0.327040	
	0.349910	
	0.587459	
	0.611808	
	0.426450	
	0.533471	
	0.419395	
	0.409231	
	0.452714	
	0.432370	
	0.453554	
	0.521725	
	0.533526	
	0.532622	
	0.505631	
	0.520495	
	0.565067	
	0.590970	
	0.594028	
	0.566521	
	0.528683	
	0.535054	
	0.485147	
	0.543404	
	0.494283	
	0.465555	
	0.502116	
	0.663608	
	0.631444	
	0.352388	
	0.338281	
	0.495967	
	0.602981	
	0.578756	
	0.668893	
	0.720502	
	0.757510	
	0.783019	
	0.759873	
	0.764372	
	0.788542	
	0.767037	
	0.658931	
	0.529544	
	0.566481	
	0.638808	
	0.665453	
	0.631986	
	0.666106	
	0.664815	
	0.703477	
	0.646487	
	0.597550	
	0.555510	
	0.568323	
	0.724386	
	0.647250	
	0.435496	
	0.445997	
	0.470417	
	0.430826	
	0.487379	
	0.541185	
	0.447936	
	0.475827	
	0.454865	
	0.462300	
	0.405553	
	0.422931	
	0.378569	
	0.411516	
	0.395377	
	0.447002	
	0.398950	
	0.377285	
	0.390918	
	0.441480	
	0.427510	
	0.374455	
	0.338557	
	0.433065	
	0.498604	
	0.581786	
	0.435757	
	0.265158	
	0.391999	
	0.579634	
	0.448662	
	0.437042	
	0.527128	
	0.435144	
	0.552574	
	0.503726	
	0.537164	
	0.566636	
	0.481308	
	0.532956	
	0.445905	
	0.302415	
	0.299159	
	0.372214	
	0.382399	
	0.403952	
	0.444610	
	0.398825	
	0.191206	
	0.257100	
	0.287823	
	0.329004	
	0.487106	
	0.491881	
	0.378379	
	0.368836	
	0.508413	
	0.405732	
	0.401843	
	0.454584	
	0.425078	
	0.428623	
	0.456665	
	0.485598	
	0.539380	
	0.513011	
	0.466226	
	0.474188	
	0.346024	
	0.362376	
	0.313186	
	0.326426	
	0.368483	
	0.455933	
	0.495532	
	0.509424	
	0.541230	
	0.516170	
	0.465319	
	0.437427	
	0.592177	
	0.645142	
	0.690137	
	0.738636	
	0.708222	
	0.655952	
	0.614117	
	0.528063	
	0.565412	
	0.518610	
	0.545467	
	0.610394	
	0.647920	
	0.580577	
	0.493534	
	0.467082	
	0.551272	
	0.633330	
	0.432821	
	0.447141	
	0.480148	
	0.423363	
	0.385091	
	0.500043	
	0.553570	
	0.450560	
	0.401648	
	0.486406	
	0.483268	
	0.413788	
	0.689947	
	0.571340	
	0.405787	
	0.439744	
	0.444704	
	0.409643	
	0.266802	
	0.347896	
	0.344329	
	0.391488	
	0.373045	
	0.416653	
	0.251987	
	0.578689	
	0.561355	
	0.321288	
	0.312249	
	0.301983	
	0.318116	
	0.265946	
	0.286356	
	0.340230	
	0.328651	
	0.348932	
	0.405746	
	0.221678	
	0.589281	
	0.751298	
	0.418585	
	0.381568	
	0.385853	
	0.303489	
	0.254475	
	0.296954	
	0.325188	
	0.387681	
	0.360158	
	0.226083	
	0.186464	
	0.286540	
	0.406313	
	0.319079	
	0.296339	
	0.307381	
	0.184570	
	0.177337	
	0.270208	
	0.269197	
	0.289084	
	0.250831	
	0.218399	
	0.158438	
	0.280394	
	0.504915	
	0.350796	
	0.386264	
	0.385833	
	0.419646	
	0.402641	
	0.401447	
	0.430757	
	0.396328	
	0.408927	
	0.407650	
	0.412948	
	0.414423	
	0.480132	
	0.402849	
	0.392807	
	0.396574	
	0.386590	
	0.398394	
	0.364261	
	0.367613	
	0.444255	
	0.475361	
	0.546423	
	0.521406	
	0.390892	
	0.522130	
	0.527387	
	0.475820	
	0.548691	
	0.577985	
	0.495671	
	0.481940	
	0.494519	
	0.581732	
	0.614144	
	0.538892	
	0.431002	
	0.461234	
	0.451220	
	0.537447	
	0.468354	
	0.468785	
	0.497818	
	0.488769	
	0.462358	
	0.423906	
	0.414659	
	0.370139	
	0.336473	
	0.383568	
	0.389419	
	0.444461	
	0.477002	
	0.602510	
	0.480539	
	0.517083	
	0.498860	
	0.535026	
	0.522626	
	0.531918	
	0.515607	
	0.494013	
	0.516997	
	0.509567	
	0.517384	
	0.534145	
	0.504885	
	0.481802	
	0.429048	
	0.429778	
	0.446231	
	0.460726	
	0.486903	
	0.408281	
	0.346487	
	0.348595	
	0.664935	
	0.820426	
	0.780941	
	0.655682	
	0.620124	
	0.654064	
	0.686081	
	0.630536	
	0.600586	
	0.569557	
	0.560979	
	0.497407	
	0.459000	
	0.434847	
	0.384185	
	0.377934	
	0.294133	
	0.305635	
	0.290688	
	0.285603	
	0.290053	
	0.267067	
	0.272517	
	0.383249	
	0.396136	
	0.377991	
	0.393100	
	0.721782	
	0.867617	
	0.820011	
	0.439528	
	0.544347	
	0.459330	
	0.467186	
	0.517420	
	0.502358	
	0.473082	
	0.462516	
	0.479684	
	0.495084	
	0.470528	
	0.418043	
	0.413275	
	0.440281	
	0.434904	
	0.377145	
	0.334406	
	0.362473	
	0.374899	
	0.372831	
	0.405248	
	0.420888	
	0.395616	
	0.282109	
	0.376574	
	0.646742	
	0.656443	
	0.680058	
	0.582574	
	0.452858	
	0.459517	
	0.419403	
	0.405239	
	0.439418	
	0.494989	
	0.477435	
	0.444665	
	0.378623	
	0.337693	
	0.322019	
	0.345921	
	0.370652	
	0.361576	
	0.285736	
	0.311467	
	0.330315	
	0.366283	
	0.349622	
	0.307605	
	0.411932	
	0.387255	
	0.401201	
	0.399079	
	0.594760	
	0.493157	
	0.488342	
	0.370296	
	0.355662	
	0.383007	
	0.376664	
	0.365099	
	0.349801	
	0.387256	
	0.379195	
	0.378238	
	0.400588	
	0.427043	
	0.460212	
	0.439400	
	0.373644	
	0.401862	
	0.419727	
	0.405830	
	0.425135	
	0.422405	
	0.352262	
	0.332575	
	0.351451	
	0.379832	
	0.426606	
	0.520414	
	0.613912	
	0.736366	
	0.655694	
	0.671348	
	0.634874	
	0.618590	
	0.583856	
	0.594157	
	0.611088	
	0.559165	
	0.598140	
	0.556348	
	0.505765	
	0.471368	
	0.484091	
	0.496458	
	0.440825	
	0.491026	
	0.533368	
	0.520236	
	0.529428	
	0.469493	
	0.459011	
	0.459914	
	0.492195	
	0.415958	
	0.501462	
	0.616810	
	0.655319	
	0.594626	
	0.503649	
	0.511546	
	0.479753	
	0.494098	
	0.498554	
	0.524007	
	0.530249	
	0.537039	
	0.561340	
	0.571512	
	0.656031	
	0.604209	
	0.560878	
	0.451618	
	0.421534	
	0.364615	
	0.417281	
	0.501146	
	0.456615	
	0.318308	
	0.417159	
	0.415364	
	0.436281	
	0.529505	
	0.469050	
	0.523701	
	0.554420	
	0.537868	
	0.538225	
	0.540211	
	0.523315	
	0.539037	
	0.572514	
	0.598916	
	0.562216	
	0.559022	
	0.541793	
	0.462506	
	0.483372	
	0.387454	
	0.413935	
	0.436689	
	0.421842	
	0.399364	
	0.400202	
	0.299151	
	0.390236	
	0.568843	
	0.681282	
	0.784577	
	0.425813	
	0.447662	
	0.480362	
	0.508445	
	0.532997	
	0.489454	
	0.458105	
	0.464857	
	0.485812	
	0.503531	
	0.442582	
	0.502237	
	0.514630	
	0.480778	
	0.508640	
	0.507781	
	0.426484	
	0.430387	
	0.434405	
	0.363752	
	0.347986	
	0.338710	
	0.427472	
	0.438787	
	0.444205	
	0.500332	
	0.582764	
	0.556751	
	0.517054	
	0.649536	
	0.546511	
	0.564114	
	0.558526	
	0.591034	
	0.550785	
	0.457709	
	0.371495	
	0.383076	
	0.383415	
	0.423498	
	0.416380	
	0.379631	
	0.345118	
	0.321669	
	0.382315	
	0.411534	
	0.512184	
	0.566623	
	0.528374	
	0.373731	
	0.340008	
	0.348373	
	0.408352	
	0.451217	
	0.396510	
	0.548397	
	0.515410	
	0.427230	
	0.422835	
	0.399030	
	0.402073	
	0.381755	
	0.402207	
	0.473770	
	0.472282	
	0.469200	
	0.475393	
	0.461318	
	0.405317	
	0.517845	
	0.482022	
	0.463112	
	0.462886	
	0.420347	
	0.425972	
	0.533050	
	0.576679	
	0.535477	
	0.602009	
	0.573042	
	0.541330	
	0.439101	
	0.683666	
	0.561219	
	0.635101	
	0.606747	
	0.612330	
	0.542839	
	0.550278	
	0.573451	
	0.454279	
	0.461129	
	0.512217	
	0.509697	
	0.563227	
	0.578144	
	0.446488	
	0.378270	
	0.357240	
	0.271178	
	0.254864	
	0.421360	
	0.429102	
	0.405870	
	0.374895	
	0.372809	
	0.311650	
	0.213092	
	0.379756	
	0.464082	
	0.299841	
	0.281112	
	0.326415	
	0.320096	
	0.334261	
	0.276259	
	0.293616	
	0.356148	
	0.315467	
	0.375098	
	0.295207	
	0.230903	
	0.332492	
	0.352983	
	0.213752	
	0.227510	
	0.278547	
	0.238649	
	0.196420	
	0.234168	
	0.250605	
	0.244482	
	0.316184	
	0.289188	
	0.330843	
	0.380807	
	0.322549	
	0.311882	
	0.360631	
	0.364913	
	0.319278	
	0.347529	
	0.378828	
	0.373457	
	0.389986	
	0.390073	
	0.307463	
	0.257308	
	0.374437	
	0.242334	
	0.211660	
	0.230455	
	0.259577	
	0.278421	
	0.271150	
	0.263482	
	0.270048	
	0.297980	
	0.294680	
	0.320684	
	0.408404	
	0.469367	
	0.477572	
	0.253262	
	0.247603	
	0.222705	
	0.245811	
	0.288051	
	0.259759	
	0.275684	
	0.298899	
	0.311835	
	0.298203	
	0.353280	
	0.539169	
	0.441523	
	0.393095	
	0.459800	
	0.315925	
	0.256756	
	0.234060	
	0.264749	
	0.232782	
	0.243378	
	0.218666	
	0.232954	
	0.241553	
	0.440682	
	0.599205	
	0.480915	
	0.408002	
	0.350652	
	0.345287	
	0.327660	
	0.332180	
	0.344102	
	0.331498	
	0.288365	
	0.275509	
	0.255273	
	0.292174	
	0.427374	
	0.482774	
	0.319495	
	0.214022	
	0.173813	
	0.200502	
	0.209173	
	0.198749	
	0.191857	
	0.195791	
	0.255895	
	0.191079	
	0.229400	
	0.321952	
	0.489897	
	0.522846	
	0.306464	
	0.222409	
	0.208074	
	0.234131	
	0.236051	
	0.214535	
	0.238906	
	0.224323	
	0.186033	
	0.198471	
	0.212056	
	0.408370	
	0.478861	
	0.402739	
	0.313361	
	0.260088	
	0.255574	
	0.282403	
	0.267006	
	0.291098	
	0.264020	
	0.286332	
	0.246035	
	0.252266	
	0.522738	
	0.511208	
	0.466477	
	0.657320	
	0.497198	
	0.495915	
	0.428669	
	0.361023	
	0.463060	
	0.365160	
	0.256711	
	0.293166	
	0.277866	
	0.269414	
	0.394457	
	0.257710	
	0.377457	
	0.359357	
	0.224818	
	0.207425	
	0.209908	
	0.226211	
	0.206709	
	0.176673	
	0.182861	
	0.184643	
	0.170671	
	0.414137	
	0.442385	
	0.439977	
	0.517893	
	0.265137	
	0.231500	
	0.231307	
	0.195784	
	0.214406	
	0.260337	
	0.205166	
	0.246979	
	0.203852	
	0.235793	
	0.465497	
	0.374782	
	0.431768	
	0.440690	
	0.336452	
	0.305173	
	0.304416	
	0.268465	
	0.271770	
	0.254639	
	0.252470	
	0.307472	
	0.255315	
	0.527784	
	0.633733	
	0.473408	
	0.422124	
	0.453113	
	0.402123	
	0.380985	
	0.406123	
	0.382786	
	0.350742	
	0.339201	
	0.350067	
	0.310447	
	0.462797	
	0.369282	
	0.385615	
	0.323125	
	0.212916	
	0.212205	
	0.193605	
	0.200446	
	0.186312	
	0.195957	
	0.205097	
	0.189279	
	0.181811	
	0.224730	
	0.557529	
	0.653126	
	0.392584	
	0.353491	
	0.302995	
	0.349336	
	0.322300	
	0.338784	
	0.345888	
	0.397771	
	0.351980	
	0.386366	
	0.345849	
	0.370372	
	0.577649	
	0.676822	
	0.460152	
	0.399578	
	0.402738	
	0.424988	
	0.425617	
	0.440235	
	0.422491	
	0.457789	
	0.458451	
	0.430341	
	0.441364	
	0.542807	
	0.698590	
	0.700035	
	0.684081	
	0.714287	
	0.554662	
	0.579735	
	0.634604	
	0.613550	
	0.497033	
	0.581215	
	0.551653	
	0.537022	
	0.542493	
	0.383202	
	0.504186	
	0.449117	
	0.325327	
	0.344492	
	0.381770	
	0.391279	
	0.422689	
	0.374011	
	0.377755	
	0.405423	
	0.470631	
	0.504259	
	0.500935	
	0.444942	
	0.569706	
	0.589878	
	0.442754	
	0.445932	
	0.432494	
	0.459022	
	0.488994	
	0.463051	
	0.487939	
	0.503732	
	0.472722	
	0.482780	
	0.537278	
	0.706359	
	0.667253	
	0.550038	
	0.476414	
	0.426414	
	0.482620	
	0.550269	
	0.519801	
	0.531601	
	0.489079	
	0.463171	
	0.500705	
	0.536275	
	0.624928	
	0.637061	
	0.680915	
	0.578100	
	0.608617	
	0.633273	
	0.651548	
	0.684507	
	0.634996	
	0.557872	
	0.505046	
	0.541943	
	0.602247	
	0.618941	
	0.552636	
	0.541509	
	0.520697	
	0.436747	
	0.493422	
	0.550689	
	0.522916	
	0.526814	
	0.480772	
	0.482357	
	0.467070	
	0.456945	
	0.559393	
	0.607941	
	0.519939	
	0.620061	
	0.525621	
	0.408501	
	0.413837	
	0.455976	
	0.439418	
	0.439942	
	0.414106	
	0.431704	
	0.442976	
	0.610598	
	0.649551	
	0.640100	
	0.647861	
	0.623009	
	0.486094	
	0.470987	
	0.485885	
	0.456664	
	0.461928	
	0.464859	
	0.369264	
	0.452299	
	0.436498	
	0.529671	
	0.587229	
	0.699512	
	0.772259	
	0.702160	
	0.673555	
	0.661604	
	0.676968	
	0.655978	
	0.547693	
	0.478066	
	0.625874	
	0.679214	
	0.649646	
	0.591345	
	0.419963	
	0.548540	
	0.346341	
	0.397619	
	0.507015	
	0.445833	
	0.436721	
	0.417807	
	0.403991	
	0.413813	
	0.525620	
	0.586741	
	0.516493	
	0.628995	
	0.400236	
	0.328883	
	0.307630	
	0.314379	
	0.369737	
	0.360466	
	0.322661	
	0.450540	
	0.392385	
	0.404734	
	0.403862	
	0.387891	
	0.353831	
	0.531696	
	0.427043	
	0.377852	
	0.340984	
	0.231809	
	0.254207	
	0.225503	
	0.274250	
	0.228662	
	0.240471	
	0.201028	
	0.268248	
	0.179736	
	0.468907	
	0.688288	
	0.354672	
	0.325427	
	0.311957	
	0.350829	
	0.300158	
	0.281380	
	0.251315	
	0.298937	
	0.370967	
	0.258953	
	0.232919	
	0.303086	
	0.331551	
	0.408344	
	0.279653	
	0.253553	
	0.240398	
	0.264534	
	0.267089	
	0.404727	
	0.333557	
	0.357310	
	0.358039	
	0.366886	
	0.386704	
	0.426101	
	0.470736	
	0.270744	
	0.192316	
	0.183888	
	0.192551	
	0.200395	
	0.152450	
	0.263576	
	0.229601	
	0.178391	
	0.207094	
	0.225301	
	0.241645	
	0.558999	
	0.400109	
	0.184333	
	0.165765	
	0.184720	
	0.160553	
	0.164164	
	0.208386	
	0.196112	
	0.152866	
	0.179481	
	0.154273	
	0.676369	
	0.644371	
	0.261570	
	0.422747	
	0.304746	
	0.284767	
	0.256391	
	0.248035	
	0.255573	
	0.267667	
	0.321452	
	0.344005	
	0.276916	
	0.302737	
	0.572330	
	0.436565	
	0.219212	
	0.191835	
	0.184529	
	0.186052	
	0.178608	
	0.123513	
	0.164206	
	0.179892	
	0.153918	
	0.136996	
	0.168860	
	0.109948	
	0.234974	
	0.512160	
	0.160033	
	0.133910	
	0.119498	
	0.127146	
	0.147427	
	0.166553	
	0.156309	
	0.167658	
	0.174491	
	0.195969	
	0.165354	
	0.194719	
	0.299932	
	0.344320	
	0.313229	
	0.295017	
	0.283481	
	0.253940	
	0.294186	
	0.294471	
	0.252943	
	0.266354	
	0.220700	
	0.233864	
	0.278313	
	0.305484	
	0.355141	
	0.677904	
	0.418409	
	0.314900	
	0.272063	
	0.268129	
	0.196695	
	0.195112	
	0.259492	
	0.262986	
	0.291170	
	0.477234	
	0.343317	
	0.366339	
	0.335758	
	0.422199	
	0.189777	
	0.135158	
	0.133973	
	0.138592	
	0.144817	
	0.148208	
	0.136394	
	0.146119	
	0.113839	
	0.118799	
	0.115514	
	0.342137	
	0.471020	
	0.382600	
	0.322067	
	0.349347	
	0.375125	
	0.382967	
	0.372988	
	0.368504	
	0.365035	
	0.338273	
	0.305856	
	0.334674	
	0.349111	
	0.468132	
	0.500238	
	0.317118	
	0.292025	
	0.294901	
	0.294849	
	0.340063	
	0.371053	
	0.378607	
	0.363869	
	0.378804	
	0.351035	
	0.326471	
	0.353859	
	0.416372	
	0.640428	
	0.649445	
	0.482401	
	0.404626	
	0.343603	
	0.353819	
	0.306358	
	0.280519	
	0.287944	
	0.318714	
	0.268383	
	0.244384	
	0.194573	
	0.221840	
	0.376496	
	0.232136	
	0.207946	
	0.233075	
	0.295624	
	0.368957	
	0.313425	
	0.338488	
	0.407952	
	0.754519	
	0.833518	
	0.672238	
	0.298191	
	0.547805	
	0.354976	
	0.281351	
	0.305401	
	0.249696	
	0.216197	
	0.224187	
	0.277082	
	0.208461	
	0.215776	
	0.247925	
	0.256946	
	0.373618	
	0.469338	
	0.381899	
	0.406146	
	0.378361	
	0.355999	
	0.381891	
	0.394288	
	0.417986	
	0.430656	
	0.469144	
	0.459646	
	0.491574	
	0.531615	
	0.655375	
	0.550441	
	0.575189	
	0.631147	
	0.621256	
	0.585055	
	0.536207	
	0.588021	
	0.640669	
	0.704511	
	0.668613	
	0.750474	
	0.726097	
	0.567189	
	0.561474	
	0.562713	
	0.644652	
	0.597001	
	0.676742	
	0.655361	
	0.589457	
	0.573719	
	0.589565	
	0.653911	
	0.632263	
	0.660231	
	0.692130	
	0.706188	
	0.540914	
	0.418077	
	0.407451	
	0.497618	
	0.477777	
	0.514805	
	0.511786	
	0.467044	
	0.425705	
	0.403663	
	0.456944	
	0.410342	
	0.547197	
	0.593699	
	0.526428	
	0.429811	
	0.380457	
	0.467603	
	0.433416	
	0.367157	
	0.427190	
	0.462892	
	0.418554	
	0.451346	
	0.337238	
	0.594586	
	0.722590	
	0.516298	
	0.525062	
	0.554294	
	0.551685	
	0.484850	
	0.464116	
	0.388620	
	0.515661	
	0.554134	
	0.528476	
	0.478909	
	0.627704	
	0.602173	
	0.548303	
	0.221430	
	0.160409	
	0.147557	
	0.167079	
	0.202820	
	0.188240	
	0.211129	
	0.216819	
	0.204060	
	0.273912	
	0.234956	
	0.233894	
	0.475116	
	0.280782	
	0.259556	
	0.277279	
	0.292099	
	0.314500	
	0.344746	
	0.418739	
	0.429512	
	0.396551	
	0.478234	
	0.514401	
	0.377888	
	0.345783	
	0.530211	
	0.544865	
	0.549623	
	0.586899	
	0.565529	
	0.540176	
	0.510951	
	0.575971	
	0.654230	
	0.374277	
	0.472405	
	0.845206	
	0.913169	
	0.780525	
	0.657029	
	0.718065	
	0.713322	
	0.744560	
	0.790793	
	0.802790	
	0.792030	
	0.689388	
	0.754832	
	0.922056	
	0.942490	
	0.953780	
	0.945682	
	0.864278	
	0.670594	
	0.507532	
	0.547089	
	0.609374	
	0.637080	
	0.624950	
	0.622399	
	0.577358	
	0.695185	
	0.871124	
	0.909357	
	0.894880	
	0.909513	
	0.871541	
	0.724778	
	0.434342	
	0.554647	
	0.614461	
	0.627879	
	0.688177	
	0.646576	
	0.613368	
	0.550146	
	0.573084	
	0.635663	
	0.642871	
	0.638275	
	0.497809	
	0.446828	
	0.392850	
	0.363184	
	0.309779	
	0.319764	
	0.355476	
	0.328450	
	0.314617	
	0.300456	
	0.291048	
	0.275558	
	0.271891	
	0.387649	
	0.657185	
	0.565260	
	0.530976	
	0.493994	
	0.428117	
	0.415625	
	0.452574	
	0.482128	
	0.517851	
	0.573948	
	0.543278	
	0.511171	
	0.522312	
	0.503079	
	0.529813	
	0.557443	
	0.522013	
	0.554517	
	0.440652	
	0.337601	
	0.337788	
	0.358829	
	0.738836	
	0.919369	
	0.844986	
	0.831535	
	0.792401	
	0.708702	
	0.710795	
	0.291674	
	0.391173	
	0.316209	
	0.296368	
	0.283705	
	0.362788	
	0.276459	
	0.291823	
	0.369447	
	0.346891	
	0.373140	
	0.343651	
	0.453601	
	0.433667	
	0.414883	
	0.474274	
	0.429339	
	0.422048	
	0.486700	
	0.556613	
	0.631561	
	0.628818	
	0.612205	
	0.604432	
	0.497212	
	0.648536	
	0.798354	
	0.676376	
	0.664411	
	0.667709	
	0.641072	
	0.715605	
	0.675988	
	0.681348	
	0.572805	
	0.595086	
	0.706695	
	0.602231	
	0.548036	
	0.668210	
	0.654969	
	0.579239	
	0.549596	
	0.481215	
	0.575361	
	0.645965	
	0.561133	
	0.607730	
	0.634403	
	0.663364	
	0.562271	
	0.473994	
	0.603358	
	0.603480	
	0.429169	
	0.487440	
	0.511518	
	0.459630	
	0.393578	
	0.359377	
	0.493139	
	0.495102	
	0.449828	
	0.375402	
	0.536171	
	0.573871	
	0.535442	
	0.384054	
	0.309783	
	0.267751	
	0.325204	
	0.339453	
	0.301021	
	0.366761	
	0.501395	
	0.471343	
	0.359490	
	0.500527	
	0.636812	
	0.797244	
	0.593856	
	0.552002	
	0.545894	
	0.471490	
	0.517981	
	0.696690	
	0.481887	
	0.536834	
	0.535633	
	0.506895	
	0.432701	
	0.402403	
	0.574530	
	0.350199	
	0.364268	
	0.428333	
	0.318998	
	0.199792	
	0.217250	
	0.196726	
	0.573061	
	0.736954	
	0.785332	
	0.750386	
	0.597415	
	0.553928	
	0.364223	
	0.386148	
	0.409880	
	0.390009	
	0.350745	
	0.349033	
	0.367663	
	0.363267	
	0.345870	
	0.337737	
	0.340598	
	0.304285	
	0.316344	
	0.349579	
	0.361348	
	0.319817	
	0.322841	
	0.308464	
	0.364039	
	0.420775	
	0.383952	
	0.346098	
	0.349570	
	0.358717	
	0.369402	
	0.495521	
	0.585732	
	0.488016	
	0.434817	
	0.350656	
	0.356119	
	0.346311	
	0.375461	
	0.378655	
	0.427784	
	0.469377	
	0.550314	
	0.492867	
	0.432521	
	0.448588	
	0.496044	
	0.507860	
	0.510909	
	0.580040	
	0.567705	
	0.429448	
	0.285305	
	0.607057	
	0.624523	
	0.697804	
	0.679441	
	0.771123	
	0.598059	
	0.404481	
	0.356261	
	0.362165	
	0.397956	
	0.441449	
	0.447111	
	0.456549	
	0.400102	
	0.256580	
	0.237202	
	0.262250	
	0.252765	
	0.325943	
	0.446058	
	0.311561	
	0.236002	
	0.240934	
	0.233263	
	0.215752	
	0.224802	
	0.212863	
	0.217926	
	0.233436	
	0.238516	
	0.208455	
	0.509880	
	0.609411	
	0.637650	
	0.573025	
	0.561269	
	0.596013	
	0.657150	
	0.635139	
	0.606646	
	0.601902	
	0.644319	
	0.607258	
	0.602190	
	0.580131	
	0.481685	
	0.497242	
	0.467773	
	0.404420	
	0.346094	
	0.363668	
	0.339455	
	0.358303	
	0.408167	
	0.451377	
	0.475535	
	0.480994	
	0.507108	
	0.533836	
	0.653995	
	0.283532	
	0.244616	
	0.272282	
	0.298396	
	0.361357	
	0.470695	
	0.447750	
	0.502493	
	0.454543	
	0.408029	
	0.476295	
	0.436698	
	0.388532	
	0.405043	
	0.486431	
	0.373014	
	0.323892	
	0.319012	
	0.335637	
	0.352411	
	0.322095	
	0.326027	
	0.307975	
	0.297911	
	0.308114	
	0.325326	
	0.421062	
	0.606715	
	0.416086	
	0.416078	
	0.401610	
	0.398097	
	0.375512	
	0.377772	
	0.401889	
	0.370840	
	0.385865	
	0.376320	
	0.384692	
	0.304756	
	0.365321	
	0.353190	
	0.358535	
	0.346535	
	0.334234	
	0.321058	
	0.330943	
	0.310322	
	0.340514	
	0.329963	
	0.264058	
	0.244264	
	0.283455	
	0.397121	
	0.513285	
	0.319240	
	0.357402	
	0.379074	
	0.387477	
	0.375680	
	0.311398	
	0.307789	
	0.312498	
	0.353603	
	0.359104	
	0.359545	
	0.344466	
	0.279532	
	0.539171	
	0.442432	
	0.295381	
	0.262440	
	0.286208	
	0.289591	
	0.344551	
	0.284548	
	0.274829	
	0.305726	
	0.530283	
	0.504012	
	0.572336	
	0.772380	
	0.582702	
	0.614900	
	0.572172	
	0.590195	
	0.545666	
	0.615054	
	0.596317	
	0.626653	
	0.599210	
	0.600241	
	0.630947	
	0.423274	
	0.337187	
	0.540193	
	0.322110	
	0.307400	
	0.418229	
	0.393225	
	0.342438	
	0.306834	
	0.235208	
	0.193216	
	0.216403	
	0.174053	
	0.091750	
	0.328112	
	0.585040	
	0.345287	
	0.320091	
	0.300565	
	0.320590	
	0.312360	
	0.310261	
	0.352933	
	0.342057	
	0.340751	
	0.312715	
	0.320733	
	0.313334	
	0.339406	
	0.460101	
	0.374728	
	0.305260	
	0.303185	
	0.357627	
	0.312475	
	0.244507	
	0.249640	
	0.403863	
	0.763433	
	0.787637	
	0.661971	
	0.506626	
	0.688394	
	0.584428	
	0.532614	
	0.483553	
	0.351005	
	0.302961	
	0.341618	
	0.303440	
	0.271047	
	0.190317	
	0.149473	
	0.153247	
	0.135985	
	0.185416	
	0.330439	
	0.185053	
	0.139302	
	0.180349	
	0.247463	
	0.332972	
	0.370374	
	0.350773	
	0.356498	
	0.275858	
	0.354764	
	0.375088	
	0.436641	
	0.287511	
	0.310853	
	0.279273	
	0.304133	
	0.312443	
	0.322639	
	0.346852	
	0.326027	
	0.334840	
	0.363487	
	0.350252	
	0.350322	
	0.507140	
	0.461857	
	0.355775	
	0.319004	
	0.324474	
	0.332758	
	0.324086	
	0.353168	
	0.358375	
	0.351283	
	0.255796	
	0.205590	
	0.261780	
	0.391591	
	0.608860	
	0.552775	
	0.483697	
	0.527709	
	0.480181	
	0.469026	
	0.432133	
	0.456599	
	0.378512	
	0.337468	
	0.274480	
	0.246253	
	0.219331	
	0.261823	
	0.414282	
	0.209581	
	0.174031	
	0.166131	
	0.165799	
	0.178985	
	0.273902	
	0.366845	
	0.325719	
	0.263842	
	0.269256	
	0.223081	
	0.309608	
	0.573259	
	0.382106	
	0.437983	
	0.491801	
	0.528082	
	0.449896	
	0.409117	
	0.350224	
	0.331487	
	0.314153	
	0.343896	
	0.287768	
	0.298964	
	0.393973	
	0.474523	
	0.331928	
	0.343086	
	0.330810	
	0.316936	
	0.342626	
	0.278113	
	0.286075	
	0.295081	
	0.372096	
	0.395930	
	0.373505	
	0.407167	
	0.598177	
	0.487655	
	0.363251	
	0.349781	
	0.440876	
	0.403407	
	0.476284	
	0.464127	
	0.423255	
	0.359377	
	0.288470	
	0.330300	
	0.306941	
	0.306456	
	0.496468	
	0.387813	
	0.356598	
	0.323264	
	0.258651	
	0.322307	
	0.348125	
	0.293714	
	0.309285	
	0.293808	
	0.325357	
	0.269141	
	0.296216	
	0.337889	
	0.597176	
	0.367182	
	0.255451	
	0.243453	
	0.237856	
	0.236552	
	0.217106	
	0.193267	
	0.262089	
	0.191665	
	0.157147	
	0.191463	
	0.190270	
	0.550197	
	0.339028	
	0.212023	
	0.142050	
	0.124417	
	0.144635	
	0.130045	
	0.121856	
	0.131436	
	0.201280	
	0.141881	
	0.202999	
	0.317252	
	0.603056	
	0.731844	
	0.568815	
	0.586321	
	0.585481	
	0.502095	
	0.454505	
	0.489001	
	0.507255	
	0.511385	
	0.441550	
	0.470211	
	0.464879	
	0.281687	
	0.560497	
	0.453367	
	0.271107	
	0.282065	
	0.258872	
	0.300230	
	0.294605	
	0.218925	
	0.177490	
	0.271570	
	0.330456	
	0.675757	
	0.734086	
	0.735278	
	0.699162	
	0.463818	
	0.220884	
	0.182566	
	0.180762	
	0.192659	
	0.182701	
	0.193655	
	0.191619	
	0.203110	
	0.189811	
	0.173181	
	0.217758	
	0.224413	
	0.408653	
	0.212142	
	0.147094	
	0.140243	
	0.129352	
	0.144829	
	0.131702	
	0.141353	
	0.119937	
	0.134777	
	0.141248	
	0.152551	
	0.380681	
	0.585449	
	0.270182	
	0.198307	
	0.170025	
	0.162385	
	0.183614	
	0.193432	
	0.286862	
	0.416590	
	0.475102	
	0.404142	
	0.119791	
	0.139114	
	0.259742	
	0.291663	
	0.314781	
	0.275654	
	0.254235	
	0.248896	
	0.234808	
	0.232195	
	0.239740	
	0.246371	
	0.303258	
	0.308862	
	0.303255	
	0.296632	
	0.524910	
	0.469384	
	0.458442	
	0.409046	
	0.381232	
	0.386695	
	0.369779	
	0.370104	
	0.416696	
	0.387160	
	0.402268	
	0.416069	
	0.431790	
	0.412389	
	0.478404	
	0.540128	
	0.466061	
	0.463355	
	0.524544	
	0.483153	
	0.488679	
	0.594632	
	0.833414	
	0.900249	
	0.891962	
	0.895073	
	0.909030	
	0.853107	
	0.794130	
	0.686492	
	0.519297	
	0.533789	
	0.576185	
	0.532751	
	0.537685	
	0.545833	
	0.526898	
	0.574497	
	0.484703	
	0.557838	
	0.559465	
	0.520551	
	0.674396	
	0.539872	
	0.496354	
	0.569858	
	0.578380	
	0.609174	
	0.871776	
	0.937017	
	0.954087	
	0.954977	
	0.951493	
	0.946403	
	0.858207	
	0.577394	
	0.621818	
	0.682201	
	0.545421	
	0.582847	
	0.638515	
	0.656202	
	0.640628	
	0.669323	
	0.633841	
	0.684588	
	0.654225	
	0.681041	
	0.700343	
	0.705827	
	0.475899	
	0.337684	
	0.306181	
	0.332545	
	0.304395	
	0.351309	
	0.325075	
	0.300758	
	0.291388	
	0.282442	
	0.285251	
	0.405282	
	0.613612	
	0.518615	
	0.465352	
	0.458794	
	0.442749	
	0.452972	
	0.462085	
	0.498746	
	0.485467	
	0.479431	
	0.558575	
	0.528651	
	0.440898	
	0.401966	
	0.495730	
	0.544881	
	0.507789	
	0.606276	
	0.597545	
	0.521968	
	0.439190	
	0.753251	
	0.850378	
	0.846650	
	0.841851	
	0.850009	
	0.690913	
	0.405846	
	0.560773	
	0.462446	
	0.505047	
	0.490256	
	0.465381	
	0.436459	
	0.471487	
	0.495576	
	0.525992	
	0.534210	
	0.491266	
	0.497247	
	0.474305	
	0.486790	
	0.624873	
	0.513589	
	0.396704	
	0.384381	
	0.337115	
	0.384498	
	0.397849	
	0.407535	
	0.397822	
	0.426477	
	0.474857	
	0.485529	
	0.543408	
	0.827022	
	0.659564	
	0.578561	
	0.482055	
	0.506271	
	0.514422	
	0.461685	
	0.504586	
	0.432188	
	0.465877	
	0.482548	
	0.430882	
	0.353450	
	0.284627	
	0.409310	
	0.503065	
	0.348426	
	0.343168	
	0.354135	
	0.350315	
	0.286623	
	0.299397	
	0.315945	
	0.348273	
	0.558597	
	0.594782	
	0.490252	
	0.590165	
	0.539699	
	0.470651	
	0.450631	
	0.436100	
	0.482884	
	0.493928	
	0.510640	
	0.527522	
	0.527823	
	0.508679	
	0.572465	
	0.650887	
	0.670836	
	0.590358	
	0.556775	
	0.538437	
	0.569194	
	0.565378	
	0.534151	
	0.521702	
	0.559164	
	0.611926	
	0.632221	
	0.407116	
	0.364926	
	0.446181	
	0.610256	
	0.515809	
	0.586159	
	0.647961	
	0.718806	
	0.753346	
	0.723628	
	0.725156	
	0.714210	
	0.713882	
	0.726089	
	0.557625	
	0.563100	
	0.600071	
	0.660160	
	0.629465	
	0.679416	
	0.686122	
	0.679203	
	0.686847	
	0.587748	
	0.549607	
	0.560351	
	0.637040	
	0.620611	
	0.416961	
	0.506250	
	0.606598	
	0.521451	
	0.564639	
	0.651010	
	0.514353	
	0.499238	
	0.525537	
	0.523636	
	0.496091	
	0.455479	
	0.446420	
	0.512110	
	0.503752	
	0.509355	
	0.503829	
	0.486830	
	0.481465	
	0.478882	
	0.472111	
	0.455901	
	0.439100	
	0.476044	
	0.486546	
	0.486999	
	0.424898	
	0.463069	
	0.629881	
	0.512088	
	0.515133	
	0.552024	
	0.471619	
	0.542080	
	0.696247	
	0.659690	
	0.633006	
	0.678701	
	0.710998	
	0.683717	
	0.730850	
	0.625378	
	0.644294	
	0.616966	
	0.651365	
	0.673980	
	0.692436	
	0.586522	
	0.346156	
	0.366317	
	0.371539	
	0.426668	
	0.512978	
	0.586750	
	0.518924	
	0.457400	
	0.516171	
	0.529218	
	0.406916	
	0.432578	
	0.446241	
	0.406468	
	0.434868	
	0.495171	
	0.522139	
	0.474225	
	0.505736	
	0.481750	
	0.474494	
	0.444472	
	0.486547	
	0.528183	
	0.565789	
	0.579049	
	0.602802	
	0.634658	
	0.603669	
	0.585914	
	0.555119	
	0.605826	
	0.690030	
	0.672567	
	0.720325	
	0.723900	
	0.721728	
	0.718070	
	0.678686	
	0.723220	
	0.768299	
	0.737025	
	0.680834	
	0.749011	
	0.761041	
	0.746918	
	0.664649	
	0.590848	
	0.624489	
	0.637953	
	0.600959	
	0.525265	
	0.615451	
	0.616821	
	0.580900	
	0.581588	
	0.531994	
	0.520603	
	0.551007	
	0.539053	
	0.591072	
	0.593943	
	0.789868	
	0.550183	
	0.466278	
	0.460761	
	0.459579	
	0.404614	
	0.342437	
	0.443170	
	0.355092	
	0.374135	
	0.394460	
	0.436701	
	0.286095	
	0.512532	
	0.518890	
	0.376175	
	0.326040	
	0.309486	
	0.314302	
	0.246988	
	0.270409	
	0.369692	
	0.345321	
	0.404188	
	0.362699	
	0.330134	
	0.492993	
	0.526176	
	0.674962	
	0.432802	
	0.415606	
	0.423719	
	0.287820	
	0.264627	
	0.341751	
	0.360806	
	0.328086	
	0.343945	
	0.215436	
	0.254871	
	0.421331	
	0.459998	
	0.389440	
	0.337775	
	0.309308	
	0.186383	
	0.199202	
	0.271923	
	0.310014	
	0.232576	
	0.198902	
	0.170556	
	0.231790	
	0.419044	
	0.358479	
	0.351906	
	0.348975	
	0.327904	
	0.341858	
	0.359571	
	0.356105	
	0.389577	
	0.397440	
	0.400025	
	0.396263	
	0.370693	
	0.479009	
	0.398507	
	0.391539	
	0.390063	
	0.392951	
	0.396903	
	0.382064	
	0.410824	
	0.426313	
	0.422534	
	0.470763	
	0.470519	
	0.461418	
	0.480189	
	0.544175	
	0.478043	
	0.429670	
	0.500602	
	0.524369	
	0.558283	
	0.579146	
	0.568377	
	0.643268	
	0.553919	
	0.466627	
	0.472727	
	0.467693	
	0.588754	
	0.451845	
	0.450880	
	0.423264	
	0.394393	
	0.393625	
	0.385206	
	0.396608	
	0.360455	
	0.398401	
	0.374499	
	0.396850	
	0.474820	
	0.397704	
	0.576517	
	0.515110	
	0.452593	
	0.466944	
	0.490319	
	0.510448	
	0.500095	
	0.543104	
	0.513950	
	0.484197	
	0.489679	
	0.452603	
	0.497563	
	0.532132	
	0.545607	
	0.471029	
	0.433938	
	0.423370	
	0.468866	
	0.468986	
	0.382042	
	0.373771	
	0.414856	
	0.649266	
	0.837209	
	0.852595	
	0.577699	
	0.566924	
	0.504162	
	0.550563	
	0.546942	
	0.520030	
	0.486774	
	0.471914	
	0.421541	
	0.418559	
	0.417632	
	0.362412	
	0.335777	
	0.343249	
	0.309801	
	0.370786	
	0.256193	
	0.258190	
	0.258418	
	0.279121	
	0.302182	
	0.415093	
	0.374635	
	0.433002	
	0.567886	
	0.816103	
	0.843588	
	0.659675	
	0.488722	
	0.472057	
	0.384962	
	0.399011	
	0.424797	
	0.427744	
	0.428910	
	0.390889	
	0.381424	
	0.371200	
	0.388804	
	0.407086	
	0.421030	
	0.427659	
	0.501449	
	0.425084	
	0.440755	
	0.458986	
	0.441795	
	0.453383	
	0.488788	
	0.452014	
	0.326363	
	0.372565	
	0.582833	
	0.567402	
	0.573066	
	0.590872	
	0.589301	
	0.454740	
	0.445725	
	0.441461	
	0.449675	
	0.461765	
	0.452477	
	0.408705	
	0.415875	
	0.368618	
	0.384989	
	0.341127	
	0.386354	
	0.416193	
	0.441677	
	0.348242	
	0.364652	
	0.394019	
	0.362982	
	0.355593	
	0.320719	
	0.472408	
	0.662172	
	0.604004	
	0.600406	
	0.680904	
	0.597387	
	0.434384	
	0.411765	
	0.435224	
	0.410720	
	0.429277	
	0.417706	
	0.407990	
	0.383129	
	0.436771	
	0.424313	
	0.368197	
	0.417085	
	0.480987	
	0.521278	
	0.512853	
	0.489361	
	0.419419	
	0.407294	
	0.422482	
	0.419385	
	0.379655	
	0.366987	
	0.384149	
	0.374265	
	0.392200	
	0.474303	
	0.572158	
	0.747481	
	0.752476	
	0.755443	
	0.750683	
	0.713219	
	0.672497	
	0.704842	
	0.669992	
	0.650361	
	0.675307	
	0.660757	
	0.654135	
	0.551962	
	0.401161	
	0.542090	
	0.564973	
	0.579827	
	0.603343	
	0.618213	
	0.568233	
	0.580227	
	0.569819	
	0.546363	
	0.513518	
	0.528126	
	0.604733	
	0.429728	
	0.452998	
	0.556233	
	0.611175	
	0.547725	
	0.493497	
	0.537842	
	0.558768	
	0.522094	
	0.507121	
	0.521186	
	0.509292	
	0.500033	
	0.516676	
	0.582357	
	0.574758	
	0.528809	
	0.566976	
	0.404718	
	0.375818	
	0.372208	
	0.384890	
	0.449997	
	0.476748	
	0.413380	
	0.324061	
	0.336664	
	0.323238	
	0.469774	
	0.495518	
	0.566291	
	0.467798	
	0.441336	
	0.452687	
	0.469081	
	0.478392	
	0.454417	
	0.433289	
	0.485956	
	0.543945	
	0.537235	
	0.445267	
	0.432423	
	0.412599	
	0.442562	
	0.368739	
	0.394364	
	0.371721	
	0.359333	
	0.326109	
	0.300648	
	0.430678	
	0.664082	
	0.685880	
	0.847298	
	0.671918	
	0.442093	
	0.542344	
	0.479470	
	0.480195	
	0.460225	
	0.444671	
	0.447836	
	0.421483	
	0.450125	
	0.500200	
	0.491546	
	0.479199	
	0.491265	
	0.487736	
	0.474233	
	0.420184	
	0.386416	
	0.385426	
	0.361967	
	0.363748	
	0.371672	
	0.419574	
	0.498377	
	0.443715	
	0.400293	
	0.477379	
	0.559146	
	0.520203	
	0.629140	
	0.521532	
	0.550770	
	0.524881	
	0.553496	
	0.569292	
	0.545777	
	0.458455	
	0.363040	
	0.416267	
	0.454278	
	0.561409	
	0.421359	
	0.409710	
	0.455866	
	0.369376	
	0.379072	
	0.507895	
	0.476937	
	0.500842	
	0.591295	
	0.486029	
	0.339105	
	0.414093	
	0.375210	
	0.424167	
	0.504442	
	0.514466	
	0.448447	
	0.406470	
	0.440459	
	0.460152	
	0.453523	
	0.456755	
	0.413946	
	0.454976	
	0.542493	
	0.561644	
	0.595212	
	0.587707	
	0.663137	
	0.650643	
	0.594609	
	0.536235	
	0.501225	
	0.548587	
	0.555597	
	0.554423	
	0.585238	
	0.595816	
	0.539649	
	0.451051	
	0.439376	
	0.448920	
	0.646733	
	0.521344	
	0.451478	
	0.470127	
	0.492659	
	0.433814	
	0.441040	
	0.469595	
	0.452100	
	0.510175	
	0.457707	
	0.439289	
	0.475154	
	0.397915	
	0.249527	
	0.264696	
	0.235636	
	0.315166	
	0.355135	
	0.336583	
	0.385841	
	0.356825	
	0.319432	
	0.318132	
	0.327650	
	0.395238	
	0.311879	
	0.312576	
	0.566199	
	0.386520	
	0.291998	
	0.298627	
	0.269524	
	0.296354	
	0.347824	
	0.363585	
	0.333049	
	0.229698	
	0.325999	
	0.368387	
	0.258542	
	0.360020	
	0.453947	
	0.404239	
	0.366904	
	0.316576	
	0.271236	
	0.250995	
	0.282359	
	0.240154	
	0.254029	
	0.231772	
	0.269045	
	0.276544	
	0.730054	
	0.385960	
	0.265683	
	0.216003	
	0.313986	
	0.255846	
	0.219860	
	0.206654	
	0.233566	
	0.238406	
	0.218846	
	0.222632	
	0.270023	
	0.249990	
	0.215011	
	0.221984	
	0.284951	
	0.285860	
	0.272730	
	0.288893	
	0.205383	
	0.210932	
	0.148950	
	0.195955	
	0.241011	
	0.238534	
	0.285256	
	0.348852	
	0.518782	
	0.493113	
	0.488019	
	0.508892	
	0.537693	
	0.573916	
	0.599265	
	0.603974	
	0.618390	
	0.605127	
	0.577693	
	0.493427	
	0.484403	
	0.483631	
	0.555099	
	0.507726	
	0.458092	
	0.499953	
	0.509589	
	0.507861	
	0.487206	
	0.405515	
	0.448684	
	0.437354	
	0.398344	
	0.382353	
	0.554084	
	0.532744	
	0.545153	
	0.550221	
	0.566393	
	0.519075	
	0.514948	
	0.501376	
	0.530503	
	0.487588	
	0.507534	
	0.567509	
	0.520540	
	0.536477	
	0.503088	
	0.477923	
	0.417544	
	0.325054	
	0.336212	
	0.356933	
	0.374545	
	0.370605	
	0.345997	
	0.316585	
	0.311998	
	0.691337	
	0.699952	
	0.876083	
	0.692641	
	0.488750	
	0.497644	
	0.415658	
	0.433199	
	0.391485	
	0.415341	
	0.411031	
	0.380574	
	0.413914	
	0.489388	
	0.533968	
	0.466407	
	0.408636	
	0.455367	
	0.461505	
	0.447815	
	0.422468	
	0.418961	
	0.376103	
	0.430457	
	0.494128	
	0.474238	
	0.437703	
	0.383335	
	0.463707	
	0.543942	
	0.458334	
	0.557008	
	0.486893	
	0.567623	
	0.418602	
	0.441970	
	0.470532	
	0.510656	
	0.506825	
	0.510276	
	0.527170	
	0.483601	
	0.452694	
	0.471919	
	0.466462	
	0.555508	
	0.457846	
	0.445162	
	0.461168	
	0.425193	
	0.475257	
	0.485484	
	0.533233	
	0.478946	
	0.355014	
	0.328091	
	0.320766	
	0.496410	
	0.400802	
	0.547743	
	0.421374	
	0.417052	
	0.430425	
	0.472041	
	0.487429	
	0.507180	
	0.532747	
	0.509972	
	0.542232	
	0.547625	
	0.529778	
	0.522319	
	0.616938	
	0.570622	
	0.481952	
	0.403516	
	0.397151	
	0.420195	
	0.382035	
	0.416595	
	0.444626	
	0.454415	
	0.426832	
	0.401874	
	0.417725	
	0.590517	
	0.601212	
	0.489618	
	0.502352	
	0.495007	
	0.429524	
	0.423573	
	0.465263	
	0.414994	
	0.415330	
	0.456462	
	0.442188	
	0.382256	
	0.276180	
	0.193257	
	0.249099	
	0.285773	
	0.269429	
	0.312732	
	0.341751	
	0.333781	
	0.294038	
	0.351037	
	0.327048	
	0.336467	
	0.310411	
	0.314572	
	0.324945	
	0.352873	
	0.500257	
	0.270552	
	0.294235	
	0.244565	
	0.250521	
	0.239976	
	0.248615	
	0.231777	
	0.236464	
	0.283238	
	0.281040	
	0.261517	
	0.128836	
	0.191458	
	0.173452	
	0.208116	
	0.309255	
	0.283897	
	0.295773	
	0.336177	
	0.325905	
	0.294558	
	0.328816	
	0.338857	
	0.321006	
	NaN	
	0.211711	
	0.259492	
	0.266592	
	NaN	
	NaN	
	NaN	
	0.213582	
	0.152214	
	0.193631	
	NaN	
	NaN	
	NaN	
	NaN	
	NaN	
	NaN	
	NaN	
	NaN	
	NaN	
	NaN	
	NaN	
	NaN	
	NaN	
	NaN	
	NaN	
	NaN	
	NaN	
	NaN	
	NaN	
	NaN	
	NaN	
	NaN	
	NaN	
	NaN	
	NaN	
	NaN	
	NaN	
	NaN	
	NaN	
	NaN	
	NaN	
	NaN	
	NaN	
	NaN	
	NaN	
	NaN	
	NaN	
	NaN	
	NaN	
	NaN	
	NaN	
	NaN	
	NaN	
	NaN	
	NaN	
	NaN	
	NaN	
	NaN	
	NaN	
	NaN	
	NaN	
	NaN	
	NaN	
	NaN	
	NaN	
	NaN	
	NaN	
	NaN	
	NaN	
	NaN	
	NaN	
	NaN	
	NaN	
	NaN	
	NaN	
	NaN	
	NaN	
	NaN	
	NaN	
	NaN	
	NaN	
	NaN	
	NaN	
	NaN	
	NaN	
	NaN	
	NaN	
	NaN	
	NaN	
	NaN	
	NaN	
	NaN	
	NaN	
	NaN	
	NaN	
	NaN	
	NaN	
	NaN	
	NaN	
	NaN	
	NaN	
	NaN	
	NaN	
	NaN	
	NaN	
	NaN	
	NaN	
	NaN	
	NaN	
	NaN	
	NaN	
	NaN	
