_Mode		
	0.028719	
	0.022181	
	0.138665	
	0.230026	
	0.008456	
	0.150330	
	0.193620	
	0.106865	
	0.181773	
	0.189867	
	0.032748	
	-0.047118	
	-0.093891	
	-0.058700	
	-0.070360	
	0.057064	
	0.165957	
	0.050361	
	0.045616	
	0.113385	
	0.183849	
	0.008723	
	0.149689	
	0.070046	
	0.130581	
	0.062655	
	0.166630	
	0.042609	
	-0.144138	
	-0.090747	
	0.026154	
	0.045832	
	-0.160593	
	0.111599	
	-0.140479	
	-0.095371	
	0.158854	
	-0.133470	
	-0.116647	
	-0.173940	
	-0.253633	
	-0.273201	
	-0.078495	
	-0.268762	
	-0.289590	
	0.210160	
	-0.064379	
	0.072791	
	0.070157	
	0.176146	
	-0.085342	
	0.015066	
	0.087740	
	-0.092687	
	-0.040423	
	0.180482	
	0.063776	
	0.027297	
	0.144579	
	0.051860	
	-0.080940	
	0.127790	
	-0.251566	
	0.196867	
	-0.035564	
	0.123243	
	0.193586	
	0.208422	
	-0.109496	
	-0.104537	
	-0.105633	
	-0.109530	
	-0.110728	
	-0.101730	
	-0.072370	
	-0.136807	
	0.122191	
	-0.029226	
	-0.240197	
	0.151403	
	-0.057827	
	0.008507	
	0.236589	
	0.085091	
	-0.187475	
	-0.153350	
	-0.037544	
	-0.120536	
	-0.271920	
	-0.254804	
	-0.165691	
	-0.068284	
	-0.162672	
	-0.050299	
	0.106584	
	0.051735	
	0.048529	
	-0.092819	
	0.081215	
	0.038076	
	0.077878	
	0.083520	
	-0.108758	
	0.037522	
	0.017467	
	-0.050334	
	0.087396	
	-0.181002	
	0.090292	
	-0.003408	
	-0.036844	
	0.096928	
	0.173628	
	-0.269886	
	-0.311625	
	-0.036863	
	-0.019719	
	-0.307696	
	-0.088554	
	-0.226360	
	-0.061484	
	-0.094750	
	-0.119517	
	-0.130512	
	0.188240	
	0.099165	
	-0.320239	
	0.102508	
	0.038247	
	-0.134220	
	0.126388	
	-0.031066	
	0.010620	
	-0.033071	
	0.010711	
	0.165719	
	-0.051804	
	-0.162985	
	0.161116	
	0.153723	
	0.177004	
	0.144278	
	-0.041781	
	0.189796	
	-0.097375	
	-0.008345	
	0.157302	
	-0.043900	
	0.007377	
	0.191536	
	0.020076	
	0.040811	
	0.245756	
	0.048676	
	0.151764	
	0.011755	
	0.066564	
	-0.018422	
	0.037322	
	0.035538	
	0.142975	
	0.255500	
	0.081277	
	0.031644	
	0.049274	
	0.102755	
	0.156803	
	0.051831	
	0.164808	
	0.051592	
	0.111744	
	-0.013237	
	0.023955	
	0.206030	
	0.079259	
	0.106494	
	0.236943	
	0.040805	
	0.138551	
	0.032287	
	-0.062396	
	0.183176	
	0.215625	
	-0.084467	
	-0.055130	
	-0.325145	
	-0.244135	
	-0.113468	
	-0.115057	
	-0.001977	
	-0.094389	
	0.082734	
	-0.025235	
	0.088829	
	-0.003494	
	0.019249	
	0.115088	
	0.112787	
	0.077660	
	-0.023883	
	0.188992	
	0.066209	
	0.108170	
	0.164821	
	-0.012987	
	-0.080936	
	0.037920	
	0.013436	
	0.151418	
	-0.031780	
	0.054632	
	0.188674	
	-0.082375	
	-0.093347	
	0.187286	
	-0.339091	
	-0.077076	
	0.020139	
	-0.162463	
	-0.026476	
	-0.008860	
	0.000956	
	-0.035795	
	0.050555	
	-0.058668	
	0.046726	
	0.019892	
	-0.010495	
	-0.062724	
	-0.095046	
	-0.111736	
	-0.098356	
	-0.051129	
	0.087299	
	0.174050	
	0.036569	
	-0.065218	
	0.002322	
	0.048209	
	-0.086411	
	-0.135011	
	-0.027912	
	0.284619	
	0.038087	
	-0.111159	
	-0.142707	
	-0.036531	
	-0.028023	
	-0.018019	
	0.011977	
	-0.039322	
	-0.063612	
	-0.064272	
	0.039277	
	-0.040070	
	0.005955	
	0.095011	
	-0.273388	
	-0.123946	
	-0.088439	
	-0.068676	
	0.015241	
	-0.124141	
	0.042782	
	-0.054732	
	0.105239	
	0.009507	
	0.169763	
	-0.057009	
	-0.040817	
	0.235961	
	0.029263	
	-0.108446	
	0.042731	
	-0.099869	
	-0.155250	
	0.185555	
	-0.051896	
	0.189019	
	0.117700	
	-0.103724	
	-0.157134	
	-0.076648	
	-0.184552	
	-0.124987	
	-0.012388	
	0.212747	
	0.154201	
	-0.246355	
	-0.207596	
	0.045099	
	0.043747	
	-0.031522	
	0.118814	
	0.126625	
	0.207188	
	-0.086363	
	0.096332	
	0.174357	
	0.164306	
	0.244610	
	0.034414	
	-0.031248	
	0.016932	
	-0.091808	
	0.104136	
	-0.057267	
	0.021550	
	-0.080583	
	0.002587	
	-0.038786	
	-0.057148	
	-0.045932	
	-0.038604	
	-0.215100	
	0.200029	
	-0.088811	
	0.012741	
	-0.122255	
	-0.031912	
	-0.042182	
	0.111244	
	-0.020525	
	-0.084370	
	-0.223474	
	-0.181237	
	0.086435	
	-0.140388	
	-0.296662	
	-0.222694	
	0.030001	
	0.032785	
	-0.277832	
	-0.112634	
	0.171072	
	0.074249	
	-0.121874	
	-0.044692	
	0.012082	
	0.007725	
	-0.098882	
	0.011160	
	0.008364	
	-0.035302	
	0.006063	
	0.183123	
	0.236972	
	-0.193127	
	0.246119	
	-0.115818	
	0.034754	
	0.212900	
	0.196472	
	-0.306593	
	-0.167984	
	-0.124078	
	-0.018558	
	-0.343713	
	-0.137368	
	-0.022512	
	-0.028985	
	-0.008561	
	-0.202486	
	-0.255365	
	-0.016254	
	-0.044200	
	-0.271587	
	0.111671	
	0.027271	
	-0.033232	
	0.058964	
	0.020017	
	0.074080	
	0.127970	
	0.111646	
	-0.020760	
	-0.110378	
	0.008404	
	0.092046	
	0.036864	
	-0.005756	
	0.095059	
	-0.066153	
	-0.002585	
	0.112718	
	-0.066064	
	0.081260	
	0.085606	
	0.019945	
	0.000450	
	0.079369	
	0.034485	
	-0.110687	
	-0.098915	
	0.064222	
	0.018465	
	0.187180	
	0.054615	
	0.110980	
	0.257736	
	0.056138	
	-0.041218	
	0.151573	
	-0.047490	
	0.062183	
	0.135342	
	0.110957	
	0.014508	
	0.143796	
	0.064805	
	0.099321	
	0.248435	
	0.102121	
	0.175724	
	0.072100	
	0.053853	
	0.069403	
	0.031112	
	0.098042	
	-0.072268	
	-0.024496	
	-0.008168	
	0.125560	
	-0.113702	
	0.035133	
	-0.376050	
	-0.016446	
	0.051035	
	0.137042	
	-0.184911	
	0.021210	
	0.062033	
	-0.043976	
	-0.045381	
	0.009165	
	0.067816	
	0.149376	
	-0.057738	
	0.070947	
	0.043184	
	-0.138049	
	0.247774	
	0.084309	
	0.115556	
	-0.045353	
	0.208119	
	0.013457	
	0.175552	
	0.091225	
	0.020377	
	-0.009415	
	0.031136	
	-0.230240	
	-0.079746	
	-0.005549	
	-0.285954	
	-0.141295	
	0.046622	
	-0.105916	
	-0.116324	
	-0.002043	
	-0.040007	
	0.063470	
	0.063822	
	-0.118381	
	-0.206649	
	-0.044731	
	0.093664	
	-0.071895	
	-0.201440	
	-0.169678	
	-0.184520	
	0.012685	
	0.064246	
	0.118382	
	0.070371	
	0.085703	
	0.057583	
	0.013637	
	0.193960	
	0.110628	
	-0.054091	
	0.136160	
	-0.013203	
	0.106141	
	-0.130431	
	-0.045359	
	0.130014	
	0.240696	
	-0.065123	
	-0.020695	
	-0.201083	
	-0.290017	
	-0.003928	
	-0.066116	
	0.083823	
	-0.033724	
	0.030430	
	0.083763	
	0.187216	
	-0.093003	
	0.074998	
	0.234043	
	0.126413	
	0.114577	
	0.044454	
	0.032864	
	0.299824	
	0.111494	
	0.161347	
	0.012355	
	0.085024	
	0.039723	
	0.131475	
	0.070782	
	0.009409	
	0.081346	
	0.123309	
	0.159190	
	-0.063978	
	0.166284	
	-0.319537	
	-0.065416	
	0.040088	
	-0.024422	
	-0.147865	
	0.055972	
	0.013880	
	0.034525	
	0.083112	
	-0.048262	
	-0.111472	
	-0.101979	
	0.108549	
	-0.039405	
	-0.085596	
	-0.067659	
	-0.031744	
	0.000012	
	0.146961	
	0.120776	
	0.050212	
	-0.062895	
	-0.078660	
	0.002984	
	-0.010730	
	-0.074192	
	0.046878	
	0.089372	
	-0.019377	
	-0.048421	
	-0.040002	
	-0.062433	
	-0.043913	
	-0.013202	
	-0.044640	
	0.078922	
	-0.090150	
	-0.114425	
	-0.111791	
	-0.097492	
	-0.105724	
	-0.104921	
	-0.049579	
	-0.080496	
	-0.066278	
	-0.076472	
	-0.101597	
	-0.101122	
	-0.064241	
	-0.081008	
	0.000000	
	0.000000	
	0.000000	
	0.000000	
