_Mode		
	0.005736	
	-0.040544	
	-0.049588	
	0.025813	
	-0.185331	
	0.058172	
	0.078814	
	-0.048460	
	-0.193767	
	0.024576	
	0.059220	
	-0.063555	
	-0.028862	
	-0.027890	
	-0.082412	
	0.033017	
	-0.102597	
	-0.179171	
	-0.270689	
	-0.155554	
	0.141553	
	-0.206990	
	-0.315166	
	0.030109	
	0.143741	
	0.105391	
	0.033976	
	-0.039484	
	-0.237988	
	-0.229960	
	-0.077205	
	-0.128271	
	-0.269018	
	-0.225187	
	0.158832	
	0.057520	
	-0.046286	
	0.022972	
	-0.139778	
	-0.283133	
	-0.306248	
	-0.212884	
	-0.121456	
	-0.139961	
	-0.083867	
	-0.140795	
	-0.110069	
	0.217600	
	0.018123	
	-0.063823	
	0.023229	
	0.238384	
	-0.131743	
	0.030654	
	0.002570	
	-0.237852	
	-0.130955	
	-0.113629	
	-0.042989	
	-0.085269	
	-0.083616	
	-0.142936	
	0.011258	
	-0.260009	
	-0.256307	
	-0.032776	
	-0.124460	
	-0.165237	
	-0.061828	
	-0.078410	
	-0.147546	
	-0.227066	
	-0.165725	
	-0.044593	
	-0.023603	
	-0.084900	
	0.102163	
	-0.077888	
	0.050039	
	0.024450	
	-0.085678	
	0.070207	
	0.093702	
	-0.210554	
	-0.081763	
	-0.042951	
	0.028762	
	-0.156134	
	0.026392	
	0.141621	
	0.087046	
	-0.088588	
	-0.067797	
	-0.005661	
	0.013493	
	-0.104125	
	0.047069	
	-0.183504	
	-0.092625	
	-0.045004	
	-0.085245	
	-0.016288	
	-0.125038	
	-0.042311	
	0.009471	
	-0.165335	
	-0.217055	
	-0.192885	
	-0.067947	
	-0.222864	
	-0.111664	
	-0.020860	
	-0.176901	
	-0.128880	
	-0.012172	
	-0.262152	
	0.032770	
	0.158104	
	0.008539	
	-0.012905	
	-0.102707	
	-0.019667	
	-0.040370	
	0.067040	
	0.173170	
	0.128477	
	0.170868	
	-0.003278	
	0.002021	
	-0.231622	
	-0.057578	
	-0.118315	
	-0.051290	
	-0.084491	
	0.288559	
	0.170147	
	0.135887	
	0.046147	
	0.086403	
	-0.088211	
	-0.105338	
	-0.050727	
	0.074785	
	-0.054333	
	-0.118899	
	-0.309561	
	-0.051643	
	-0.069295	
	-0.092111	
	-0.398613	
	-0.112504	
	-0.010963	
	-0.089190	
	0.063929	
	-0.314863	
	-0.205278	
	0.020729	
	0.163456	
	0.001860	
	-0.078837	
	0.058147	
	0.044664	
	-0.116866	
	-0.141134	
	-0.065443	
	-0.069282	
	-0.002459	
	0.201226	
	-0.049214	
	0.016312	
	-0.087801	
	-0.191793	
	-0.110550	
	-0.183162	
	-0.232064	
	-0.307689	
	-0.362505	
	-0.361086	
	-0.094809	
	0.102715	
	0.313006	
	0.265213	
	0.186361	
	0.096598	
	0.035591	
	0.190460	
	0.133999	
	-0.180679	
	0.016745	
	0.165871	
	-0.029336	
	-0.095389	
	-0.159569	
	-0.003446	
	0.042421	
	0.064620	
	0.005957	
	0.135540	
	0.136637	
	0.124422	
	-0.038426	
	0.062652	
	0.039602	
	0.001503	
	-0.129245	
	-0.039547	
	0.054865	
	-0.047295	
	0.027147	
	0.120371	
	-0.086379	
	0.068343	
	-0.095986	
	-0.242827	
	-0.036738	
	-0.175077	
	0.074101	
	0.104405	
	-0.096463	
	0.168896	
	-0.075436	
	-0.060064	
	0.066684	
	0.089574	
	-0.025991	
	-0.131159	
	-0.117150	
	0.014432	
	0.062167	
	-0.094996	
	0.189780	
	-0.085157	
	-0.003883	
	-0.036670	
	-0.072532	
	0.091364	
	0.121010	
	0.203663	
	0.239224	
	-0.202220	
	0.153440	
	-0.064184	
	-0.051928	
	-0.040901	
	-0.061923	
	-0.114795	
	0.018852	
	-0.019834	
	-0.134930	
	-0.110053	
	-0.127325	
	-0.047844	
	-0.046152	
	-0.001810	
	-0.104198	
	-0.108673	
	-0.089682	
	-0.166895	
	-0.170597	
	-0.275159	
	-0.074991	
	-0.041694	
	-0.109895	
	0.158474	
	-0.105196	
	-0.101330	
	-0.219855	
	-0.197075	
	-0.058322	
	-0.175758	
	-0.295698	
	-0.290534	
	0.005300	
	-0.031244	
	0.080627	
	-0.039717	
	0.007709	
	0.074646	
	0.129869	
	-0.067591	
	-0.136359	
	-0.074373	
	0.102475	
	0.048556	
	-0.156278	
	-0.126974	
	0.026199	
	-0.002170	
	0.037941	
	0.120968	
	-0.067745	
	-0.032198	
	-0.167143	
	-0.269864	
	-0.209835	
	-0.069455	
	-0.210860	
	0.127614	
	0.009034	
	0.151821	
	-0.133996	
	-0.108510	
	-0.225810	
	0.051653	
	0.022261	
	0.040764	
	-0.030788	
	0.145020	
	0.108788	
	0.269212	
	0.072462	
	0.205533	
	-0.185107	
	-0.238109	
	-0.133517	
	-0.216332	
	-0.330175	
	-0.094217	
	0.057257	
	0.017922	
	0.086024	
	-0.161986	
	-0.268073	
	0.128803	
	-0.153668	
	-0.087278	
	-0.052399	
	0.093571	
	-0.053448	
	-0.130958	
	-0.028260	
	-0.096349	
	-0.043467	
	0.176376	
	-0.074422	
	-0.224121	
	-0.114618	
	-0.141216	
	0.009974	
	-0.173885	
	-0.283056	
	0.066341	
	0.031992	
	-0.181714	
	0.014093	
	-0.178630	
	0.032267	
	-0.059616	
	-0.132565	
	-0.114715	
	-0.154248	
	-0.128773	
	-0.116733	
	-0.065222	
	-0.092547	
	-0.065090	
	-0.088447	
	-0.259615	
	-0.322899	
	-0.064464	
	-0.036466	
	0.010578	
	-0.244837	
	-0.216004	
	0.027557	
	0.088488	
	-0.113475	
	-0.123705	
	0.075320	
	-0.129359	
	-0.177398	
	-0.034154	
	-0.109789	
	-0.023471	
	-0.112766	
	-0.075112	
	-0.089443	
	-0.029426	
	0.068470	
	-0.026641	
	-0.170898	
	-0.071557	
	-0.024943	
	0.009502	
	-0.029906	
	0.059726	
	0.057811	
	-0.114582	
	0.153929	
	-0.111635	
	0.185185	
	-0.203416	
	-0.138942	
	0.017792	
	-0.137147	
	-0.015038	
	-0.098136	
	-0.164846	
	-0.194039	
	-0.215059	
	0.027351	
	0.217554	
	-0.106103	
	0.227482	
	-0.068904	
	-0.050512	
	0.101922	
	-0.228050	
	-0.139049	
	-0.093272	
	-0.269310	
	-0.280260	
	-0.050668	
	0.102291	
	0.120830	
	0.216681	
	0.064332	
	-0.081707	
	0.020307	
	-0.043752	
	0.063561	
	0.141156	
	0.156116	
	0.180270	
	-0.070263	
	-0.082380	
	-0.041548	
	-0.000072	
	0.051698	
	-0.145913	
	0.062280	
	-0.107095	
	-0.118915	
	0.036206	
	0.016550	
	-0.135703	
	-0.132252	
	-0.084913	
	-0.000156	
	0.025635	
	-0.227376	
	-0.290679	
	-0.062438	
	-0.311838	
	-0.228121	
	-0.069810	
	-0.148340	
	0.037856	
	0.022213	
	-0.019456	
	-0.155014	
	-0.092667	
	0.006847	
	-0.152765	
	-0.292915	
	-0.205504	
	-0.203557	
	0.103405	
	0.256458	
	0.223557	
	0.202461	
	0.019074	
	0.032136	
	-0.015595	
	0.079968	
	0.099480	
	0.185716	
	0.137015	
	-0.004034	
	0.156031	
	-0.083234	
	0.197228	
	0.277864	
	0.076483	
	-0.154366	
	-0.209867	
	-0.116006	
	-0.116488	
	-0.329108	
	-0.068983	
	-0.014128	
	0.090562	
	-0.135160	
	-0.058969	
	-0.031740	
	0.080735	
	-0.044650	
	-0.081568	
	0.117005	
	0.073315	
	-0.007283	
	-0.064798	
	0.289005	
	0.121367	
	0.049400	
	0.056307	
	0.110040	
	-0.192742	
	-0.043671	
	-0.108514	
	-0.064898	
	-0.104485	
	-0.016503	
	-0.040645	
	0.028723	
	-0.084001	
	-0.119475	
	0.048875	
	-0.266874	
	-0.178009	
	-0.112810	
	-0.044770	
	0.039878	
	-0.073130	
	-0.147497	
	-0.019475	
	0.014065	
	0.068226	
	0.180995	
	-0.076340	
	0.125448	
	0.047836	
	-0.094602	
	0.059635	
	0.204064	
	0.159132	
	0.127792	
	-0.119083	
	-0.032258	
	0.215525	
	0.135664	
	0.161668	
	0.094344	
	0.175136	
	-0.043847	
	0.005916	
	0.213455	
	0.210641	
	-0.216061	
	-0.143297	
	-0.188582	
	0.113426	
	0.100318	
	0.207373	
	0.149986	
	-0.010075	
	-0.093824	
	0.006201	
	0.152810	
	0.154117	
	-0.129686	
	-0.029944	
	0.203140	
	0.040179	
	0.168562	
	0.040932	
	-0.049618	
	0.031982	
	0.141947	
	0.175335	
	0.152909	
	0.096401	
	-0.067827	
	0.186425	
	-0.070680	
	-0.101181	
	0.141234	
	-0.113386	
	-0.169289	
	0.177265	
	0.276138	
	0.055906	
	0.176480	
	0.256018	
	0.027875	
	-0.060228	
	0.180127	
	0.083243	
	0.020362	
	0.025353	
	0.117408	
	-0.001228	
	0.155849	
	0.112192	
	0.212243	
	0.149330	
	-0.015459	
	0.043394	
	0.176152	
	0.021707	
	0.179560	
	0.121244	
	-0.089222	
	-0.007357	
	0.084284	
	0.219894	
	0.115461	
	0.233987	
	0.034994	
	-0.033432	
	0.201137	
	0.133865	
	-0.090536	
	0.223524	
	0.177317	
	0.176028	
	0.135811	
	0.200561	
	0.224060	
	0.162887	
	0.075048	
	0.059343	
	0.041382	
	-0.041981	
	0.208938	
	0.152468	
	0.266203	
	0.101280	
	0.156107	
	0.066678	
	0.037157	
	0.042749	
	-0.027496	
	0.032508	
	0.189274	
	0.119727	
	0.050161	
	0.021351	
	0.036226	
	0.080746	
	0.180646	
	0.050204	
	0.039183	
	0.050087	
	0.116187	
	0.052884	
	0.286566	
	0.154025	
	-0.038601	
	-0.042461	
	0.199203	
	-0.000613	
	-0.053256	
	0.046992	
	0.040010	
	0.136263	
	0.095709	
	-0.144065	
	0.108518	
	-0.091880	
	0.043785	
	0.000000	
	0.000000	
	0.000000	
	0.000000	
