_Brightness		
	0.363588	
	0.342429	
	0.172903	
	0.296506	
	0.225581	
	0.413553	
	0.740457	
	0.702067	
	0.621664	
	NaN	
	NaN	
	NaN	
	0.952307	
	0.975505	
	0.987961	
	0.973703	
	NaN	
	0.973201	
	0.953765	
	NaN	
	NaN	
	NaN	
	0.523898	
	0.709923	
	0.766837	
	0.725686	
	0.603802	
	0.602340	
	0.635456	
	0.616640	
	0.624909	
	0.603570	
	0.554000	
	0.620978	
	0.682886	
	0.760234	
	0.888808	
	0.836033	
	0.654077	
	0.546466	
	0.519390	
	0.543593	
	0.543074	
	NaN	
	0.729156	
	0.597407	
	0.604290	
	0.563057	
	0.408279	
	0.480858	
	0.520848	
	0.849396	
	0.766327	
	0.650537	
	0.652755	
	0.630652	
	0.941681	
	0.960899	
	0.983468	
	0.984438	
	0.935227	
	0.979556	
	0.990880	
	0.979196	
	0.984877	
	0.987167	
	0.949667	
	0.525189	
	0.701320	
	0.767059	
	0.728787	
	0.587475	
	0.614691	
	0.632876	
	0.616604	
	0.616936	
	0.623904	
	0.528207	
	0.631572	
	0.781311	
	0.859391	
	0.895976	
	0.815166	
	0.559064	
	0.532012	
	0.506022	
	0.533481	
	0.513886	
	NaN	
	0.709729	
	0.587342	
	0.543065	
	0.348760	
	0.266622	
	0.365546	
	0.359191	
	0.876817	
	0.914998	
	0.760726	
	NaN	
	NaN	
	0.949252	
	0.980463	
	0.980146	
	0.929255	
	NaN	
	0.969391	
	0.990674	
	0.982227	
	0.917932	
	NaN	
	0.942043	
	0.532319	
	0.644191	
	0.752349	
	0.716921	
	0.551975	
	0.580136	
	0.617256	
	0.626568	
	0.624023	
	0.614273	
	0.537534	
	0.778859	
	0.906085	
	0.925145	
	0.880303	
	0.702706	
	0.494255	
	0.872399	
	0.942111	
	0.874636	
	0.704350	
	0.674438	
	0.746605	
	0.547352	
	0.380765	
	0.220896	
	0.241345	
	0.379321	
	0.439826	
	0.886205	
	0.821294	
	0.656170	
	0.392130	
	0.402352	
	0.608298	
	0.740575	
	0.651316	
	0.384347	
	0.327681	
	0.721255	
	0.792475	
	0.705954	
	0.436223	
	0.308306	
	0.333816	
	0.561276	
	0.708546	
	0.733040	
	0.657409	
	0.554892	
	0.536147	
	0.543878	
	0.521651	
	0.534630	
	0.554132	
	0.474108	
	0.502602	
	0.618052	
	0.717120	
	0.565873	
	0.317490	
	0.264768	
	0.262753	
	0.254394	
	0.286080	
	0.293150	
	0.300227	
	0.616236	
	0.611246	
	0.494987	
	0.386053	
	0.396327	
	0.361072	
	0.405826	
	0.424382	
	0.424973	
	0.404811	
	0.451576	
	0.417320	
	0.494768	
	0.532033	
	0.542897	
	0.484636	
	0.453711	
	0.655426	
	0.647413	
	0.494338	
	0.388875	
	0.312738	
	0.345076	
	0.466029	
	0.553518	
	0.679804	
	0.636858	
	0.492417	
	0.497622	
	0.382884	
	0.421299	
	0.354359	
	0.383313	
	0.322833	
	0.385179	
	0.478945	
	0.494238	
	0.424696	
	0.264631	
	0.278370	
	0.321965	
	0.368531	
	0.178927	
	0.161157	
	0.194473	
	0.549129	
	0.594519	
	0.498446	
	0.307364	
	0.207059	
	0.200092	
	0.346895	
	0.360919	
	0.314958	
	0.269802	
	0.285287	
	0.464224	
	0.530994	
	0.548810	
	0.429584	
	0.294287	
	0.243490	
	0.289169	
	0.569416	
	0.533257	
	0.357747	
	0.230106	
	0.385073	
	0.496965	
	0.622083	
	0.696838	
	0.609709	
	0.490256	
	0.494168	
	0.473147	
	0.446271	
	0.411362	
	0.403597	
	0.399532	
	0.506127	
	0.506136	
	0.512789	
	0.434812	
	0.245443	
	0.226726	
	0.289748	
	0.289526	
	0.172633	
	0.100333	
	0.196212	
	0.568520	
	0.520642	
	0.443641	
	0.345181	
	0.305989	
	0.207081	
	0.137165	
	0.159931	
	0.115413	
	0.127377	
	0.245784	
	0.354581	
	0.512102	
	0.594448	
	0.479573	
	0.331562	
	0.252832	
	0.377213	
	0.594413	
	0.449717	
	0.281690	
	0.253092	
	0.429100	
	0.544461	
	0.702467	
	0.700473	
	0.631657	
	0.547301	
	0.609792	
	0.646815	
	0.496321	
	0.389264	
	0.323211	
	0.414697	
	0.607374	
	0.526315	
	0.458088	
	0.250981	
	0.197276	
	0.441311	
	0.535519	
	0.392642	
	0.290200	
	0.343854	
	0.371170	
	0.573448	
	0.499942	
	0.488246	
	0.510603	
	0.506055	
	0.525087	
	0.578653	
	0.605426	
	0.617355	
	0.513187	
	0.501924	
	0.517590	
	0.457130	
	0.429673	
	0.329997	
	0.276189	
	0.300720	
	0.537605	
	0.570121	
	0.431766	
	0.347406	
	0.363871	
	0.606260	
	0.625040	
	0.630591	
	0.679976	
	0.593332	
	0.485443	
	0.466015	
	0.490458	
	0.494128	
	0.491276	
	0.489795	
	0.478867	
	0.603475	
	0.500626	
	0.474862	
	0.378358	
	0.381748	
	0.451871	
	0.465826	
	0.559419	
	0.466849	
	0.415019	
	0.426150	
	0.621053	
	0.545260	
	0.493496	
	0.436705	
	0.310467	
	0.289920	
	0.334748	
	0.392062	
	0.403229	
	0.431612	
	0.383017	
	0.403210	
	0.497099	
	0.433325	
	0.324110	
	0.250054	
	0.328547	
	0.358474	
	0.367024	
	0.244249	
	0.236563	
	0.236031	
	0.399310	
	0.533995	
	0.702435	
	0.634561	
	0.527814	
	0.449504	
	0.462557	
	0.507380	
	0.474368	
	0.374259	
	0.329796	
	0.329261	
	0.374832	
	0.495380	
	0.502988	
	0.425842	
	0.369909	
	0.370188	
	0.446301	
	0.389836	
	0.322497	
	0.327283	
	0.421479	
	0.544399	
	0.432993	
	0.304800	
	0.274863	
	0.232859	
	0.285835	
	0.409265	
	0.371634	
	0.306741	
	0.287176	
	0.281470	
	0.548790	
	0.551442	
	0.378451	
	0.252571	
	0.231403	
	0.183259	
	0.401254	
	0.437759	
	0.329182	
	0.208740	
	0.189005	
	0.477069	
	0.613346	
	0.627374	
	0.548293	
	0.452730	
	0.458341	
	0.425279	
	0.366193	
	0.365838	
	0.335978	
	0.341893	
	0.399933	
	0.452286	
	0.460446	
	0.528232	
	0.386397	
	0.205721	
	0.215260	
	0.300614	
	0.180109	
	0.099609	
	0.151268	
	0.182965	
	0.618682	
	0.526294	
	0.381151	
	0.316881	
	0.186763	
	0.176648	
	0.234640	
	0.237082	
	0.116378	
	0.223500	
	0.296397	
	0.439003	
	0.424957	
	0.444310	
	0.394694	
	0.265508	
	0.400151	
	0.423831	
	0.384407	
	0.244646	
	0.209340	
	0.229398	
	0.506159	
	0.573430	
	0.687120	
	0.675812	
	0.590993	
	0.514590	
	0.556064	
	0.548318	
	0.643529	
	0.479723	
	0.314829	
	0.350995	
	0.432023	
	0.462140	
	0.388568	
	0.221243	
	0.275324	
	0.283400	
	0.465758	
	0.424521	
	0.353129	
	0.309158	
	0.348950	
	0.604464	
	0.478763	
	0.348205	
	0.397128	
	0.338400	
	0.303903	
	0.345758	
	0.175054	
	0.286880	
	0.372427	
	0.244099	
	0.618960	
	0.600033	
	0.479058	
	0.438644	
	0.429541	
	0.404698	
	0.597242	
	0.612938	
	0.460650	
	0.388161	
	0.363933	
	0.566000	
	0.597942	
	0.578187	
	0.508139	
	0.449588	
	0.449633	
	0.440180	
	0.446245	
	0.437919	
	0.466457	
	0.438790	
	0.515255	
	0.735121	
	0.684744	
	0.664953	
	0.669068	
	0.669181	
	0.687670	
	0.651358	
	0.660240	
	0.661638	
	0.634021	
	0.608577	
	0.633478	
	0.577435	
	0.565770	
	0.557117	
	0.609950	
	0.599195	
	0.587484	
	0.567684	
	0.574672	
	0.582477	
	0.621791	
	0.645563	
	0.572854	
	0.544618	
	0.553535	
	0.516151	
	0.556069	
	0.542394	
	0.532418	
	0.500396	
	0.510400	
	0.522351	
	0.496326	
	0.501980	
	0.665123	
	0.668495	
	0.620851	
	0.558968	
	0.546171	
	0.519386	
	0.554368	
	0.494093	
	0.468871	
	0.452141	
	0.508615	
	0.459505	
	0.519896	
	0.473441	
	0.440767	
	0.423686	
	0.466183	
	0.447818	
	0.389179	
	0.407585	
	0.443920	
	0.619878	
	0.549070	
	0.546771	
	0.445723	
	0.443692	
	0.414678	
	0.493665	
	0.521284	
	0.523569	
	0.507931	
	0.545113	
	0.608519	
	0.569417	
	0.554072	
	0.509598	
	0.418314	
	0.408110	
	0.475807	
	0.640212	
	0.616263	
	0.505723	
	0.487276	
	0.561627	
	0.561689	
	0.679550	
	0.651574	
	0.523201	
	0.501154	
	0.530749	
	0.546679	
	0.570705	
	0.597197	
	0.579741	
	0.588347	
	0.718637	
	0.548109	
	0.602098	
	0.676748	
	0.619563	
	0.584617	
	0.660768	
	0.481092	
	0.500618	
	0.425615	
	0.423895	
	0.703428	
	0.559016	
	0.568395	
	0.523359	
	0.343943	
	0.277824	
	0.365255	
	0.630687	
	0.638368	
	0.444309	
	0.527836	
	0.531912	
	0.612654	
	0.550363	
	0.472071	
	0.303111	
	0.317314	
	0.646173	
	0.628206	
	0.539636	
	0.332244	
	0.349121	
	0.382973	
	0.508854	
	0.666168	
	0.685048	
	0.668504	
	0.570939	
	0.608147	
	0.609924	
	0.612649	
	0.464042	
	0.385655	
	0.413987	
	0.550031	
	0.529490	
	0.529054	
	0.388405	
	0.277782	
	0.404492	
	0.579197	
	0.608833	
	0.484253	
	0.399070	
	0.446195	
	0.644468	
	0.542486	
	0.527481	
	0.478716	
	0.457415	
	0.454174	
	0.534901	
	0.506882	
	0.464667	
	0.483935	
	0.458272	
	0.601544	
	0.639462	
	0.533694	
	0.402747	
	0.350007	
	0.379477	
	0.684398	
	0.650573	
	0.541809	
	0.427859	
	0.413177	
	0.631640	
	0.627046	
	0.593837	
	0.646363	
	0.621494	
	0.506640	
	0.488796	
	0.471994	
	0.489321	
	0.443321	
	0.503448	
	0.540894	
	0.676651	
	0.696457	
	0.735304	
	0.600933	
	0.556349	
	0.552221	
	0.623728	
	0.558845	
	0.507394	
	0.489987	
	0.492721	
	0.665712	
	0.596618	
	0.634909	
	0.592738	
	0.579375	
	0.516145	
	0.524214	
	0.537178	
	0.563494	
	0.558606	
	0.629505	
	0.620112	
	0.524761	
	0.555249	
	0.609800	
	0.587609	
	0.637097	
	0.580819	
	0.552445	
	0.666783	
	0.624257	
	0.560099	
	0.578206	
	0.595205	
	0.603161	
	0.706949	
	0.672585	
	0.641024	
	0.618129	
	0.550975	
	0.556225	
	0.532314	
	0.547959	
	0.511757	
	0.520681	
	0.607334	
	0.628791	
	0.542931	
	0.494968	
	0.499965	
	0.571369	
	0.572034	
	0.480274	
	0.452892	
	0.478108	
	0.625235	
	0.542227	
	0.472053	
	0.500239	
	0.514262	
	0.488582	
	0.530127	
	0.610980	
	0.583065	
	0.563104	
	0.532613	
	0.557544	
	0.652853	
	0.695130	
	0.652831	
	0.563612	
	0.491519	
	0.485242	
	0.570958	
	0.549885	
	0.504830	
	0.516852	
	0.548402	
	0.584783	
	0.569347	
	0.627595	
	0.590026	
	0.550426	
	0.531463	
	0.599375	
	0.551189	
	0.576419	
	0.569014	
	0.621285	
	0.600809	
	0.645112	
	0.708078	
	0.661321	
	0.649637	
	0.646322	
	0.634841	
	0.679820	
	0.643358	
	0.643081	
	0.680113	
	0.577289	
	0.604106	
	0.587122	
	0.556437	
	0.538740	
	0.437904	
	0.332073	
	0.596334	
	0.582741	
	0.442276	
	0.454989	
	0.440787	
	0.630230	
	0.514948	
	0.504052	
	0.426847	
	0.312171	
	0.640664	
	0.698165	
	0.671440	
	0.635100	
	0.483244	
	0.366735	
	0.534514	
	0.556045	
	0.682221	
	0.713204	
	0.645227	
	0.541797	
	0.597024	
	0.597075	
	0.548441	
	0.463988	
	0.409924	
	0.406141	
	0.569377	
	0.548569	
	0.478533	
	0.425051	
	0.392691	
	0.536456	
	0.613028	
	0.592604	
	0.419062	
	0.395342	
	0.429962	
	0.631002	
	0.414014	
	0.307024	
	0.298632	
	0.379606	
	0.386735	
	0.525520	
	0.392228	
	0.426415	
	0.469874	
	0.510894	
	0.626569	
	0.567692	
	0.569153	
	0.486439	
	0.417581	
	0.431048	
	0.497503	
	0.527110	
	0.463076	
	0.506114	
	0.622991	
	0.685955	
	0.683527	
	0.574813	
	0.523183	
	0.480203	
	0.440584	
	0.495848	
	0.515229	
	0.510493	
	0.537801	
	0.577017	
	0.590808	
	0.567661	
	0.570623	
	0.582680	
	0.519123	
	0.530156	
	0.581508	
	0.598874	
	0.527536	
	0.377829	
	0.430062	
	0.550826	
	0.444181	
	0.586084	
	0.626617	
	0.551028	
	0.525974	
	0.615017	
	0.693149	
	0.694915	
	0.611170	
	0.549783	
	0.437099	
	0.457161	
	0.474056	
	0.487647	
	0.402342	
	0.419733	
	0.479636	
	0.424011	
	0.475267	
	0.364815	
	0.441386	
	0.526467	
	0.552615	
	0.525074	
	0.621320	
	0.602589	
	0.503343	
	0.423592	
	0.369143	
	0.378270	
	0.372464	
	0.362802	
	0.317022	
	0.267218	
	0.298205	
	0.353610	
	0.370992	
	0.314512	
	0.286701	
	0.251730	
	0.303624	
	0.237170	
	0.220557	
	0.389544	
	0.360185	
	0.537476	
	0.475667	
	0.469218	
	0.510820	
	0.489085	
	0.475875	
	0.535701	
	0.408741	
	0.301762	
	0.376652	
	0.265942	
	0.361986	
	0.492963	
	0.462391	
	0.383552	
	0.286973	
	0.263628	
	0.354497	
	0.476142	
	0.483134	
	0.469353	
	0.497923	
	0.547258	
	0.601291	
	0.599081	
	0.531842	
	0.466139	
	0.486275	
	0.504064	
	0.513553	
	0.526134	
	0.554853	
	0.600307	
	0.571225	
	0.527292	
	0.491904	
	0.514744	
	0.528538	
	0.417591	
	0.454480	
	0.516228	
	0.315118	
	0.266530	
	0.368859	
	0.432884	
	0.667490	
	0.501157	
	0.333058	
	0.297411	
	0.224460	
	0.263867	
	0.309067	
	0.527784	
	0.710967	
	0.816298	
	0.900342	
	0.771427	
	0.453169	
	0.455627	
	0.311333	
	0.225895	
	0.268438	
	0.418932	
	0.375041	
	0.310436	
	0.271245	
	0.359912	
	0.291176	
	0.390798	
	0.511473	
	0.550572	
	0.470468	
	0.399711	
	0.455380	
	0.445870	
	0.493214	
	0.433101	
	0.350013	
	0.365451	
	0.491960	
	0.442760	
	0.253764	
	0.226360	
	0.284871	
	0.632633	
	0.660132	
	0.709159	
	0.790024	
	0.859080	
	0.821095	
	0.518925	
	0.454622	
	0.400179	
	0.306001	
	0.228962	
	0.200769	
	0.254075	
	0.198672	
	0.187948	
	0.221456	
	0.277909	
	0.315970	
	0.520947	
	0.470293	
	0.441558	
	0.312369	
	0.322001	
	0.329600	
	0.441653	
	0.398030	
	0.251857	
	0.258200	
	0.502149	
	0.577932	
	0.662079	
	0.551374	
	0.443692	
	0.400608	
	0.415199	
	0.399513	
	0.332909	
	0.336422	
	0.338278	
	0.390330	
	0.521131	
	0.550970	
	0.516872	
	0.368367	
	0.275639	
	0.202267	
	0.349306	
	0.312409	
	0.148890	
	0.123134	
	0.317538	
	0.461856	
	0.379430	
	0.323054	
	0.330373	
	0.344686	
	0.326804	
	0.282976	
	0.339248	
	0.402770	
	0.460114	
	0.474646	
	0.517805	
	0.520025	
	0.450403	
	0.467023	
	0.404826	
	0.345358	
	0.390602	
	0.481132	
	0.346252	
	0.418556	
	0.773532	
	0.692902	
	0.568157	
	0.545471	
	0.616573	
	0.574405	
	0.503233	
	0.501122	
	0.517609	
	0.483770	
	0.455340	
	0.771526	
	0.690819	
	0.535806	
	0.495998	
	0.559371	
	0.507750	
	0.489889	
	0.471778	
	0.428980	
	0.416486	
	0.254162	
	0.215701	
	0.251443	
	0.476048	
	0.358500	
	0.225574	
	0.258376	
	0.311567	
	0.306262	
	0.339738	
	0.376203	
	0.410784	
	0.355300	
	0.425002	
	0.562224	
	0.598407	
	0.443526	
	0.409126	
	0.616838	
	0.740367	
	0.763571	
	0.635942	
	0.518694	
	0.587757	
	0.586093	
	0.527728	
	0.545599	
	0.618819	
	0.607368	
	0.539588	
	0.461053	
	0.404927	
	0.401272	
	0.351187	
	0.367384	
	0.349681	
	0.294713	
	0.342011	
	0.414720	
	0.437557	
	0.442843	
	0.462837	
	0.488113	
	0.436047	
	0.390866	
	0.415216	
	0.500597	
	0.504700	
	0.538736	
	0.448833	
	0.327118	
	0.322771	
	0.365355	
	0.381452	
	0.383004	
	0.297228	
	0.214695	
	0.198954	
	0.534304	
	0.593548	
	0.576810	
	0.570344	
	0.606159	
	0.640501	
	0.628033	
	0.545734	
	0.497202	
	0.438501	
	0.610388	
	0.761809	
	0.766949	
	0.591875	
	0.661616	
	0.659671	
	0.624788	
	0.547739	
	0.573084	
	0.502155	
	0.475061	
	0.445607	
	0.396558	
	0.533570	
	0.592442	
	0.503844	
	0.445224	
	0.441576	
	0.448793	
	0.551224	
	0.474124	
	0.248945	
	0.268415	
	0.634980	
	0.886121	
	0.596536	
	0.495358	
	0.501162	
	0.502856	
	0.506096	
	0.459971	
	0.449602	
	0.459761	
	0.486650	
	0.673857	
	0.828267	
	0.524600	
	0.572162	
	0.548216	
	0.434032	
	0.338989	
	0.417046	
	0.491250	
	0.573195	
	0.518800	
	0.492793	
	0.525573	
	0.498917	
	0.618731	
	0.641527	
	0.552540	
	0.485042	
	0.512547	
	0.527378	
	0.533383	
	0.547737	
	0.560241	
	0.539432	
	0.523676	
	0.486177	
	0.417552	
	0.416300	
	0.450202	
	0.448750	
	0.481917	
	0.523132	
	0.510179	
	0.528723	
	0.561661	
	0.592439	
	0.617265	
	0.517864	
	0.511300	
	0.549498	
	0.490275	
	0.459738	
	0.467079	
	0.581523	
	0.569702	
	0.526044	
	0.401990	
	0.406163	
	0.440122	
	0.467390	
	0.412310	
	0.416430	
	0.386688	
	0.430226	
	0.409440	
	0.398055	
	0.321693	
	0.434907	
	0.477594	
	0.463630	
	0.573680	
	0.511444	
	0.454874	
	0.386248	
	0.372148	
	0.362974	
	0.331176	
	0.309335	
	0.328319	
	0.239269	
	0.269648	
	0.316573	
	0.350010	
	0.336387	
	0.270970	
	0.269906	
	0.342830	
	0.311313	
	0.199567	
	0.286331	
	0.430283	
	0.537281	
	0.488364	
	0.470818	
	0.523817	
	0.482194	
	0.461311	
	0.457953	
	0.357072	
	0.258023	
	0.354791	
	0.286207	
	0.347372	
	0.586211	
	0.592067	
	0.449830	
	0.302203	
	0.270087	
	0.371363	
	0.432655	
	0.451472	
	0.484525	
	0.557916	
	0.581122	
	0.563875	
	0.614375	
	0.599721	
	0.540640	
	0.517434	
	0.562949	
	0.537136	
	0.607973	
	0.598357	
	0.555749	
	0.450018	
	0.490046	
	0.587799	
	0.506048	
	0.423219	
	0.434836	
	0.441797	
	0.502132	
	0.471559	
	0.409557	
	0.402055	
	0.442489	
	0.613753	
	0.483793	
	0.423217	
	0.315599	
	0.271606	
	0.218801	
	0.252030	
	0.444704	
	0.704156	
	0.804492	
	0.854896	
	0.832523	
	0.532824	
	0.432015	
	0.349265	
	0.275008	
	0.251380	
	0.320887	
	0.381306	
	0.334358	
	0.249672	
	0.252474	
	0.244322	
	0.366674	
	0.513012	
	0.549268	
	0.528525	
	0.419691	
	0.434676	
	0.439689	
	0.489160	
	0.360352	
	0.319605	
	0.335127	
	0.353830	
	0.418468	
	0.442525	
	0.295869	
	0.214214	
	0.292242	
	0.496676	
	0.614897	
	0.741496	
	0.789377	
	0.818522	
	0.789496	
	0.523957	
	0.443455	
	0.369296	
	0.301832	
	0.243621	
	0.253001	
	0.268698	
	0.213717	
	0.179378	
	0.217146	
	0.287916	
	0.405164	
	0.475495	
	0.414800	
	0.331372	
	0.350098	
	0.352054	
	0.407725	
	0.402101	
	0.339477	
	0.375369	
	0.412220	
	0.574503	
	0.676201	
	0.623247	
	0.529389	
	0.394851	
	0.378202	
	0.390262	
	0.371356	
	0.343985	
	0.341560	
	0.357002	
	0.511350	
	0.521112	
	0.430025	
	0.346686	
	0.193397	
	0.259114	
	0.312448	
	0.373719	
	0.266306	
	0.358729	
	0.417606	
	0.544955	
	0.542153	
	0.481352	
	0.341746	
	0.238992	
	0.179579	
	0.255955	
	0.600938	
	0.752798	
	0.831458	
	0.706531	
	0.656420	
	0.592901	
	0.607098	
	0.591360	
	0.563244	
	0.606231	
	0.588848	
	0.572677	
	0.514587	
	0.487757	
	0.567181	
	0.601201	
	0.522101	
	0.638237	
	0.619144	
	0.605894	
	0.543577	
	0.513431	
	0.568004	
	0.644090	
	0.566462	
	0.519412	
	0.441098	
	0.461220	
	0.535215	
	0.576256	
	0.438585	
	0.307647	
	0.279615	
	0.302107	
	0.331958	
	0.319290	
	0.332637	
	0.371343	
	0.475322	
	0.409679	
	0.353519	
	0.378774	
	0.425790	
	0.484957	
	0.498817	
	0.533517	
	0.433304	
	0.425352	
	0.495538	
	0.503466	
	0.555703	
	0.545472	
	0.502989	
	0.458953	
	0.457737	
	0.480716	
	0.552637	
	0.533051	
	0.551386	
	0.505206	
	0.500321	
	0.583266	
	0.614417	
	0.626074	
	0.578760	
	0.472765	
	0.421703	
	0.485006	
	0.466162	
	0.383309	
	0.382079	
	0.417879	
	0.489933	
	0.610348	
	0.586813	
	0.517848	
	0.511996	
	0.429390	
	0.469792	
	0.402384	
	0.402816	
	0.404141	
	0.342937	
	0.325068	
	0.356780	
	0.331494	
	0.245676	
	0.304601	
	0.287491	
	0.288836	
	0.371021	
	0.612756	
	0.764718	
	0.796298	
	0.713155	
	0.569080	
	0.534572	
	0.360016	
	0.303887	
	0.326931	
	0.329160	
	0.355209	
	0.331780	
	0.449333	
	0.531534	
	0.571832	
	0.520043	
	0.574814	
	0.573186	
	0.522453	
	0.489231	
	0.546386	
	0.564829	
	0.526808	
	0.565068	
	0.749886	
	0.812205	
	0.655215	
	0.607327	
	0.542202	
	0.407666	
	0.349763	
	0.567570	
	0.520730	
	0.467219	
	0.364146	
	0.392289	
	0.569002	
	0.613629	
	0.539806	
	0.470787	
	0.428490	
	0.520679	
	0.654479	
	0.577624	
	0.612320	
	0.574159	
	0.586930	
	0.537331	
	0.483158	
	0.577266	
	0.479060	
	0.296564	
	0.336654	
	0.310027	
	0.291580	
	0.312692	
	0.419818	
	0.429519	
	0.425713	
	0.523007	
	0.525279	
	0.587651	
	0.602406	
	0.544467	
	0.514144	
	0.476618	
	0.511589	
	0.529702	
	0.542364	
	0.451999	
	0.367659	
	0.483138	
	0.656473	
	0.539323	
	0.408948	
	0.358238	
	0.436796	
	0.360600	
	0.334211	
	0.434099	
	0.419193	
	0.448777	
	0.556605	
	0.482182	
	0.469501	
	0.544809	
	0.574490	
	0.597515	
	0.605904	
	0.632268	
	0.591259	
	0.547171	
	0.524717	
	0.492542	
	0.530747	
	0.521646	
	0.445774	
	0.367882	
	0.376592	
	0.401319	
	0.426852	
	0.446734	
	0.369065	
	0.425800	
	0.526665	
	0.545786	
	0.559061	
	0.533852	
	0.544891	
	0.555506	
	0.528886	
	0.501919	
	0.517154	
	0.435018	
	0.398909	
	0.365984	
	0.392767	
	0.534058	
	0.438601	
	0.426833	
	0.418876	
	0.413291	
	0.357493	
	0.339989	
	0.280011	
	0.370084	
	0.509611	
	0.583254	
	0.565374	
	0.484982	
	0.474285	
	0.590898	
	0.598335	
	0.602575	
	0.603039	
	0.576856	
	0.616906	
	0.589126	
	0.592255	
	0.572036	
	0.554227	
	0.545220	
	0.477685	
	0.551310	
	0.542314	
	0.433895	
	0.544508	
	0.549026	
	0.535060	
	0.555892	
	0.520918	
	0.530494	
	0.553838	
	0.562577	
	0.495005	
	0.556763	
	0.467743	
	0.414121	
	0.327409	
	0.351829	
	0.414220	
	0.483657	
	0.726384	
	0.666275	
	0.630206	
	0.577456	
	0.565760	
	0.533180	
	0.548446	
	0.598830	
	0.574170	
	0.648454	
	0.903375	
	0.549559	
	0.510023	
	0.565471	
	0.503004	
	0.475910	
	0.486451	
	0.563256	
	0.525151	
	0.447138	
	0.460829	
	0.432131	
	0.449979	
	0.369360	
	0.337369	
	0.292138	
	0.249788	
	0.362936	
	0.486245	
	0.432869	
	0.486965	
	0.526678	
	0.476955	
	0.400363	
	0.298547	
	0.311755	
	0.303772	
	0.338526	
	0.180313	
	0.492051	
	0.429994	
	0.420251	
	0.486181	
	0.479722	
	0.347560	
	0.271409	
	0.457567	
	0.595920	
	0.626514	
	0.587639	
	0.471906	
	0.517392	
	0.544865	
	0.526473	
	0.506628	
	0.477498	
	0.471625	
	0.330614	
	0.241358	
	0.273320	
	0.343250	
	0.381734	
	0.345137	
	0.408835	
	0.439801	
	0.362334	
	0.390696	
	0.358222	
	0.402029	
	0.325243	
	0.395246	
	0.393844	
	0.382990	
	0.381340	
	0.387161	
	0.387729	
	0.291983	
	0.118445	
	0.113783	
	0.668003	
	0.585965	
	0.393601	
	0.243788	
	0.232316	
	0.184589	
	0.206737	
	0.149577	
	0.181707	
	0.210205	
	0.146013	
	0.145920	
	0.180029	
	0.200744	
	0.227611	
	0.289649	
	0.217889	
	0.218641	
	0.278321	
	0.248521	
	0.254443	
	0.382834	
	0.787418	
	0.686506	
	0.422234	
	0.373267	
	0.428822	
	0.461730	
	0.465108	
	0.403193	
	0.383350	
	0.379768	
	0.447506	
	0.408057	
	0.484880	
	0.447487	
	0.472622	
	0.494292	
	0.494668	
	0.450534	
	0.469112	
	0.414018	
	0.347080	
	0.514582	
	0.504384	
	0.522565	
	0.572775	
	0.552476	
	0.472474	
	0.420429	
	0.345363	
	0.365195	
	0.314897	
	0.309391	
	0.314946	
	0.272284	
	0.269187	
	0.294379	
	0.368549	
	0.343120	
	0.315660	
	0.282873	
	0.292396	
	0.249950	
	0.217490	
	0.435709	
	0.496663	
	0.434851	
	0.448239	
	0.499666	
	0.476881	
	0.438803	
	0.431775	
	0.428083	
	0.355525	
	0.355944	
	0.334225	
	0.271466	
	0.504415	
	0.568292	
	0.522622	
	0.417219	
	0.293044	
	0.283576	
	0.437438	
	0.494778	
	0.511114	
	0.543944	
	0.576098	
	0.562224	
	0.593789	
	0.601402	
	0.555246	
	0.488456	
	0.520391	
	0.539197	
	0.540218	
	0.585070	
	0.624156	
	0.665031	
	0.680696	
	0.534944	
	0.484107	
	0.492395	
	0.459323	
	0.497978	
	0.510270	
	0.445684	
	0.417827	
	0.411050	
	0.394635	
	0.578452	
	0.568147	
	0.482150	
	0.464404	
	0.504767	
	0.498950	
	0.427952	
	0.438960	
	0.630451	
	0.782717	
	0.800936	
	0.797949	
	0.547726	
	0.477772	
	0.396463	
	0.280490	
	0.271790	
	0.336763	
	0.347228	
	0.269653	
	0.236312	
	0.252266	
	0.253537	
	0.331343	
	0.493906	
	0.581599	
	0.531394	
	0.477825	
	0.454899	
	0.509837	
	0.540725	
	0.382242	
	0.382648	
	0.405685	
	0.400861	
	0.460852	
	0.445145	
	0.465159	
	0.315092	
	0.236153	
	0.266132	
	0.430991	
	0.556798	
	0.722467	
	0.815941	
	0.796083	
	0.515356	
	0.468088	
	0.404539	
	0.296686	
	0.302798	
	0.291669	
	0.308859	
	0.265304	
	0.275052	
	0.290433	
	0.355037	
	0.407893	
	0.472903	
	0.430743	
	0.381144	
	0.326169	
	0.307230	
	0.358389	
	0.394676	
	0.366008	
	0.304900	
	0.264253	
	0.585908	
	0.634580	
	0.653415	
	0.549461	
	0.472896	
	0.428219	
	0.456301	
	0.472759	
	0.463621	
	0.445845	
	0.451996	
	0.456801	
	0.595178	
	0.554638	
	0.457804	
	0.369657	
	0.366910	
	0.409844	
	0.464590	
	0.369583	
	0.301517	
	0.516373	
	0.537791	
	0.464037	
	0.335174	
	0.287481	
	0.349248	
	0.344514	
	0.340223	
	0.401367	
	0.455469	
	0.401918	
	0.306514	
	0.484395	
	0.398762	
	0.329748	
	0.344626	
	0.319633	
	0.356050	
	0.397338	
	0.453915	
	0.421258	
	0.316495	
	0.322197	
	0.380366	
	0.309719	
	0.407751	
	0.536386	
	0.579858	
	0.575432	
	0.535569	
	0.540447	
	0.524495	
	0.549118	
	0.461326	
	0.462006	
	0.314130	
	0.359215	
	0.456482	
	0.514184	
	0.534657	
	0.568445	
	0.531414	
	0.413479	
	0.320398	
	0.257474	
	0.382699	
	0.437427	
	0.480011	
	0.518476	
	0.445406	
	0.514842	
	0.459067	
	0.532840	
	0.510381	
	0.449512	
	0.526079	
	0.702210	
	0.728288	
	0.664955	
	0.593462	
	0.436082	
	0.429067	
	0.463358	
	0.522733	
	0.523814	
	0.576069	
	0.591131	
	0.571491	
	0.562240	
	0.570689	
	0.582243	
	0.632675	
	0.591242	
	0.513207	
	0.503807	
	0.452177	
	0.618948	
	0.774736	
	0.736490	
	0.583764	
	0.486121	
	0.558649	
	0.527231	
	0.491825	
	0.563405	
	0.495148	
	0.497214	
	0.469201	
	0.447822	
	0.502162	
	0.427809	
	0.459801	
	0.563736	
	0.557219	
	0.491430	
	0.371697	
	0.359271	
	0.366105	
	0.320665	
	0.315564	
	0.315143	
	0.311495	
	0.616065	
	0.637285	
	0.545431	
	0.552212	
	0.570902	
	0.588025	
	0.614795	
	0.566501	
	0.462492	
	0.511827	
	0.649294	
	0.724128	
	0.611427	
	0.577807	
	0.603465	
	0.649296	
	0.580063	
	0.544715	
	0.475392	
	0.488420	
	0.449626	
	0.421392	
	0.560036	
	0.585929	
	0.530292	
	0.524749	
	0.494627	
	0.503329	
	0.487251	
	0.446392	
	0.280092	
	0.456698	
	0.560126	
	0.722670	
	0.711389	
	0.635769	
	0.539127	
	0.411281	
	0.438685	
	0.409639	
	0.428502	
	0.464147	
	0.441208	
	0.541260	
	0.752300	
	0.643988	
	0.595906	
	0.586759	
	0.540163	
	0.424747	
	0.403362	
	0.511043	
	0.514020	
	0.509350	
	0.536330	
	0.541132	
	0.567413	
	0.602306	
	0.536176	
	0.655501	
	0.636871	
	0.578633	
	0.516368	
	0.534839	
	0.594619	
	0.616323	
	0.552959	
	0.573450	
	0.572191	
	0.608950	
	0.567819	
	0.462982	
	0.473052	
	0.474546	
	0.538974	
	0.666368	
	0.704342	
	0.667350	
	0.684607	
	0.656407	
	0.645176	
	0.522308	
	0.533210	
	0.565708	
	0.594932	
	0.579492	
	0.519741	
	0.497280	
	0.567162	
	0.565652	
	0.554108	
	0.479357	
	0.422064	
	0.451550	
	0.443167	
	0.470433	
	0.500760	
	0.492387	
	0.504988	
	0.435190	
	0.295249	
	0.369384	
	0.461855	
	0.467540	
	0.556293	
	0.575678	
	0.537829	
	0.451054	
	0.412198	
	0.388746	
	0.423005	
	0.353756	
	0.334739	
	0.318994	
	0.253731	
	0.305397	
	0.376507	
	0.390500	
	0.355964	
	0.306695	
	0.296203	
	0.369621	
	0.315401	
	0.199380	
	0.365100	
	0.504872	
	0.523543	
	0.510865	
	0.470980	
	0.485149	
	0.417126	
	0.434120	
	0.385305	
	0.325756	
	0.354676	
	0.311151	
	0.271034	
	0.464138	
	0.510311	
	0.384713	
	0.302981	
	0.308976	
	0.447614	
	0.501053	
	0.493308	
	0.444333	
	0.511522	
	0.522162	
	0.591606	
	0.596802	
	0.611062	
	0.612508	
	0.532610	
	0.538370	
	0.541835	
	0.571917	
	0.599871	
	0.635356	
	0.640600	
	0.558792	
	0.523469	
	0.509189	
	0.473517	
	0.443074	
	0.462207	
	0.372473	
	0.396260	
	0.313489	
	0.302760	
	0.429860	
	0.539875	
	0.541245	
	0.389435	
	0.285077	
	0.299921	
	0.312121	
	0.395748	
	0.524595	
	0.752089	
	0.912340	
	0.954507	
	0.769240	
	0.508044	
	0.415963	
	0.381634	
	0.350543	
	0.263958	
	0.463174	
	0.532700	
	0.462037	
	0.423129	
	0.313615	
	0.245187	
	0.330974	
	0.493310	
	0.489582	
	0.467890	
	0.431425	
	0.445139	
	0.484752	
	0.509127	
	0.314514	
	0.317185	
	0.302149	
	0.304421	
	0.424607	
	0.457085	
	0.308886	
	0.195364	
	0.194693	
	0.369937	
	0.556612	
	0.622340	
	0.748079	
	0.805335	
	0.649274	
	0.554140	
	0.512248	
	0.481788	
	0.374430	
	0.354743	
	0.402339	
	0.361750	
	0.312541	
	0.347236	
	0.386121	
	0.474049	
	0.508518	
	0.458251	
	0.456423	
	0.463337	
	0.438641	
	0.440905	
	0.505230	
	0.398179	
	0.384266	
	0.417806	
	0.535346	
	0.583945	
	0.662630	
	0.594581	
	0.499008	
	0.449436	
	0.433653	
	0.432658	
	0.374397	
	0.402381	
	0.360378	
	0.372848	
	0.558723	
	0.577523	
	0.519598	
	0.449679	
	0.416869	
	0.457186	
	0.487801	
	0.454044	
	0.341998	
	0.301785	
	0.280321	
	0.499999	
	0.442980	
	0.361976	
	0.394485	
	0.399651	
	0.369154	
	0.368451	
	0.316166	
	0.314480	
	0.329052	
	0.359205	
	0.509670	
	0.624161	
	0.580267	
	0.483681	
	0.404753	
	0.362586	
	0.315848	
	0.491769	
	0.609531	
	0.782290	
	0.835414	
	0.844960	
	0.614310	
	0.608321	
	0.642940	
	0.656718	
	0.533314	
	0.555311	
	0.557772	
	0.517430	
	0.511955	
	0.451515	
	0.457510	
	0.501302	
	0.511885	
	0.506542	
	0.443413	
	0.391581	
	0.378269	
	0.503846	
	0.590307	
	0.545289	
	0.535458	
	0.553700	
	0.538903	
	0.499650	
	0.525001	
	0.473966	
	0.518610	
	0.575543	
	0.613104	
	0.567239	
	0.435756	
	0.357127	
	0.313411	
	0.267322	
	0.421797	
	0.442324	
	0.396905	
	0.406842	
	0.394036	
	0.367537	
	0.476409	
	0.468277	
	0.460262	
	0.405023	
	0.362281	
	0.479045	
	0.582238	
	0.598223	
	0.518943	
	0.420086	
	0.374820	
	0.370905	
	0.404380	
	0.379292	
	0.347967	
	0.268441	
	0.370560	
	0.463642	
	0.411012	
	0.387933	
	0.304230	
	0.267234	
	0.355084	
	0.324074	
	0.339699	
	0.565085	
	0.725051	
	0.630941	
	0.427316	
	0.382313	
	0.323792	
	0.334872	
	0.348225	
	0.330312	
	0.313162	
	0.339461	
	0.249932	
	0.216456	
	0.231337	
	0.397659	
	0.482868	
	0.480529	
	0.484115	
	0.445435	
	0.429594	
	0.372889	
	0.253659	
	0.306523	
	0.389265	
	0.517908	
	0.559508	
	0.631997	
	0.618308	
	0.563285	
	0.488676	
	0.508677	
	0.502040	
	0.426557	
	0.510666	
	0.420306	
	0.340029	
	0.414112	
	0.607815	
	0.578606	
	0.419156	
	0.420865	
	0.561987	
	0.552138	
	0.715979	
	0.795852	
	0.820370	
	0.732590	
	0.589902	
	0.575771	
	0.445384	
	0.406449	
	0.367650	
	0.549316	
	0.523426	
	0.577211	
	0.625067	
	0.621302	
	0.606137	
	0.574745	
	0.569427	
	0.501614	
	0.673627	
	0.792892	
	0.830436	
	0.719722	
	0.599145	
	0.529987	
	0.474340	
	0.472077	
	0.542264	
	0.535948	
	0.623498	
	0.619545	
	0.546905	
	0.507059	
	0.526691	
	0.531121	
	0.503647	
	0.422523	
	0.358218	
	0.388555	
	0.590763	
	0.599560	
	0.589309	
	0.505274	
	0.365861	
	0.391104	
	0.420111	
	0.609536	
	0.581521	
	0.428268	
	0.483739	
	0.582701	
	0.596443	
	0.509370	
	0.508799	
	0.531271	
	0.538211	
	0.544815	
	0.574146	
	0.563342	
	0.568497	
	0.585974	
	0.583004	
	0.575039	
	0.643961	
	0.577722	
	0.473908	
	0.500023	
	0.554547	
	0.575022	
	0.486103	
	0.528373	
	0.594114	
	0.599567	
	0.561728	
	0.581211	
	0.575223	
	0.563737	
	0.567945	
	0.535959	
	0.608180	
	0.573473	
	0.531415	
	0.505776	
	0.548340	
	0.471414	
	0.525464	
	0.630250	
	0.576831	
	0.484621	
	0.434349	
	0.498198	
	0.529389	
	0.582024	
	0.480586	
	0.494946	
	0.587735	
	0.504542	
	0.499139	
	0.481968	
	0.539931	
	0.536096	
	0.578608	
	0.565840	
	0.601938	
	0.610935	
	0.564323	
	0.569431	
	0.565677	
	0.550522	
	0.529534	
	0.526076	
	0.470684	
	0.538149	
	0.569544	
	0.624618	
	0.580508	
	0.565664	
	0.629240	
	0.594538	
	0.570696	
	0.637134	
	0.609834	
	0.568223	
	0.569670	
	0.556452	
	0.551655	
	0.539027	
	0.564775	
	0.455946	
	0.574261	
	0.594979	
	0.564209	
	0.526850	
	0.548333	
	0.542415	
	0.492941	
	0.507244	
	0.503890	
	0.473963	
	0.400769	
	0.444818	
	0.369967	
	0.400256	
	0.544909	
	0.531006	
	0.515955	
	0.552368	
	0.561419	
	0.550233	
	0.544000	
	0.549377	
	0.542524	
	0.551156	
	0.520994	
	0.563573	
	0.613873	
	0.634056	
	0.508373	
	0.461203	
	0.500235	
	0.499212	
	0.562248	
	0.595109	
	0.566888	
	0.578875	
	0.527846	
	0.527244	
	0.495259	
	0.632474	
	0.800483	
	0.838612	
	0.866090	
	0.794699	
	0.623500	
	0.479404	
	0.498516	
	0.546233	
	0.609108	
	0.583646	
	0.584422	
	0.586125	
	0.568182	
	0.606174	
	0.610217	
	0.604028	
	0.546350	
	0.520650	
	0.509734	
	0.496797	
	0.486424	
	0.497377	
	0.462462	
	0.476443	
	0.470753	
	0.457132	
	0.456487	
	0.498228	
	0.476513	
	0.485309	
	0.462542	
	0.456556	
	0.499422	
	0.472772	
	0.465917	
	0.508800	
	0.474657	
	0.432090	
	0.471289	
	0.566453	
	0.562889	
	0.581202	
	0.521167	
	0.484745	
	0.455684	
	0.460126	
	0.470284	
	0.482349	
	0.460527	
	0.456346	
	0.433617	
	0.500492	
	0.481089	
	0.469843	
	0.516202	
	0.514348	
	0.468283	
	0.469744	
	0.456753	
	0.361122	
	0.351961	
	0.387121	
	0.598641	
	0.555807	
	0.638258	
	0.696484	
	0.674303	
	0.688934	
	0.676366	
	0.697525	
	0.704842	
	0.670182	
	0.721960	
	0.738661	
	0.678002	
	0.678449	
	0.705740	
	0.673589	
	0.697107	
	0.736954	
	0.632620	
	0.597719	
	0.600761	
	0.602919	
	0.665273	
	0.704941	
	0.708141	
	0.671355	
	0.639610	
	0.675039	
	0.577485	
	0.564012	
	0.496257	
	0.499726	
	0.495569	
	0.544336	
	0.566085	
	0.545657	
	0.606557	
	0.557069	
	0.571672	
	0.602857	
	0.548505	
	0.477374	
	0.460035	
	0.498732	
	0.558499	
	0.557357	
	0.537147	
	0.490979	
	0.425596	
	0.518520	
	0.584614	
	0.692091	
	0.745439	
	0.730646	
	0.743007	
	0.720197	
	0.637103	
	0.620848	
	0.559997	
	0.491862	
	0.543332	
	0.513407	
	0.553484	
	0.623366	
	0.593663	
	0.532322	
	0.576684	
	0.713244	
	0.642336	
	0.681924	
	0.671236	
	0.660347	
	0.598671	
	0.626246	
	0.576058	
	0.617564	
	0.592813	
	0.644368	
	0.665994	
	0.672882	
	0.616496	
	0.712934	
	0.687563	
	0.665732	
	0.640899	
	0.470955	
	0.451632	
	0.451341	
	0.526906	
	0.592937	
	0.613503	
	0.465932	
	0.501660	
	0.499105	
	0.310210	
	0.267396	
	0.318461	
	0.597588	
	0.533332	
	0.341522	
	0.479878	
	0.625914	
	0.622393	
	0.558541	
	0.515101	
	0.464717	
	0.434808	
	0.633134	
	0.519016	
	0.420221	
	0.301407	
	0.371863	
	0.390157	
	0.645284	
	0.686227	
	0.753950	
	0.691627	
	0.626967	
	0.567978	
	0.567105	
	0.473584	
	0.438852	
	0.444141	
	0.409235	
	0.565103	
	0.630935	
	0.519526	
	0.458955	
	0.386410	
	0.371556	
	0.562789	
	0.563636	
	0.428731	
	0.417175	
	0.481228	
	0.582930	
	0.529740	
	0.470530	
	0.502882	
	0.523390	
	0.519513	
	0.482684	
	0.460646	
	0.513214	
	0.580471	
	0.612527	
	0.803603	
	0.684319	
	0.550377	
	0.459208	
	0.426428	
	0.348255	
	0.430013	
	0.549986	
	0.488625	
	0.398087	
	0.430823	
	0.605791	
	0.625894	
	0.681708	
	0.631287	
	0.540809	
	0.461562	
	0.524132	
	0.480195	
	0.451869	
	0.451051	
	0.453004	
	0.440350	
	0.539311	
	0.550834	
	0.562764	
	0.461908	
	0.403053	
	0.423080	
	0.383993	
	0.385198	
	0.386612	
	0.373458	
	0.510099	
	0.603460	
	0.550636	
	0.570047	
	0.621777	
	0.559428	
	0.531172	
	0.505128	
	0.489621	
	0.478962	
	0.520758	
	0.559763	
	0.637501	
	0.650091	
	0.598677	
	0.553676	
	0.574337	
	0.596495	
	0.529529	
	0.494752	
	0.509079	
	0.504192	
	0.528957	
	0.570892	
	0.586424	
	0.703467	
	0.690361	
	0.608062	
	0.503041	
	0.475853	
	0.474682	
	0.468503	
	0.493555	
	0.479867	
	0.491083	
	0.519011	
	0.587650	
	0.555608	
	0.538010	
	0.517192	
	0.591515	
	0.508366	
	0.475471	
	0.501411	
	0.521275	
	0.553491	
	0.586775	
	0.486106	
	0.455744	
	0.477659	
	0.513434	
	0.513117	
	0.571377	
	0.598281	
	0.599120	
	0.630731	
	0.652267	
	0.725810	
	0.617428	
	0.560179	
	0.499005	
	0.473603	
	0.504587	
	0.487190	
	0.549421	
	0.566846	
	0.521863	
	0.545011	
	0.582184	
	0.638007	
	0.691306	
	0.653937	
	0.573806	
	0.554679	
	0.601393	
	0.576632	
	0.596811	
	0.598089	
	0.624546	
	0.642143	
	0.550777	
	0.533943	
	0.629257	
	0.645728	
	0.647145	
	0.552824	
	0.451557	
	0.390875	
	0.423151	
	0.527493	
	0.369816	
	0.596852	
	0.544928	
	0.487580	
	0.455482	
	0.300435	
	0.296990	
	0.605081	
	0.500390	
	0.405746	
	0.327104	
	0.425138	
	0.813512	
	0.703697	
	0.615598	
	0.544240	
	0.450131	
	0.606389	
	0.699706	
	0.572281	
	0.417723	
	0.358299	
	0.409503	
	0.586733	
	0.658217	
	0.755428	
	0.729869	
	0.655404	
	0.611110	
	0.645996	
	0.508712	
	0.451019	
	0.439551	
	0.383473	
	0.517359	
	0.675631	
	0.598746	
	0.551669	
	0.472530	
	0.473361	
	0.578391	
	0.520570	
	0.530303	
	0.471139	
	0.385026	
	0.428134	
	0.437942	
	0.519786	
	0.442883	
	0.328091	
	0.335939	
	0.296322	
	0.482627	
	0.439699	
	0.378345	
	0.414468	
	0.504290	
	0.604294	
	0.588424	
	0.529179	
	0.404552	
	0.446290	
	0.493578	
	0.586104	
	0.570802	
	0.552357	
	0.525707	
	0.580869	
	0.660259	
	0.586055	
	0.498722	
	0.459583	
	0.451385	
	0.480593	
	0.596821	
	0.578439	
	0.464801	
	0.603596	
	0.493148	
	0.497152	
	0.489291	
	0.495149	
	0.511928	
	0.508611	
	0.482566	
	0.516214	
	0.534246	
	0.460766	
	0.504535	
	0.620005	
	0.570291	
	0.498821	
	0.580032	
	0.740989	
	0.690810	
	0.646629	
	0.665979	
	0.620614	
	0.685758	
	0.811113	
	0.800249	
	0.810479	
	0.670470	
	0.655931	
	0.619334	
	0.619381	
	0.566687	
	0.540150	
	0.568620	
	0.491495	
	0.499308	
	0.501060	
	0.526485	
	0.614768	
	0.611647	
	0.608728	
	0.586234	
	0.587488	
	0.621386	
	0.686278	
	0.596792	
	0.577655	
	0.784744	
	0.810330	
	0.792613	
	0.686030	
	0.618883	
	0.422168	
	0.391834	
	0.384980	
	0.386050	
	0.428071	
	0.404728	
	0.407110	
	0.491651	
	0.635558	
	0.604725	
	0.504117	
	0.417476	
	0.433099	
	0.412982	
	0.425464	
	0.475511	
	0.509808	
	0.462444	
	0.476214	
	0.500001	
	0.507322	
	0.541699	
	0.523545	
	0.436681	
	0.407134	
	0.582121	
	0.628550	
	0.623171	
	0.604505	
	0.676006	
	0.709729	
	0.699710	
	0.674043	
	0.708059	
	0.629769	
	0.598455	
	0.632394	
	0.577737	
	0.529764	
	0.417017	
	0.400189	
	0.404234	
	0.488026	
	0.473186	
	0.430383	
	0.376787	
	0.261220	
	0.293934	
	0.327944	
	0.458761	
	0.303976	
	0.399356	
	0.446887	
	0.479932	
	0.602581	
	0.359144	
	0.237547	
	0.211226	
	0.197806	
	0.198430	
	0.261507	
	0.237084	
	0.275679	
	0.624808	
	0.588545	
	0.410279	
	0.466973	
	0.370730	
	0.307056	
	0.206879	
	0.253634	
	0.370750	
	0.416238	
	0.526454	
	0.666686	
	0.782471	
	0.881037	
	0.662193	
	0.653073	
	0.643649	
	0.529162	
	0.412218	
	0.435777	
	0.432742	
	0.463558	
	0.373070	
	0.369032	
	0.468980	
	0.646840	
	0.608487	
	0.525915	
	0.515315	
	0.508790	
	0.512705	
	0.412384	
	0.328918	
	0.299588	
	0.672528	
	0.794415	
	0.632222	
	0.472627	
	0.446752	
	0.417559	
	0.407100	
	0.453300	
	0.466108	
	0.489418	
	0.500286	
	0.474213	
	0.533785	
	0.538997	
	0.577398	
	0.492533	
	0.309157	
	0.246121	
	0.296435	
	0.420491	
	0.436089	
	0.415587	
	0.419174	
	0.502044	
	0.620602	
	0.593264	
	0.643037	
	0.573839	
	0.511025	
	0.474503	
	0.505577	
	0.406924	
	0.429098	
	0.438335	
	0.430445	
	0.404005	
	0.498153	
	0.456103	
	0.292574	
	0.216720	
	0.224323	
	0.336707	
	0.530500	
	0.294162	
	0.197038	
	0.152382	
	0.202743	
	0.480818	
	0.570027	
	0.590648	
	0.584842	
	0.466623	
	0.547340	
	0.569222	
	0.544353	
	0.521508	
	0.434479	
	0.293788	
	0.443746	
	0.478873	
	0.486519	
	0.443133	
	0.445524	
	0.478621	
	0.471037	
	0.430934	
	0.313369	
	0.326957	
	0.392573	
	0.331491	
	0.515984	
	0.580009	
	0.644055	
	0.805083	
	0.801439	
	0.776104	
	0.584875	
	0.574456	
	0.568047	
	0.580595	
	0.619489	
	0.714761	
	0.679028	
	0.660710	
	0.586769	
	0.510338	
	0.652427	
	0.629259	
	0.466837	
	0.398231	
	0.660530	
	0.852988	
	0.809932	
	0.533863	
	0.578838	
	0.589724	
	0.561001	
	0.638991	
	0.537402	
	0.487077	
	0.507499	
	0.478375	
	0.423027	
	0.351977	
	0.451857	
	0.417265	
	0.454302	
	0.627754	
	0.691879	
	0.772324	
	0.800351	
	0.644712	
	0.602014	
	0.569742	
	0.680413	
	0.598415	
	0.622692	
	0.677890	
	0.670052	
	0.537107	
	0.473978	
	0.601473	
	0.536341	
	0.593809	
	0.554371	
	0.535944	
	0.504092	
	0.504117	
	0.463710	
	0.310118	
	0.280151	
	0.391924	
	0.441025	
	0.348194	
	0.328773	
	0.696124	
	0.654778	
	0.678421	
	0.583485	
	0.443154	
	0.353354	
	0.336774	
	0.313873	
	0.296502	
	0.323121	
	0.495484	
	0.748568	
	0.820779	
	0.781303	
	0.744234	
	0.544478	
	0.437493	
	0.463246	
	0.457187	
	0.470651	
	0.497424	
	0.538731	
	0.494289	
	0.520794	
	0.465921	
	0.626297	
	0.617422	
	0.722310	
	0.665662	
	0.615322	
	0.615776	
	0.621015	
	0.543978	
	0.639604	
	0.670089	
	0.615379	
	0.664708	
	0.692195	
	0.637825	
	0.630263	
	0.623426	
	0.588391	
	0.595623	
	0.606818	
	0.638278	
	0.552642	
	0.578473	
	0.826776	
	0.774302	
	0.620995	
	0.443512	
	0.438412	
	0.567935	
	0.598965	
	0.608691	
	0.632845	
	0.617475	
	0.581577	
	0.598408	
	0.564602	
	0.560324	
	0.540061	
	0.518031	
	0.543076	
	0.547941	
	0.513971	
	0.417585	
	0.401791	
	0.414189	
	0.442583	
	0.547723	
	0.602208	
	0.675032	
	0.615230	
	0.584703	
	0.555667	
	0.561986	
	0.548456	
	0.517627	
	0.473995	
	0.493626	
	0.537315	
	0.554572	
	0.603307	
	0.585624	
	0.562426	
	0.526111	
	0.529182	
	0.523474	
	0.430001	
	0.432437	
	0.460736	
	0.394618	
	0.458228	
	0.404368	
	0.597497	
	0.575506	
	0.527294	
	0.588800	
	0.571888	
	0.580443	
	0.544547	
	0.347738	
	0.363250	
	0.376668	
	0.359353	
	0.433526	
	0.537430	
	0.569128	
	0.580074	
	0.587578	
	0.641341	
	0.540912	
	0.336850	
	0.338978	
	0.596155	
	0.593998	
	0.685383	
	0.686908	
	0.628240	
	0.521354	
	0.706050	
	0.677997	
	0.661060	
	0.634172	
	0.635697	
	0.742929	
	0.797592	
	0.637803	
	0.579703	
	0.442017	
	0.410941	
	0.406367	
	0.388544	
	0.429054	
	0.386885	
	0.280711	
	0.409818	
	0.583209	
	0.464311	
	0.389054	
	0.503358	
	0.513991	
	0.508407	
	0.511193	
	0.512177	
	0.544686	
	0.536999	
	0.556064	
	0.601663	
	0.525205	
	0.410659	
	0.432455	
	0.473532	
	0.518593	
	0.442943	
	0.478472	
	0.491675	
	0.569059	
	0.670096	
	0.675194	
	0.685621	
	0.678526	
	0.676002	
	0.621588	
	0.584933	
	0.541378	
	0.469291	
	0.476647	
	0.510867	
	0.545813	
	0.552627	
	0.640430	
	0.409956	
	0.331347	
	0.731369	
	0.737944	
	0.472439	
	0.328835	
	0.459691	
	0.553820	
	0.510990	
	0.461901	
	0.538508	
	0.337641	
	0.280173	
	0.295955	
	0.292853	
	0.330034	
	0.289686	
	0.292938	
	0.237819	
	0.158104	
	0.210233	
	0.398494	
	0.494470	
	0.526249	
	0.414267	
	0.196178	
	0.387344	
	0.502103	
	0.500061	
	0.452557	
	0.512265	
	0.519089	
	0.584694	
	0.667866	
	0.700235	
	0.702496	
	0.652759	
	0.657148	
	0.630543	
	0.604041	
	0.537746	
	0.515296	
	0.543641	
	0.691355	
	0.715562	
	0.598876	
	0.536651	
	0.591902	
	0.594471	
	0.528671	
	0.419325	
	0.346368	
	0.313470	
	0.397012	
	0.626525	
	0.615665	
	0.444334	
	0.416331	
	0.459638	
	0.491470	
	0.460218	
	0.480123	
	0.460558	
	0.445624	
	0.501252	
	0.539827	
	0.538909	
	0.531092	
	0.556448	
	0.443911	
	0.391694	
	0.487604	
	0.341452	
	0.403154	
	0.391067	
	0.463130	
	0.519995	
	0.649328	
	0.686561	
	0.659365	
	0.634497	
	0.535721	
	0.526028	
	0.510505	
	0.446571	
	0.442236	
	0.498620	
	0.454211	
	0.483492	
	0.457832	
	0.454559	
	0.382682	
	0.405053	
	0.418151	
	0.404537	
	0.269282	
	0.292521	
	0.749066	
	0.863998	
	0.856860	
	0.685947	
	0.641857	
	0.559588	
	0.498125	
	0.430233	
	0.486262	
	0.552669	
	0.538179	
	0.547881	
	0.435366	
	0.702373	
	0.568059	
	0.539849	
	0.499148	
	0.446073	
	0.408028	
	0.386276	
	0.427977	
	0.388995	
	0.302649	
	0.374474	
	0.480046	
	0.516461	
	0.533509	
	0.632301	
	0.618525	
	0.537487	
	0.469646	
	0.394323	
	0.435475	
	0.450949	
	0.393636	
	0.412529	
	0.409264	
	0.470071	
	0.520390	
	0.613307	
	0.510400	
	0.359506	
	0.363238	
	0.454621	
	0.509059	
	0.471301	
	0.549983	
	0.627481	
	0.648915	
	0.600223	
	0.605955	
	0.666042	
	0.561801	
	0.560039	
	0.557022	
	0.507770	
	0.517157	
	0.520911	
	0.540726	
	0.546456	
	0.580957	
	0.462464	
	0.353582	
	0.341627	
	0.352631	
	0.336584	
	0.431914	
	0.556206	
	0.556316	
	0.616759	
	0.647890	
	0.637801	
	0.662299	
	0.660458	
	0.642120	
	0.521551	
	0.523513	
	0.571137	
	0.550783	
	0.526390	
	0.575034	
	0.542443	
	0.437640	
	0.398558	
	0.459838	
	0.379650	
	0.269370	
	0.306354	
	0.292711	
	0.230163	
	0.709270	
	0.797736	
	0.577445	
	0.678324	
	0.538841	
	0.541764	
	0.532958	
	0.391787	
	0.368503	
	0.400054	
	0.380565	
	0.310968	
	0.488060	
	0.469680	
	0.437984	
	0.621398	
	0.607087	
	0.572947	
	0.594237	
	0.585458	
	0.548233	
	0.438626	
	0.412971	
	0.518367	
	0.542146	
	0.576372	
	0.623306	
	0.633464	
	0.599083	
	0.563730	
	0.460534	
	0.570009	
	0.506572	
	0.434825	
	0.427671	
	0.444266	
	0.443137	
	0.553365	
	0.600145	
	0.528614	
	0.484288	
	0.523487	
	0.524068	
	0.477971	
	0.400540	
	0.314957	
	0.380780	
	0.409191	
	0.498359	
	0.427102	
	0.428219	
	0.479960	
	0.439566	
	0.513017	
	0.562813	
	0.555799	
	0.514564	
	0.469064	
	0.528229	
	0.612923	
	0.579499	
	0.509729	
	0.698269	
	0.785615	
	0.817688	
	0.814387	
	0.550764	
	0.592116	
	0.607689	
	0.612323	
	0.676140	
	0.641865	
	0.676690	
	0.594749	
	0.523180	
	0.467642	
	0.427089	
	0.459906	
	0.399282	
	0.438029	
	0.384314	
	0.352271	
	0.416445	
	0.438837	
	0.393840	
	0.451080	
	0.400410	
	0.382806	
	0.351637	
	0.314130	
	0.475379	
	0.376602	
	0.332103	
	0.452076	
	0.536392	
	0.578460	
	0.589044	
	0.547010	
	0.601610	
	0.594248	
	0.629566	
	0.635192	
	0.572974	
	0.489918	
	0.564396	
	0.622524	
	0.675613	
	0.668992	
	0.658251	
	0.635719	
	0.521104	
	0.573132	
	0.630385	
	0.627446	
	0.578587	
	0.552740	
	0.639103	
	0.683068	
	0.706901	
	0.691718	
	0.508693	
	0.621632	
	0.631511	
	0.596824	
	0.577321	
	0.535827	
	0.562777	
	0.676568	
	0.687114	
	0.698966	
	0.594223	
	0.581391	
	0.681216	
	0.656643	
	0.630534	
	0.638623	
	0.572253	
	0.407830	
	0.326817	
	0.409122	
	0.519301	
	0.524407	
	0.544755	
	0.563596	
	0.568594	
	0.562728	
	0.573320	
	0.561250	
	0.517641	
	0.568842	
	0.518380	
	0.563952	
	0.622144	
	0.557463	
	0.530737	
	0.493150	
	0.494729	
	0.528238	
	0.508981	
	0.339994	
	0.349944	
	0.658081	
	0.668974	
	0.413383	
	0.334534	
	0.342597	
	0.251348	
	0.225162	
	0.176817	
	0.191356	
	0.258636	
	0.285998	
	0.441471	
	0.537415	
	0.558849	
	0.312971	
	0.242068	
	0.282831	
	0.484771	
	0.528426	
	0.320509	
	0.326867	
	0.400728	
	0.688436	
	0.602172	
	0.585396	
	0.652135	
	0.689780	
	0.699967	
	0.668224	
	0.680625	
	0.700632	
	0.676067	
	0.639284	
	0.663161	
	0.683406	
	0.618264	
	0.588949	
	0.572293	
	0.597921	
	0.653811	
	0.596506	
	0.550978	
	0.530047	
	0.514245	
	0.518464	
	0.584304	
	0.640669	
	0.630453	
	0.616293	
	0.552806	
	0.561715	
	0.531864	
	0.452255	
	0.455126	
	0.465500	
	0.418563	
	0.455263	
	0.514375	
	0.482363	
	0.457279	
	0.479817	
	0.514055	
	0.487440	
	0.451241	
	0.448370	
	0.434767	
	0.436987	
	0.519756	
	0.480749	
	0.468395	
	0.505761	
	0.476168	
	0.546332	
	0.637996	
	0.721186	
	0.754454	
	0.774227	
	0.772509	
	0.708901	
	0.641213	
	0.619115	
	0.595663	
	0.654241	
	0.641582	
	0.663199	
	0.688130	
	0.685504	
	0.703911	
	0.720887	
	0.703066	
	0.649970	
	0.679475	
	0.672983	
	0.600364	
	0.553593	
	0.602258	
	0.694943	
	0.693969	
	0.699553	
	0.717403	
	0.723530	
	0.715694	
	0.670548	
	0.702529	
	0.730036	
	0.719542	
	0.749225	
	0.643584	
	0.409177	
	0.328296	
	0.391962	
	0.502615	
	0.648803	
	0.591237	
	0.576317	
	0.667620	
	0.683337	
	0.611287	
	0.639004	
	0.629048	
	0.632589	
	0.681388	
	0.739893	
	0.765490	
	0.637537	
	0.683878	
	0.674117	
	0.591363	
	0.478346	
	0.626924	
	0.435941	
	0.410151	
	0.427065	
	0.380411	
	0.555930	
	0.614408	
	0.758524	
	0.729989	
	0.687000	
	0.607966	
	0.677799	
	0.587070	
	0.476975	
	0.456832	
	0.376759	
	0.528908	
	0.572613	
	0.446914	
	0.361214	
	0.282548	
	0.327650	
	0.373010	
	0.394032	
	0.428319	
	0.369682	
	0.384094	
	0.505591	
	0.621084	
	0.521483	
	0.416576	
	0.421421	
	0.459192	
	0.469785	
	0.453783	
	0.462489	
	0.461624	
	0.449587	
	0.572049	
	0.739714	
	0.675289	
	0.630993	
	0.635674	
	0.557812	
	0.542690	
	0.599517	
	0.589667	
	0.519320	
	0.519096	
	0.577951	
	0.675182	
	0.667605	
	0.749209	
	0.643393	
	0.594679	
	0.587953	
	0.585736	
	0.589683	
	0.583104	
	0.567819	
	0.581220	
	0.557048	
	0.531726	
	0.634093	
	0.650175	
	0.599231	
	0.515174	
	0.511611	
	0.461774	
	0.514787	
	0.541947	
	0.612821	
	0.439544	
	0.486252	
	0.574305	
	0.517195	
	0.566514	
	0.536741	
	0.514557	
	0.468228	
	0.476362	
	0.527500	
	0.549091	
	0.571647	
	0.504535	
	0.569508	
	0.569604	
	0.505040	
	0.510360	
	0.591810	
	0.628889	
	0.526830	
	0.452199	
	0.471195	
	0.468329	
	0.542542	
	0.526065	
	0.611997	
	0.654104	
	0.587502	
	0.555802	
	0.513874	
	0.550173	
	0.505222	
	0.479394	
	0.492109	
	0.511770	
	0.531927	
	0.553714	
	0.484805	
	0.454614	
	0.442498	
	0.509809	
	0.473663	
	0.495531	
	0.495894	
	0.515383	
	0.485324	
	0.535593	
	0.448250	
	0.453601	
	0.498249	
	0.552374	
	0.574249	
	0.598127	
	0.622942	
	0.641734	
	0.684185	
	0.700485	
	0.730371	
	0.709669	
	0.656006	
	0.620038	
	0.612464	
	0.633416	
	0.639881	
	0.680607	
	0.644679	
	0.620091	
	0.723958	
	0.649107	
	0.697041	
	0.724550	
	0.738992	
	0.672559	
	0.675047	
	0.657911	
	0.614023	
	0.621039	
	0.605468	
	0.634447	
	0.712960	
	0.681891	
	0.656330	
	0.640268	
	0.641202	
	0.666641	
	0.601273	
	0.659171	
	0.635954	
	0.647583	
	0.689521	
	0.624662	
	0.619333	
	0.605010	
	0.572037	
	0.644818	
	0.578552	
	0.588333	
	0.624261	
	0.663716	
	0.734200	
	0.751028	
	0.768397	
	0.771690	
	0.675959	
	0.628310	
	0.582859	
	0.577496	
	0.661071	
	0.708204	
	0.699653	
	0.641006	
	0.580088	
	0.593529	
	0.669011	
	0.654573	
	0.728250	
	0.726383	
	0.662752	
	0.632990	
	0.711772	
	0.653762	
	0.637409	
	0.595591	
	0.536793	
	0.572194	
	0.661425	
	0.593925	
	0.507243	
	0.550724	
	0.588129	
	0.650679	
	0.628692	
	0.614813	
	0.567580	
	0.547364	
	0.655891	
	0.586255	
	0.568698	
	0.562929	
	0.597537	
	0.548906	
	0.552587	
	0.568668	
	0.609607	
	0.729904	
	0.740826	
	0.785520	
	0.784002	
	0.620616	
	0.576308	
	0.573602	
	0.619133	
	0.592449	
	0.668202	
	0.632243	
	0.525966	
	0.547092	
	0.583249	
	0.592033	
	0.671695	
	0.692286	
	0.606400	
	0.538193	
	0.515932	
	0.604904	
	0.604940	
	0.579070	
	0.566235	
	0.627527	
	0.546020	
	0.604335	
	0.628198	
	0.604998	
	0.610173	
	0.585945	
	0.531284	
	0.546390	
	0.602947	
	0.524605	
	0.538346	
	0.521944	
	0.536944	
	0.435770	
	0.335532	
	0.358256	
	0.402465	
	0.315212	
	0.324119	
	0.295723	
	0.295369	
	0.336517	
	0.343191	
	0.339478	
	0.359855	
	0.432309	
	0.374373	
	0.335727	
	0.404908	
	0.400232	
	0.327578	
	0.263816	
	0.274281	
	0.333618	
	0.539167	
	0.579552	
	0.653075	
	0.625447	
	0.532909	
	0.507652	
	0.462138	
	0.428839	
	0.424427	
	0.394104	
	0.309854	
	0.365598	
	0.566961	
	0.554026	
	0.488242	
	0.461207	
	0.327760	
	0.320492	
	0.312596	
	0.365205	
	0.297744	
	0.315086	
	0.343086	
	0.481165	
	0.507557	
	0.468576	
	0.581116	
	0.567306	
	0.537656	
	0.566836	
	0.594993	
	0.628134	
	0.669211	
	0.721774	
	0.626789	
	0.689938	
	0.709766	
	0.643411	
	0.622948	
	0.629809	
	0.523832	
	0.546917	
	0.524120	
	0.435251	
	0.442833	
	0.508920	
	0.565518	
	0.660142	
	0.598813	
	0.531417	
	0.479283	
	0.507913	
	0.450050	
	0.430116	
	0.402999	
	0.397360	
	0.526791	
	0.669301	
	0.658667	
	0.736377	
	0.756847	
	0.728389	
	0.734263	
	0.671940	
	0.649927	
	0.697845	
	0.692065	
	0.732483	
	0.697426	
	0.531101	
	0.530770	
	0.581535	
	0.587124	
	0.590911	
	0.599416	
	0.616966	
	0.614423	
	0.629354	
	0.663108	
	0.714335	
	0.666682	
	0.635988	
	0.645723	
	0.624266	
	0.654744	
	0.733960	
	0.652609	
	0.625520	
	0.654755	
	0.635517	
	0.678568	
	0.568183	
	0.690403	
	0.741611	
	0.771932	
	0.703446	
	0.682000	
	0.646245	
	0.633723	
	0.613305	
	0.608224	
	0.642800	
	0.717468	
	0.690836	
	0.636677	
	0.646076	
	0.704501	
	0.719739	
	0.692071	
	0.647340	
	0.628578	
	0.632119	
	0.730037	
	0.612037	
	0.639275	
	0.582213	
	0.588397	
	0.638301	
	0.615861	
	0.617927	
	0.652867	
	0.682210	
	0.714322	
	0.709286	
	0.776780	
	0.741309	
	0.652163	
	0.685040	
	0.639121	
	0.625649	
	0.659192	
	0.649317	
	0.656444	
	0.666565	
	0.679512	
	0.722660	
	0.642521	
	0.683033	
	0.662061	
	0.608839	
	0.541327	
	0.547817	
	0.583435	
	0.592491	
	0.606500	
	0.611575	
	0.645813	
	0.634702	
	0.628116	
	0.621564	
	0.593830	
	0.614855	
	0.627228	
	0.561571	
	0.593998	
	0.637803	
	0.663262	
	0.707752	
	0.623195	
	0.541615	
	0.502067	
	0.453341	
	0.463812	
	0.483976	
	0.491493	
	0.469040	
	0.417612	
	0.396729	
	0.418900	
	0.436391	
	0.434554	
	0.562854	
	0.565831	
	0.505547	
	0.423009	
	0.329640	
	0.388346	
	0.280538	
	0.276628	
	0.280970	
	0.339961	
	0.448474	
	0.642937	
	0.650196	
	0.641942	
	0.512856	
	0.551629	
	0.393626	
	0.442505	
	0.409826	
	0.408093	
	0.497511	
	0.365125	
	0.530579	
	0.511234	
	0.479224	
	0.474841	
	0.322644	
	0.348463	
	0.440777	
	0.314121	
	0.267824	
	0.265287	
	0.475285	
	0.448023	
	0.429491	
	0.435862	
	0.448619	
	0.464226	
	0.486888	
	0.491323	
	0.492012	
	0.521581	
	0.557725	
	0.622800	
	0.634307	
	0.602159	
	0.526488	
	0.443009	
	0.435572	
	0.480596	
	0.529558	
	0.500856	
	0.472356	
	0.516014	
	0.529632	
	0.535977	
	0.643380	
	0.623717	
	0.536900	
	0.506207	
	0.516421	
	0.522008	
	0.512354	
	0.511402	
	0.515465	
	0.509473	
	0.599288	
	0.589491	
	0.546265	
	0.511865	
	0.554896	
	0.571815	
	0.522306	
	0.494512	
	0.486730	
	0.516422	
	0.557084	
	0.638599	
	0.531121	
	0.455255	
	0.454949	
	0.428464	
	0.446820	
	0.459815	
	0.504147	
	0.498946	
	0.488467	
	0.496328	
	0.498164	
	0.523053	
	0.556214	
	0.515604	
	0.498084	
	0.532630	
	0.567588	
	0.498667	
	0.424863	
	0.383473	
	0.375656	
	0.423196	
	0.539114	
	0.702965	
	0.722548	
	0.690905	
	0.626933	
	0.613461	
	0.579513	
	0.555682	
	0.502153	
	0.433615	
	0.457547	
	0.522758	
	0.515819	
	0.522187	
	0.427253	
	0.430778	
	0.428047	
	0.580450	
	0.572736	
	0.481035	
	0.497747	
	0.575743	
	0.659572	
	0.613367	
	0.611810	
	0.542524	
	0.501747	
	0.514223	
	0.599737	
	0.554724	
	0.556448	
	0.506217	
	0.509961	
	0.587156	
	0.528403	
	0.479587	
	0.406808	
	0.393824	
	0.457058	
	0.463356	
	0.453492	
	0.461798	
	0.507825	
	0.444378	
	0.457597	
	0.589203	
	0.553706	
	0.468139	
	0.403044	
	0.422386	
	0.479294	
	0.490554	
	0.461828	
	0.491705	
	0.446748	
	0.491404	
	0.603739	
	0.586470	
	0.686092	
	0.646382	
	0.600357	
	0.585512	
	0.545316	
	0.527197	
	0.555956	
	0.528429	
	0.535976	
	0.509604	
	0.581160	
	0.447546	
	0.490316	
	0.615811	
	0.614338	
	0.598521	
	0.588650	
	0.552315	
	0.587015	
	0.588609	
	0.607790	
	0.473181	
	0.456357	
	0.431782	
	0.402108	
	0.452619	
	0.445871	
	0.429109	
	0.552176	
	0.503651	
	0.410034	
	0.530775	
	0.546080	
	0.561332	
	0.609199	
	0.524846	
	0.479743	
	0.383873	
	0.349258	
	0.380575	
	0.308613	
	0.294594	
	0.335934	
	0.255834	
	0.342416	
	0.356849	
	0.337018	
	0.253762	
	0.254331	
	0.327475	
	0.436921	
	0.364566	
	0.297056	
	0.410187	
	0.478388	
	0.530984	
	0.512111	
	0.473553	
	0.521733	
	0.498176	
	0.490169	
	0.415706	
	0.348967	
	0.400845	
	0.336644	
	0.380451	
	0.465972	
	0.507121	
	0.489418	
	0.335416	
	0.294153	
	0.325876	
	0.385858	
	0.503965	
	0.504624	
	0.549373	
	0.535158	
	0.567464	
	0.646335	
	0.593111	
	0.574038	
	0.540398	
	0.530975	
	0.469406	
	0.531527	
	0.553398	
	0.564692	
	0.582633	
	0.652997	
	0.610112	
	0.497320	
	0.404435	
	0.406870	
	0.438022	
	0.421413	
	0.464480	
	0.403873	
	0.392553	
	0.411713	
	0.716552	
	0.520600	
	0.437953	
	0.309488	
	0.295504	
	0.282649	
	0.424224	
	0.411055	
	0.659782	
	0.747706	
	0.862575	
	0.762402	
	0.549973	
	0.418252	
	0.355124	
	0.308334	
	0.310977	
	0.325961	
	0.416713	
	0.367048	
	0.297269	
	0.277607	
	0.325405	
	0.439506	
	0.474191	
	0.570150	
	0.511435	
	0.470533	
	0.449609	
	0.435623	
	0.354083	
	0.354033	
	0.362957	
	0.321292	
	0.419383	
	0.574456	
	0.555232	
	0.401814	
	0.298377	
	0.428920	
	0.512505	
	0.659526	
	0.745383	
	0.832779	
	0.822611	
	0.613047	
	0.447546	
	0.372354	
	0.310461	
	0.251514	
	0.254095	
	0.239670	
	0.260078	
	0.278311	
	0.281589	
	0.275367	
	0.437057	
	0.507147	
	0.498134	
	0.465166	
	0.436826	
	0.466308	
	0.478939	
	0.503382	
	0.506054	
	0.545825	
	0.528518	
	0.633408	
	0.604298	
	0.690261	
	0.638508	
	0.541051	
	0.443419	
	0.393799	
	0.395054	
	0.368407	
	0.398462	
	0.372954	
	0.438843	
	0.476271	
	0.502805	
	0.510333	
	0.514725	
	0.303896	
	0.253242	
	0.183047	
	0.331753	
	0.199768	
	0.203360	
	0.217084	
	0.323723	
	0.396053	
	0.304481	
	0.247206	
	0.277537	
	0.284574	
	0.280482	
	0.284269	
	0.312289	
	0.378355	
	0.386038	
	0.493192	
	0.504061	
	0.512846	
	0.496019	
	0.387780	
	0.358245	
	0.427066	
	0.542905	
	0.418340	
	0.316192	
	0.670105	
	0.812372	
	0.590026	
	0.556081	
	0.631910	
	0.624277	
	0.597802	
	0.514957	
	0.591774	
	0.585233	
	0.490711	
	0.467006	
	0.815771	
	0.749342	
	0.551971	
	0.537960	
	0.568919	
	0.521167	
	0.511624	
	0.502233	
	0.446317	
	0.332260	
	0.239540	
	0.244161	
	0.485235	
	0.485724	
	0.314275	
	0.257543	
	0.282079	
	0.276386	
	0.249449	
	0.327611	
	0.350150	
	0.418511	
	0.457804	
	0.486866	
	0.585652	
	0.478958	
	0.427154	
	0.587593	
	0.670927	
	0.756202	
	0.783782	
	0.561149	
	0.537170	
	0.546641	
	0.539540	
	0.534512	
	0.575564	
	0.600593	
	0.559436	
	0.482684	
	0.373797	
	0.324354	
	0.318291	
	0.421754	
	0.400684	
	0.310981	
	0.308699	
	0.467512	
	0.453144	
	0.498017	
	0.533060	
	0.465401	
	0.418056	
	0.463947	
	0.441148	
	0.438302	
	0.377705	
	0.371950	
	0.558413	
	0.516103	
	0.529937	
	0.516648	
	0.504336	
	0.522380	
	0.503489	
	0.515751	
	0.596080	
	0.671810	
	0.553769	
	0.576389	
	0.624015	
	0.625446	
	0.625755	
	0.619154	
	0.601263	
	0.569777	
	0.516773	
	0.629204	
	0.805555	
	0.723498	
	0.609101	
	0.592149	
	0.684422	
	0.636652	
	0.606393	
	0.527668	
	0.532998	
	0.466367	
	0.493231	
	0.392809	
	0.513034	
	0.580403	
	0.576693	
	0.592257	
	0.481332	
	0.504537	
	0.487698	
	0.403456	
	0.354023	
	0.564206	
	0.739529	
	0.816552	
	0.692547	
	0.530698	
	0.531421	
	0.479082	
	0.490968	
	0.422319	
	0.359874	
	0.409012	
	0.473467	
	0.582171	
	0.754600	
	0.759331	
	0.549594	
	0.526126	
	0.490126	
	0.377628	
	0.383553	
	0.478050	
	0.502551	
	0.547992	
	0.584983	
	0.561661	
	0.638855	
	0.600285	
	0.639624	
	0.620680	
	0.606521	
	0.499882	
	0.501803	
	0.508323	
	0.532313	
	0.534000	
	0.548999	
	0.530194	
	0.493700	
	0.570752	
	0.593396	
	0.558795	
	0.580371	
	0.547918	
	0.520776	
	0.470723	
	0.553516	
	0.534156	
	0.565479	
	0.583861	
	0.680769	
	0.499728	
	0.463699	
	0.554913	
	0.562042	
	0.424302	
	0.332077	
	0.450057	
	0.577011	
	0.583005	
	0.550729	
	0.445219	
	0.450051	
	0.372967	
	0.352356	
	0.361890	
	0.377497	
	0.502527	
	0.467151	
	0.332666	
	0.276478	
	0.434559	
	0.474466	
	0.549543	
	0.591959	
	0.535588	
	0.495449	
	0.381339	
	0.377250	
	0.389427	
	0.313815	
	0.271592	
	0.316625	
	0.250429	
	0.310277	
	0.363621	
	0.313633	
	0.284851	
	0.236886	
	0.268646	
	0.372954	
	0.244909	
	0.211108	
	0.387575	
	0.429705	
	0.483401	
	0.535741	
	0.464430	
	0.459625	
	0.510891	
	0.475652	
	0.392568	
	0.274309	
	0.290439	
	0.335829	
	0.260940	
	0.498821	
	0.572037	
	0.551871	
	0.384947	
	0.256002	
	0.256245	
	0.364461	
	0.493771	
	0.500369	
	0.484833	
	0.504578	
	0.570894	
	0.613302	
	0.642597	
	0.616210	
	0.549098	
	0.532981	
	0.583522	
	0.537495	
	0.546850	
	0.552137	
	0.609605	
	0.617119	
	0.590156	
	0.569244	
	0.518443	
	0.616384	
	0.631626	
	0.526492	
	0.436657	
	0.463213	
	0.432164	
	0.497879	
	0.569908	
	0.556834	
	0.463637	
	0.355652	
	0.315196	
	0.232637	
	0.233208	
	0.243388	
	0.379832	
	0.600375	
	0.764381	
	0.870852	
	0.597688	
	0.511144	
	0.388149	
	0.346890	
	0.285791	
	0.308146	
	0.436924	
	0.387376	
	0.290163	
	0.260298	
	0.257834	
	0.268879	
	0.415398	
	0.559966	
	0.534119	
	0.467097	
	0.429109	
	0.506460	
	0.592772	
	0.433306	
	0.309523	
	0.324196	
	0.331926	
	0.487378	
	0.475163	
	0.388190	
	0.268148	
	0.240010	
	0.656864	
	0.751950	
	0.781947	
	0.823765	
	0.883903	
	0.652367	
	0.490535	
	0.467024	
	0.352352	
	0.294696	
	0.268593	
	0.283260	
	0.317810	
	0.251285	
	0.235192	
	0.208833	
	0.223761	
	0.380897	
	0.398477	
	0.366021	
	0.288718	
	0.281010	
	0.299830	
	0.408852	
	0.489068	
	0.453112	
	0.308880	
	0.325229	
	0.532555	
	0.595734	
	0.645032	
	0.568547	
	0.464049	
	0.384532	
	0.402604	
	0.436445	
	0.395353	
	0.382453	
	0.400086	
	0.448004	
	0.632999	
	0.654444	
	0.583220	
	0.606072	
	0.602730	
	0.538892	
	0.396095	
	0.433098	
	0.455677	
	0.567487	
	0.609322	
	0.640496	
	0.449702	
	0.253110	
	0.205741	
	0.198357	
	0.203100	
	0.350005	
	0.582071	
	0.740726	
	0.823733	
	0.829321	
	0.596052	
	0.541218	
	0.543424	
	0.540493	
	0.553450	
	0.536424	
	0.572421	
	0.547477	
	0.540097	
	0.543355	
	0.562426	
	0.659176	
	0.593260	
	0.650730	
	0.640667	
	0.578632	
	0.571107	
	0.647346	
	0.669090	
	0.588655	
	0.449287	
	0.407252	
	0.473936	
	0.432580	
	0.484093	
	0.420318	
	0.314681	
	0.277117	
	0.242663	
	0.329080	
	0.253632	
	0.253949	
	0.286486	
	0.324530	
	0.481749	
	0.361850	
	0.312345	
	0.365975	
	0.455486	
	0.440519	
	0.539356	
	0.516619	
	0.405038	
	0.427568	
	0.545263	
	0.612554	
	0.567137	
	0.507544	
	0.497749	
	0.483493	
	0.471890	
	0.518804	
	0.489335	
	0.514611	
	0.463530	
	0.410027	
	0.475698	
	0.575200	
	0.633318	
	0.604062	
	0.524057	
	0.418852	
	0.456675	
	0.433353	
	0.370862	
	0.351069	
	0.488986	
	0.476694	
	0.476418	
	0.516404	
	0.317173	
	0.237019	
	0.216150	
	0.286372	
	0.329882	
	0.366323	
	0.225265	
	0.210365	
	0.199872	
	0.445905	
	0.445699	
	0.380549	
	0.283360	
	0.310766	
	0.299344	
	0.339387	
	0.485179	
	0.710833	
	0.771602	
	0.784499	
	0.709917	
	0.488428	
	0.337509	
	0.311874	
	0.282873	
	0.304636	
	0.356989	
	0.469477	
	0.427042	
	0.430149	
	0.588331	
	0.543477	
	0.533607	
	0.576148	
	0.638231	
	0.601721	
	0.518121	
	0.527031	
	0.530571	
	0.527566	
	0.657800	
	0.835901	
	0.851716	
	0.648175	
	0.624109	
	0.504466	
	0.324462	
	0.353145	
	0.545405	
	0.630066	
	0.626321	
	0.486307	
	0.420107	
	0.496463	
	0.601770	
	0.574247	
	0.423961	
	0.364822	
	0.489937	
	0.576461	
	0.577343	
	0.673841	
	0.709599	
	0.608867	
	0.547285	
	0.566347	
	0.481844	
	0.381533	
	0.323417	
	0.313343	
	0.204114	
	0.271112	
	0.464823	
	0.523634	
	0.548817	
	0.523176	
	0.540536	
	0.514126	
	0.604975	
	0.598076	
	0.540457	
	0.487911	
	0.591781	
	0.646258	
	0.602612	
	0.506286	
	0.418744	
	0.490155	
	0.671375	
	0.577359	
	0.444721	
	0.462078	
	0.459757	
	0.454779	
	0.744272	
	0.662200	
	0.386610	
	0.527775	
	0.531250	
	0.546854	
	0.557427	
	0.558345	
	0.594321	
	0.597761	
	0.604707	
	0.608259	
	0.585314	
	0.563386	
	0.563813	
	0.553434	
	0.516870	
	0.534974	
	0.506978	
	0.499673	
	0.452557	
	0.461621	
	0.424360	
	0.384298	
	0.417831	
	0.525517	
	0.570721	
	0.570916	
	0.580356	
	0.565042	
	0.552355	
	0.553034	
	0.559167	
	0.538495	
	0.525746	
	0.487970	
	0.468400	
	0.434000	
	0.401731	
	0.461359	
	0.573471	
	0.518046	
	0.477671	
	0.515446	
	0.561883	
	0.477423	
	0.432030	
	0.491751	
	0.576898	
	0.604330	
	0.611659	
	0.530646	
	0.522023	
	0.559701	
	0.648226	
	0.675067	
	0.661994	
	0.620927	
	0.611534	
	0.622620	
	0.585152	
	0.615370	
	0.641268	
	0.565024	
	0.554989	
	0.533168	
	0.590621	
	0.576836	
	0.568510	
	0.574034	
	0.590895	
	0.603943	
	0.583502	
	0.546201	
	0.564544	
	0.586759	
	0.609610	
	0.566520	
	0.549675	
	0.524049	
	0.491818	
	0.448651	
	0.407426	
	0.569418	
	0.630739	
	0.585751	
	0.543952	
	0.541778	
	0.544033	
	0.538323	
	0.537094	
	0.529580	
	0.527777	
	0.468712	
	0.827168	
	0.570882	
	0.496471	
	0.493258	
	0.588011	
	0.566899	
	0.602306	
	0.640931	
	0.586839	
	0.526194	
	0.510617	
	0.486271	
	0.468272	
	0.470263	
	0.368488	
	0.271877	
	0.276637	
	0.291901	
	0.570542	
	0.485834	
	0.484838	
	0.554962	
	0.572545	
	0.570315	
	0.577166	
	0.387887	
	0.345791	
	0.305227	
	0.233953	
	0.520605	
	0.464106	
	0.465351	
	0.516599	
	0.570349	
	0.557942	
	0.530392	
	0.477206	
	0.497090	
	0.571582	
	0.600310	
	0.609736	
	0.562152	
	0.471002	
	0.539095	
	0.578957	
	0.562821	
	0.538122	
	0.465880	
	0.332005	
	0.207882	
	0.241295	
	0.263222	
	0.385630	
	0.397300	
	0.377036	
	0.419674	
	0.378515	
	0.361828	
	0.384921	
	0.435430	
	0.374860	
	0.351067	
	0.400300	
	0.387561	
	0.367671	
	0.341680	
	0.317858	
	0.548453	
	0.650246	
	0.451466	
	0.247140	
	0.298546	
	0.267477	
	0.174708	
	0.210517	
	0.197042	
	0.125564	
	0.188205	
	0.130412	
	0.188016	
	0.164299	
	0.153334	
	0.165673	
	0.163394	
	0.188454	
	0.185934	
	0.187821	
	0.222997	
	0.292222	
	0.549454	
	0.562850	
	0.484311	
	0.589593	
	0.626826	
	0.651327	
	0.647083	
	0.654691	
	0.668144	
	0.654490	
	0.669386	
	0.553674	
	0.545305	
	0.615610	
	0.591930	
	0.556049	
	0.501737	
	0.511020	
	0.522872	
	0.516275	
	0.430604	
	0.443395	
	0.482519	
	0.517496	
	0.571494	
	0.566812	
	0.557166	
	0.517624	
	0.485430	
	0.510813	
	0.453319	
	0.401132	
	0.365646	
	0.408078	
	0.282607	
	0.287724	
	0.314330	
	0.356322	
	0.329487	
	0.324463	
	0.330683	
	0.351277	
	0.297535	
	0.249705	
	0.356545	
	0.445770	
	0.489768	
	0.490294	
	0.465633	
	0.488321	
	0.525856	
	0.523303	
	0.544811	
	0.421480	
	0.316670	
	0.430187	
	0.343474	
	0.360664	
	0.554612	
	0.566725	
	0.470284	
	0.325752	
	0.310785	
	0.401888	
	0.494417	
	0.542533	
	0.534256	
	0.574928	
	0.630125	
	0.643076	
	0.639068	
	0.679260	
	0.543233	
	0.507495	
	0.528690	
	0.528214	
	0.577017	
	0.537891	
	0.597421	
	0.598468	
	0.637080	
	0.553797	
	0.504591	
	0.405484	
	0.449480	
	0.484940	
	0.518968	
	0.456334	
	0.289772	
	0.296283	
	0.268017	
	0.363686	
	0.612064	
	0.437022	
	0.266218	
	0.260775	
	0.232986	
	0.251330	
	0.492483	
	0.701484	
	0.769496	
	0.812858	
	0.874848	
	0.565242	
	0.473304	
	0.411638	
	0.334806	
	0.274997	
	0.266683	
	0.409823	
	0.411271	
	0.246160	
	0.220100	
	0.258935	
	0.246545	
	0.437846	
	0.535144	
	0.571642	
	0.513332	
	0.464283	
	0.449372	
	0.507495	
	0.461280	
	0.382787	
	0.374177	
	0.390181	
	0.412404	
	0.405836	
	0.460616	
	0.402083	
	0.345438	
	0.384181	
	0.659569	
	0.696771	
	0.818218	
	0.880970	
	0.705684	
	0.442638	
	0.453159	
	0.401912	
	0.289740	
	0.311043	
	0.318162	
	0.321812	
	0.289191	
	0.342046	
	0.351063	
	0.342029	
	0.422771	
	0.410617	
	0.357945	
	0.360708	
	0.328015	
	0.317843	
	0.295658	
	0.333072	
	0.426007	
	0.410742	
	0.415012	
	0.595843	
	0.604758	
	0.664383	
	0.609187	
	0.520105	
	0.502653	
	0.492953	
	0.490498	
	0.468556	
	0.436573	
	0.476220	
	0.518465	
	0.557641	
	0.550816	
	0.611763	
	0.594151	
	0.564865	
	0.519220	
	0.453980	
	0.435660	
	0.369960	
	0.373016	
	0.456585	
	0.580329	
	0.504040	
	0.347460	
	0.317447	
	0.359186	
	0.358336	
	0.383879	
	0.360617	
	0.390093	
	0.320666	
	0.346355	
	0.469590	
	0.414004	
	0.336706	
	0.373340	
	0.334530	
	0.326535	
	0.375982	
	0.490704	
	0.430668	
	0.351502	
	0.376539	
	0.407634	
	0.336153	
	0.478551	
	0.648278	
	0.655358	
	0.641860	
	0.638552	
	0.609503	
	0.621534	
	0.616602	
	0.534754	
	0.507479	
	0.335498	
	0.378653	
	0.492023	
	0.542489	
	0.543117	
	0.540219	
	0.568512	
	0.493969	
	0.433572	
	0.245978	
	0.372829	
	0.457252	
	0.498672	
	0.512104	
	0.524092	
	0.494453	
	0.481322	
	0.509816	
	0.543721	
	0.550462	
	0.545453	
	0.645216	
	0.796921	
	0.707733	
	0.487984	
	0.483931	
	0.437133	
	0.367898	
	0.436025	
	0.539083	
	0.574998	
	0.616986	
	0.618934	
	0.567582	
	0.577594	
	0.619085	
	0.629716	
	0.585335	
	0.510615	
	0.446883	
	0.524134	
	0.555431	
	0.647593	
	0.805028	
	0.672964	
	0.488978	
	0.449746	
	0.561953	
	0.594308	
	0.530455	
	0.522001	
	0.551888	
	0.584378	
	0.607456	
	0.578162	
	0.572738	
	0.545218	
	0.591191	
	0.507203	
	0.462684	
	0.503617	
	0.503271	
	0.449949	
	0.467287	
	0.434419	
	0.465926	
	0.651417	
	0.663928	
	0.521674	
	0.562959	
	0.625183	
	0.598574	
	0.602328	
	0.585387	
	0.566045	
	0.514787	
	0.526923	
	0.644897	
	0.770776	
	0.668338	
	0.602603	
	0.683357	
	0.651194	
	0.621048	
	0.574117	
	0.591551	
	0.581994	
	0.490507	
	0.411650	
	0.446654	
	0.525076	
	0.545514	
	0.512630	
	0.497596	
	0.461793	
	0.489168	
	0.478041	
	0.403795	
	0.319747	
	0.466337	
	0.800207	
	0.755626	
	0.568997	
	0.543009	
	0.438129	
	0.463171	
	0.406214	
	0.398533	
	0.424152	
	0.405725	
	0.463925	
	0.664753	
	0.779156	
	0.552252	
	0.558540	
	0.528055	
	0.394158	
	0.322629	
	0.440569	
	0.519920	
	0.572316	
	0.579803	
	0.604540	
	0.608590	
	0.571262	
	0.625138	
	0.647711	
	0.625823	
	0.564753	
	0.587422	
	0.571766	
	0.581056	
	0.601540	
	0.566175	
	0.605475	
	0.649422	
	0.606694	
	0.580804	
	0.491007	
	0.489160	
	0.557317	
	0.679476	
	0.735245	
	0.760091	
	0.743458	
	0.761068	
	0.721869	
	0.654666	
	0.503168	
	0.580943	
	0.621771	
	0.515401	
	0.457392	
	0.496302	
	0.615493	
	0.570072	
	0.571578	
	0.503116	
	0.424526	
	0.423229	
	0.383916	
	0.423568	
	0.412689	
	0.435515	
	0.442393	
	0.457375	
	0.420304	
	0.360350	
	0.453454	
	0.470959	
	0.543125	
	0.562925	
	0.488603	
	0.426473	
	0.439683	
	0.433005	
	0.448569	
	0.301610	
	0.294139	
	0.302460	
	0.238682	
	0.304436	
	0.410641	
	0.371745	
	0.327413	
	0.325104	
	0.324863	
	0.434215	
	0.296518	
	0.179999	
	0.306711	
	0.392063	
	0.575742	
	0.525821	
	0.562296	
	0.475346	
	0.493868	
	0.485798	
	0.527324	
	0.370288	
	0.307854	
	0.377700	
	0.266129	
	0.345882	
	0.569094	
	0.517913	
	0.391337	
	0.284415	
	0.337895	
	0.392496	
	0.511676	
	0.557078	
	0.549725	
	0.577708	
	0.570502	
	0.637599	
	0.695804	
	0.638715	
	0.554704	
	0.567222	
	0.584712	
	0.574909	
	0.589728	
	0.557440	
	0.596469	
	0.639299	
	0.634560	
	0.504449	
	0.423796	
	0.351943	
	0.420545	
	0.393886	
	0.557817	
	0.630443	
	0.626081	
	0.582078	
	0.555894	
	0.594179	
	0.450060	
	0.285713	
	0.299859	
	0.269940	
	0.286977	
	0.438469	
	0.530687	
	0.724366	
	0.799310	
	0.885318	
	0.555463	
	0.462695	
	0.459585	
	0.348602	
	0.263705	
	0.294078	
	0.398611	
	0.355495	
	0.254425	
	0.249001	
	0.252880	
	0.464059	
	0.503287	
	0.535899	
	0.475106	
	0.464527	
	0.494954	
	0.538460	
	0.541744	
	0.412336	
	0.324100	
	0.331110	
	0.318401	
	0.468468	
	0.455330	
	0.311111	
	0.221741	
	0.249947	
	0.389214	
	0.579416	
	0.654031	
	0.802080	
	0.856403	
	0.706464	
	0.480567	
	0.453165	
	0.402943	
	0.358893	
	0.363127	
	0.362184	
	0.359718	
	0.321449	
	0.393420	
	0.440884	
	0.344075	
	0.440567	
	0.363019	
	0.358098	
	0.392476	
	0.334123	
	0.358481	
	0.454842	
	0.534325	
	0.467475	
	0.420343	
	0.432917	
	0.559153	
	0.622377	
	0.657248	
	0.588298	
	0.512152	
	0.483692	
	0.517691	
	0.576264	
	0.522046	
	0.448602	
	0.496881	
	0.563301	
	0.544084	
	0.629264	
	0.545125	
	0.480438	
	0.467299	
	0.423595	
	0.480648	
	0.505504	
	0.421018	
	0.394975	
	0.502466	
	0.603495	
	0.546867	
	0.449187	
	0.405826	
	0.360180	
	0.377642	
	0.432872	
	0.497535	
	0.313047	
	0.329646	
	0.457546	
	0.562776	
	0.558183	
	0.568682	
	0.445311	
	0.373985	
	0.368962	
	0.374725	
	0.481443	
	0.755543	
	0.815142	
	0.853968	
	0.738481	
	0.590349	
	0.617870	
	0.663160	
	0.597245	
	0.503235	
	0.516112	
	0.544124	
	0.503856	
	0.410968	
	0.360650	
	0.480278	
	0.468765	
	0.552963	
	0.496914	
	0.369035	
	0.339196	
	0.461402	
	0.600171	
	0.527164	
	0.509202	
	0.515486	
	0.607690	
	0.621984	
	0.608384	
	0.528667	
	0.550922	
	0.556537	
	0.580047	
	0.565213	
	0.493120	
	0.401360	
	0.321957	
	0.299360	
	0.348502	
	0.387527	
	0.339154	
	0.311480	
	0.365002	
	0.415825	
	0.373921	
	0.476198	
	0.437721	
	0.417362	
	0.421737	
	0.435509	
	0.518723	
	0.573361	
	0.533813	
	0.412459	
	0.333826	
	0.363223	
	0.439397	
	0.357216	
	0.306770	
	0.321718	
	0.387735	
	0.434269	
	0.477274	
	0.418977	
	0.317468	
	0.187475	
	0.206986	
	0.443163	
	0.427497	
	0.667695	
	0.688195	
	0.513905	
	0.451798	
	0.404687	
	0.332502	
	0.245628	
	0.252962	
	0.257413	
	0.282256	
	0.203884	
	0.179843	
	0.165509	
	0.230134	
	0.357420	
	0.480149	
	0.481231	
	0.476586	
	0.445831	
	0.415532	
	0.384673	
	0.399497	
	0.377794	
	0.467193	
	0.521763	
	0.521168	
	0.582730	
	0.641512	
	0.599066	
	0.531742	
	0.516165	
	0.522303	
	0.506193	
	0.444178	
	0.497814	
	0.321509	
	0.349104	
	0.457154	
	0.542701	
	0.511084	
	0.482785	
	0.548560	
	0.486394	
	0.592103	
	0.741224	
	0.835036	
	0.864988	
	0.647380	
	0.557363	
	0.558864	
	0.480519	
	0.452408	
	0.585130	
	0.584880	
	0.593655	
	0.613875	
	0.588484	
	0.549921	
	0.525226	
	0.547352	
	0.544415	
	0.731686	
	0.794323	
	0.812074	
	0.643123	
	0.596031	
	0.562552	
	0.571503	
	0.545008	
	0.541255	
	0.527429	
	0.599767	
	0.649160	
	0.607569	
	0.522715	
	0.520648	
	0.528765	
	0.573184	
	0.505470	
	0.379080	
	0.389547	
	0.539287	
	0.540253	
	0.508943	
	0.422505	
	0.443004	
	0.467173	
	0.509591	
	0.606861	
	0.750173	
	0.632172	
	0.439055	
	0.389783	
	0.524567	
	0.580112	
	0.580014	
	0.580015	
	0.589286	
	0.598352	
	0.632357	
	0.587281	
	0.627756	
	0.607198	
	0.621293	
	0.631468	
	0.653306	
	0.657083	
	0.593123	
	0.516676	
	0.511080	
	0.572259	
	0.548384	
	0.531902	
	0.593259	
	0.618682	
	0.599185	
	0.613734	
	0.646056	
	0.647155	
	0.641692	
	0.583191	
	0.571783	
	0.563297	
	0.551722	
	0.527100	
	0.512348	
	0.561207	
	0.569701	
	0.561002	
	0.523450	
	0.505657	
	0.485125	
	0.591142	
	0.532276	
	0.541699	
	0.540796	
	0.464208	
	0.521018	
	0.470184	
	0.524669	
	0.555413	
	0.528227	
	0.583501	
	0.590633	
	0.574380	
	0.621631	
	0.611503	
	0.607969	
	0.595291	
	0.579639	
	0.584365	
	0.503507	
	0.458529	
	0.524181	
	0.648169	
	0.582690	
	0.578045	
	0.569018	
	0.595634	
	0.606891	
	0.623610	
	0.636554	
	0.656174	
	0.621258	
	0.587919	
	0.614109	
	0.573019	
	0.594653	
	0.657242	
	0.557475	
	0.534563	
	0.579901	
	0.579451	
	0.577493	
	0.583660	
	0.594053	
	0.604738	
	0.611462	
	0.590705	
	0.594090	
	0.527694	
	0.469420	
	0.386220	
	0.455127	
	0.467335	
	0.504247	
	0.532376	
	0.602807	
	0.596025	
	0.565532	
	0.589060	
	0.564904	
	0.534981	
	0.522699	
	0.536218	
	0.526394	
	0.580497	
	0.586114	
	0.580009	
	0.487153	
	0.461557	
	0.425354	
	0.547983	
	0.555789	
	0.586874	
	0.585164	
	0.585326	
	0.570175	
	0.545942	
	0.527369	
	0.697160	
	0.765328	
	0.796028	
	0.870958	
	0.885391	
	0.689747	
	0.572938	
	0.488711	
	0.482422	
	0.562725	
	0.591191	
	0.571937	
	0.597158	
	0.580221	
	0.576128	
	0.533255	
	0.519533	
	0.469077	
	0.523233	
	0.527175	
	0.452683	
	0.464834	
	0.507245	
	0.493163	
	0.471116	
	0.449008	
	0.447029	
	0.468568	
	0.459950	
	0.475744	
	0.455009	
	0.452457	
	0.419291	
	0.416407	
	0.488687	
	0.472019	
	0.465805	
	0.482563	
	0.442827	
	0.408027	
	0.508290	
	0.579259	
	0.448494	
	0.431469	
	0.418107	
	0.415086	
	0.366739	
	0.392011	
	0.375359	
	0.385859	
	0.410036	
	0.434514	
	0.490361	
	0.553987	
	0.489983	
	0.457112	
	0.443664	
	0.461723	
	0.456945	
	0.514707	
	0.520859	
	0.403018	
	0.363356	
	0.536822	
	0.532820	
	0.667800	
	0.717284	
	0.757389	
	0.783008	
	0.761306	
	0.729971	
	0.729491	
	0.748257	
	0.724347	
	0.724425	
	0.715906	
	0.733876	
	0.689530	
	0.706018	
	0.748072	
	0.664515	
	0.613741	
	0.565067	
	0.602627	
	0.553834	
	0.586243	
	0.571120	
	0.735714	
	0.724080	
	0.698923	
	0.623875	
	0.607905	
	0.578946	
	0.585186	
	0.547753	
	0.494731	
	0.498312	
	0.535575	
	0.488214	
	0.525571	
	0.539742	
	0.530721	
	0.536745	
	0.494273	
	0.414282	
	0.379085	
	0.394209	
	0.460874	
	0.563406	
	0.433216	
	0.332615	
	0.406266	
	0.396835	
	0.492223	
	0.535551	
	0.595266	
	0.627330	
	0.601971	
	0.605116	
	0.608100	
	0.664083	
	0.567895	
	0.524893	
	0.479965	
	0.482021	
	0.508501	
	0.574736	
	0.638316	
	0.653140	
	0.664153	
	0.639173	
	0.649461	
	0.695770	
	0.697748	
	0.654499	
	0.588732	
	0.599881	
	0.552510	
	0.550868	
	0.529797	
	0.538821	
	0.558379	
	0.677030	
	0.627870	
	0.598326	
	0.597255	
	0.640069	
	0.641219	
	0.552623	
	0.415147	
	0.424063	
	0.296399	
	0.294406	
	0.527263	
	0.528497	
	0.437611	
	0.493240	
	0.468014	
	0.271026	
	0.296784	
	0.343590	
	0.618328	
	0.544026	
	0.403692	
	0.484840	
	0.522330	
	0.603291	
	0.582625	
	0.400644	
	0.428891	
	0.635567	
	0.578317	
	0.485819	
	0.367540	
	0.325103	
	0.335300	
	0.628224	
	0.672622	
	0.758649	
	0.707000	
	0.647208	
	0.593833	
	0.618715	
	0.508424	
	0.419684	
	0.366475	
	0.359363	
	0.446333	
	0.635422	
	0.543858	
	0.449967	
	0.326442	
	0.355040	
	0.533010	
	0.590790	
	0.563124	
	0.380567	
	0.437350	
	0.681032	
	0.502384	
	0.497011	
	0.462662	
	0.446656	
	0.531131	
	0.528857	
	0.538174	
	0.547826	
	0.566371	
	0.565653	
	0.744328	
	0.683004	
	0.573841	
	0.454827	
	0.376646	
	0.374222	
	0.378085	
	0.524140	
	0.495126	
	0.481858	
	0.472881	
	0.606759	
	0.648348	
	0.723880	
	0.665754	
	0.606874	
	0.560878	
	0.578711	
	0.596705	
	0.511352	
	0.525289	
	0.530115	
	0.541468	
	0.654862	
	0.563668	
	0.558681	
	0.514378	
	0.472472	
	0.419392	
	0.372012	
	0.407063	
	0.385475	
	0.434139	
	0.567560	
	0.612447	
	0.581613	
	0.605920	
	0.686759	
	0.681841	
	0.679878	
	0.687803	
	0.672471	
	0.688615	
	0.702892	
	0.735065	
	0.732481	
	0.696764	
	0.667807	
	0.642996	
	0.615034	
	0.597690	
	0.569566	
	0.518608	
	0.512049	
	0.515695	
	0.538982	
	0.597208	
	0.613777	
	0.703055	
	0.690181	
	0.617591	
	0.592006	
	0.645331	
	0.516613	
	0.527411	
	0.496291	
	0.450513	
	0.468082	
	0.544571	
	0.581850	
	0.552503	
	0.473026	
	0.484489	
	0.526632	
	0.543420	
	0.511240	
	0.503626	
	0.494462	
	0.525748	
	0.581853	
	0.530561	
	0.433584	
	0.440019	
	0.459610	
	0.486133	
	0.500377	
	0.526429	
	0.635911	
	0.671885	
	0.642697	
	0.652816	
	0.784526	
	0.644611	
	0.562264	
	0.532801	
	0.526461	
	0.546838	
	0.565590	
	0.561545	
	0.557667	
	0.585002	
	0.633604	
	0.623279	
	0.635166	
	0.688364	
	0.637773	
	0.570623	
	0.574397	
	0.606365	
	0.601657	
	0.578430	
	0.562008	
	0.582502	
	0.599395	
	0.607877	
	0.526926	
	0.457152	
	0.430718	
	0.442603	
	0.502230	
	0.423720	
	0.430331	
	0.441400	
	0.492100	
	0.621787	
	0.527178	
	0.459979	
	0.435190	
	0.335283	
	0.322714	
	0.557384	
	0.555270	
	0.400140	
	0.348604	
	0.523540	
	0.755671	
	0.655664	
	0.531596	
	0.378555	
	0.323843	
	0.602803	
	0.602505	
	0.474303	
	0.331745	
	0.307565	
	0.538436	
	0.664815	
	0.675572	
	0.680305	
	0.659680	
	0.580261	
	0.567684	
	0.626713	
	0.585313	
	0.463632	
	0.374941	
	0.434629	
	0.607867	
	0.609758	
	0.621800	
	0.561189	
	0.467337	
	0.514055	
	0.600684	
	0.483957	
	0.493072	
	0.454382	
	0.426502	
	0.493857	
	0.606267	
	0.503534	
	0.386679	
	0.367894	
	0.376601	
	0.517849	
	0.449544	
	0.453814	
	0.463672	
	0.467192	
	0.539846	
	0.601005	
	0.588069	
	0.524512	
	0.457818	
	0.463421	
	0.613933	
	0.545802	
	0.527989	
	0.489441	
	0.543645	
	0.573665	
	0.659429	
	0.632511	
	0.546385	
	0.553058	
	0.527329	
	0.500369	
	0.532208	
	0.487508	
	0.483357	
	0.532569	
	0.570473	
	0.577202	
	0.531581	
	0.494727	
	0.492880	
	0.497947	
	0.613482	
	0.541034	
	0.443038	
	0.435222	
	0.414325	
	0.525257	
	0.558065	
	0.492926	
	0.648058	
	0.736095	
	0.756694	
	0.689972	
	0.652684	
	0.597615	
	0.617448	
	0.683700	
	0.786897	
	0.826188	
	0.642851	
	0.662625	
	0.582400	
	0.601384	
	0.574896	
	0.564930	
	0.552108	
	0.474630	
	0.449537	
	0.473040	
	0.594376	
	0.537350	
	0.549242	
	0.595243	
	0.542437	
	0.586938	
	0.633066	
	0.585086	
	0.563123	
	0.690461	
	0.826275	
	0.750032	
	0.579828	
	0.607556	
	0.569321	
	0.472254	
	0.377893	
	0.346533	
	0.471674	
	0.398990	
	0.402440	
	0.394442	
	0.438877	
	0.633576	
	0.583115	
	0.521628	
	0.463850	
	0.478553	
	0.444691	
	0.530727	
	0.516084	
	0.454640	
	0.446555	
	0.538318	
	0.627157	
	0.600998	
	0.537864	
	0.430827	
	0.494691	
	0.592982	
	0.670357	
	0.589564	
	0.646756	
	0.682984	
	0.699218	
	0.694923	
	0.650391	
	0.682473	
	0.688010	
	0.629101	
	0.535878	
	0.548564	
	0.456830	
	0.402433	
	0.405075	
	0.364010	
	0.294968	
	0.581203	
	0.524949	
	0.354574	
	0.286664	
	0.295148	
	0.335469	
	0.491860	
	0.280501	
	0.301869	
	0.347771	
	0.515326	
	0.478361	
	0.317822	
	0.209044	
	0.215830	
	0.213636	
	0.208327	
	0.201863	
	0.182580	
	0.154298	
	0.303661	
	0.679141	
	0.423502	
	0.545050	
	0.381043	
	0.259668	
	0.174810	
	0.242496	
	0.348657	
	0.439643	
	0.663085	
	0.776952	
	0.821768	
	0.843070	
	0.656137	
	0.612876	
	0.571446	
	0.438304	
	0.364721	
	0.464646	
	0.396032	
	0.384284	
	0.367904	
	0.361105	
	0.475153	
	0.582820	
	0.539061	
	0.481365	
	0.527575	
	0.542775	
	0.547420	
	0.497106	
	0.456758	
	0.362528	
	0.753543	
	0.780819	
	0.601114	
	0.555379	
	0.397681	
	0.402487	
	0.362756	
	0.361185	
	0.401607	
	0.374011	
	0.347866	
	0.364183	
	0.422935	
	0.678371	
	0.605489	
	0.479988	
	0.399942	
	0.372997	
	0.405235	
	0.495197	
	0.429709	
	0.412805	
	0.433280	
	0.438904	
	0.625253	
	0.606286	
	0.606103	
	0.506624	
	0.412949	
	0.410789	
	0.395753	
	0.360865	
	0.383847	
	0.316821	
	0.361302	
	0.566586	
	0.675954	
	0.564254	
	0.389340	
	0.334472	
	0.301501	
	0.491811	
	0.637337	
	0.412988	
	0.308205	
	0.175252	
	0.287579	
	0.434808	
	0.532076	
	0.552707	
	0.556694	
	0.506429	
	0.443773	
	0.498869	
	0.582832	
	0.579888	
	0.518711	
	0.395087	
	0.567562	
	0.546166	
	0.462372	
	0.451388	
	0.441772	
	0.453816	
	0.468358	
	0.441188	
	0.280804	
	0.359033	
	0.397644	
	0.441231	
	0.441333	
	0.571866	
	0.535864	
	0.685884	
	0.720426	
	0.754092	
	0.568322	
	0.575218	
	0.584486	
	0.596657	
	0.636301	
	0.616136	
	0.621639	
	0.642888	
	0.480500	
	0.397590	
	0.620316	
	0.553629	
	0.547757	
	0.398024	
	0.690039	
	0.818396	
	0.650463	
	0.602792	
	0.658602	
	0.547295	
	0.599921	
	0.622243	
	0.571784	
	0.560580	
	0.512238	
	0.474869	
	0.386655	
	0.612613	
	0.603063	
	0.553402	
	0.631318	
	0.729529	
	0.760727	
	0.697684	
	0.665777	
	0.577033	
	0.538115	
	0.552506	
	0.627616	
	0.646805	
	0.669516	
	0.610528	
	0.543283	
	0.503712	
	0.542390	
	0.554517	
	0.548399	
	0.542152	
	0.519851	
	0.624832	
	0.712557	
	0.456324	
	0.357186	
	0.306302	
	0.285348	
	0.461154	
	0.542655	
	0.289583	
	0.597717	
	0.848431	
	0.746128	
	0.556641	
	0.503927	
	0.425717	
	0.474333	
	0.485483	
	0.450795	
	0.392065	
	0.362485	
	0.622164	
	0.827442	
	0.842697	
	0.830612	
	0.774966	
	0.583003	
	0.525739	
	0.560480	
	0.600319	
	0.607817	
	0.599703	
	0.574026	
	0.593043	
	0.579886	
	0.659363	
	0.637222	
	0.679454	
	0.653390	
	0.597587	
	0.574627	
	0.556555	
	0.617265	
	0.647271	
	0.614998	
	0.606327	
	0.633299	
	0.650753	
	0.638574	
	0.598028	
	0.559445	
	0.533709	
	0.591768	
	0.556045	
	0.479841	
	0.413478	
	0.680855	
	0.722392	
	0.670440	
	0.631668	
	0.480287	
	0.470721	
	0.583482	
	0.582319	
	0.639969	
	0.639888	
	0.640395	
	0.586561	
	0.571043	
	0.690216	
	0.666052	
	0.629516	
	0.582960	
	0.530967	
	0.520526	
	0.568978	
	0.519122	
	0.488010	
	0.509593	
	0.589867	
	0.592902	
	0.598940	
	0.634045	
	0.600550	
	0.598815	
	0.555794	
	0.496622	
	0.480305	
	0.468342	
	0.467718	
	0.480287	
	0.554740	
	0.582298	
	0.578524	
	0.536443	
	0.544718	
	0.529157	
	0.517264	
	0.516105	
	0.481626	
	0.484842	
	0.414563	
	0.438151	
	0.476491	
	0.423851	
	0.567091	
	0.627506	
	0.675698	
	0.654207	
	0.645801	
	0.615306	
	0.628122	
	0.558321	
	0.514859	
	0.548461	
	0.553595	
	0.442053	
	0.421252	
	0.579654	
	0.606841	
	0.574891	
	0.609812	
	0.577876	
	0.554271	
	0.405047	
	0.467786	
	0.673458	
	0.651380	
	0.632476	
	0.561688	
	0.465218	
	0.448586	
	0.619475	
	0.650415	
	0.640372	
	0.554925	
	0.714638	
	0.772992	
	0.706456	
	0.633663	
	0.414107	
	0.396526	
	0.337108	
	0.415892	
	0.486040	
	0.351377	
	0.297392	
	0.479850	
	0.565212	
	0.512292	
	0.556113	
	0.589566	
	0.549036	
	0.557924	
	0.504236	
	0.518974	
	0.544614	
	0.524012	
	0.580911	
	0.699280	
	0.628636	
	0.510528	
	0.491300	
	0.507384	
	0.483003	
	0.537667	
	0.537290	
	0.529560	
	0.608827	
	0.648947	
	0.727074	
	0.673460	
	0.701237	
	0.685904	
	0.629883	
	0.609309	
	0.598819	
	0.508248	
	0.463412	
	0.479535	
	0.511635	
	0.549736	
	0.596793	
	0.587820	
	0.439104	
	0.424469	
	0.848346	
	0.619575	
	0.458296	
	0.360327	
	0.600834	
	0.673282	
	0.507715	
	0.511592	
	0.445487	
	0.359356	
	0.375138	
	0.373691	
	0.362614	
	0.369786	
	0.361248	
	0.280328	
	0.190024	
	0.208196	
	0.435379	
	0.539031	
	0.533910	
	0.459989	
	0.262714	
	0.338951	
	0.495775	
	0.497277	
	0.425195	
	0.381829	
	0.565862	
	0.737133	
	0.692852	
	0.689633	
	0.674771	
	0.610756	
	0.547844	
	0.522000	
	0.580956	
	0.495967	
	0.468635	
	0.532615	
	0.629828	
	0.638154	
	0.582716	
	0.580447	
	0.608576	
	0.674561	
	0.550732	
	0.359924	
	0.282973	
	0.313050	
	0.501371	
	0.679434	
	0.645455	
	0.472303	
	0.399048	
	0.432952	
	0.499349	
	0.495337	
	0.483434	
	0.466484	
	0.493942	
	0.518210	
	0.501520	
	0.716209	
	0.647751	
	0.584223	
	0.462618	
	0.369011	
	0.380088	
	0.474299	
	0.432004	
	0.463450	
	0.508572	
	0.555036	
	0.676029	
	0.632491	
	0.662678	
	0.598278	
	0.564018	
	0.494904	
	0.485666	
	0.496314	
	0.420461	
	0.398586	
	0.398782	
	0.406882	
	0.562003	
	0.487486	
	0.334935	
	0.367680	
	0.362838	
	0.360148	
	0.451901	
	0.353696	
	0.602815	
	0.821597	
	0.806787	
	0.659698	
	0.599186	
	0.586476	
	0.577482	
	0.506660	
	0.476317	
	0.535224	
	0.610031	
	0.574472	
	0.510183	
	0.645486	
	0.699709	
	0.580943	
	0.510275	
	0.418290	
	0.421425	
	0.378176	
	0.353223	
	0.356759	
	0.335500	
	0.368640	
	0.501899	
	0.604409	
	0.590679	
	0.583154	
	0.556336	
	0.486675	
	0.439126	
	0.356279	
	0.361457	
	0.408481	
	0.407423	
	0.347197	
	0.418243	
	0.543820	
	0.594910	
	0.486666	
	0.409681	
	0.330834	
	0.565551	
	0.531718	
	0.450735	
	0.366723	
	0.491126	
	0.687691	
	0.568187	
	0.634286	
	0.662526	
	0.654407	
	0.634583	
	0.562059	
	0.504273	
	0.522641	
	0.535440	
	0.555793	
	0.554792	
	0.663823	
	0.710954	
	0.621438	
	0.512619	
	0.458354	
	0.514651	
	0.471050	
	0.562335	
	0.629652	
	0.636827	
	0.662038	
	0.649094	
	0.626720	
	0.671828	
	0.591655	
	0.650497	
	0.550867	
	0.527371	
	0.470582	
	0.501680	
	0.530259	
	0.453640	
	0.548983	
	0.579514	
	0.520699	
	0.372598	
	0.290353	
	0.289428	
	0.282537	
	0.378270	
	0.361542	
	0.807043	
	0.819717	
	0.581932	
	0.643934	
	0.537654	
	0.560158	
	0.537735	
	0.392272	
	0.395049	
	0.391589	
	0.374130	
	0.342932	
	0.536867	
	0.566250	
	0.540605	
	0.647914	
	0.618353	
	0.560115	
	0.578743	
	0.577207	
	0.577244	
	0.523428	
	0.460426	
	0.527772	
	0.524470	
	0.587851	
	0.604304	
	0.654339	
	0.630037	
	0.520151	
	0.428482	
	0.504099	
	0.511985	
	0.405411	
	0.391412	
	0.405527	
	0.463536	
	0.579299	
	0.585037	
	0.476455	
	0.492112	
	0.578031	
	0.487831	
	0.252315	
	0.283235	
	0.330856	
	0.520404	
	0.609534	
	0.651832	
	0.559067	
	0.489541	
	0.502247	
	0.513196	
	0.508019	
	0.484518	
	0.434275	
	0.465506	
	0.499490	
	0.508982	
	0.576395	
	0.598854	
	0.737040	
	0.824852	
	0.822212	
	0.759793	
	0.537433	
	0.607505	
	0.600593	
	0.588387	
	0.570841	
	0.630485	
	0.641065	
	0.666697	
	0.652783	
	0.584875	
	0.478048	
	0.476907	
	0.466255	
	0.449985	
	0.457987	
	0.409474	
	0.443053	
	0.586432	
	0.607408	
	0.530651	
	0.468891	
	0.497051	
	0.602571	
	0.395895	
	0.430721	
	0.396267	
	0.501631	
	0.499674	
	0.412347	
	0.494051	
	0.618834	
	0.589319	
	0.587254	
	0.631376	
	0.645263	
	0.591206	
	0.634923	
	0.698460	
	0.673894	
	0.639554	
	0.608917	
	0.631723	
	0.674962	
	0.671068	
	0.588494	
	0.608788	
	0.627022	
	0.601587	
	0.685061	
	0.610256	
	0.533074	
	0.596093	
	0.631073	
	0.675994	
	0.696721	
	0.637896	
	0.558053	
	0.612231	
	0.656353	
	0.682053	
	0.636819	
	0.513604	
	0.533011	
	0.607359	
	0.640761	
	0.687661	
	0.796800	
	0.686874	
	0.603771	
	0.626936	
	0.631127	
	0.608274	
	0.541521	
	0.386801	
	0.359471	
	0.484154	
	0.569506	
	0.555808	
	0.572086	
	0.610059	
	0.629596	
	0.612016	
	0.591227	
	0.633904	
	0.587147	
	0.539112	
	0.475998	
	0.483135	
	0.524337	
	0.444705	
	0.412569	
	0.391959	
	0.421746	
	0.450633	
	0.408636	
	0.588768	
	0.626364	
	0.328092	
	0.246290	
	0.249103	
	0.253006	
	0.199451	
	0.160402	
	0.176062	
	0.195958	
	0.213487	
	0.196271	
	0.187939	
	0.176487	
	0.159365	
	0.173888	
	0.178365	
	0.180558	
	0.159889	
	0.187609	
	0.238380	
	0.352072	
	0.618436	
	0.650753	
	0.634560	
	0.719301	
	0.739578	
	0.756955	
	0.764821	
	0.751809	
	0.745512	
	0.751320	
	0.806151	
	0.736932	
	0.531573	
	0.530023	
	0.520366	
	0.558495	
	0.511760	
	0.558796	
	0.508133	
	0.528866	
	0.480172	
	0.496685	
	0.562709	
	0.595101	
	0.602263	
	0.571099	
	0.519456	
	0.509454	
	0.519779	
	0.472786	
	0.416692	
	0.376930	
	0.436858	
	0.458792	
	0.386422	
	0.310486	
	0.371456	
	0.368763	
	0.365553	
	0.408453	
	0.395706	
	0.341752	
	0.235820	
	0.278600	
	0.363383	
	0.437795	
	0.511717	
	0.525226	
	0.530455	
	0.548590	
	0.552465	
	0.545461	
	0.536894	
	0.465357	
	0.322609	
	0.454432	
	0.480018	
	0.424226	
	0.500087	
	0.472641	
	0.393210	
	0.350891	
	0.289968	
	0.392151	
	0.532483	
	0.540686	
	0.557534	
	0.572375	
	0.640108	
	0.584008	
	0.630076	
	0.622196	
	0.611828	
	0.568814	
	0.575345	
	0.548076	
	0.551137	
	0.575880	
	0.582166	
	0.692134	
	0.672435	
	0.521363	
	0.412656	
	0.408973	
	0.515856	
	0.607253	
	0.543823	
	0.488597	
	0.443467	
	0.350760	
	0.465340	
	0.620426	
	0.533151	
	0.528968	
	0.583702	
	0.548456	
	0.594387	
	0.634258	
	0.557564	
	0.561863	
	0.683610	
	0.816683	
	0.875092	
	0.626399	
	0.476423	
	0.413366	
	0.360034	
	0.375132	
	0.408644	
	0.385939	
	0.320640	
	0.303374	
	0.355372	
	0.352218	
	0.466038	
	0.486725	
	0.504657	
	0.467949	
	0.429489	
	0.429835	
	0.416621	
	0.415963	
	0.331106	
	0.300512	
	0.339546	
	0.546166	
	0.554625	
	0.484292	
	0.295697	
	0.286844	
	0.326942	
	0.392367	
	0.432903	
	0.630847	
	0.840706	
	0.876725	
	0.780366	
	0.594360	
	0.465467	
	0.396831	
	0.359873	
	0.310029	
	0.370908	
	0.370868	
	0.322046	
	0.316156	
	0.389754	
	0.561455	
	0.493807	
	0.522037	
	0.499082	
	0.443730	
	0.506581	
	0.495962	
	0.486463	
	0.482266	
	0.467099	
	0.526450	
	0.633883	
	0.699770	
	0.651027	
	0.618680	
	0.579699	
	0.533664	
	0.553440	
	0.537747	
	0.526635	
	0.484977	
	0.475519	
	0.491819	
	0.578552	
	0.621261	
	0.612871	
	0.559610	
	0.555592	
	0.528384	
	0.539174	
	0.478400	
	0.537342	
	0.537647	
	0.576669	
	0.672884	
	0.471966	
	0.441254	
	0.503205	
	0.486310	
	0.544061	
	0.492683	
	0.472081	
	0.456883	
	0.426133	
	0.508401	
	0.477043	
	0.465724	
	0.472514	
	0.484471	
	0.481812	
	0.488366	
	0.448670	
	0.456638	
	0.408398	
	0.384997	
	0.526786	
	0.616904	
	0.626611	
	0.591015	
	0.594342	
	0.575502	
	0.464277	
	0.455891	
	0.454392	
	0.365957	
	0.410684	
	0.408746	
	0.332369	
	0.290923	
	0.442071	
	0.436441	
	0.412414	
	0.473385	
	0.439823	
	0.402553	
	0.353460	
	0.276282	
	0.345216	
	0.456492	
	0.526873	
	0.516890	
	0.496031	
	0.528003	
	0.561190	
	0.515145	
	0.534231	
	0.433780	
	0.345982	
	0.397478	
	0.376135	
	0.396895	
	0.490549	
	0.466804	
	0.369995	
	0.319021	
	0.285611	
	0.412063	
	0.550322	
	0.574888	
	0.544468	
	0.559860	
	0.657316	
	0.697600	
	0.653354	
	0.665701	
	0.592527	
	0.558465	
	0.568032	
	0.573802	
	0.623012	
	0.568994	
	0.583252	
	0.602977	
	0.631794	
	0.513979	
	0.472587	
	0.405272	
	0.481873	
	0.494895	
	0.463862	
	0.423457	
	0.439252	
	0.476138	
	0.549491	
	0.610933	
	0.489190	
	0.363428	
	0.357248	
	0.348756	
	0.363746	
	0.320801	
	0.313007	
	0.464212	
	0.643446	
	0.793380	
	0.778800	
	0.585054	
	0.540785	
	0.421160	
	0.311225	
	0.356342	
	0.336915	
	0.402287	
	0.258044	
	0.312264	
	0.353181	
	0.605058	
	0.604426	
	0.551857	
	0.515349	
	0.522146	
	0.461480	
	0.438898	
	0.472176	
	0.479793	
	0.433212	
	0.381009	
	0.399907	
	0.594633	
	0.601107	
	0.581850	
	0.509830	
	0.450945	
	0.519840	
	0.590929	
	0.603891	
	0.668181	
	0.741754	
	0.639555	
	0.533508	
	0.441630	
	0.369450	
	0.317428	
	0.366472	
	0.362630	
	0.372774	
	0.558678	
	0.445905	
	0.408564	
	0.345239	
	0.398244	
	0.434216	
	0.427505	
	0.379912	
	0.412400	
	0.371979	
	0.482950	
	0.552901	
	0.493961	
	0.444178	
	0.501380	
	0.523854	
	0.542121	
	0.520392	
	0.494244	
	0.434708	
	0.426130	
	0.403027	
	0.453958	
	0.454844	
	0.512073	
	0.523471	
	0.486055	
	0.591026	
	0.576543	
	0.562084	
	0.561568	
	0.622789	
	0.637735	
	0.633531	
	0.625500	
	0.652536	
	0.668113	
	0.651431	
	0.634498	
	0.604680	
	0.589717	
	0.716931	
	0.730655	
	0.720431	
	0.639698	
	0.673462	
	0.678396	
	0.700767	
	0.722083	
	0.695531	
	0.574689	
	0.555696	
	0.567871	
	0.519178	
	0.521792	
	0.540218	
	0.522595	
	0.465472	
	0.426799	
	0.513457	
	0.591015	
	0.612643	
	0.594193	
	0.593952	
	0.548410	
	0.491667	
	0.507453	
	0.438293	
	0.411663	
	0.392623	
	0.405758	
	0.387021	
	0.308334	
	0.335217	
	0.382150	
	0.324205	
	0.374148	
	0.377112	
	0.336369	
	0.346771	
	0.330247	
	0.397487	
	0.463244	
	0.462751	
	0.535599	
	0.475482	
	0.537170	
	0.542040	
	0.497924	
	0.488129	
	0.372209	
	0.346903	
	0.463143	
	0.304527	
	0.421696	
	0.577307	
	0.627325	
	0.612420	
	0.489966	
	0.466243	
	0.450010	
	0.592351	
	0.587128	
	0.594346	
	0.633312	
	0.681753	
	0.611419	
	0.646121	
	0.673697	
	0.650250	
	0.648519	
	0.627848	
	0.603822	
	0.592074	
	0.573670	
	0.576943	
	0.613835	
	0.627081	
	0.593316	
	0.565267	
	0.587117	
	0.577683	
	0.604964	
	0.581133	
	0.493252	
	0.411235	
	0.360779	
	0.409799	
	0.602273	
	0.561567	
	0.366587	
	0.341578	
	0.338452	
	0.338785	
	0.365815	
	0.365339	
	0.553808	
	0.729542	
	0.832457	
	0.852639	
	0.587981	
	0.534239	
	0.481887	
	0.408525	
	0.365925	
	0.413625	
	0.383626	
	0.367809	
	0.420851	
	0.401829	
	0.312856	
	0.452654	
	0.501486	
	0.505681	
	0.511866	
	0.457680	
	0.459012	
	0.463102	
	0.452818	
	0.423027	
	0.425232	
	0.465564	
	0.527704	
	0.495471	
	0.539727	
	0.457612	
	0.473346	
	0.648358	
	0.641625	
	0.634446	
	0.715516	
	0.805999	
	0.853076	
	0.569703	
	0.503245	
	0.506210	
	0.449764	
	0.467051	
	0.472347	
	0.441289	
	0.423757	
	0.405442	
	0.438297	
	0.342783	
	0.482681	
	0.494620	
	0.422155	
	0.440690	
	0.423364	
	0.382037	
	0.448480	
	0.540048	
	0.524169	
	0.443638	
	0.534849	
	0.656040	
	0.641392	
	0.614991	
	0.596247	
	0.509359	
	0.536248	
	0.530778	
	0.518813	
	0.487837	
	0.471137	
	0.425967	
	0.475263	
	0.656997	
	0.615668	
	0.705615	
	0.618943	
	0.544265	
	0.513446	
	0.368239	
	0.390156	
	0.413529	
	0.464780	
	0.494993	
	0.628292	
	0.559092	
	0.504503	
	0.551042	
	0.559493	
	0.591398	
	0.578969	
	0.560831	
	0.555777	
	0.500802	
	0.521589	
	0.541982	
	0.519351	
	0.434239	
	0.441677	
	0.428963	
	0.419449	
	0.444486	
	0.450693	
	0.473215	
	0.361721	
	0.408003	
	0.504499	
	0.606676	
	0.634839	
	0.554570	
	0.547580	
	0.491550	
	0.463349	
	0.487919	
	0.419817	
	0.435142	
	0.345666	
	0.369871	
	0.308397	
	0.438501	
	0.402642	
	0.360688	
	0.359657	
	0.439311	
	0.482740	
	0.466368	
	0.304516	
	0.311826	
	0.421879	
	0.533711	
	0.645646	
	0.538357	
	0.491596	
	0.497835	
	0.487904	
	0.487715	
	0.445295	
	0.357906	
	0.419558	
	0.457106	
	0.392154	
	0.554570	
	0.520368	
	0.458858	
	0.329245	
	0.324933	
	0.359604	
	0.459521	
	0.548498	
	0.578017	
	0.636234	
	0.604669	
	0.627987	
	0.713133	
	0.700274	
	0.675874	
	0.634305	
	0.625127	
	0.636877	
	0.577775	
	0.575202	
	0.582048	
	0.577354	
	0.616029	
	0.600489	
	0.502559	
	0.494029	
	0.487397	
	0.473582	
	0.533555	
	0.446320	
	0.398612	
	0.391419	
	0.403605	
	0.488559	
	0.697709	
	0.565927	
	0.515007	
	0.527642	
	0.526859	
	0.557760	
	0.619784	
	0.627109	
	0.707540	
	0.785491	
	0.782114	
	0.650392	
	0.576733	
	0.530668	
	0.470214	
	0.416641	
	0.546931	
	0.486828	
	0.393423	
	0.484817	
	0.493305	
	0.430837	
	0.434464	
	0.440123	
	0.423841	
	0.396763	
	0.430038	
	0.517832	
	0.481265	
	0.356559	
	0.417375	
	0.388816	
	0.472262	
	0.677480	
	0.597857	
	0.567417	
	0.593458	
	0.602653	
	0.577978	
	0.608849	
	0.525461	
	0.587229	
	0.620625	
	0.592911	
	0.503843	
	0.482331	
	0.400911	
	0.316070	
	0.316262	
	0.354606	
	0.333727	
	0.419799	
	0.438942	
	0.356387	
	0.363797	
	0.543317	
	0.540843	
	0.540988	
	0.503889	
	0.477056	
	0.500693	
	0.673312	
	0.663706	
	0.652064	
	0.571274	
	0.565264	
	0.663843	
	0.627316	
	0.603588	
	0.500995	
	0.469564	
	0.513060	
	0.507134	
	0.534994	
	0.546188	
	0.527311	
	0.616877	
	0.631342	
	0.547504	
	0.561999	
	0.533201	
	0.484734	
	0.492146	
	0.470420	
	0.494391	
	0.445524	
	0.475082	
	0.497121	
	0.573594	
	0.650862	
	0.646008	
	0.650757	
	0.668764	
	0.715428	
	0.712527	
	0.689698	
	0.671249	
	0.676576	
	0.685640	
	0.698017	
	0.604089	
	0.591706	
	0.553584	
	0.523253	
	0.543321	
	0.565621	
	0.517524	
	0.508906	
	0.466164	
	0.495203	
	0.519517	
	0.561879	
	0.565054	
	0.593850	
	0.559255	
	0.540928	
	0.531012	
	0.491182	
	0.389195	
	0.366068	
	0.383991	
	0.418597	
	0.329847	
	0.423676	
	0.377053	
	0.342363	
	0.326979	
	0.371331	
	0.387021	
	0.335199	
	0.315043	
	0.317242	
	0.387404	
	0.477523	
	0.552957	
	0.505992	
	0.437368	
	0.488839	
	0.502587	
	0.530497	
	0.400975	
	0.330068	
	0.368952	
	0.444944	
	0.386175	
	0.467494	
	0.514020	
	0.446233	
	0.329848	
	0.296353	
	0.361847	
	0.470123	
	0.442753	
	0.487685	
	0.579827	
	0.637890	
	0.641357	
	0.634651	
	0.603171	
	0.559387	
	0.556657	
	0.552501	
	0.570437	
	0.523613	
	0.503415	
	0.562447	
	0.598673	
	0.575706	
	0.595021	
	0.610639	
	0.651109	
	0.522597	
	0.473068	
	0.391553	
	0.429434	
	0.383628	
	0.467596	
	0.454803	
	0.557880	
	0.550055	
	0.457329	
	0.525722	
	0.523526	
	0.519955	
	0.529724	
	0.545159	
	0.621916	
	0.747025	
	0.838939	
	0.609150	
	0.499169	
	0.453978	
	0.326206	
	0.311386	
	0.366578	
	0.353385	
	0.395085	
	0.245669	
	0.288587	
	0.283561	
	0.530351	
	0.554356	
	0.554945	
	0.511899	
	0.537294	
	0.533498	
	0.586607	
	0.466620	
	0.423900	
	0.410997	
	0.390439	
	0.554237	
	0.616269	
	0.485595	
	0.311225	
	0.303348	
	0.343629	
	0.457353	
	0.501597	
	0.699374	
	0.831338	
	0.897591	
	0.678008	
	0.487450	
	0.449255	
	0.372838	
	0.370425	
	0.401808	
	0.411606	
	0.488879	
	0.517887	
	0.489165	
	0.437647	
	0.401393	
	0.533434	
	0.487026	
	0.389174	
	0.337230	
	0.382418	
	0.403594	
	0.535875	
	0.558747	
	0.477381	
	0.665417	
	0.688981	
	0.729728	
	0.694642	
	0.704938	
	0.716190	
	0.715532	
	0.723839	
	0.723017	
	0.725602	
	0.718727	
	0.736380	
	0.752296	
	0.740306	
	0.734835	
	0.722781	
	0.703398	
	0.699598	
	0.738622	
	0.682688	
	0.621777	
	0.648717	
	0.664648	
	0.678201	
	0.616752	
	0.631242	
	0.490382	
	0.434895	
	0.479136	
	0.518784	
	0.468108	
	0.445335	
	0.462564	
	0.478205	
	0.462347	
	0.539569	
	0.524435	
	0.516666	
	0.500100	
	0.419645	
	0.434760	
	0.456312	
	0.505289	
	0.477894	
	0.389162	
	0.448913	
	0.521162	
	0.636066	
	0.616337	
	0.579387	
	0.543467	
	0.492076	
	0.447000	
	0.406348	
	0.396262	
	0.442064	
	0.493690	
	0.489050	
	0.366242	
	0.452300	
	0.413014	
	0.342460	
	0.372355	
	0.370889	
	0.334122	
	0.344609	
	0.291708	
	0.315427	
	0.354160	
	0.528643	
	0.565695	
	0.555020	
	0.508044	
	0.537657	
	0.525873	
	0.502212	
	0.412756	
	0.352207	
	0.420337	
	0.389900	
	0.452950	
	0.574349	
	0.431308	
	0.355353	
	0.310110	
	0.344678	
	0.429292	
	0.487806	
	0.554055	
	0.569539	
	0.602360	
	0.599460	
	0.717472	
	0.702687	
	0.622869	
	0.597382	
	0.574828	
	0.576530	
	0.595317	
	0.557228	
	0.502173	
	0.495455	
	0.549337	
	0.627537	
	0.504628	
	0.517788	
	0.457081	
	0.458686	
	0.427162	
	0.559190	
	0.453986	
	0.375801	
	0.376031	
	0.434940	
	0.632794	
	0.465303	
	0.389819	
	0.492675	
	0.584158	
	0.597158	
	0.536826	
	0.501877	
	0.580899	
	0.676379	
	0.767871	
	0.700395	
	0.529116	
	0.546613	
	0.519627	
	0.492894	
	0.509189	
	0.505045	
	0.413372	
	0.362102	
	0.446127	
	0.426679	
	0.376219	
	0.450695	
	0.466948	
	0.431652	
	0.411637	
	0.402023	
	0.422266	
	0.526701	
	0.451009	
	0.397050	
	0.401685	
	0.495145	
	0.638516	
	0.662285	
	0.542946	
	0.447573	
	0.413867	
	0.462125	
	0.468398	
	0.547506	
	0.689228	
	0.749851	
	0.686040	
	0.621980	
	0.680090	
	0.642048	
	0.680406	
	0.695659	
	0.707634	
	0.653089	
	0.658569	
	0.659319	
	0.671545	
	0.590008	
	0.572998	
	0.544647	
	0.527866	
	0.552037	
	0.588319	
	0.594596	
	0.554834	
	0.647720	
	0.618703	
	0.578463	
	0.613099	
	0.612423	
	0.620757	
	0.616438	
	0.607548	
	0.541899	
	0.512017	
	0.556352	
	0.475484	
	0.470971	
	0.517120	
	0.530042	
	0.639922	
	0.704146	
	0.701072	
	0.764157	
	0.744420	
	0.712286	
	0.749624	
	0.732147	
	0.760269	
	0.789535	
	0.808330	
	0.787680	
	0.709065	
	0.587435	
	0.568811	
	0.563860	
	0.600594	
	0.560101	
	0.615274	
	0.628917	
	0.603059	
	0.588921	
	0.588840	
	0.624009	
	0.544652	
	0.493717	
	0.457117	
	0.482912	
	0.472527	
	0.514336	
	0.441609	
	0.340196	
	0.496722	
	0.581106	
	0.646791	
	0.600966	
	0.619108	
	0.593019	
	0.498907	
	0.425204	
	0.424293	
	0.385340	
	0.376247	
	0.336489	
	0.332284	
	0.360888	
	0.444415	
	0.407647	
	0.368971	
	0.350828	
	0.328038	
	0.380984	
	0.329619	
	0.290545	
	0.342992	
	0.497945	
	0.603631	
	0.598758	
	0.537659	
	0.497431	
	0.489541	
	0.496061	
	0.441722	
	0.353538	
	0.290769	
	0.405234	
	0.370407	
	0.357408	
	0.547389	
	0.512540	
	0.404107	
	0.328226	
	0.360158	
	0.456089	
	0.541616	
	0.580691	
	0.655206	
	0.643296	
	0.614375	
	0.645800	
	0.653747	
	0.678366	
	0.642425	
	0.614165	
	0.565508	
	0.550804	
	0.478402	
	0.506522	
	0.529306	
	0.547880	
	0.553224	
	0.610534	
	0.471322	
	0.444208	
	0.473104	
	NaN	
	NaN	
	0.461701	
	0.290413	
	NaN	
	NaN	
	NaN	
	0.564401	
	0.601185	
	0.655133	
	0.693694	
	0.681504	
	0.663263	
	0.667949	
	NaN	
	0.820054	
	0.876036	
	0.627704	
	0.520604	
	0.544297	
	0.490367	
	0.496879	
	0.485304	
	0.511699	
	0.459582	
	0.480463	
	0.384174	
	0.472313	
	0.414945	
	0.565872	
	0.587125	
	0.635446	
	0.668444	
	NaN	
	NaN	
	NaN	
	NaN	
	NaN	
	NaN	
	NaN	
	NaN	
	NaN	
	NaN	
	NaN	
	NaN	
	NaN	
	NaN	
	NaN	
	NaN	
	NaN	
	NaN	
	NaN	
	NaN	
	NaN	
	NaN	
	NaN	
	NaN	
	NaN	
	NaN	
	NaN	
	NaN	
	NaN	
	NaN	
	NaN	
	NaN	
	NaN	
	NaN	
	NaN	
	NaN	
	NaN	
	NaN	
	NaN	
	NaN	
	NaN	
	NaN	
	NaN	
	NaN	
	NaN	
	NaN	
	NaN	
	NaN	
	NaN	
	NaN	
	NaN	
	NaN	
	NaN	
	NaN	
	NaN	
	NaN	
	NaN	
	NaN	
	NaN	
	NaN	
	NaN	
	NaN	
	NaN	
	NaN	
	NaN	
	NaN	
	NaN	
	NaN	
	NaN	
	NaN	
	NaN	
	NaN	
	NaN	
	NaN	
	NaN	
	NaN	
	NaN	
	NaN	
	NaN	
	NaN	
	NaN	
	NaN	
	NaN	
	NaN	
	NaN	
	NaN	
	NaN	
	NaN	
	NaN	
	NaN	
	NaN	
	NaN	
	NaN	
	NaN	
	NaN	
	NaN	
	NaN	
	NaN	
	NaN	
	NaN	
	NaN	
	NaN	
	NaN	
	NaN	
	NaN	
	NaN	
	NaN	
	NaN	
	NaN	
	NaN	
	NaN	
	NaN	
	NaN	
	NaN	
	NaN	
	NaN	
	NaN	
	NaN	
	NaN	
	NaN	
	NaN	
	NaN	
	NaN	
	NaN	
	NaN	
	NaN	
	NaN	
	NaN	
	NaN	
	NaN	
	NaN	
	NaN	
	NaN	
	NaN	
	NaN	
	NaN	
	NaN	
	NaN	
	NaN	
	NaN	
	NaN	
	NaN	
	NaN	
	NaN	
	NaN	
	NaN	
	NaN	
	NaN	
	NaN	
	NaN	
	NaN	
	NaN	
	NaN	
	NaN	
	NaN	
	NaN	
	NaN	
	NaN	
	NaN	
	NaN	
	NaN	
	NaN	
	NaN	
	NaN	
	NaN	
	NaN	
	NaN	
	NaN	
	NaN	
	NaN	
	NaN	
	NaN	
	NaN	
	NaN	
	NaN	
	NaN	
	NaN	
	NaN	
	NaN	
	NaN	
	NaN	
	NaN	
	NaN	
	NaN	
	NaN	
	NaN	
	NaN	
	NaN	
	NaN	
	NaN	
	NaN	
	NaN	
	NaN	
	NaN	
	NaN	
	NaN	
	NaN	
	NaN	
	NaN	
	NaN	
	NaN	
	NaN	
	NaN	
	NaN	
	NaN	
	NaN	
	NaN	
	NaN	
	NaN	
	NaN	
	NaN	
	NaN	
	NaN	
	NaN	
	NaN	
	NaN	
	NaN	
	NaN	
	NaN	
	NaN	
	NaN	
	NaN	
	NaN	
	NaN	
	NaN	
	NaN	
	NaN	
	NaN	
	NaN	
	NaN	
	NaN	
	NaN	
	NaN	
	NaN	
	NaN	
	NaN	
	NaN	
	NaN	
	NaN	
	NaN	
	NaN	
	NaN	
	NaN	
	NaN	
	NaN	
	NaN	
	NaN	
	NaN	
	NaN	
	NaN	
	NaN	
	NaN	
	NaN	
	NaN	
	NaN	
	NaN	
	NaN	
	NaN	
	NaN	
	NaN	
	NaN	
	NaN	
	NaN	
	NaN	
	NaN	
	NaN	
	NaN	
	NaN	
	NaN	
	NaN	
	NaN	
	NaN	
	NaN	
	NaN	
	NaN	
	NaN	
	NaN	
	NaN	
	NaN	
	NaN	
	NaN	
	NaN	
	NaN	
	NaN	
	NaN	
	NaN	
	NaN	
	NaN	
	NaN	
	NaN	
	NaN	
	NaN	
	NaN	
	NaN	
	NaN	
	NaN	
	NaN	
	NaN	
	NaN	
	NaN	
	NaN	
	NaN	
	NaN	
	NaN	
	NaN	
	NaN	
	NaN	
	NaN	
	NaN	
	NaN	
	NaN	
	NaN	
	NaN	
	NaN	
	NaN	
	NaN	
	NaN	
	NaN	
	NaN	
	NaN	
	NaN	
	NaN	
	NaN	
	NaN	
	NaN	
	NaN	
	NaN	
	NaN	
	NaN	
	NaN	
	NaN	
	NaN	
	NaN	
	NaN	
	NaN	
	NaN	
	NaN	
	NaN	
	NaN	
	NaN	
	NaN	
	NaN	
	NaN	
	NaN	
	NaN	
	NaN	
	NaN	
	NaN	
	NaN	
	NaN	
	NaN	
	NaN	
	NaN	
	NaN	
	NaN	
	NaN	
	NaN	
	NaN	
	NaN	
	NaN	
	NaN	
	NaN	
	NaN	
	NaN	
	NaN	
	NaN	
	NaN	
	NaN	
	NaN	
	NaN	
	NaN	
	NaN	
	0.832674	
	0.861473	
	0.887639	
	0.889405	
	0.892651	
	0.882460	
	0.877135	
	0.864820	
	0.892882	
	0.890246	
	0.882464	
	0.889282	
	0.887056	
	0.877368	
	0.884759	
	0.895042	
	0.887274	
	0.896145	
	0.882730	
	0.881712	
	0.880136	
	0.889071	
	0.872941	
	0.879998	
	0.878259	
	0.863787	
	0.867962	
	0.862228	
	0.874750	
	0.876567	
	0.882624	
	0.872241	
	0.892283	
	0.873666	
	0.868760	
	0.881077	
	0.888584	
	0.890591	
	0.879740	
	0.884535	
	0.878167	
	0.882182	
	0.873463	
	0.873817	
	0.875669	
	0.895654	
	0.873264	
	0.880204	
	0.875291	
	0.886612	
	0.860862	
	0.879870	
	0.858709	
	0.877421	
	0.871128	
	0.866850	
	0.874022	
	0.887221	
	0.879636	
	0.874955	
	0.876237	
	0.866826	
	0.868546	
	0.887082	
	0.869998	
	0.878448	
	0.865264	
	0.877365	
	0.888191	
	0.889828	
	0.877100	
	0.883021	
	0.861125	
	0.872515	
	0.872870	
	0.845680	
	0.874584	
	0.879983	
	0.872517	
	0.884744	
	0.883457	
	0.888193	
	0.863637	
	0.878523	
	0.874712	
	0.872156	
	0.883986	
	0.887745	
	0.871589	
	0.864118	
	0.882758	
	0.867528	
	0.893695	
	0.859374	
	0.871590	
	0.890143	
	0.875128	
	0.853927	
	0.893531	
	0.889364	
	0.877192	
	0.883655	
	0.874237	
	0.876078	
	0.871130	
	0.867841	
	0.890394	
	0.878105	
	0.864581	
	0.880748	
	0.878056	
	0.862198	
	0.874036	
	0.900388	
	0.887523	
	0.819460	
	0.833467	
	0.856596	
	0.835616	
	0.843334	
	0.844626	
	0.834246	
	0.838783	
	0.837390	
	0.837403	
	0.846212	
	0.842458	
	0.832858	
	0.625993	
	0.469966	
	0.541687	
