_Brightness		
	NaN	
	NaN	
	NaN	
	NaN	
	NaN	
	NaN	
	NaN	
	NaN	
	NaN	
	NaN	
	NaN	
	NaN	
	NaN	
	NaN	
	NaN	
	NaN	
	NaN	
	NaN	
	NaN	
	NaN	
	NaN	
	NaN	
	NaN	
	NaN	
	NaN	
	NaN	
	NaN	
	NaN	
	NaN	
	NaN	
	0.658739	
	0.607287	
	0.638270	
	0.592724	
	0.585830	
	0.597992	
	0.605951	
	0.567114	
	0.558059	
	0.583859	
	0.581699	
	0.549371	
	0.564712	
	0.595856	
	0.611948	
	0.594800	
	0.583292	
	0.586088	
	0.583309	
	0.567613	
	0.588586	
	0.582226	
	0.601776	
	0.608027	
	0.566430	
	0.587370	
	0.599580	
	0.583105	
	0.579189	
	0.628088	
	0.657648	
	0.633995	
	0.614605	
	0.573841	
	0.553288	
	0.572391	
	0.592924	
	0.570594	
	0.590733	
	0.569736	
	0.562935	
	0.584877	
	0.574828	
	0.565428	
	0.607814	
	0.644840	
	0.606360	
	0.471856	
	0.536091	
	0.525632	
	0.514152	
	0.539053	
	0.543973	
	0.566854	
	0.576329	
	0.543297	
	0.586819	
	0.594589	
	0.579391	
	0.536149	
	0.515839	
	0.516847	
	0.535822	
	0.549509	
	0.552496	
	0.558835	
	0.597302	
	0.584285	
	0.578201	
	0.582110	
	0.569204	
	0.576839	
	0.603553	
	0.614471	
	0.594208	
	0.595730	
	0.639094	
	0.605021	
	0.591147	
	0.645214	
	0.637986	
	0.580669	
	0.582876	
	0.530830	
	0.546258	
	0.528138	
	0.522896	
	0.574453	
	0.578426	
	0.562718	
	0.600408	
	0.611730	
	0.576227	
	0.611609	
	0.649468	
	0.662177	
	0.607199	
	0.596049	
	0.592502	
	0.604765	
	0.649868	
	0.643499	
	0.606277	
	0.525589	
	0.543705	
	0.524710	
	0.557736	
	0.606251	
	0.612415	
	0.568656	
	0.523243	
	0.532328	
	0.492503	
	0.528927	
	0.543134	
	0.594884	
	0.564488	
	0.562548	
	0.531728	
	0.533279	
	0.521728	
	0.580164	
	0.529540	
	0.521927	
	0.428969	
	0.466770	
	0.520154	
	0.517243	
	0.354319	
	0.357336	
	0.349181	
	0.290677	
	0.292468	
	0.280717	
	0.299434	
	0.321582	
	0.460324	
	0.422920	
	0.328434	
	0.341535	
	0.352854	
	0.326041	
	0.321674	
	0.376919	
	0.539158	
	0.520718	
	0.485523	
	0.484071	
	0.418962	
	0.434480	
	0.458512	
	0.559878	
	0.456776	
	0.302497	
	0.368944	
	0.375182	
	0.444272	
	0.475998	
	0.236321	
	0.256888	
	0.243495	
	0.278503	
	0.271037	
	0.265056	
	0.273850	
	0.233319	
	0.264985	
	0.310533	
	0.282624	
	0.321664	
	0.536739	
	0.323247	
	0.342978	
	0.332354	
	0.280210	
	0.333493	
	0.344974	
	0.389460	
	0.505329	
	0.336590	
	0.333062	
	0.295555	
	0.326611	
	0.678685	
	0.519934	
	0.587831	
	0.647824	
	0.672559	
	0.685604	
	0.703452	
	0.672701	
	0.666139	
	0.703763	
	0.671323	
	0.621779	
	0.619002	
	0.590066	
	0.682583	
	0.717271	
	0.592293	
	0.551495	
	0.552112	
	0.543003	
	0.629230	
	0.704578	
	0.733235	
	0.746829	
	0.703656	
	0.696435	
	0.658219	
	0.646293	
	0.586240	
	0.681238	
	0.706149	
	0.626354	
	0.612953	
	0.564491	
	0.538177	
	0.571431	
	0.571586	
	0.574933	
	0.569536	
	0.485114	
	0.497044	
	0.568105	
	0.678293	
	0.570856	
	0.566778	
	0.568963	
	0.562935	
	0.564041	
	0.565839	
	0.557614	
	0.507654	
	0.525993	
	0.517421	
	0.451496	
	0.446434	
	0.422449	
	0.479467	
	0.431503	
	0.484105	
	0.437091	
	0.438876	
	0.427728	
	0.445989	
	0.460967	
	0.551621	
	0.541630	
	0.566123	
	0.494853	
	0.468221	
	0.495837	
	0.622100	
	0.548254	
	0.496561	
	0.494304	
	0.492171	
	0.426548	
	0.403897	
	0.421968	
	0.444312	
	0.432210	
	0.462589	
	0.453798	
	0.519762	
	0.589276	
	0.621296	
	0.668091	
	0.682294	
	0.674751	
	0.620371	
	0.641194	
	0.593096	
	0.664924	
	0.760891	
	0.684179	
	0.643837	
	0.582433	
	0.588358	
	0.610916	
	0.604587	
	0.558624	
	0.572184	
	0.591581	
	0.585372	
	0.564727	
	0.583122	
	0.693180	
	0.752388	
	0.668290	
	0.709830	
	0.678190	
	0.702648	
	0.697395	
	0.615149	
	0.556549	
	0.614441	
	0.587849	
	0.590147	
	0.550755	
	0.559307	
	0.588837	
	0.559832	
	0.664844	
	0.617336	
	0.570849	
	0.599788	
	0.731647	
	0.740218	
	0.572392	
	0.568226	
	0.587924	
	0.573820	
	0.608596	
	0.648757	
	0.720594	
	0.705402	
	0.663576	
	0.559075	
	0.548146	
	0.515007	
	0.625829	
	0.638745	
	0.672648	
	0.706078	
	0.671550	
	0.662724	
	0.638121	
	0.624717	
	0.661126	
	0.672165	
	0.570220	
	0.523126	
	0.483438	
	0.489805	
	0.513364	
	0.596090	
	0.559061	
	0.587664	
	0.593948	
	0.578638	
	0.589292	
	0.581920	
	0.693690	
	0.756163	
	0.647190	
	0.586995	
	0.512640	
	0.521797	
	0.520036	
	0.525174	
	0.493889	
	0.480784	
	0.482237	
	0.470574	
	0.473378	
	0.570468	
	0.561370	
	0.613904	
	0.548606	
	0.537474	
	0.525898	
	0.525264	
	0.549064	
	0.640456	
	0.551923	
	0.532599	
	0.556299	
	0.480924	
	0.463302	
	0.552041	
	0.504217	
	0.501273	
	0.412412	
	0.436944	
	0.457843	
	0.443217	
	0.441670	
	0.607132	
	0.582514	
	0.655294	
	0.649981	
	0.636519	
	0.606256	
	0.627380	
	0.719822	
	0.667957	
	0.574149	
	0.561474	
	0.548568	
	0.556419	
	0.605563	
	0.585037	
	0.479804	
	0.551013	
	0.531174	
	0.578831	
	0.560835	
	0.591847	
	0.643727	
	0.592313	
	0.633703	
	0.598255	
	0.562304	
	0.579445	
	0.641146	
	0.560918	
	0.617658	
	0.723238	
	0.729215	
	0.749676	
	0.725476	
	0.745640	
	0.748552	
	0.738229	
	0.700224	
	0.678751	
	0.723115	
	0.738223	
	0.780078	
	0.729788	
	0.638481	
	0.641663	
	0.653087	
	0.642575	
	0.638657	
	0.652784	
	0.724445	
	0.662313	
	0.607105	
	0.574505	
	0.561101	
	0.512194	
	0.578801	
	0.646681	
	0.656895	
	0.701303	
	0.694442	
	0.662810	
	0.636210	
	0.648766	
	0.704011	
	0.655424	
	0.637440	
	0.556874	
	0.497757	
	0.534726	
	0.631306	
	0.570374	
	0.603398	
	0.597230	
	0.586220	
	0.595701	
	0.596785	
	0.592165	
	0.663162	
	0.629303	
	0.644672	
	0.592430	
	0.580272	
	0.557663	
	0.577537	
	0.493457	
	0.517653	
	0.522326	
	0.534023	
	0.526194	
	0.512541	
	0.522103	
	0.569637	
	0.574716	
	0.545124	
	0.537045	
	0.523999	
	0.542821	
	0.663648	
	0.627158	
	0.590770	
	0.582068	
	0.532859	
	0.485619	
	0.507960	
	0.545813	
	0.559109	
	0.541023	
	0.510198	
	0.523685	
	0.560740	
	0.615121	
	0.659809	
	0.616610	
	0.707488	
	0.682538	
	0.638091	
	0.636267	
	0.584706	
	0.565605	
	0.729268	
	0.665561	
	0.577257	
	0.543519	
	0.491529	
	0.446495	
	0.500981	
	0.583089	
	0.596724	
	0.589613	
	0.569778	
	0.514746	
	0.528178	
	0.587949	
	0.640808	
	0.660628	
	0.596433	
	0.578842	
	0.552455	
	0.558049	
	0.586474	
	0.599815	
	0.522485	
	0.543365	
	0.566798	
	0.523959	
	0.546112	
	0.588768	
	0.624405	
	0.631241	
	0.620523	
	0.614020	
	0.610984	
	0.600080	
	0.660812	
	0.702109	
	0.635346	
	0.602846	
	0.575483	
	0.552925	
	0.607747	
	0.639174	
	0.599131	
	0.595504	
	0.576479	
	0.557633	
	0.599429	
	0.633012	
	0.626836	
	0.615233	
	0.682033	
	0.693502	
	0.623976	
	0.593344	
	0.607126	
	0.610503	
	0.576432	
	0.593539	
	0.606986	
	0.594460	
	0.553123	
	0.578641	
	0.705292	
	0.667430	
	0.608323	
	0.565269	
	0.582955	
	0.542756	
	0.517571	
	0.565856	
	0.627849	
	0.611570	
	0.649961	
	0.635141	
	0.623396	
	0.564311	
	0.539661	
	0.473921	
	0.554168	
	0.474625	
	0.481827	
	0.503883	
	0.458344	
	0.492819	
	0.493716	
	0.403247	
	0.409286	
	0.389760	
	0.412405	
	0.458970	
	0.426834	
	0.484948	
	0.521010	
	0.461984	
	0.425217	
	0.414921	
	0.456353	
	0.481982	
	0.527752	
	0.549753	
	0.446691	
	0.402673	
	0.501721	
	0.701060	
	0.657192	
	0.634980	
	0.676930	
	0.629775	
	0.567198	
	0.532776	
	0.519973	
	0.553511	
	0.647731	
	0.538357	
	0.535190	
	0.449897	
	0.410068	
	0.513667	
	0.514462	
	0.475571	
	0.504114	
	0.462381	
	0.422474	
	0.488094	
	0.399231	
	0.547862	
	0.553976	
	0.446223	
	0.455397	
	0.440559	
	0.411210	
	0.612838	
	0.634819	
	0.723107	
	0.811398	
	0.834727	
	0.791360	
	0.805012	
	0.779104	
	0.834533	
	0.800295	
	0.809700	
	0.793925	
	0.764504	
	0.752959	
	0.726495	
	0.747320	
	0.641558	
	0.695954	
	0.661046	
	0.652160	
	0.679192	
	0.675378	
	0.703338	
	0.670162	
	0.684459	
	0.672371	
	0.597713	
	0.678744	
	0.614139	
	0.665389	
	0.636356	
	0.700822	
	0.740732	
	0.659513	
	0.576036	
	0.559122	
	0.564876	
	0.584802	
	0.626577	
	0.609335	
	0.609281	
	0.574212	
	0.644638	
	0.693854	
	0.641047	
	0.621201	
	0.644072	
	0.619916	
	0.583016	
	0.599325	
	0.585604	
	0.545757	
	0.591343	
	0.570486	
	0.534624	
	0.601999	
	0.665605	
	0.619067	
	0.629135	
	0.694015	
	0.691817	
	0.724510	
	0.721404	
	0.712357	
	0.752530	
	0.700726	
	0.717948	
	0.744042	
	0.695309	
	0.709443	
	0.764060	
	0.719796	
	0.661004	
	0.707757	
	0.716832	
	0.673350	
	0.594920	
	0.619954	
	0.637350	
	0.644043	
	0.681871	
	0.616058	
	0.587809	
	0.627861	
	0.692516	
	0.650328	
	0.655251	
	0.723579	
	0.695777	
	0.639874	
	0.587153	
	0.526125	
	0.588570	
	0.654348	
	0.709020	
	0.663414	
	0.627407	
	0.637996	
	0.611208	
	0.610965	
	0.671461	
	0.677985	
	0.667629	
	0.677492	
	0.663194	
	0.634452	
	0.673099	
	0.664711	
	0.727876	
	0.721985	
	0.713780	
	0.702749	
	0.678055	
	0.601899	
	0.618461	
	0.583866	
	0.569292	
	0.558285	
	0.551447	
	0.570882	
	0.546717	
	0.596945	
	0.625935	
	0.583832	
	0.605885	
	0.591947	
	0.628530	
	0.692313	
	0.600549	
	0.606809	
	0.562860	
	0.515369	
	0.560007	
	0.599792	
	0.641869	
	0.632981	
	0.525532	
	0.527046	
	0.532155	
	0.561326	
	0.537030	
	0.606102	
	0.646165	
	0.695455	
	0.652663	
	0.592095	
	0.582333	
	0.586438	
	0.565825	
	0.537077	
	0.622777	
	0.587704	
	0.563634	
	0.512269	
	0.533110	
	0.755462	
	0.673340	
	0.710056	
	0.689705	
	0.667917	
	0.668718	
	0.670430	
	0.664479	
	0.601407	
	0.623251	
	0.603291	
	0.611417	
	0.607165	
	0.582500	
	0.544678	
	0.504086	
	0.534482	
	0.568143	
	0.585539	
	0.581668	
	0.576216	
	0.611740	
	0.573053	
	0.624808	
	0.694240	
	0.609645	
	0.562423	
	0.675927	
	0.633663	
	0.584973	
	0.616653	
	0.603376	
	0.571778	
	0.524154	
	0.582625	
	0.663501	
	0.549022	
	0.478980	
	0.440416	
	0.399198	
	0.492156	
	0.668424	
	0.633236	
	0.687084	
	0.701193	
	0.611318	
	0.638741	
	0.646311	
	0.674386	
	0.787916	
	0.689530	
	0.651014	
	0.574229	
	0.558316	
	0.573153	
	0.664065	
	0.555274	
	0.628986	
	0.628070	
	0.620093	
	0.581916	
	0.622607	
	0.634160	
	0.548352	
	0.619863	
	0.658286	
	0.618508	
	0.682517	
	0.683875	
	0.620781	
	0.590000	
	0.775346	
	0.831627	
	0.875382	
	0.876008	
	0.875975	
	0.871058	
	0.830102	
	0.845889	
	0.811735	
	0.808619	
	0.804829	
	0.781950	
	0.712684	
	0.682527	
	0.680456	
	0.692441	
	0.698383	
	0.729663	
	0.765331	
	0.722165	
	0.754684	
	0.759812	
	0.742167	
	0.748001	
	0.774422	
	0.809468	
	0.638129	
	0.625224	
	0.684377	
	0.704642	
	0.647662	
	0.644503	
	0.636382	
	0.630562	
	0.607762	
	0.688601	
	0.686865	
	0.683683	
	0.649742	
	0.649467	
	0.711386	
	0.718639	
	0.689647	
	0.635764	
	0.620909	
	0.637385	
	0.678646	
	0.684259	
	0.687584	
	0.646563	
	0.652287	
	0.613229	
	0.640708	
	0.679556	
	0.671277	
	0.652275	
	0.688198	
	0.726435	
	0.718886	
	0.699812	
	0.771236	
	0.735669	
	0.691973	
	0.724629	
	0.733581	
	0.683177	
	0.704054	
	0.733755	
	0.768782	
	0.604768	
	0.628486	
	0.586626	
	0.623144	
	0.612442	
	0.707015	
	0.696233	
	0.677144	
	0.705057	
	0.685115	
	0.693496	
	0.766029	
	0.747612	
	0.648650	
	0.610116	
	0.720639	
	0.711866	
	0.665963	
	0.675738	
	0.642312	
	0.672610	
	0.677410	
	0.676428	
	0.681296	
	0.671040	
	0.665176	
	0.701677	
	0.673784	
	0.683163	
	0.698393	
	0.687422	
	0.657539	
	0.671889	
	0.657800	
	0.689408	
	0.702969	
	0.586331	
	0.685709	
	0.728215	
	0.723966	
	0.652035	
	0.602932	
	0.646764	
	0.710166	
	0.676726	
	0.724937	
	0.737226	
	0.772257	
	0.720981	
	0.591913	
	0.647387	
	0.639578	
	0.635362	
	0.634906	
	0.534632	
	0.535076	
	0.588086	
	0.626579	
	0.606973	
	0.591494	
	0.583769	
	0.599319	
	0.567241	
	0.538753	
	0.529686	
	0.581597	
	0.618827	
	0.648696	
	0.687598	
	0.674977	
	0.702427	
	0.701601	
	0.710953	
	0.738135	
	0.707659	
	0.711581	
	0.708900	
	0.757565	
	0.778289	
	0.722839	
	0.729510	
	0.743221	
	0.748320	
	0.634116	
	0.588537	
	0.684068	
	0.721768	
	0.681099	
	0.647096	
	0.668293	
	0.659510	
	0.668317	
	0.561400	
	0.526680	
	0.575901	
	0.566347	
	0.637571	
	0.586543	
	0.508576	
	0.480718	
	0.490232	
	0.491353	
	0.522340	
	0.591822	
	0.595985	
	0.616013	
	0.702166	
	0.619591	
	0.509462	
	0.569994	
	0.573384	
	0.575466	
	0.590178	
	0.608679	
	0.630796	
	0.610336	
	0.624501	
	0.587591	
	0.480935	
	0.543907	
	0.540254	
	0.530775	
	0.557520	
	0.607739	
	0.554466	
	0.583890	
	0.488611	
	0.520542	
	0.506381	
	0.546673	
	0.512716	
	0.508491	
	0.691377	
	0.666120	
	0.610393	
	0.570104	
	0.506850	
	0.519962	
	0.573343	
	0.696267	
	0.740442	
	0.824010	
	0.858281	
	0.888300	
	0.858492	
	0.839542	
	0.846677	
	0.834873	
	0.903536	
	0.900527	
	0.899137	
	0.903597	
	0.894354	
	0.809986	
	0.689776	
	0.664452	
	0.661779	
	0.614031	
	0.601312	
	0.627643	
	0.599992	
	0.685038	
	0.642488	
	0.629686	
	0.658659	
	0.661973	
	0.643390	
	0.558725	
	0.562370	
	0.583720	
	0.582299	
	0.544145	
	0.559847	
	0.557218	
	0.579098	
	0.579563	
	0.588939	
	0.596620	
	0.592839	
	0.580003	
	0.587000	
	0.657342	
	0.696186	
	0.732599	
	0.706549	
	0.658046	
	0.578508	
	0.533866	
	0.550965	
	0.596117	
	0.598552	
	0.502653	
	0.525496	
	0.516619	
	0.473767	
	0.536993	
	0.551799	
	0.523936	
	0.539211	
	0.545842	
	0.485667	
	0.430168	
	0.522994	
	0.583957	
	0.553680	
	0.578296	
	0.569417	
	0.709074	
	0.820477	
	0.726270	
	0.617749	
	0.655577	
	0.542670	
	0.567172	
	0.533516	
	0.543270	
	0.635012	
	0.597475	
	0.600843	
	0.607562	
	0.562536	
	0.536208	
	0.581510	
	0.549376	
	0.534573	
	0.544110	
	0.538908	
	0.505209	
	0.579108	
	0.624136	
	0.627783	
	0.536140	
	0.533588	
	0.530430	
	0.583809	
	0.556670	
	0.613772	
	0.622664	
	0.705238	
	0.652104	
	0.586632	
	0.529301	
	0.444018	
	0.463433	
	0.485299	
	0.519445	
	0.509831	
	0.474024	
	0.489710	
	0.507684	
	0.554608	
	0.566917	
	0.659899	
	0.633089	
	0.577776	
	0.559561	
	0.529867	
	0.594501	
	0.712428	
	0.847564	
	0.873417	
	0.844669	
	0.857630	
	0.869352	
	0.874638	
	0.633378	
	0.517726	
	0.473966	
	0.376633	
	0.344773	
	0.325390	
	0.410376	
	0.463524	
	0.575709	
	0.493435	
	0.410537	
	0.439469	
	0.433640	
	0.360121	
	0.434504	
	0.379314	
	0.318550	
	0.290886	
	0.261904	
	0.244307	
	0.343558	
	0.406037	
	0.445431	
	0.450463	
	0.457074	
	0.664984	
	0.867808	
	0.800111	
	0.776985	
	0.819184	
	0.811302	
	0.637408	
	0.575023	
	0.485288	
	0.439947	
	0.421706	
	0.523433	
	0.518348	
	0.407773	
	0.370735	
	0.356866	
	0.418836	
	0.578374	
	0.668733	
	0.586991	
	0.437537	
	0.433496	
	0.407384	
	0.430713	
	0.516728	
	0.596455	
	0.499899	
	0.459563	
	0.464416	
	0.511416	
	0.493915	
	0.506282	
	0.477656	
	0.428279	
	0.405370	
	0.403801	
	0.361783	
	0.441238	
	0.571305	
	0.587834	
	0.571693	
	0.478462	
	0.472989	
	0.462468	
	0.700862	
	0.616921	
	0.568732	
	0.551036	
	0.511957	
	0.397511	
	0.427226	
	0.351718	
	0.402416	
	0.420950	
	0.432592	
	0.337716	
	0.341586	
	0.418874	
	0.658093	
	0.668312	
	0.731734	
	0.743779	
	0.627620	
	0.571209	
	0.592792	
	0.538378	
	0.503796	
	0.565875	
	0.467140	
	0.400364	
	0.404301	
	0.387455	
	0.515338	
	0.581038	
	0.635889	
	0.569490	
	0.495269	
	0.409845	
	0.368098	
	0.476628	
	0.558982	
	0.616172	
	0.733453	
	0.868202	
	0.945000	
	0.951474	
	0.862413	
	0.556419	
	0.541681	
	0.554783	
	0.538851	
	0.444662	
	0.450387	
	0.464913	
	0.607891	
	0.648441	
	0.561467	
	0.511156	
	0.485671	
	0.462597	
	0.446248	
	0.533015	
	0.410391	
	0.370942	
	0.335318	
	0.371667	
	0.396570	
	0.449312	
	0.498514	
	0.483507	
	0.499687	
	0.466531	
	0.435270	
	0.376896	
	0.578997	
	0.672879	
	0.718259	
	0.672739	
	0.567623	
	0.428997	
	0.372215	
	0.400435	
	0.455854	
	0.621928	
	0.537111	
	0.425475	
	0.435810	
	0.399882	
	0.493914	
	0.543079	
	0.407188	
	0.319926	
	0.318282	
	0.324563	
	0.463179	
	0.551969	
	0.508714	
	0.616615	
	0.574680	
	0.708742	
	0.855837	
	0.916029	
	0.820484	
	0.560146	
	0.502889	
	0.383652	
	0.344781	
	0.303491	
	0.334023	
	0.476011	
	0.528623	
	0.606460	
	0.543321	
	0.441604	
	0.445969	
	0.451653	
	0.661913	
	0.585695	
	0.591162	
	0.578990	
	0.506448	
	0.452744	
	0.530080	
	0.623470	
	0.588239	
	0.510051	
	0.427372	
	0.376743	
	0.373071	
	0.455854	
	0.635299	
	0.653625	
	0.636212	
	0.556643	
	0.483423	
	0.476354	
	0.461639	
	0.469676	
	0.502104	
	0.481288	
	0.447712	
	0.409633	
	0.420841	
	0.414277	
	0.488032	
	0.550004	
	0.482229	
	0.407981	
	0.374317	
	0.331815	
	0.342696	
	0.449790	
	0.468923	
	0.463535	
	0.372266	
	0.343264	
	0.453586	
	0.466768	
	0.616591	
	0.548054	
	0.575457	
	0.513564	
	0.444789	
	0.434447	
	0.456417	
	0.433865	
	0.578141	
	0.559761	
	0.478439	
	0.505917	
	0.511620	
	0.497822	
	0.541487	
	0.575315	
	0.582568	
	0.542335	
	0.539477	
	0.570809	
	0.551970	
	0.551972	
	0.545129	
	0.479460	
	0.475377	
	0.486169	
	0.493175	
	0.526215	
	0.565892	
	0.638488	
	0.647131	
	0.598013	
	0.504804	
	0.458664	
	0.427340	
	0.403964	
	0.507710	
	0.535013	
	0.448557	
	0.448915	
	0.443417	
	0.473433	
	0.578492	
	0.615983	
	0.573074	
	0.515853	
	0.475393	
	0.455020	
	0.470841	
	0.533478	
	0.554296	
	0.562382	
	0.530926	
	0.529038	
	0.532205	
	0.485116	
	0.533360	
	0.549848	
	0.579992	
	0.537288	
	0.482679	
	0.486494	
	0.525583	
	0.592693	
	0.508670	
	0.541796	
	0.547881	
	0.525982	
	0.488891	
	0.573385	
	0.611623	
	0.623204	
	0.600916	
	0.569655	
	0.562652	
	0.552239	
	0.593658	
	0.582962	
	0.647342	
	0.540112	
	0.521345	
	0.493950	
	0.470957	
	0.636786	
	0.657540	
	0.724143	
	0.728771	
	0.688752	
	0.614032	
	0.609097	
	0.612138	
	0.658911	
	0.599271	
	0.566406	
	0.586762	
	0.605882	
	0.611548	
	0.634242	
	0.685615	
	0.687843	
	0.666977	
	0.603416	
	0.648601	
	0.611677	
	0.637471	
	0.623911	
	0.629558	
	0.593228	
	0.644293	
	0.607828	
	0.534896	
	0.570513	
	0.531540	
	0.475264	
	0.515503	
	0.449708	
	0.430622	
	0.448910	
	0.447373	
	0.436288	
	0.540731	
	0.529744	
	0.499462	
	0.519007	
	0.547819	
	0.500044	
	0.510746	
	0.627160	
	0.583017	
	0.418669	
	0.368748	
	0.428094	
	0.451648	
	0.467239	
	0.459141	
	0.402991	
	0.319514	
	0.314263	
	0.371632	
	0.548892	
	0.592567	
	0.708058	
	0.692633	
	0.600801	
	0.513556	
	0.469078	
	0.498671	
	0.499484	
	0.598204	
	0.571644	
	0.505283	
	0.457395	
	0.423947	
	0.445331	
	0.508290	
	0.503949	
	0.489329	
	0.478916	
	0.432816	
	0.404938	
	0.446316	
	0.490448	
	0.486869	
	0.440385	
	0.384679	
	0.514192	
	0.748842	
	0.894608	
	0.767807	
	0.797396	
	0.741446	
	0.674127	
	0.680943	
	0.666970	
	0.646642	
	0.633998	
	0.626596	
	0.667480	
	0.563007	
	0.501467	
	0.504866	
	0.681537	
	0.667779	
	0.606516	
	0.530424	
	0.475561	
	0.391883	
	0.438935	
	0.472262	
	0.478401	
	0.446196	
	0.419538	
	0.401353	
	0.359264	
	0.357239	
	0.659750	
	0.666273	
	0.738123	
	0.714844	
	0.634843	
	0.612096	
	0.605663	
	0.570313	
	0.547429	
	0.558729	
	0.481367	
	0.540359	
	0.704046	
	0.868834	
	0.865780	
	0.805409	
	0.727922	
	0.652367	
	0.577405	
	0.598779	
	0.584604	
	0.666849	
	0.617555	
	0.643477	
	0.670962	
	0.676199	
	0.742588	
	0.810240	
	0.801660	
	0.580609	
	0.487996	
	0.538649	
	0.491116	
	0.458841	
	0.508960	
	0.542282	
	0.593618	
	0.643634	
	0.605679	
	0.563386	
	0.569425	
	0.591679	
	0.574584	
	0.594997	
	0.628185	
	0.657929	
	0.652815	
	0.732495	
	0.703108	
	0.699970	
	0.630138	
	0.613790	
	0.738698	
	0.856004	
	0.885277	
	0.868946	
	0.773906	
	0.605013	
	0.636075	
	0.666105	
	0.545269	
	0.476870	
	0.407193	
	0.382572	
	0.390031	
	0.457704	
	0.416815	
	0.407733	
	0.426949	
	0.477664	
	0.447814	
	0.604415	
	0.573186	
	0.542093	
	0.460691	
	0.417844	
	0.385829	
	0.424814	
	0.470410	
	0.547200	
	0.468711	
	0.399387	
	0.348436	
	0.362822	
	0.655523	
	0.624093	
	0.621592	
	0.431769	
	0.307166	
	0.264257	
	0.254583	
	0.360268	
	0.466615	
	0.457187	
	0.410538	
	0.336495	
	0.333523	
	0.347738	
	0.557153	
	0.539683	
	0.438462	
	0.467102	
	0.485950	
	0.495429	
	0.515340	
	0.557461	
	0.493966	
	0.463850	
	0.435427	
	0.383738	
	0.477701	
	0.613903	
	0.722492	
	0.722421	
	0.738195	
	0.682805	
	0.699075	
	0.690400	
	0.675495	
	0.615812	
	0.576168	
	0.653478	
	0.654012	
	0.658150	
	0.635526	
	0.683828	
	0.693749	
	0.673859	
	0.615705	
	0.605911	
	0.508719	
	0.510218	
	0.495736	
	0.501461	
	0.521076	
	0.574490	
	0.505579	
	0.501170	
	0.519065	
	0.495197	
	0.554809	
	0.522843	
	0.519438	
	0.535084	
	0.441846	
	0.406885	
	0.410094	
	0.429555	
	0.645343	
	0.617101	
	0.510724	
	0.505592	
	0.532823	
	0.491355	
	0.533745	
	0.653280	
	0.655813	
	0.676807	
	0.622895	
	0.674342	
	0.653201	
	0.618939	
	0.612465	
	0.600922	
	0.593908	
	0.627702	
	0.604518	
	0.635951	
	0.637780	
	0.645863	
	0.736149	
	0.724624	
	0.660242	
	0.651127	
	0.702129	
	0.727196	
	0.654223	
	0.663685	
	0.635607	
	0.661002	
	0.666318	
	0.616320	
	0.486108	
	0.577782	
	0.535842	
	0.494284	
	0.431683	
	0.442513	
	0.504194	
	0.538553	
	0.541872	
	0.519785	
	0.475401	
	0.495172	
	0.669936	
	0.868243	
	0.816851	
	0.697785	
	0.635515	
	0.450719	
	0.457937	
	0.416794	
	0.402785	
	0.565616	
	0.508737	
	0.528311	
	0.564507	
	0.441658	
	0.373471	
	0.368505	
	0.557659	
	0.583833	
	0.498638	
	0.403471	
	0.330487	
	0.407212	
	0.457577	
	0.472439	
	0.516486	
	0.419576	
	0.403142	
	0.393650	
	0.480326	
	0.552505	
	0.608390	
	0.688939	
	0.708837	
	0.664249	
	0.567099	
	0.542261	
	0.534603	
	0.491377	
	0.523780	
	0.519672	
	0.521931	
	0.477148	
	0.491031	
	0.452711	
	0.539427	
	0.599675	
	0.565604	
	0.521934	
	0.500525	
	0.449295	
	0.473255	
	0.480699	
	0.516989	
	0.480968	
	0.398640	
	0.413261	
	0.477489	
	0.509474	
	0.550855	
	0.566811	
	0.585602	
	0.492597	
	0.470463	
	0.396799	
	0.399808	
	0.450490	
	0.584204	
	0.493478	
	0.439442	
	0.431348	
	0.469428	
	0.474330	
	0.457442	
	0.510425	
	0.507170	
	0.450966	
	0.431580	
	0.441881	
	0.476744	
	0.452892	
	0.451284	
	0.422039	
	0.438421	
	0.433380	
	0.426738	
	0.589438	
	0.576486	
	0.677665	
	0.639316	
	0.563291	
	0.481676	
	0.426283	
	0.391062	
	0.439638	
	0.520763	
	0.485909	
	0.361507	
	0.375744	
	0.404394	
	0.379821	
	0.478445	
	0.513288	
	0.487890	
	0.446498	
	0.370944	
	0.364663	
	0.401112	
	0.421807	
	0.477945	
	0.580190	
	0.601450	
	0.527462	
	0.471374	
	0.553822	
	0.526949	
	0.519797	
	0.461488	
	0.388302	
	0.400208	
	0.375561	
	0.383405	
	0.571052	
	0.516795	
	0.461412	
	0.426650	
	0.385752	
	0.391852	
	0.649111	
	0.749390	
	0.700023	
	0.658090	
	0.579885	
	0.434649	
	0.444630	
	0.456044	
	0.482304	
	0.456495	
	0.452193	
	0.354966	
	0.427262	
	0.518599	
	0.596240	
	0.521801	
	0.630614	
	0.649527	
	0.571582	
	0.536724	
	0.467775	
	0.462814	
	0.541502	
	0.546284	
	0.633289	
	0.690764	
	0.641203	
	0.493091	
	0.397473	
	0.367402	
	0.428044	
	0.342730	
	0.313340	
	0.287235	
	0.277418	
	0.320554	
	0.497099	
	0.531190	
	0.712873	
	0.814644	
	0.869713	
	0.848641	
	0.606320	
	0.529792	
	0.523394	
	0.557468	
	0.660899	
	0.692694	
	0.755386	
	0.758827	
	0.757505	
	0.785729	
	0.826825	
	0.870378	
	0.842059	
	0.796643	
	0.710244	
	0.639939	
	0.608241	
	0.632184	
	0.559106	
	0.542232	
	0.588519	
	0.641270	
	0.763075	
	0.765374	
	0.860486	
	0.889371	
	0.902889	
	0.866810	
	0.635286	
	0.590241	
	0.646240	
	0.609796	
	0.531178	
	0.523363	
	0.487336	
	0.510437	
	0.514870	
	0.582123	
	0.546249	
	0.453962	
	0.438225	
	0.481775	
	0.621029	
	0.717680	
	0.664571	
	0.583464	
	0.495596	
	0.458325	
	0.396120	
	0.492974	
	0.449612	
	0.563668	
	0.584986	
	0.476046	
	0.513581	
	0.658261	
	0.769452	
	0.540720	
	0.482355	
	0.432738	
	0.399364	
	0.321471	
	0.349382	
	0.452930	
	0.547143	
	0.490806	
	0.575442	
	0.537759	
	0.539756	
	0.625617	
	0.655143	
	0.650155	
	0.692179	
	0.577384	
	0.459475	
	0.381778	
	0.376608	
	0.450003	
	0.461904	
	0.515631	
	0.704620	
	0.875221	
	0.886734	
	0.819971	
	0.616504	
	0.628331	
	0.669125	
	0.614017	
	0.539542	
	0.521460	
	0.526752	
	0.523811	
	0.558190	
	0.590604	
	0.546029	
	0.607086	
	0.769520	
	0.752425	
	0.720627	
	0.685919	
	0.621805	
	0.660557	
	0.680580	
	0.599617	
	0.536084	
	0.521121	
	0.588447	
	0.593351	
	0.497851	
	0.530723	
	0.595744	
	0.614435	
	0.646188	
	0.588684	
	0.485966	
	0.462898	
	0.376226	
	0.390252	
	0.381179	
	0.423454	
	0.566131	
	0.544205	
	0.496811	
	0.489376	
	0.482186	
	0.481744	
	0.503045	
	0.606723	
	0.619085	
	0.527743	
	0.391097	
	0.349036	
	0.341811	
	0.312228	
	0.367612	
	0.371709	
	0.369042	
	0.385256	
	0.445555	
	0.474277	
	0.589752	
	0.650223	
	0.650741	
	0.665728	
	0.670030	
	0.639938	
	0.638875	
	0.596762	
	0.534816	
	0.592099	
	0.558984	
	0.546549	
	0.533653	
	0.512935	
	0.654308	
	0.561735	
	0.366696	
	0.345305	
	0.337132	
	0.296247	
	0.293985	
	0.370866	
	0.430798	
	0.320530	
	0.307999	
	0.300525	
	0.305279	
	0.469991	
	0.503605	
	0.359653	
	0.385722	
	0.369191	
	0.308528	
	0.319851	
	0.278011	
	0.285092	
	0.313717	
	0.457603	
	0.498015	
	0.307319	
	0.328426	
	0.283841	
	0.291730	
	0.290637	
	0.318297	
	0.312327	
	0.277048	
	0.373259	
	0.383441	
	0.287766	
	0.256281	
	0.223964	
	0.203101	
	0.167394	
	0.157777	
	0.189052	
	0.533051	
	0.386228	
	0.288445	
	0.299709	
	0.251180	
	0.236699	
	0.271237	
	0.249058	
	0.253022	
	0.254044	
	0.215554	
	0.270526	
	0.305378	
	0.282797	
	0.334449	
	0.288627	
	0.338904	
	0.387960	
	0.391003	
	0.331097	
	0.326124	
	0.343068	
	0.296320	
	0.306060	
	0.429095	
	0.741223	
	0.905617	
	0.903103	
	0.609805	
	0.591450	
	0.629832	
	0.664162	
	0.651956	
	0.701394	
	0.728323	
	0.735396	
	0.767400	
	0.740300	
	0.800649	
	0.846275	
	0.859609	
	0.852587	
	0.753182	
	0.693899	
	0.570828	
	0.538183	
	0.517472	
	0.629176	
	0.653530	
	0.621914	
	0.596699	
	0.682883	
	0.847329	
	0.885541	
	0.904051	
	0.871326	
	0.652710	
	0.562741	
	0.667273	
	0.683268	
	0.610154	
	0.558299	
	0.700127	
	0.809972	
	0.792283	
	0.817199	
	0.815897	
	0.809050	
	0.814552	
	0.767352	
	0.629658	
	0.648169	
	0.555851	
	0.510477	
	0.529257	
	0.560975	
	0.549930	
	0.519844	
	0.607404	
	0.546340	
	0.531605	
	0.512765	
	0.618229	
	0.598389	
	0.477820	
	0.420971	
	0.423192	
	0.386446	
	0.404946	
	0.359601	
	0.420301	
	0.636084	
	0.558435	
	0.647644	
	0.606122	
	0.476794	
	0.422985	
	0.678172	
	0.690503	
	0.627625	
	0.555792	
	0.458147	
	0.359695	
	0.315884	
	0.326197	
	0.337781	
	0.406026	
	0.428637	
	0.502335	
	0.625996	
	0.854502	
	0.811534	
	0.581208	
	0.662632	
	0.674233	
	0.618074	
	0.586122	
	0.755914	
	0.838129	
	0.852195	
	0.818277	
	0.743480	
	0.822301	
	0.821325	
	0.834743	
	0.691346	
	0.631745	
	0.636805	
	0.618736	
	0.582278	
	0.542034	
	0.508928	
	0.570422	
	0.540706	
	0.567971	
	0.538064	
	0.550074	
	0.661238	
	0.759252	
	0.732578	
	0.610335	
	0.487340	
	0.489259	
	0.471961	
	0.461073	
	0.423784	
	0.453968	
	0.523386	
	0.592160	
	0.485745	
	0.500726	
	0.468842	
	0.483368	
	0.587742	
	0.629490	
	0.605471	
	0.584854	
	0.421208	
	0.331393	
	0.308588	
	0.313435	
	0.324846	
	0.329326	
	0.328977	
	0.327229	
	0.429564	
	0.578949	
	0.624638	
	0.605932	
	0.617728	
	0.591991	
	0.536274	
	0.508660	
	0.518849	
	0.385741	
	0.514642	
	0.538733	
	0.620068	
	0.613314	
	0.530939	
	0.516549	
	0.748086	
	0.757560	
	0.740432	
	0.751170	
	0.756016	
	0.745989	
	0.758787	
	0.723285	
	0.741874	
	0.751326	
	0.668619	
	0.631018	
	0.712556	
	0.736916	
	0.798934	
	0.526265	
	0.380796	
	0.415342	
	0.460864	
	0.450786	
	0.478020	
	0.508949	
	0.450148	
	0.310974	
	0.324881	
	0.383331	
	0.437951	
	0.470648	
	0.458021	
	0.303175	
	0.334219	
	0.470630	
	0.412739	
	0.517047	
	0.503998	
	0.323226	
	0.289254	
	0.319402	
	0.449719	
	0.489243	
	0.515328	
	0.585693	
	0.361579	
	0.344748	
	0.337576	
	0.456393	
	0.468673	
	0.501379	
	0.532487	
	0.519766	
	0.513101	
	0.416831	
	0.415049	
	0.486955	
	0.491197	
	0.409904	
	0.321229	
	0.289301	
	0.273978	
	0.262623	
	0.279499	
	0.260018	
	0.257163	
	0.348837	
	0.397708	
	0.798163	
	0.886080	
	0.913976	
	0.940603	
	0.891622	
	0.694170	
	0.570722	
	0.585005	
	0.603588	
	0.653032	
	0.687278	
	0.681749	
	0.644779	
	0.612179	
	0.583890	
	0.577372	
	0.563961	
	0.573688	
	0.568307	
	0.503089	
	0.525688	
	0.546255	
	0.524328	
	0.508180	
	0.510481	
	0.446356	
	0.478071	
	0.456653	
	0.464412	
	0.444655	
	0.442433	
	0.461561	
	0.455052	
	0.506434	
	0.552187	
	0.565904	
	0.518951	
	0.494646	
	0.471844	
	0.544059	
	0.471869	
	0.513059	
	0.592647	
	0.459907	
	0.433070	
	0.442580	
	0.434422	
	0.490852	
	0.545877	
	0.511832	
	0.469392	
	0.438209	
	0.395944	
	0.383352	
	0.405036	
	0.421382	
	0.441614	
	0.418456	
	0.432061	
	0.398179	
	0.395050	
	0.547981	
	0.458750	
	0.514492	
	0.348781	
	0.385254	
	0.345279	
	0.340267	
	0.386959	
	0.421746	
	0.548572	
	0.637955	
	0.536946	
	0.490289	
	0.530111	
	0.659125	
	0.662794	
	0.674006	
	0.623795	
	0.569748	
	0.588133	
	0.597707	
	0.554934	
	0.755147	
	0.776936	
	0.845570	
	0.875569	
	0.873852	
	0.842740	
	0.566899	
	0.665340	
	0.704273	
	0.724821	
	0.694340	
	0.629727	
	0.615908	
	0.593553	
	0.621347	
	0.650109	
	0.646360	
	0.625457	
	0.634016	
	0.660095	
	0.609133	
	0.675258	
	0.685022	
	0.661988	
	0.618941	
	0.523695	
	0.512089	
	0.485729	
	0.525322	
	0.565034	
	0.548304	
	0.557109	
	0.495514	
	0.502798	
	0.514738	
	0.429125	
	0.470651	
	0.533223	
	0.535253	
	0.534404	
	0.492628	
	0.481839	
	0.573931	
	0.574315	
	0.623910	
	0.637964	
	0.614791	
	0.617855	
	0.600445	
	0.640931	
	0.631038	
	0.627736	
	0.569093	
	0.554538	
	0.546442	
	0.540218	
	0.523698	
	0.500722	
	0.537794	
	0.526364	
	0.547891	
	0.470539	
	0.570182	
	0.622652	
	0.637476	
	0.611248	
	0.596592	
	0.607791	
	0.602623	
	0.666120	
	0.628584	
	0.630577	
	0.582418	
	0.584599	
	0.560040	
	0.616012	
	0.530771	
	0.505765	
	0.532755	
	0.536774	
	0.537674	
	0.526326	
	0.576585	
	0.573676	
	0.541588	
	0.547599	
	0.513510	
	0.522026	
	0.529850	
	0.538440	
	0.505046	
	0.467131	
	0.493775	
	0.532174	
	0.546279	
	0.574427	
	0.579602	
	0.597556	
	0.597833	
	0.589161	
	0.572870	
	0.593775	
	0.556956	
	0.433852	
	0.494037	
	0.465049	
	0.418467	
	0.422916	
	0.431388	
	0.434718	
	0.434968	
	0.443215	
	0.417285	
	0.468678	
	0.500640	
	0.486548	
	0.477970	
	0.478927	
	0.540546	
	0.515988	
	0.439266	
	0.411799	
	0.427724	
	0.432286	
	0.393733	
	0.424669	
	0.475261	
	0.326545	
	0.316752	
	0.322051	
	0.323336	
	0.348617	
	0.368117	
	0.347002	
	0.333281	
	0.280696	
	0.280620	
	0.297823	
	0.303519	
	0.337382	
	0.387514	
	0.356752	
	0.339651	
	0.317636	
	0.307986	
	0.501250	
	0.408734	
	0.423263	
	0.489014	
	0.557274	
	0.569612	
	0.545805	
	0.561732	
	0.501386	
	0.538472	
	0.541202	
	0.527479	
	0.493740	
	0.488643	
	0.504475	
	0.526749	
	0.568040	
	0.509863	
	0.539690	
	0.491172	
	0.514396	
	0.543062	
	0.490019	
	0.488934	
	0.516890	
	0.474035	
	0.511222	
	0.562567	
	0.486707	
	0.543776	
	0.554317	
	0.633498	
	0.576864	
	0.480543	
	0.443005	
	0.476161	
	0.438964	
	0.457957	
	0.405737	
	0.371702	
	0.401414	
	0.465413	
	0.431029	
	0.580049	
	0.622206	
	0.650709	
	0.591296	
	0.571638	
	0.575388	
	0.597313	
	0.548021	
	0.586414	
	0.449634	
	0.423038	
	0.451298	
	0.679989	
	0.789996	
	0.765623	
	0.702513	
	0.627887	
	0.533071	
	0.473694	
	0.466511	
	0.639203	
	0.607804	
	0.592369	
	0.558832	
	0.544135	
	0.554757	
	0.546736	
	0.592434	
	0.638411	
	0.630017	
	0.584995	
	0.518826	
	0.551281	
	0.538367	
	0.576643	
	0.581267	
	0.584881	
	0.555636	
	0.492184	
	0.510556	
	0.558678	
	0.606060	
	0.609635	
	0.649727	
	0.635208	
	0.613479	
	0.549449	
	0.518373	
	0.551248	
	0.562504	
	0.517509	
	0.534539	
	0.513287	
	0.527024	
	0.581491	
	0.545604	
	0.644526	
	0.548896	
	0.502452	
	0.404986	
	0.413853	
	0.402275	
	0.452556	
	0.463323	
	0.461804	
	0.443185	
	0.444636	
	0.442979	
	0.409980	
	0.537822	
	0.495412	
	0.425288	
	0.377148	
	0.393592	
	0.468827	
	0.470824	
	0.515517	
	0.560233	
	0.599051	
	0.604220	
	0.555207	
	0.568300	
	0.569281	
	0.588780	
	0.663650	
	0.650484	
	0.620657	
	0.513177	
	0.601398	
	0.532801	
	0.529960	
	0.432917	
	0.454791	
	0.397194	
	0.385604	
	0.466184	
	0.475810	
	0.566207	
	0.587055	
	0.679203	
	0.615152	
	0.527047	
	0.440810	
	0.358977	
	0.299710	
	0.369581	
	0.401423	
	0.360505	
	0.337339	
	0.303787	
	0.289483	
	0.452771	
	0.631134	
	0.539226	
	0.449752	
	0.359668	
	0.309202	
	0.319451	
	0.367135	
	0.385293	
	0.421429	
	0.389853	
	0.360882	
	0.354441	
	0.318063	
	0.522451	
	0.499206	
	0.507633	
	0.452782	
	0.414728	
	0.408282	
	0.447402	
	0.439843	
	0.480565	
	0.507043	
	0.395494	
	0.401843	
	0.431748	
	0.453642	
	0.567628	
	0.544469	
	0.494346	
	0.450284	
	0.404502	
	0.394944	
	0.454984	
	0.404039	
	0.436225	
	0.446521	
	0.361435	
	0.389985	
	0.396968	
	0.469267	
	0.605457	
	0.710247	
	0.685651	
	0.597563	
	0.527454	
	0.468954	
	0.428025	
	0.459321	
	0.456221	
	0.425592	
	0.370626	
	0.376063	
	0.346542	
	0.458678	
	0.548826	
	0.645167	
	0.644763	
	0.648309	
	0.619687	
	0.657158	
	0.689808	
	0.603361	
	0.662549	
	0.683082	
	0.627635	
	0.606965	
	0.599114	
	0.640897	
	0.630435	
	0.509124	
	0.498161	
	0.444456	
	0.395060	
	0.447300	
	0.483306	
	0.415487	
	0.556310	
	0.496191	
	0.491848	
	0.453219	
	0.452821	
	0.623496	
	0.648610	
	0.644578	
	0.566362	
	0.522431	
	0.468759	
	0.462036	
	0.471194	
	0.440783	
	0.387065	
	0.423150	
	0.467808	
	0.406170	
	0.460291	
	0.534305	
	0.613292	
	0.719449	
	0.674018	
	0.600283	
	0.517747	
	0.464340	
	0.425463	
	0.465167	
	0.513346	
	0.574113	
	0.566095	
	0.597038	
	0.544813	
	0.504843	
	0.548367	
	0.563419	
	0.460826	
	0.361513	
	0.314236	
	0.334059	
	0.363597	
	0.445425	
	0.472876	
	0.453434	
	0.424658	
	0.446706	
	0.452217	
	0.521939	
	0.486571	
	0.450558	
	0.430040	
	0.391526	
	0.428755	
	0.433420	
	0.425752	
	0.474783	
	0.453395	
	0.529422	
	0.455058	
	0.391399	
	0.393849	
	0.457181	
	0.674119	
	0.682570	
	0.669975	
	0.568089	
	0.525420	
	0.520194	
	0.511116	
	0.411296	
	0.376859	
	0.711558	
	0.845270	
	0.804907	
	0.779974	
	0.619005	
	0.630643	
	0.713336	
	0.614151	
	0.541398	
	0.500657	
	0.436817	
	0.418002	
	0.379508	
	0.432134	
	0.420241	
	0.373188	
	0.373260	
	0.379795	
	0.364155	
	0.494314	
	0.660773	
	0.667460	
	0.552916	
	0.343354	
	0.268622	
	0.352839	
	0.384370	
	0.337474	
	0.285666	
	0.289035	
	0.277670	
	0.284321	
	0.399003	
	0.467258	
	0.414891	
	0.343424	
	0.331811	
	0.303550	
	0.320030	
	0.330117	
	0.366657	
	0.480518	
	0.544113	
	0.441533	
	0.387063	
	0.434061	
	0.593680	
	0.531841	
	0.552854	
	0.498632	
	0.468819	
	0.478811	
	0.498581	
	0.496536	
	0.503511	
	0.498486	
	0.484257	
	0.498410	
	0.505513	
	0.547264	
	0.567451	
	0.657605	
	0.654492	
	0.634425	
	0.617982	
	0.595335	
	0.549428	
	0.585804	
	0.556166	
	0.541946	
	0.520879	
	0.549862	
	0.533413	
	0.530143	
	0.559768	
	0.649339	
	0.682930	
	0.660746	
	0.611836	
	0.653386	
	0.623222	
	0.590154	
	0.584446	
	0.590989	
	0.575631	
	0.595770	
	0.598573	
	0.639861	
	0.589750	
	0.516800	
	0.541135	
	0.570254	
	0.591541	
	0.586811	
	0.533213	
	0.539908	
	0.556123	
	0.484006	
	0.433302	
	0.527038	
	0.523394	
	0.577394	
	0.584163	
	0.461941	
	0.527810	
	0.553541	
	0.522054	
	0.462057	
	0.480273	
	0.523464	
	0.555028	
	0.525560	
	0.576296	
	0.561400	
	0.529313	
	0.465831	
	0.490664	
	0.475431	
	0.523960	
	0.544470	
	0.490653	
	0.487444	
	0.502848	
	0.479694	
	0.475358	
	0.513098	
	0.509506	
	0.558860	
	0.577269	
	0.490172	
	0.564725	
	0.557264	
	0.499557	
	0.494729	
	0.553393	
	0.556199	
	0.531586	
	0.541242	
	0.569954	
	0.661589	
	0.520901	
	0.476029	
	0.530766	
	0.666708	
	0.651880	
	0.702365	
	0.680159	
	0.656554	
	0.605521	
	0.556633	
	0.515715	
	0.490925	
	0.511737	
	0.506511	
	0.503384	
	0.541708	
	0.534025	
	0.512489	
	0.541739	
	0.551252	
	0.538387	
	0.566060	
	0.561105	
	0.519578	
	0.606593	
	0.525739	
	0.563904	
	0.556569	
	0.553294	
	0.585024	
	0.567110	
	0.592479	
	0.554287	
	0.548415	
	0.573001	
	0.616326	
	0.541483	
	0.520767	
	0.564404	
	0.538813	
	0.615580	
	0.583789	
	0.549501	
	0.603927	
	0.573807	
	0.545485	
	0.483289	
	0.503662	
	0.501616	
	0.559332	
	0.511569	
	0.552605	
	0.640622	
	0.617743	
	0.557962	
	0.513433	
	0.578908	
	0.525476	
	0.570399	
	0.554187	
	0.620972	
	0.616149	
	0.617421	
	0.603659	
	0.527838	
	0.527278	
	0.541836	
	0.582148	
	0.617639	
	0.553047	
	0.620830	
	0.593312	
	0.471632	
	0.471583	
	0.637187	
	0.634523	
	0.653042	
	0.637358	
	0.590880	
	0.595486	
	0.577801	
	0.579910	
	0.620694	
	0.658337	
	0.638174	
	0.595197	
	0.559294	
	0.556514	
	0.651332	
	0.655124	
	0.660346	
	0.550797	
	0.504686	
	0.410350	
	0.472228	
	0.577183	
	0.622156	
	0.601096	
	0.594591	
	0.560522	
	0.571553	
	0.598099	
	0.624124	
	0.568298	
	0.588827	
	0.573316	
	0.558972	
	0.557060	
	0.565502	
	0.569291	
	0.560679	
	0.591745	
	0.550567	
	0.593297	
	0.629903	
	0.683698	
	0.728198	
	0.667102	
	0.632690	
	0.591908	
	0.484063	
	0.435256	
	0.381675	
	0.385733	
	0.375970	
	0.393084	
	0.443305	
	0.470554	
	0.474461	
	0.483365	
	0.432256	
	0.429748	
	0.438855	
	0.373313	
	0.391715	
	0.422474	
	0.404325	
	0.411453	
	0.427582	
	0.461198	
	0.461146	
	0.451190	
	0.521985	
	0.553128	
	0.529511	
	0.459668	
	0.466439	
	0.466765	
	0.449475	
	0.485888	
	0.448353	
	0.445583	
	0.369895	
	0.389863	
	0.450192	
	0.421945	
	0.396888	
	0.399679	
	0.390195	
	0.367337	
	0.368494	
	0.412310	
	0.420268	
	0.329192	
	0.336801	
	0.312191	
	0.351649	
	0.312088	
	0.311329	
	0.366653	
	0.392703	
	0.390759	
	0.526373	
	0.582003	
	0.636291	
	0.543944	
	0.506821	
	0.396998	
	0.503303	
	0.534162	
	0.452766	
	0.405004	
	0.451459	
	0.358492	
	0.393404	
	0.474845	
	0.473961	
	0.521166	
	0.597464	
	0.510284	
	0.441373	
	0.378947	
	0.443229	
	0.467751	
	0.524929	
	0.482121	
	0.429614	
	0.440036	
	0.430725	
	0.659387	
	0.543470	
	0.611328	
	0.678574	
	0.716310	
	0.772882	
	0.738039	
	0.680972	
	0.745778	
	0.727901	
	0.594782	
	0.568440	
	0.619015	
	0.659339	
	0.649091	
	0.592812	
	0.662489	
	0.693694	
	0.638991	
	0.576659	
	0.488763	
	0.474222	
	0.579768	
	0.578970	
	0.690934	
	0.638914	
	0.588105	
	0.551672	
	0.638795	
	0.550193	
	0.598691	
	0.645249	
	0.646263	
	0.637686	
	0.647314	
	0.669519	
	0.677175	
	0.613158	
	0.521631	
	0.456225	
	0.440358	
	0.439904	
	0.469199	
	0.503016	
	0.498625	
	0.549923	
	0.557966	
	0.581749	
	0.550226	
	0.583377	
	0.593354	
	0.627237	
	0.590126	
	0.625922	
	0.619038	
	0.575275	
	0.559758	
	0.607721	
	0.572003	
	0.579520	
	0.525809	
	0.556916	
	0.562909	
	0.497293	
	0.606105	
	0.626261	
	0.575679	
	0.562403	
	0.563661	
	0.536574	
	0.521289	
	0.533137	
	0.508121	
	0.573079	
	0.571070	
	0.548755	
	0.503435	
	0.584322	
	0.583728	
	0.520269	
	0.518672	
	0.555147	
	0.539884	
	0.535633	
	0.620099	
	0.639642	
	0.614006	
	0.583992	
	0.538443	
	0.570983	
	0.518085	
	0.557902	
	0.535638	
	0.519690	
	0.585917	
	0.560630	
	0.368365	
	0.224334	
	0.613792	
	0.549206	
	0.543937	
	0.547073	
	0.534818	
	0.507715	
	0.545160	
	0.532672	
	0.529417	
	0.535313	
	0.514364	
	0.512506	
	0.568234	
	0.638645	
	0.582023	
	0.552975	
	0.611134	
	0.585939	
	0.481717	
	0.413356	
	0.431406	
	0.558851	
	0.589430	
	0.612098	
	0.579355	
	0.582410	
	0.593773	
	0.552348	
	0.595745	
	0.573765	
	0.567705	
	0.577732	
	0.596292	
	0.571314	
	0.511674	
	0.479204	
	0.521906	
	0.449954	
	0.454159	
	0.438462	
	0.467702	
	0.609166	
	0.679440	
	0.660998	
	0.631407	
	0.644674	
	0.506837	
	0.466776	
	0.437430	
	0.414051	
	0.426426	
	0.448329	
	0.483466	
	0.431800	
	0.434302	
	0.426771	
	0.441240	
	0.611529	
	0.659191	
	0.636693	
	0.607142	
	0.518233	
	0.502596	
	0.495968	
	0.479741	
	0.438539	
	0.457177	
	0.492851	
	0.481635	
	0.619231	
	0.606490	
	0.650359	
	0.727823	
	0.770489	
	0.741980	
	0.645857	
	0.569977	
	0.503981	
	0.626863	
	0.671488	
	0.647509	
	0.649343	
	0.683223	
	0.716853	
	0.586002	
	0.605361	
	0.679543	
	0.747925	
	0.791136	
	0.792947	
	0.792205	
	0.804022	
	0.772843	
	0.774192	
	0.803785	
	0.809378	
	0.768266	
	0.694430	
	0.601652	
	0.681112	
	0.705596	
	0.803360	
	0.763193	
	0.723079	
	0.658900	
	0.700268	
	0.635035	
	0.617426	
	0.569811	
	0.541243	
	0.543870	
	0.538239	
	0.495644	
	0.357337	
	0.376403	
	0.425992	
	0.386714	
	0.363612	
	0.346690	
	0.700484	
	0.620704	
	0.583508	
	0.562284	
	0.587699	
	0.538029	
	0.644639	
	0.640970	
	0.705547	
	0.691532	
	0.654406	
	0.595251	
	0.489917	
	0.426416	
	0.409317	
	0.435606	
	0.381246	
	0.322179	
	0.352988	
	0.356858	
	0.447040	
	0.410115	
	0.307292	
	0.304219	
	0.298093	
	0.360566	
	0.335762	
	0.338515	
	0.260759	
	0.295883	
	0.395947	
	0.258352	
	0.224922	
	0.249151	
	0.326367	
	0.568380	
	0.408250	
	0.504585	
	0.553847	
	0.613236	
	0.623041	
	0.600940	
	0.628903	
	0.617929	
	0.583235	
	0.583406	
	0.584921	
	0.550667	
	0.517922	
	0.528918	
	0.652745	
	0.635550	
	0.633788	
	0.577062	
	0.524774	
	0.498800	
	0.506215	
	0.567757	
	0.529635	
	0.481142	
	0.557128	
	0.633564	
	0.665908	
	0.702853	
	0.677422	
	0.664376	
	0.683183	
	0.686103	
	0.705750	
	0.685533	
	0.665236	
	0.597700	
	0.545477	
	0.553615	
	0.546958	
	0.580581	
	0.560355	
	0.646871	
	0.690283	
	0.734401	
	0.655962	
	0.603762	
	0.592918	
	0.572329	
	0.592522	
	0.549261	
	0.552740	
	0.527846	
	0.494213	
	0.515366	
	0.597045	
	0.580474	
	0.588995	
	0.612394	
	0.602954	
	0.519375	
	0.423725	
	0.374231	
	0.476095	
	0.600839	
	0.469268	
	0.518139	
	0.583363	
	0.602727	
	0.637288	
	0.657771	
	0.645982	
	0.642563	
	0.628480	
	0.615284	
	0.613631	
	0.601402	
	0.582369	
	0.476607	
	0.499446	
	0.522794	
	0.521438	
	0.553701	
	0.616474	
	0.523921	
	0.560982	
	0.453338	
	0.439328	
	0.447875	
	0.408036	
	0.413552	
	0.448484	
	0.426369	
	0.399593	
	0.393516	
	0.307447	
	0.357416	
	0.458435	
	0.512660	
	0.399438	
	0.382573	
	0.376412	
	0.356258	
	0.370669	
	0.382666	
	0.395895	
	0.446114	
	0.422326	
	0.396312	
	0.443889	
	0.437600	
	0.618013	
	0.526964	
	0.660604	
	0.673577	
	0.716881	
	0.766277	
	0.742794	
	0.761843	
	0.747255	
	0.742868	
	0.733830	
	0.709592	
	0.697685	
	0.667732	
	0.646942	
	0.632261	
	0.627353	
	0.589536	
	0.589142	
	0.615208	
	0.572266	
	0.603445	
	0.532902	
	0.501577	
	0.584384	
	0.547819	
	0.519295	
	0.542366	
	0.559906	
	0.494530	
	0.435554	
	0.428848	
	0.395577	
	0.359713	
	0.382411	
	0.421982	
	0.540859	
	0.361181	
	0.347058	
	0.331790	
	0.307640	
	0.375014	
	0.446522	
	0.467121	
	0.431087	
	0.418726	
	0.429938	
	0.404480	
	0.388490	
	0.392824	
	0.383774	
	0.392608	
	0.413177	
	0.398695	
	0.419571	
	0.410661	
	0.633102	
	0.532115	
	0.487975	
	0.436043	
	0.429724	
	0.466626	
	0.488892	
	0.445194	
	0.452268	
	0.393164	
	0.439584	
	0.434096	
	0.458632	
	0.420315	
	0.386346	
	0.409319	
	0.342649	
	0.364817	
	0.415491	
	0.353257	
	0.349283	
	0.367904	
	0.383761	
	0.425450	
	0.403686	
	0.431742	
	0.401955	
	0.389301	
	0.419185	
	0.428648	
	0.355168	
	0.281594	
	0.319257	
	0.320237	
	0.420658	
	0.436651	
	0.422603	
	0.343802	
	0.379103	
	0.363170	
	0.357944	
	0.420869	
	0.454865	
	0.748120	
	0.826718	
	0.835239	
	0.834674	
	0.848396	
	0.847849	
	0.867872	
	0.874052	
	0.890665	
	0.917124	
	0.930560	
	0.951539	
	0.940185	
	0.898774	
	0.661854	
	0.585095	
	0.629766	
	0.681581	
	0.716782	
	0.750578	
	0.752977	
	0.782253	
	0.757369	
	0.742210	
	0.746902	
	0.707048	
	0.689731	
	0.633870	
	0.579191	
	0.609610	
	0.599135	
	0.566771	
	0.548806	
	0.573580	
	0.544601	
	0.581354	
	0.605249	
	0.572090	
	0.546554	
	0.570823	
	0.524709	
	0.591582	
	0.653388	
	0.734559	
	0.734997	
	0.625221	
	0.523070	
	0.504342	
	0.484043	
	0.555281	
	0.638390	
	0.542695	
	0.503334	
	0.489376	
	0.479384	
	0.485147	
	0.595180	
	0.481044	
	0.454622	
	0.399489	
	0.350182	
	0.334182	
	0.406621	
	0.593643	
	0.705918	
	0.598109	
	0.582991	
	0.506162	
	0.539655	
	0.697510	
	0.631156	
	0.660393	
	0.678085	
	0.649077	
	0.553062	
	0.519304	
	0.558926	
	0.545958	
	0.602938	
	0.549494	
	0.524902	
	0.521702	
	0.575898	
	0.649003	
	0.571270	
	0.509972	
	0.456615	
	0.461376	
	0.505321	
	0.390392	
	0.456477	
	0.450518	
	0.400268	
	0.331956	
	0.363511	
	0.323614	
	0.361163	
	0.575348	
	0.720890	
	0.753429	
	0.727790	
	0.673439	
	0.574967	
	0.583368	
	0.597275	
	0.607904	
	0.587275	
	0.544455	
	0.509595	
	0.530017	
	0.541174	
	0.500004	
	0.540579	
	0.537207	
	0.510915	
	0.557305	
	0.605396	
	0.520522	
	0.441903	
	0.572042	
	0.583281	
	0.594816	
	0.550481	
	0.655317	
	0.641216	
	0.585167	
	0.562330	
	0.647163	
	0.668170	
	0.590397	
	0.501571	
	0.544585	
	0.517320	
	0.620045	
	0.595700	
	0.598452	
	0.605665	
	0.579559	
	0.555033	
	0.535001	
	0.512978	
	0.456492	
	0.485633	
	0.445094	
	0.444442	
	0.457087	
	0.494292	
	0.609672	
	0.535436	
	0.511076	
	0.717972	
	0.857145	
	0.904084	
	0.736303	
	0.795137	
	0.831839	
	0.728953	
	0.629199	
	0.536419	
	0.457275	
	0.380761	
	0.490760	
	0.545840	
	0.465324	
	0.448654	
	0.413546	
	0.390853	
	0.532492	
	0.593807	
	0.487222	
	0.413199	
	0.370894	
	0.336813	
	0.319446	
	0.423727	
	0.537700	
	0.597481	
	0.550478	
	0.571999	
	0.540079	
	0.467592	
	0.584442	
	0.622088	
	0.631765	
	0.575222	
	0.514647	
	0.443577	
	0.398829	
	0.566326	
	0.552424	
	0.566913	
	0.499417	
	0.505600	
	0.459263	
	0.488829	
	0.594056	
	0.528654	
	0.501473	
	0.464436	
	0.403808	
	0.398809	
	0.412797	
	0.542040	
	0.535240	
	0.484291	
	0.371736	
	0.406539	
	0.391683	
	0.451834	
	0.627654	
	0.707004	
	0.758399	
	0.741444	
	0.641120	
	0.473172	
	0.458936	
	0.498049	
	0.518111	
	0.475105	
	0.406784	
	0.391512	
	0.413122	
	0.514561	
	0.640030	
	0.673050	
	0.566047	
	0.490827	
	0.426239	
	0.429654	
	0.618448	
	0.566457	
	0.714524	
	0.869390	
	0.941230	
	0.938419	
	0.904018	
	0.710179	
	0.570666	
	0.666903	
	0.692303	
	0.581462	
	0.507309	
	0.437283	
	0.499267	
	0.514485	
	0.629822	
	0.587579	
	0.507886	
	0.448336	
	0.456498	
	0.508575	
	0.545167	
	0.430453	
	0.390904	
	0.361602	
	0.396438	
	0.465163	
	0.538740	
	0.574634	
	0.573739	
	0.519739	
	0.537671	
	0.588306	
	0.591508	
	0.652624	
	0.703398	
	0.761977	
	0.770767	
	0.711072	
	0.644979	
	0.652259	
	0.615540	
	0.552971	
	0.624497	
	0.566860	
	0.542249	
	0.496253	
	0.501923	
	0.531656	
	0.631978	
	0.550821	
	0.400729	
	0.344261	
	0.308463	
	0.322028	
	0.321532	
	0.483149	
	0.514448	
	0.455572	
	0.568286	
	0.536303	
	0.478883	
	0.516690	
	0.599005	
	0.617375	
	0.589794	
	0.483105	
	0.388247	
	0.388528	
	0.390993	
	0.558305	
	0.541398	
	0.507094	
	0.432339	
	0.407735	
	0.445086	
	0.577939	
	0.601890	
	0.494104	
	0.444312	
	0.374312	
	0.372893	
	0.400436	
	0.488647	
	0.502106	
	0.575615	
	0.523473	
	0.804604	
	0.871307	
	0.884669	
	0.691796	
	0.591330	
	0.708436	
	0.691246	
	0.615519	
	0.514267	
	0.513320	
	0.549577	
	0.586609	
	0.537674	
	0.576558	
	0.531472	
	0.550701	
	0.545393	
	0.610243	
	0.641314	
	0.589347	
	0.491775	
	0.431732	
	0.458940	
	0.494131	
	0.502678	
	0.531627	
	0.583763	
	0.522988	
	0.564048	
	0.653285	
	0.778395	
	0.850967	
	0.671983	
	0.755488	
	0.671927	
	0.520082	
	0.412474	
	0.455189	
	0.476079	
	0.474158	
	0.526688	
	0.425283	
	0.461565	
	0.516657	
	0.495533	
	0.552486	
	0.573975	
	0.502130	
	0.445960	
	0.362453	
	0.405786	
	0.426193	
	0.441465	
	0.506979	
	0.447918	
	0.399058	
	0.415476	
	0.422192	
	0.391630	
	0.559165	
	0.630226	
	0.673581	
	0.582543	
	0.492553	
	0.391337	
	0.388964	
	0.397797	
	0.461204	
	0.530187	
	0.478286	
	0.444134	
	0.437928	
	0.448591	
	0.462277	
	0.557670	
	0.568164	
	0.540144	
	0.518172	
	0.527012	
	0.484494	
	0.498577	
	0.528033	
	0.606777	
	0.584036	
	0.510911	
	0.570426	
	0.559645	
	0.589683	
	0.584039	
	0.629205	
	0.594285	
	0.565632	
	0.544804	
	0.525943	
	0.531785	
	0.484568	
	0.545677	
	0.522608	
	0.556491	
	0.544377	
	0.562857	
	0.597456	
	0.559820	
	0.485821	
	0.511489	
	0.502999	
	0.568454	
	0.531802	
	0.597309	
	0.595397	
	0.525035	
	0.451919	
	0.488764	
	0.433675	
	0.467731	
	0.606285	
	0.698421	
	0.735926	
	0.647523	
	0.535194	
	0.497729	
	0.464555	
	0.480176	
	0.555430	
	0.534000	
	0.445046	
	0.433924	
	0.437571	
	0.426428	
	0.650165	
	0.675994	
	0.691808	
	0.724977	
	0.714623	
	0.702649	
	0.698691	
	0.687777	
	0.679849	
	0.741996	
	0.721350	
	0.689937	
	0.722412	
	0.785908	
	0.693927	
	0.534019	
	0.489747	
	0.404985	
	0.377100	
	0.362223	
	0.422582	
	0.414853	
	0.456110	
	0.432161	
	0.447176	
	0.443068	
	0.435219	
	0.376401	
	0.540579	
	0.538867	
	0.451763	
	0.385082	
	0.324737	
	0.278083	
	0.344348	
	0.453673	
	0.536583	
	0.461103	
	0.362629	
	0.364534	
	0.346438	
	0.352085	
	0.610524	
	0.665637	
	0.719778	
	0.662886	
	0.571474	
	0.480465	
	0.417836	
	0.396451	
	0.489549	
	0.502329	
	0.436337	
	0.397821	
	0.371754	
	0.382736	
	0.511670	
	0.518613	
	0.449953	
	0.435972	
	0.440484	
	0.427211	
	0.383182	
	0.438635	
	0.495771	
	0.476928	
	0.414029	
	0.382587	
	0.461834	
	0.570118	
	0.611481	
	0.624338	
	0.683670	
	0.614305	
	0.503083	
	0.459178	
	0.512775	
	0.582711	
	0.519321	
	0.527054	
	0.466825	
	0.448484	
	0.445484	
	0.445618	
	0.536171	
	0.478623	
	0.482117	
	0.410535	
	0.326244	
	0.342110	
	0.377432	
	0.430005	
	0.510902	
	0.473373	
	0.419740	
	0.408835	
	0.390151	
	0.469558	
	0.633532	
	0.706990	
	0.713510	
	0.657044	
	0.528869	
	0.455415	
	0.443629	
	0.406066	
	0.416290	
	0.370870	
	0.343398	
	0.340931	
	0.390037	
	0.479638	
	0.569163	
	0.651415	
	0.569173	
	0.427102	
	0.318490	
	0.286673	
	0.328534	
	0.456831	
	0.612033	
	0.815989	
	0.898314	
	0.913946	
	0.924013	
	0.874102	
	0.766307	
	0.713803	
	0.720046	
	0.597215	
	0.518879	
	0.494640	
	0.526391	
	0.524021	
	0.661266	
	0.637191	
	0.598388	
	0.574615	
	0.599312	
	0.589009	
	0.576369	
	0.566239	
	0.498076	
	0.464683	
	0.429122	
	0.461799	
	0.527835	
	0.520516	
	0.536229	
	0.458940	
	0.411421	
	0.363120	
	0.417283	
	0.578219	
	0.621260	
	0.716623	
	0.675443	
	0.544354	
	0.451597	
	0.345833	
	0.335425	
	0.338938	
	0.436644	
	0.396349	
	0.367747	
	0.388508	
	0.443374	
	0.468709	
	0.573210	
	0.592760	
	0.502415	
	0.427603	
	0.399633	
	0.406451	
	0.494262	
	0.564777	
	0.611646	
	0.606667	
	0.627105	
	0.538747	
	0.519316	
	0.563591	
	0.611062	
	0.632236	
	0.669927	
	0.445086	
	0.314804	
	0.281671	
	0.292228	
	0.475756	
	0.456029	
	0.445408	
	0.369767	
	0.353687	
	0.352086	
	0.476534	
	0.588999	
	0.477328	
	0.374123	
	0.320933	
	0.349621	
	0.370876	
	0.440496	
	0.490831	
	0.441002	
	0.379991	
	0.299828	
	0.363416	
	0.414367	
	0.665308	
	0.683647	
	0.752646	
	0.681731	
	0.585118	
	0.493258	
	0.504737	
	0.511114	
	0.599238	
	0.587830	
	0.464346	
	0.418170	
	0.448881	
	0.386205	
	0.673055	
	0.683238	
	0.663236	
	0.700464	
	0.704925	
	0.736827	
	0.768763	
	0.729067	
	0.633174	
	0.644673	
	0.696702	
	0.672973	
	0.673351	
	0.633664	
	0.643633	
	0.619305	
	0.573735	
	0.560743	
	0.444479	
	0.383331	
	0.395895	
	0.372599	
	0.525950	
	0.621861	
	0.531458	
	0.478961	
	0.458314	
	0.473782	
	0.466949	
	0.553633	
	0.534423	
	0.437434	
	0.346841	
	0.339942	
	0.345609	
	0.365171	
	0.483646	
	0.584137	
	0.520977	
	0.505828	
	0.448931	
	0.470165	
	0.578869	
	0.627905	
	0.722573	
	0.734808	
	0.661377	
	0.568252	
	0.542360	
	0.572453	
	0.508817	
	0.591537	
	0.489724	
	0.445368	
	0.414569	
	0.468764	
	0.521968	
	0.572497	
	0.518050	
	0.392022	
	0.307488	
	0.281845	
	0.338858	
	0.480720	
	0.571980	
	0.607418	
	0.482018	
	0.493388	
	0.512035	
	0.541869	
	0.679830	
	0.572736	
	0.622384	
	0.553185	
	0.447514	
	0.346341	
	0.348406	
	0.422148	
	0.466880	
	0.490767	
	0.403892	
	0.320903	
	0.306681	
	0.317685	
	0.489802	
	0.535812	
	0.418204	
	0.305817	
	0.216516	
	0.204186	
	0.275027	
	0.430666	
	0.515631	
	0.445805	
	0.354587	
	0.247973	
	0.324732	
	0.372682	
	0.691506	
	0.643063	
	0.725507	
	0.635865	
	0.573389	
	0.454296	
	0.412563	
	0.369677	
	0.454690	
	0.400071	
	0.391422	
	0.397514	
	0.363747	
	0.392201	
	0.505778	
	0.577128	
	0.538299	
	0.438931	
	0.326457	
	0.294932	
	0.294061	
	0.345152	
	0.386586	
	0.403620	
	0.374099	
	0.371151	
	0.370840	
	0.440885	
	0.502935	
	0.561849	
	0.565787	
	0.547774	
	0.483638	
	0.399410	
	0.372002	
	0.391002	
	0.446678	
	0.416941	
	0.355375	
	0.347114	
	0.376544	
	0.382586	
	0.503790	
	0.462806	
	0.418508	
	0.420886	
	0.304345	
	0.340970	
	0.339340	
	0.438534	
	0.600900	
	0.435502	
	0.346366	
	0.312690	
	0.344541	
	0.541373	
	0.657985	
	0.713184	
	0.721365	
	0.659470	
	0.530071	
	0.453192	
	0.376118	
	0.365033	
	0.433012	
	0.526307	
	0.439857	
	0.437979	
	0.380033	
	0.465091	
	0.457773	
	0.453043	
	0.427992	
	0.374997	
	0.332422	
	0.299843	
	0.341589	
	0.424850	
	0.492672	
	0.470141	
	0.384675	
	0.392857	
	0.371933	
	0.418998	
	0.544481	
	0.553522	
	0.499765	
	0.389518	
	0.373200	
	0.373368	
	0.342649	
	0.557105	
	0.624420	
	0.625901	
	0.557165	
	0.477982	
	0.450276	
	0.481938	
	0.672558	
	0.675625	
	0.691286	
	0.672066	
	0.658116	
	0.645041	
	0.668517	
	0.676957	
	0.626686	
	0.616368	
	0.595195	
	0.591414	
	0.652128	
	0.623427	
	0.605457	
	0.626094	
	0.644399	
	0.573738	
	0.522337	
	0.472052	
	0.516931	
	0.383099	
	0.337161	
	0.355604	
	0.307987	
	0.322753	
	0.309401	
	0.521508	
	0.393731	
	0.383402	
	0.434113	
	0.383872	
	0.349241	
	0.336687	
	0.315952	
	0.435712	
	0.589065	
	0.741646	
	0.839231	
	0.865816	
	0.880709	
	0.750843	
	0.606102	
	0.584107	
	0.617346	
	0.623526	
	0.652160	
	0.671646	
	0.776579	
	0.797055	
	0.829936	
	0.867767	
	0.852319	
	0.840935	
	0.851421	
	0.832869	
	0.634209	
	0.568586	
	0.565945	
	0.580742	
	0.550612	
	0.660614	
	0.796305	
	0.839169	
	0.847910	
	0.871543	
	0.871388	
	0.863696	
	0.852064	
	0.661698	
	0.702204	
	0.723623	
	0.688433	
	0.658734	
	0.597669	
	0.577334	
	0.600582	
	0.560208	
	0.629774	
	0.644899	
	0.596634	
	0.582301	
	0.581290	
	0.620082	
	0.634244	
	0.623506	
	0.614498	
	0.572522	
	0.523315	
	0.551803	
	0.601817	
	0.579474	
	0.554463	
	0.642393	
	0.663669	
	0.713546	
	0.824872	
	0.764168	
	0.602575	
	0.659889	
	0.632162	
	0.588367	
	0.548572	
	0.520424	
	0.555012	
	0.633127	
	0.676042	
	0.695329	
	0.673404	
	0.726551	
	0.778799	
	0.617744	
	0.695810	
	0.723981	
	0.656149	
	0.685267	
	0.651559	
	0.678521	
	0.658177	
	0.650252	
	0.710624	
	0.813888	
	0.872698	
	0.872768	
	0.810840	
	0.686863	
	0.609519	
	0.644147	
	0.703715	
	0.620911	
	0.598544	
	0.560399	
	0.550599	
	0.599600	
	0.625619	
	0.643652	
	0.743326	
	0.776497	
	0.733974	
	0.685338	
	0.704442	
	0.671536	
	0.596640	
	0.530592	
	0.532180	
	0.525255	
	0.495187	
	0.506871	
	0.499738	
	0.520649	
	0.461135	
	0.440210	
	0.463211	
	0.577237	
	0.553845	
	0.593244	
	0.590224	
	0.512764	
	0.511335	
	0.531201	
	0.537711	
	0.545998	
	0.642406	
	0.597985	
	0.543473	
	0.543468	
	0.543980	
	0.481502	
	0.544862	
	0.583105	
	0.470639	
	0.430692	
	0.450240	
	0.412342	
	0.443348	
	0.436189	
	0.485765	
	0.558072	
	0.516965	
	0.607393	
	0.558754	
	0.593039	
	0.625438	
	0.665021	
	0.711318	
	0.687428	
	0.667851	
	0.689523	
	0.735822	
	0.738884	
	0.703329	
	0.673942	
	0.626396	
	0.584838	
	0.585550	
	0.722774	
	0.740963	
	0.585726	
	0.496253	
	0.537349	
	0.500791	
	0.487084	
	0.503243	
	0.535938	
	0.530055	
	0.374674	
	0.430515	
	0.493439	
	0.519510	
	0.474133	
	0.406501	
	0.423321	
	0.459142	
	0.437832	
	0.400155	
	0.366794	
	0.342918	
	0.341553	
	0.378802	
	0.514588	
	0.306636	
	0.289512	
	0.285176	
	0.246409	
	0.248952	
	0.289180	
	0.260772	
	0.245105	
	0.416901	
	0.500130	
	0.283609	
	0.304242	
	0.269125	
	0.262805	
	0.248027	
	0.266000	
	0.321464	
	0.495018	
	0.356783	
	0.314891	
	0.278405	
	0.223114	
	0.249011	
	0.282305	
	0.284482	
	0.282326	
	0.253031	
	0.306219	
	0.284299	
	0.344859	
	0.327925	
	0.351048	
	0.318240	
	0.353668	
	0.382309	
	0.414974	
	0.372375	
	0.393349	
	0.376147	
	0.384803	
	0.372705	
	0.545361	
	0.838319	
	0.895284	
	0.667218	
	0.466026	
	0.614369	
	0.637167	
	0.741986	
	0.741069	
	0.777099	
	0.769360	
	0.777307	
	0.775149	
	0.830764	
	0.853409	
	0.851869	
	0.854122	
	0.840553	
	0.651191	
	0.624123	
	0.615533	
	0.650133	
	0.679942	
	0.696019	
	0.745060	
	0.775939	
	0.778262	
	0.847557	
	0.877343	
	0.902449	
	0.894237	
	0.780075	
	0.613556	
	0.640191	
	0.697132	
	0.738275	
	0.679244	
	0.707758	
	0.826347	
	0.845890	
	0.873442	
	0.884193	
	0.894943	
	0.862358	
	0.835795	
	0.738750	
	0.593423	
	0.681501	
	0.654273	
	0.658338	
	0.648671	
	0.719919	
	0.744661	
	0.725991	
	0.663480	
	0.679387	
	0.669241	
	0.652380	
	0.720513	
	0.617181	
	0.542909	
	0.564149	
	0.534282	
	0.592104	
	0.617674	
	0.612019	
	0.654314	
	0.673422	
	0.551969	
	0.590344	
	0.566040	
	0.576617	
	0.623744	
	0.637297	
	0.665641	
	0.605605	
	0.592884	
	0.498277	
	0.444457	
	0.422931	
	0.422120	
	0.517427	
	0.625077	
	0.651726	
	0.693071	
	0.884382	
	0.920660	
	0.768173	
	0.659535	
	0.701345	
	0.688284	
	0.725895	
	0.790701	
	0.849949	
	0.866689	
	0.872500	
	0.840088	
	0.896364	
	0.898120	
	0.887355	
	0.870361	
	0.806629	
	0.655880	
	0.618056	
	0.639754	
	0.625472	
	0.616877	
	0.601778	
	0.593438	
	0.575284	
	0.563824	
	0.591648	
	0.620875	
	0.635633	
	0.758657	
	0.770980	
	0.630850	
	0.574817	
	0.535705	
	0.563925	
	0.572308	
	0.593621	
	0.582559	
	0.596940	
	0.696601	
	0.622729	
	0.582749	
	0.551659	
	0.568903	
	0.566640	
	0.643762	
	0.685149	
	0.619578	
	0.582120	
	0.490955	
	0.509683	
	0.490058	
	0.437170	
	0.430974	
	0.449455	
	0.471355	
	0.511884	
	0.573123	
	0.600319	
	0.570248	
	0.665299	
	0.655192	
	0.600969	
	0.589414	
	0.548697	
	0.535037	
	0.587712	
	0.571561	
	0.673346	
	0.651176	
	0.549155	
	0.526718	
	0.584336	
	0.775633	
	0.813203	
	0.837260	
	0.834513	
	0.810918	
	0.830829	
	0.780655	
	0.821529	
	0.824595	
	0.822793	
	0.814783	
	0.808397	
	0.808484	
	0.791104	
	0.742180	
	0.598804	
	0.442577	
	0.548551	
	0.589191	
	0.547858	
	0.567109	
	0.524577	
	0.462331	
	0.450052	
	0.462583	
	0.532461	
	0.556912	
	0.635060	
	0.416756	
	0.369463	
	0.399743	
	0.565254	
	0.616587	
	0.567419	
	0.505873	
	0.362890	
	0.368551	
	0.436302	
	0.542562	
	0.665408	
	0.614327	
	0.615620	
	0.430257	
	0.415382	
	0.380500	
	0.399419	
	0.516062	
	0.511201	
	0.568693	
	0.593863	
	0.544381	
	0.472974	
	0.491086	
	0.552519	
	0.443831	
	0.331809	
	0.288725	
	0.279278	
	0.257664	
	0.250355	
	0.241411	
	0.267372	
	0.314176	
	0.603712	
	0.862602	
	0.920319	
	0.954432	
	0.946461	
	0.942860	
	0.853499	
	0.601740	
	0.472545	
	0.525940	
	0.569638	
	0.640676	
	0.616955	
	0.626045	
	0.619660	
	0.640555	
	0.599897	
	0.581445	
	0.561369	
	0.557725	
	0.544897	
	0.516539	
	0.568374	
	0.528497	
	0.522443	
	0.546349	
	0.557723	
	0.550102	
	0.558983	
	0.518339	
	0.512799	
	0.529345	
	0.540789	
	0.509230	
	0.501446	
	0.562612	
	0.583903	
	0.570058	
	0.528783	
	0.498723	
	0.518087	
	0.474009	
	0.435317	
	0.497219	
	0.444580	
	0.419295	
	0.388300	
	0.429604	
	0.477774	
	0.561668	
	0.545168	
	0.497728	
	0.431928	
	0.426921	
	0.416910	
	0.422283	
	0.405573	
	0.451197	
	0.413157	
	0.431932	
	0.418302	
	0.388900	
	0.509433	
	0.552737	
	0.478582	
	0.443559	
	0.417764	
	0.396135	
	0.434356	
	0.438536	
	0.508029	
	0.561238	
	0.510357	
	0.430915	
	0.441672	
	0.525087	
	0.615246	
	0.688000	
	0.625392	
	0.632882	
	0.571470	
	0.569037	
	0.589293	
	0.573076	
	0.580987	
	0.595088	
	0.801763	
	0.883884	
	0.912284	
	0.923787	
	0.731663	
	0.655136	
	0.694994	
	0.683845	
	0.643361	
	0.636618	
	0.558447	
	0.559879	
	0.623444	
	0.621820	
	0.568040	
	0.556703	
	0.589114	
	0.589780	
	0.739363	
	0.732313	
	0.717258	
	0.714490	
	0.704246	
	0.718177	
	0.685808	
	0.713599	
	0.670417	
	0.682402	
	0.695825	
	0.652051	
	0.686647	
	0.666118	
	0.570537	
	0.460984	
	0.475189	
	0.535181	
	0.517393	
	0.557825	
	0.579686	
	0.527170	
	0.518409	
	0.555296	
	0.610567	
	0.572934	
	0.574419	
	0.582540	
	0.612085	
	0.664870	
	0.655208	
	0.550667	
	0.497379	
	0.524224	
	0.518231	
	0.464094	
	0.480766	
	0.405245	
	0.466334	
	0.469622	
	0.495826	
	0.582068	
	0.571623	
	0.614450	
	0.583578	
	0.558360	
	0.510836	
	0.511018	
	0.476847	
	0.557811	
	0.595242	
	0.604608	
	0.530700	
	0.486742	
	0.469308	
	0.619933	
	0.613878	
	0.605964	
	0.625628	
	0.627392	
	0.621897	
	0.600266	
	0.623969	
	0.605467	
	0.589917	
	0.570454	
	0.536435	
	0.512847	
	0.534122	
	0.546823	
	0.454835	
	0.486529	
	0.528882	
	0.581763	
	0.576328	
	0.620522	
	0.644068	
	0.643453	
	0.638037	
	0.630035	
	0.626599	
	0.643391	
	0.653043	
	0.604085	
	0.497135	
	0.533748	
	0.556273	
	0.523079	
	0.580398	
	0.551608	
	0.519491	
	0.578663	
	0.549358	
	0.536770	
	0.552348	
	0.548093	
	0.497997	
	0.504112	
	0.608641	
	0.599449	
	0.632091	
	0.593873	
	0.543727	
	0.471987	
	0.493312	
	0.532813	
	0.469907	
	0.445090	
	0.418688	
	0.398108	
	0.339906	
	0.389733	
	0.445561	
	0.408710	
	0.357668	
	0.304620	
	0.306047	
	0.278901	
	0.308595	
	0.320747	
	0.362141	
	0.359734	
	0.298537	
	0.321235	
	0.279774	
	0.311478	
	0.478670	
	0.373126	
	0.430221	
	0.493631	
	0.533758	
	0.590866	
	0.594069	
	0.583629	
	0.562208	
	0.527890	
	0.516437	
	0.538051	
	0.481536	
	0.517098	
	0.469134	
	0.491028	
	0.483071	
	0.504953	
	0.465336	
	0.469949	
	0.544418	
	0.491788	
	0.434218	
	0.467748	
	0.481879	
	0.460848	
	0.481514	
	0.491892	
	0.546740	
	0.660314	
	0.622292	
	0.558846	
	0.448766	
	0.429914	
	0.456580	
	0.382089	
	0.403856	
	0.405606	
	0.360494	
	0.441501	
	0.454962	
	0.454972	
	0.564416	
	0.645155	
	0.597864	
	0.657284	
	0.617046	
	0.634176	
	0.631823	
	0.600932	
	0.631434	
	0.554807	
	0.494829	
	0.487035	
	0.680151	
	0.885949	
	0.802003	
	0.641546	
	0.626819	
	0.599921	
	0.530159	
	0.542854	
	0.589915	
	0.635126	
	0.533870	
	0.512005	
	0.503440	
	0.491693	
	0.517656	
	0.532984	
	0.583940	
	0.624937	
	0.608632	
	0.586653	
	0.563384	
	0.552263	
	0.568100	
	0.569266	
	0.629141	
	0.531415	
	0.507465	
	0.536448	
	0.576325	
	0.601943	
	0.605824	
	0.638131	
	0.711127	
	0.703544	
	0.639432	
	0.589623	
	0.574597	
	0.537419	
	0.542083	
	0.526729	
	0.557332	
	0.555687	
	0.562122	
	0.532951	
	0.684833	
	0.687538	
	0.586470	
	0.489716	
	0.411161	
	0.446073	
	0.442706	
	0.425856	
	0.479378	
	0.481395	
	0.454746	
	0.451090	
	0.437075	
	0.529547	
	0.538553	
	0.502530	
	0.494524	
	0.406324	
	0.392317	
	0.497459	
	0.550312	
	0.518682	
	0.603855	
	0.592352	
	0.577606	
	0.580894	
	0.560260	
	0.564925	
	0.580570	
	0.637963	
	0.546941	
	0.499514	
	0.481813	
	0.537590	
	0.527003	
	0.571819	
	0.484846	
	0.451784	
	0.348450	
	0.436975	
	0.400864	
	0.622307	
	0.642654	
	0.682236	
	0.679130	
	0.525897	
	0.412362	
	0.368089	
	0.316013	
	0.299668	
	0.435418	
	0.380902	
	0.321610	
	0.339980	
	0.314716	
	0.458388	
	0.559719	
	0.517443	
	0.444586	
	0.354113	
	0.318491	
	0.337956	
	0.343875	
	0.387991	
	0.452638	
	0.409697	
	0.380337	
	0.365535	
	0.343838	
	0.479763	
	0.598131	
	0.636019	
	0.571615	
	0.498292	
	0.472727	
	0.440104	
	0.413770	
	0.508031	
	0.487917	
	0.460907	
	0.419121	
	0.385154	
	0.395586	
	0.438264	
	0.545074	
	0.560097	
	0.483727	
	0.446270	
	0.469151	
	0.472412	
	0.472502	
	0.557631	
	0.452570	
	0.401333	
	0.372823	
	0.443958	
	0.443850	
	0.622820	
	0.651293	
	0.683698	
	0.672961	
	0.616423	
	0.531085	
	0.436520	
	0.435564	
	0.496993	
	0.527015	
	0.474211	
	0.474615	
	0.442014	
	0.430731	
	0.537960	
	0.598955	
	0.530629	
	0.543173	
	0.601285	
	0.602017	
	0.587247	
	0.613756	
	0.614631	
	0.627000	
	0.591001	
	0.590642	
	0.795788	
	0.864523	
	0.806206	
	0.678624	
	0.644258	
	0.532602	
	0.440376	
	0.408506	
	0.491340	
	0.487617	
	0.540209	
	0.580977	
	0.512430	
	0.471671	
	0.455072	
	0.401041	
	0.531434	
	0.592439	
	0.521294	
	0.427542	
	0.360657	
	0.390935	
	0.452214	
	0.469041	
	0.575302	
	0.459067	
	0.389953	
	0.402095	
	0.356225	
	0.429955	
	0.561547	
	0.679024	
	0.689126	
	0.633948	
	0.524399	
	0.454667	
	0.391292	
	0.382453	
	0.458415	
	0.510100	
	0.423188	
	0.409516	
	0.369609	
	0.383713	
	0.389315	
	0.542405	
	0.489627	
	0.378564	
	0.324638	
	0.297918	
	0.299675	
	0.339869	
	0.365558	
	0.467905	
	0.378059	
	0.360336	
	0.362973	
	0.393333	
	0.599012	
	0.526609	
	0.612233	
	0.559832	
	0.517830	
	0.423697	
	0.373897	
	0.459448	
	0.459902	
	0.475101	
	0.372573	
	0.356432	
	0.424523	
	0.411049	
	0.620340	
	0.688978	
	0.706005	
	0.610310	
	0.451753	
	0.343644	
	0.435176	
	0.489628	
	0.531697	
	0.529672	
	0.425440	
	0.347761	
	0.390591	
	0.422792	
	0.608893	
	0.618702	
	0.620070	
	0.516278	
	0.432816	
	0.359107	
	0.338245	
	0.354040	
	0.411011	
	0.431493	
	0.388704	
	0.362179	
	0.350248	
	0.399575	
	0.660304	
	0.631259	
	0.569729	
	0.563963	
	0.538319	
	0.468500	
	0.517237	
	0.520360	
	0.516996	
	0.512590	
	0.459296	
	0.419947	
	0.426348	
	0.399405	
	0.561392	
	0.539991	
	0.511155	
	0.409272	
	0.375612	
	0.355254	
	0.393739	
	0.362924	
	0.549898	
	0.535851	
	0.438514	
	0.416594	
	0.382368	
	0.377213	
	0.453876	
	0.501237	
	0.416375	
	0.350435	
	0.365376	
	0.406081	
	0.392789	
	0.385281	
	0.421977	
	0.440992	
	0.450746	
	0.405722	
	0.421792	
	0.492773	
	0.593298	
	0.676140	
	0.664243	
	0.628954	
	0.541113	
	0.453118	
	0.489564	
	0.475083	
	0.448229	
	0.512523	
	0.517858	
	0.489301	
	0.429571	
	0.558331	
	0.649450	
	0.619961	
	0.663918	
	0.688770	
	0.696805	
	0.675094	
	0.657758	
	0.639024	
	0.646777	
	0.638864	
	0.602464	
	0.568901	
	0.606212	
	0.596761	
	0.637740	
	0.691995	
	0.658102	
	0.592924	
	0.614394	
	0.596903	
	0.619057	
	0.633287	
	0.566077	
	0.630801	
	0.586026	
	0.507502	
	0.507307	
	0.585724	
	0.547291	
	0.543672	
	0.529215	
	0.537111	
	0.548397	
	0.524041	
	0.485907	
	0.514387	
	0.562432	
	0.573140	
	0.520018	
	0.560000	
	0.599924	
	0.591049	
	0.606257	
	0.609593	
	0.632272	
	0.596500	
	0.592640	
	0.571301	
	0.672335	
	0.599870	
	0.573907	
	0.468487	
	0.512926	
	0.528095	
	0.521559	
	0.488773	
	0.433301	
	0.434377	
	0.410188	
	0.487661	
	0.460485	
	0.514876	
	0.528641	
	0.506360	
	0.565264	
	0.526367	
	0.516460	
	0.532326	
	0.618787	
	0.602761	
	0.603890	
	0.648756	
	0.689554	
	0.672453	
	0.660845	
	0.658951	
	0.654865	
	0.638305	
	0.627357	
	0.634249	
	0.612869	
	0.567502	
	0.560983	
	0.615654	
	0.686088	
	0.634298	
	0.602653	
	0.601126	
	0.592839	
	0.617930	
	0.619549	
	0.639014	
	0.587606	
	0.625437	
	0.580312	
	0.553275	
	0.523771	
	0.626176	
	0.605453	
	0.681789	
	0.600388	
	0.535509	
	0.481126	
	0.437865	
	0.441753	
	0.522648	
	0.523924	
	0.498524	
	0.449978	
	0.399599	
	0.433176	
	0.695445	
	0.668588	
	0.643400	
	0.691780	
	0.669695	
	0.653177	
	0.607706	
	0.613535	
	0.511574	
	0.523808	
	0.515479	
	0.457750	
	0.443205	
	0.383206	
	0.456516	
	0.490424	
	0.437251	
	0.435782	
	0.434374	
	0.408634	
	0.402681	
	0.405979	
	0.532241	
	0.502410	
	0.498028	
	0.407220	
	0.358758	
	0.366209	
	0.564259	
	0.585704	
	0.533043	
	0.551709	
	0.491417	
	0.407453	
	0.401547	
	0.454096	
	0.482981	
	0.408711	
	0.427848	
	0.387253	
	0.379424	
	0.367776	
	0.675524	
	0.626233	
	0.682184	
	0.657922	
	0.624187	
	0.522085	
	0.524509	
	0.631581	
	0.749657	
	0.629218	
	0.586135	
	0.525844	
	0.485023	
	0.476504	
	0.647618	
	0.652622	
	0.687930	
	0.686602	
	0.671959	
	0.640144	
	0.665755	
	0.714631	
	0.732558	
	0.624336	
	0.574805	
	0.487415	
	0.467470	
	0.542740	
	0.644467	
	0.528222	
	0.597250	
	0.571278	
	0.550611	
	0.532599	
	0.537999	
	0.578876	
	0.602456	
	0.599265	
	0.544490	
	0.503906	
	0.543408	
	0.603553	
	0.824746	
	0.605174	
	0.588336	
	0.580456	
	0.603661	
	0.578636	
	0.637424	
	0.739560	
	0.709386	
	0.656121	
	0.553943	
	0.504702	
	0.402447	
	0.391793	
	0.617877	
	0.589281	
	0.676719	
	0.678342	
	0.646607	
	0.585576	
	0.539651	
	0.581847	
	0.622933	
	0.529693	
	0.560580	
	0.442837	
	0.417660	
	0.405971	
	0.622061	
	0.597424	
	0.622893	
	0.642514	
	0.620170	
	0.596505	
	0.538870	
	0.678492	
	0.768409	
	0.664309	
	0.606091	
	0.521302	
	0.505889	
	0.511509	
	0.539224	
	0.495185	
	0.486746	
	0.480869	
	0.452283	
	0.402251	
	0.488541	
	0.529880	
	0.547635	
	0.591741	
	0.621655	
	0.540294	
	0.475178	
	0.561954	
	0.605085	
	0.522675	
	0.550214	
	0.533488	
	0.495077	
	0.546126	
	0.611005	
	0.585950	
	0.562667	
	0.502858	
	0.549098	
	0.543949	
	0.538046	
	0.499046	
	0.573201	
	0.591500	
	0.640173	
	0.658943	
	0.564251	
	0.570982	
	0.556842	
	0.694423	
	0.754899	
	0.716573	
	0.675619	
	0.686494	
	0.707875	
	0.631957	
	0.599656	
	0.557733	
	0.549085	
	0.506980	
	0.562850	
	0.582495	
	0.641275	
	0.693166	
	0.604403	
	0.618431	
	0.591925	
	0.569110	
	0.598553	
	0.646525	
	0.568363	
	0.659872	
	0.725038	
	0.732904	
	0.746247	
	0.730865	
	0.701806	
	0.722484	
	0.724803	
	0.706671	
	0.675641	
	0.695736	
	0.726406	
	0.743585	
	0.755246	
	0.572636	
	0.598085	
	0.608738	
	0.615743	
	0.670563	
	0.713557	
	0.773174	
	0.713245	
	0.628010	
	0.619626	
	0.595724	
	0.519159	
	0.541961	
	0.628573	
	0.647731	
	0.673910	
	0.684661	
	0.586725	
	0.555313	
	0.514599	
	0.578407	
	0.615209	
	0.643779	
	0.531974	
	0.429028	
	0.436810	
	0.470911	
	0.636760	
	0.582312	
	0.545160	
	0.508365	
	0.509417	
	0.505104	
	0.475405	
	0.572345	
	0.556464	
	0.510804	
	0.460324	
	0.478976	
	0.502855	
	0.492819	
	0.572578	
	0.563487	
	0.596675	
	0.584411	
	0.573038	
	0.594591	
	0.587465	
	0.601383	
	0.572460	
	0.637081	
	0.653655	
	0.595562	
	0.535067	
	0.602187	
	0.611749	
	0.592389	
	0.572268	
	0.538851	
	0.463021	
	0.419575	
	0.445527	
	0.545258	
	0.589553	
	0.574634	
	0.531166	
	0.509492	
	0.578802	
	0.672417	
	0.638575	
	0.642787	
	0.599960	
	0.581815	
	0.497067	
	0.515001	
	0.528108	
	0.710627	
	0.710949	
	0.674213	
	0.619206	
	0.577837	
	0.477593	
	0.597043	
	0.536027	
	0.563104	
	0.566592	
	0.533065	
	0.600535	
	0.568650	
	0.596019	
	0.648957	
	0.669552	
	0.608994	
	0.553533	
	0.567922	
	0.544551	
	0.623405	
	0.500516	
	0.558619	
	0.547645	
	0.568278	
	0.571102	
	0.535257	
	0.604134	
	0.589279	
	0.625833	
	0.631790	
	0.593711	
	0.584172	
	0.609253	
	0.623368	
	0.679465	
	0.666667	
	0.603766	
	0.545949	
	0.595611	
	0.619388	
	0.616478	
	0.621791	
	0.624102	
	0.572696	
	0.526505	
	0.542282	
	0.576513	
	0.654231	
	0.663330	
	0.677281	
	0.655012	
	0.582099	
	0.591433	
	0.575318	
	0.608917	
	0.647921	
	0.649473	
	0.624570	
	0.566464	
	0.496907	
	0.531348	
	0.644963	
	0.664043	
	0.609696	
	0.540693	
	0.538664	
	0.443790	
	0.397597	
	0.589585	
	0.685663	
	0.638099	
	0.680430	
	0.631205	
	0.591955	
	0.573365	
	0.552163	
	0.543074	
	0.600794	
	0.637362	
	0.713297	
	0.746630	
	0.703096	
	0.707639	
	0.676202	
	0.617190	
	0.567866	
	0.600140	
	0.632471	
	0.586929	
	0.654397	
	0.690521	
	0.686553	
	0.673065	
	0.674519	
	0.645379	
	0.647529	
	0.622875	
	0.634273	
	0.659033	
	0.604776	
	0.573514	
	0.621536	
	0.648211	
	0.628812	
	0.603534	
	0.630981	
	0.580850	
	0.526990	
	0.524876	
	0.535498	
	0.547961	
	0.621151	
	0.514595	
	0.440766	
	0.462998	
	0.480823	
	0.486492	
	0.534138	
	0.483948	
	0.537866	
	0.487422	
	0.450879	
	0.541897	
	0.408663	
	0.482095	
	0.554545	
	0.512802	
	0.500924	
	0.505295	
	0.493485	
	0.542837	
	0.596356	
	0.636295	
	0.702669	
	0.746903	
	0.786889	
	0.764516	
	0.769469	
	0.768537	
	0.728982	
	0.750944	
	0.734357	
	0.695345	
	0.695185	
	0.705574	
	0.721321	
	0.686287	
	0.654320	
	0.659813	
	0.635626	
	0.654056	
	0.619337	
	0.646738	
	0.645244	
	0.633471	
	0.625742	
	0.587466	
	0.634460	
	0.633179	
	0.657257	
	0.613581	
	0.660640	
	0.690692	
	0.628674	
	0.577186	
	0.551688	
	0.526842	
	0.497822	
	0.586632	
	0.586948	
	0.536347	
	0.562232	
	0.558590	
	0.625475	
	0.696306	
	0.617747	
	0.601184	
	0.550239	
	0.549630	
	0.564840	
	0.563267	
	0.554880	
	0.565589	
	0.564115	
	0.551653	
	0.528546	
	0.565675	
	0.605064	
	0.596246	
	0.547775	
	0.610901	
	0.599071	
	0.609186	
	0.612790	
	0.687256	
	0.755378	
	0.682958	
	0.671704	
	0.595622	
	0.618711	
	0.609841	
	0.678474	
	0.639032	
	0.635284	
	0.621661	
	0.579951	
	0.587157	
	0.600493	
	0.566664	
	0.545515	
	0.559512	
	0.657683	
	0.598450	
	0.574411	
	0.604179	
	0.640300	
	0.652182	
	0.689414	
	0.688585	
	0.601143	
	0.536696	
	0.588040	
	0.680864	
	0.675073	
	0.672614	
	0.626083	
	0.620536	
	0.595312	
	0.579520	
	0.611640	
	0.691105	
	0.649493	
	0.648883	
	0.639476	
	0.656789	
	0.645507	
	0.596948	
	0.642143	
	0.670606	
	0.639516	
	0.628905	
	0.614420	
	0.599556	
	0.570924	
	0.570420	
	0.509896	
	0.512261	
	0.478943	
	0.464136	
	0.466751	
	0.463929	
	0.514048	
	0.558581	
	0.511635	
	0.525657	
	0.517680	
	0.531551	
	0.631829	
	0.590011	
	0.576030	
	0.552374	
	0.528878	
	0.526079	
	0.519416	
	0.601921	
	0.584266	
	0.509544	
	0.504095	
	0.497256	
	0.484397	
	0.514181	
	0.634743	
	0.626539	
	0.660451	
	0.600725	
	0.534295	
	0.473193	
	0.510703	
	0.468448	
	0.500043	
	0.569194	
	0.518899	
	0.485444	
	0.489483	
	0.520274	
	0.710845	
	0.686366	
	0.636865	
	0.614871	
	0.622313	
	0.617124	
	0.632595	
	0.634383	
	0.614412	
	0.617073	
	0.577599	
	0.522199	
	0.548666	
	0.545351	
	0.555347	
	0.497994	
	0.518271	
	0.563084	
	0.556307	
	0.531380	
	0.562485	
	0.597795	
	0.606961	
	0.644895	
	0.592345	
	0.588470	
	0.538221	
	0.564194	
	0.628357	
	0.560651	
	0.559751	
	0.576300	
	0.538034	
	0.502771	
	0.538062	
	0.637554	
	0.573884	
	0.464306	
	0.456395	
	0.392184	
	0.482467	
	0.572293	
	0.604488	
	0.688808	
	0.657397	
	0.622091	
	0.574822	
	0.603556	
	0.627016	
	0.782034	
	0.701263	
	0.647525	
	0.551889	
	0.529197	
	0.553145	
	0.611801	
	0.612501	
	0.598618	
	0.577936	
	0.590034	
	0.623077	
	0.582502	
	0.604362	
	0.531951	
	0.556563	
	0.574847	
	0.589847	
	0.530868	
	0.560459	
	0.632085	
	0.511610	
	0.645055	
	0.684194	
	0.641547	
	0.618116	
	0.681714	
	0.699367	
	0.704873	
	0.698073	
	0.699404	
	0.689461	
	0.716167	
	0.709685	
	0.689495	
	0.612165	
	0.610772	
	0.563912	
	0.540019	
	0.507658	
	0.599868	
	0.608261	
	0.560122	
	0.643269	
	0.703798	
	0.675126	
	0.692398	
	0.722100	
	0.733953	
	0.592195	
	0.631300	
	0.650664	
	0.639540	
	0.564041	
	0.568686	
	0.588815	
	0.532846	
	0.588168	
	0.669990	
	0.671832	
	0.590931	
	0.617289	
	0.568496	
	0.656981	
	0.600531	
	0.570715	
	0.551057	
	0.614095	
	0.639769	
	0.612755	
	0.582213	
	0.658805	
	0.638882	
	0.611013	
	0.546851	
	0.673905	
	0.662714	
	0.600137	
	0.617856	
	0.655670	
	0.667310	
	0.686138	
	0.661551	
	0.638858	
	0.615312	
	0.680445	
	0.712169	
	0.648771	
	0.592445	
	0.605855	
	0.663430	
	0.590723	
	0.584698	
	0.688695	
	0.654867	
	0.581001	
	0.611119	
	0.606083	
	0.610500	
	0.647014	
	0.605599	
	0.554660	
	0.580155	
	0.671029	
	0.644778	
	0.635715	
	0.663248	
	0.619957	
	0.600529	
	0.657798	
	0.628496	
	0.660313	
	0.676547	
	0.655681	
	0.679437	
	0.642362	
	0.610992	
	0.636930	
	0.622759	
	0.606469	
	0.621320	
	0.598297	
	0.608746	
	0.643947	
	0.630138	
	0.637378	
	0.671996	
	0.600188	
	0.635972	
	0.661834	
	0.686700	
	0.658087	
	0.550229	
	0.545944	
	0.671444	
	0.718915	
	0.722300	
	0.736229	
	0.760371	
	0.749454	
	0.720630	
	0.707307	
	0.702312	
	0.668243	
	0.661608	
	0.655167	
	0.698947	
	0.696988	
	0.710376	
	0.650378	
	0.633530	
	0.585777	
	0.622979	
	0.618799	
	0.564371	
	0.602402	
	0.439785	
	0.503550	
	0.546293	
	0.585397	
	0.629106	
	0.652093	
	0.674836	
	0.676127	
	0.685534	
	0.692356	
	0.710643	
	0.677178	
	0.711648	
	0.763678	
	0.739162	
	0.710006	
	0.676832	
	0.669979	
	0.675700	
	0.641947	
	0.622652	
	0.546090	
	0.471572	
	0.435141	
	0.509059	
	0.505060	
	0.520399	
	0.435207	
	0.461765	
	0.525376	
	0.501948	
	0.509719	
	0.554560	
	0.486959	
	0.467200	
	0.426607	
	0.456442	
	0.401148	
	0.424682	
	0.512200	
	0.629192	
	0.689939	
	0.558530	
	0.427143	
	0.421101	
	0.436114	
	0.459717	
	0.469669	
	0.523385	
	0.517526	
	0.488898	
	0.464937	
	0.416840	
	0.471343	
	0.550481	
	0.538359	
	0.517786	
	0.560675	
	0.546097	
	0.398432	
	0.460194	
	0.550576	
	0.568740	
	0.527337	
	0.566186	
	0.505626	
	0.515595	
	0.652670	
	0.721667	
	0.658691	
	0.597397	
	0.511315	
	0.626815	
	0.708018	
	0.809098	
	0.838262	
	0.838364	
	0.794922	
	0.806613	
	0.837524	
	0.868880	
	0.879178	
	0.867119	
	0.896515	
	0.880592	
	0.897155	
	0.897366	
	0.892850	
	0.650765	
	0.578611	
	0.618941	
	0.602390	
	0.621428	
	0.599633	
	0.651299	
	0.632456	
	0.668223	
	0.673049	
	0.669052	
	0.631299	
	0.647127	
	0.623399	
	0.549514	
	0.515557	
	0.509309	
	0.489392	
	0.479262	
	0.512606	
	0.473609	
	0.427118	
	0.470913	
	0.488020	
	0.469654	
	0.472985	
	0.446774	
	0.390045	
	0.567867	
	0.638948	
	0.730469	
	0.688577	
	0.569806	
	0.470989	
	0.406988	
	0.381666	
	0.456763	
	0.504285	
	0.401213	
	0.411484	
	0.446025	
	0.434018	
	0.529728	
	0.504468	
	0.400841	
	0.407971	
	0.349191	
	0.359740	
	0.385451	
	0.542473	
	0.585447	
	0.667289	
	0.613276	
	0.526646	
	0.605837	
	0.844464	
	0.763088	
	0.634343	
	0.666570	
	0.643856	
	0.630498	
	0.587893	
	0.574613	
	0.602971	
	0.563470	
	0.616583	
	0.561922	
	0.531919	
	0.542921	
	0.594734	
	0.626656	
	0.582252	
	0.539138	
	0.541219	
	0.458702	
	0.489932	
	0.606814	
	0.540221	
	0.600725	
	0.534728	
	0.513356	
	0.482746	
	0.531930	
	0.661882	
	0.659540	
	0.742336	
	0.715633	
	0.663779	
	0.522837	
	0.398571	
	0.363733	
	0.369161	
	0.434846	
	0.375056	
	0.352713	
	0.303941	
	0.296502	
	0.396762	
	0.489267	
	0.456724	
	0.381687	
	0.313408	
	0.332401	
	0.321325	
	0.322894	
	0.459103	
	0.557800	
	0.560558	
	0.749921	
	0.859723	
	0.861743	
	0.649614	
	0.575180	
	0.604816	
	0.614680	
	0.562460	
	0.458850	
	0.442864	
	0.447175	
	0.476447	
	0.639006	
	0.592433	
	0.544348	
	0.510223	
	0.511853	
	0.523919	
	0.559950	
	0.512236	
	0.407695	
	0.416080	
	0.380599	
	0.402332	
	0.450271	
	0.528664	
	0.507299	
	0.439962	
	0.379457	
	0.342243	
	0.383527	
	0.492067	
	0.610010	
	0.646686	
	0.694246	
	0.621221	
	0.513399	
	0.439785	
	0.370428	
	0.405364	
	0.519303	
	0.534773	
	0.595358	
	0.547570	
	0.475978	
	0.491041	
	0.593884	
	0.644906	
	0.587663	
	0.596909	
	0.519994	
	0.521777	
	0.500147	
	0.525148	
	0.572623	
	0.606973	
	0.483987	
	0.503855	
	0.545335	
	0.539695	
	0.593706	
	0.622110	
	0.666874	
	0.643888	
	0.617294	
	0.549355	
	0.484177	
	0.637788	
	0.596178	
	0.671411	
	0.544074	
	0.463715	
	0.457357	
	0.553486	
	0.603783	
	0.540428	
	0.533437	
	0.438895	
	0.383498	
	0.391768	
	0.450894	
	0.496192	
	0.484459	
	0.478730	
	0.443488	
	0.443682	
	0.405532	
	0.672580	
	0.649741	
	0.744947	
	0.769285	
	0.690589	
	0.580748	
	0.576742	
	0.574255	
	0.585289	
	0.589987	
	0.496271	
	0.380127	
	0.392679	
	0.453022	
	0.645000	
	0.716626	
	0.728080	
	0.726119	
	0.671920	
	0.683432	
	0.760547	
	0.756282	
	0.702131	
	0.802311	
	0.869656	
	0.925572	
	0.941371	
	0.950639	
	0.879392	
	0.668618	
	0.501699	
	0.493491	
	0.504020	
	0.456700	
	0.481657	
	0.509461	
	0.610296	
	0.683783	
	0.579994	
	0.518369	
	0.522379	
	0.537634	
	0.509636	
	0.558228	
	0.461041	
	0.352386	
	0.297641	
	0.311305	
	0.390663	
	0.468598	
	0.523430	
	0.522020	
	0.481822	
	0.454210	
	0.521854	
	0.507493	
	0.643449	
	0.648926	
	0.755610	
	0.716145	
	0.697294	
	0.627513	
	0.531163	
	0.510127	
	0.530966	
	0.681951	
	0.580995	
	0.466274	
	0.436319	
	0.472337	
	0.608910	
	0.562906	
	0.465656	
	0.453523	
	0.430690	
	0.404098	
	0.410281	
	0.494466	
	0.519357	
	0.582380	
	0.517306	
	0.452029	
	0.398512	
	0.512270	
	0.620420	
	0.548534	
	0.573152	
	0.599439	
	0.514755	
	0.413921	
	0.393894	
	0.447740	
	0.539618	
	0.608496	
	0.521882	
	0.445368	
	0.439082	
	0.419172	
	0.667330	
	0.510563	
	0.495286	
	0.414151	
	0.400884	
	0.415927	
	0.505440	
	0.605752	
	0.642194	
	0.498233	
	0.481237	
	0.404100	
	0.375238	
	0.455595	
	0.652599	
	0.688458	
	0.703429	
	0.601298	
	0.512061	
	0.437817	
	0.403595	
	0.417926	
	0.463247	
	0.443393	
	0.403464	
	0.392096	
	0.374581	
	0.346946	
	0.471494	
	0.460141	
	0.412644	
	0.349182	
	0.305073	
	0.338025	
	0.388389	
	0.392458	
	0.488543	
	0.454298	
	0.348818	
	0.408655	
	0.428598	
	0.509875	
	0.639949	
	0.615690	
	0.606584	
	0.584345	
	0.525567	
	0.414458	
	0.346153	
	0.392399	
	0.461310	
	0.488748	
	0.411304	
	0.413869	
	0.409953	
	0.412975	
	0.439973	
	0.487405	
	0.397103	
	0.358782	
	0.347886	
	0.367064	
	0.334893	
	0.361962	
	0.449995	
	0.389519	
	0.376573	
	0.398694	
	0.423872	
	0.414028	
	0.624305	
	0.678718	
	0.706183	
	0.660505	
	0.524176	
	0.471031	
	0.450187	
	0.388634	
	0.425079	
	0.493854	
	0.471907	
	0.473176	
	0.463525	
	0.459941	
	0.509997	
	0.574607	
	0.520044	
	0.440629	
	0.416438	
	0.438134	
	0.477487	
	0.517536	
	0.495735	
	0.534118	
	0.481469	
	0.449128	
	0.463095	
	0.447699	
	0.564407	
	0.569915	
	0.580934	
	0.568500	
	0.567993	
	0.516757	
	0.486454	
	0.586755	
	0.530833	
	0.564146	
	0.556266	
	0.478794	
	0.550804	
	0.528215	
	0.531234	
	0.593380	
	0.588663	
	0.599160	
	0.538302	
	0.559498	
	0.580332	
	0.527951	
	0.569142	
	0.514566	
	0.564158	
	0.515654	
	0.491384	
	0.593614	
	0.610124	
	0.699563	
	0.702413	
	0.624139	
	0.559782	
	0.496537	
	0.536182	
	0.567369	
	0.525379	
	0.532846	
	0.506071	
	0.508883	
	0.550088	
	0.619091	
	0.576464	
	0.620660	
	0.626519	
	0.690042	
	0.711287	
	0.715646	
	0.758760	
	0.648552	
	0.625155	
	0.654177	
	0.632791	
	0.608184	
	0.553390	
	0.577262	
	0.625795	
	0.535982	
	0.535073	
	0.511985	
	0.478501	
	0.520610	
	0.532114	
	0.552185	
	0.571610	
	0.556648	
	0.567564	
	0.526075	
	0.573964	
	0.623589	
	0.617024	
	0.616967	
	0.567108	
	0.510780	
	0.533557	
	0.607878	
	0.618242	
	0.702901	
	0.652542	
	0.575839	
	0.527482	
	0.543922	
	0.538464	
	0.656098	
	0.687251	
	0.726634	
	0.714459	
	0.643330	
	0.593347	
	0.584915	
	0.601452	
	0.566188	
	0.651111	
	0.624733	
	0.585192	
	0.603424	
	0.513576	
	0.506132	
	0.548440	
	0.506177	
	0.466736	
	0.404607	
	0.406352	
	0.399985	
	0.470225	
	0.489153	
	0.559194	
	0.485288	
	0.437023	
	0.398276	
	0.283009	
	0.442466	
	0.503760	
	0.546507	
	0.505735	
	0.432458	
	0.438519	
	0.411718	
	0.403325	
	0.422439	
	0.403382	
	0.399177	
	0.399904	
	0.448730	
	0.481168	
	0.491921	
	0.585991	
	0.551197	
	0.463813	
	0.450119	
	0.365735	
	0.391839	
	0.433489	
	0.496341	
	0.441144	
	0.423481	
	0.415432	
	0.432757	
	0.429578	
	0.597756	
	0.633439	
	0.693977	
	0.622916	
	0.538961	
	0.495816	
	0.450765	
	0.438497	
	0.431029	
	0.472695	
	0.450543	
	0.432375	
	0.413004	
	0.496114	
	0.548226	
	0.519783	
	0.505689	
	0.492924	
	0.448120	
	0.493873	
	0.475849	
	0.461633	
	0.447390	
	0.577908	
	0.587092	
	0.480960	
	0.510610	
	0.528356	
	0.559619	
	0.630584	
	0.610559	
	0.588177	
	0.549107	
	0.527493	
	0.503318	
	0.549175	
	0.522299	
	0.538553	
	0.543742	
	0.501737	
	0.542620	
	0.520521	
	0.494519	
	0.548122	
	0.563816	
	0.530406	
	0.561962	
	0.577294	
	0.572017	
	0.593896	
	0.607419	
	0.542532	
	0.568900	
	0.558008	
	0.582466	
	0.603943	
	0.665463	
	0.660103	
	0.708559	
	0.625331	
	0.512965	
	0.441729	
	0.389027	
	0.382112	
	0.392482	
	0.463997	
	0.399022	
	0.376095	
	0.368831	
	0.433919	
	0.498895	
	0.562148	
	0.470265	
	0.421596	
	0.368745	
	0.299450	
	0.287612	
	0.324392	
	0.373578	
	0.483130	
	0.405443	
	0.377645	
	0.395604	
	0.361847	
	0.511725	
	0.603807	
	0.612465	
	0.579098	
	0.541790	
	0.495634	
	0.480326	
	0.495544	
	0.514474	
	0.513412	
	0.488118	
	0.459634	
	0.479510	
	0.506631	
	0.614801	
	0.616979	
	0.598077	
	0.539244	
	0.552225	
	0.493695	
	0.516231	
	0.566814	
	0.550967	
	0.533862	
	0.478018	
	0.474283	
	0.408309	
	0.498629	
	0.657790	
	0.638776	
	0.729054	
	0.716659	
	0.657636	
	0.573527	
	0.517677	
	0.515082	
	0.570426	
	0.562034	
	0.509248	
	0.483757	
	0.505157	
	0.575143	
	0.724670	
	0.713676	
	0.693711	
	0.717005	
	0.712769	
	0.696434	
	0.707693	
	0.684794	
	0.668915	
	0.735285	
	0.703462	
	0.715928	
	0.786711	
	0.738898	
	0.692256	
	0.562146	
	0.554483	
	0.548104	
	0.468940	
	0.490092	
	0.485808	
	0.471355	
	0.537732	
	0.540446	
	0.483547	
	0.466920	
	0.469946	
	0.464759	
	0.425333	
	0.589734	
	0.534040	
	0.454834	
	0.351313	
	0.416990	
	0.401490	
	0.445183	
	0.437650	
	0.404561	
	0.388082	
	0.347112	
	0.358996	
	0.388894	
	0.575976	
	0.641678	
	0.651677	
	0.567461	
	0.441842	
	0.408013	
	0.390586	
	0.366950	
	0.416034	
	0.482354	
	0.479016	
	0.443133	
	0.379557	
	0.309294	
	0.433469	
	0.498682	
	0.376313	
	0.404003	
	0.385354	
	0.398730	
	0.453235	
	0.424182	
	0.433416	
	0.425229	
	0.363013	
	0.440879	
	0.464488	
	0.452204	
	0.625480	
	0.618545	
	0.577851	
	0.530251	
	0.455197	
	0.417343	
	0.414332	
	0.501180	
	0.477471	
	0.475699	
	0.423179	
	0.404223	
	0.390645	
	0.399676	
	0.480317	
	0.526406	
	0.466367	
	0.399985	
	0.406891	
	0.399960	
	0.463229	
	0.455146	
	0.459149	
	0.431351	
	0.480658	
	0.486964	
	0.492439	
	0.544007	
	0.621598	
	0.695565	
	0.737087	
	0.630863	
	0.536222	
	0.427448	
	0.364260	
	0.399730	
	0.425433	
	0.387131	
	0.347788	
	0.326916	
	0.323976	
	0.392413	
	0.562604	
	0.533112	
	0.455012	
	0.353315	
	0.324722	
	0.324157	
	0.344865	
	0.379468	
	0.405588	
	0.484495	
	0.556162	
	0.664353	
	0.818448	
	0.817143	
	0.697337	
	0.656624	
	0.692258	
	0.549664	
	0.447314	
	0.478501	
	0.445756	
	0.438959	
	0.521569	
	0.479945	
	0.473921	
	0.481479	
	0.479899	
	0.495363	
	0.539858	
	0.570094	
	0.493357	
	0.448603	
	0.444615	
	0.450894	
	0.480798	
	0.506126	
	0.531834	
	0.524397	
	0.502772	
	0.427741	
	0.436066	
	0.545683	
	0.642624	
	0.670380	
	0.700413	
	0.611508	
	0.513742	
	0.466729	
	0.502343	
	0.486972	
	0.532847	
	0.547020	
	0.539186	
	0.513741	
	0.457466	
	0.521686	
	0.656433	
	0.560690	
	0.518071	
	0.551681	
	0.494931	
	0.429932	
	0.527449	
	0.620338	
	0.613123	
	0.530559	
	0.597374	
	0.581736	
	0.588069	
	0.533219	
	0.561534	
	0.586766	
	0.601905	
	0.585099	
	0.614529	
	0.584361	
	0.591768	
	0.567149	
	0.584688	
	0.663876	
	0.565474	
	0.534676	
	0.521537	
	0.530694	
	0.696845	
	0.723629	
	0.740164	
	0.695191	
	0.681637	
	0.714272	
	0.717103	
	0.706093	
	0.655068	
	0.578045	
	0.636907	
	0.634938	
	0.629182	
	0.637025	
	0.612381	
	0.572718	
	0.672808	
	0.612363	
	0.605702	
	0.592375	
	0.596890	
	0.496126	
	0.421576	
	0.446982	
	0.471842	
	0.486513	
	0.575416	
	0.624275	
	0.525376	
	0.453476	
	0.494710	
	0.490777	
	0.444526	
	0.451608	
	0.456031	
	0.495416	
	0.611473	
	0.696683	
	0.830249	
	0.849628	
	0.859146	
	0.718752	
	0.562254	
	0.579542	
	0.608449	
	0.614859	
	0.667423	
	0.741610	
	0.799059	
	0.785961	
	0.796529	
	0.804837	
	0.816974	
	0.791737	
	0.809121	
	0.767348	
	0.625406	
	0.651747	
	0.616721	
	0.624987	
	0.641916	
	0.687124	
	0.811393	
	0.789035	
	0.796077	
	0.837274	
	0.852872	
	0.846469	
	0.838527	
	0.709555	
	0.582803	
	0.650936	
	0.663963	
	0.635703	
	0.601930	
	0.603085	
	0.629087	
	0.610329	
	0.680603	
	0.673731	
	0.651712	
	0.574150	
	0.615152	
	0.728171	
	0.709797	
	0.695586	
	0.649343	
	0.610382	
	0.633264	
	0.676475	
	0.680011	
	0.653304	
	0.630320	
	0.717732	
	0.715937	
	0.694023	
	0.782098	
	0.757580	
	0.594584	
	0.557073	
	0.575787	
	0.541134	
	0.524671	
	0.510687	
	0.470057	
	0.585327	
	0.602284	
	0.566293	
	0.551209	
	0.579732	
	0.702840	
	0.720569	
	0.734733	
	0.583871	
	0.504116	
	0.456767	
	0.438954	
	0.423943	
	0.458441	
	0.556336	
	0.537558	
	0.706169	
	0.865861	
	0.878134	
	0.826707	
	0.677459	
	0.698664	
	0.706369	
	0.619242	
	0.564135	
	0.523255	
	0.567161	
	0.545856	
	0.534989	
	0.570450	
	0.561160	
	0.649143	
	0.771984	
	0.765454	
	0.701424	
	0.668478	
	0.635215	
	0.566921	
	0.596062	
	0.603441	
	0.548992	
	0.514624	
	0.586121	
	0.505530	
	0.484861	
	0.620820	
	0.685598	
	0.661537	
	0.562598	
	0.574854	
	0.538020	
	0.501395	
	0.515589	
	0.505037	
	0.556355	
	0.557871	
	0.609143	
	0.640232	
	0.601102	
	0.602036	
	0.579690	
	0.548812	
	0.590405	
	0.640024	
	0.566716	
	0.545842	
	0.499272	
	0.457048	
	0.431788	
	0.415851	
	0.468601	
	0.563437	
	0.598174	
	0.570304	
	0.579033	
	0.628302	
	0.575755	
	0.577780	
	0.661422	
	0.716365	
	0.622024	
	0.619050	
	0.558954	
	0.470547	
	0.432574	
	0.485990	
	0.509892	
	0.525424	
	0.548356	
	0.563539	
	0.611843	
	0.730922	
	0.729776	
	0.747796	
	0.755278	
	0.768840	
	0.750981	
	0.726765	
	0.741424	
	0.775643	
	0.750337	
	0.757549	
	0.735343	
	0.764228	
	0.734255	
	0.633883	
	0.570355	
	0.519570	
	0.538743	
	0.419592	
	0.456746	
	0.457227	
	0.456183	
	0.328932	
	0.303574	
	0.349982	
	0.327689	
	0.445268	
	0.375792	
	0.357289	
	0.438492	
	0.388512	
	0.384725	
	0.324917	
	0.304530	
	0.314223	
	0.298884	
	0.330303	
	0.302510	
	0.338510	
	0.318743	
	0.635242	
	0.371501	
	0.296151	
	0.266873	
	0.241841	
	0.217006	
	0.239834	
	0.198336	
	0.198517	
	0.209897	
	0.197918	
	0.212335	
	0.218550	
	0.211175	
	0.471113	
	0.417197	
	0.367370	
	0.307737	
	0.238865	
	0.238390	
	0.308668	
	0.344804	
	0.273051	
	0.244983	
	0.286877	
	0.400825	
	0.575815	
	0.848113	
	0.854011	
	0.622870	
	0.587521	
	0.657524	
	0.728741	
	0.719677	
	0.770914	
	0.759311	
	0.760232	
	0.764867	
	0.757347	
	0.817145	
	0.836215	
	0.845126	
	0.836427	
	0.648239	
	0.540770	
	0.555022	
	0.566081	
	0.644821	
	0.658001	
	0.625957	
	0.621753	
	0.712584	
	0.834528	
	0.865086	
	0.867974	
	0.873579	
	0.873366	
	0.651512	
	0.582335	
	0.690864	
	0.677397	
	0.652794	
	0.604276	
	0.767368	
	0.823165	
	0.821411	
	0.829887	
	0.868617	
	0.852135	
	0.809154	
	0.700954	
	0.541373	
	0.551729	
	0.533352	
	0.531625	
	0.549191	
	0.612911	
	0.570439	
	0.602399	
	0.603061	
	0.586091	
	0.520011	
	0.560413	
	0.749256	
	0.689685	
	0.499661	
	0.459893	
	0.483896	
	0.601502	
	0.598925	
	0.555657	
	0.581859	
	0.614813	
	0.589850	
	0.572017	
	0.536302	
	0.542466	
	0.566119	
	0.684681	
	0.714846	
	0.608375	
	0.519557	
	0.464522	
	0.420420	
	0.433301	
	0.430985	
	0.522966	
	0.588762	
	0.627075	
	0.776936	
	0.896739	
	0.921628	
	0.845190	
	0.641704	
	0.706520	
	0.692456	
	0.737632	
	0.811669	
	0.859034	
	0.877410	
	0.875109	
	0.866706	
	0.871502	
	0.858695	
	0.866136	
	0.887118	
	0.833677	
	0.753394	
	0.738818	
	0.710987	
	0.670795	
	0.651494	
	0.631959	
	0.607985	
	0.556726	
	0.608534	
	0.623516	
	0.660784	
	0.765364	
	0.781574	
	0.760331	
	0.577948	
	0.530032	
	0.537932	
	0.592229	
	0.627091	
	0.641527	
	0.613559	
	0.605419	
	0.644166	
	0.628252	
	0.620454	
	0.614095	
	0.607377	
	0.592549	
	0.604113	
	0.652954	
	0.644087	
	0.619196	
	0.558214	
	0.578155	
	0.556642	
	0.519546	
	0.557222	
	0.580476	
	0.555709	
	0.594618	
	0.685092	
	0.669994	
	0.729895	
	0.622222	
	0.684662	
	0.620440	
	0.595992	
	0.626125	
	0.603683	
	0.590436	
	0.606004	
	0.703803	
	0.661665	
	0.638827	
	0.635227	
	0.651684	
	0.780735	
	0.754535	
	0.751891	
	0.728054	
	0.716897	
	0.680017	
	0.713167	
	0.755824	
	0.719112	
	0.731940	
	0.769893	
	0.768605	
	0.755137	
	0.758881	
	0.820854	
	0.632733	
	0.469879	
	0.519314	
	0.563705	
	0.607093	
	0.671472	
	0.650551	
	0.568565	
	0.483468	
	0.441582	
	0.518271	
	0.610509	
	0.629506	
	0.625996	
	0.436563	
	0.424914	
	0.496541	
	0.610678	
	0.553226	
	0.595224	
	0.571601	
	0.394134	
	0.414125	
	0.473527	
	0.681892	
	0.671949	
	0.615166	
	0.651999	
	0.441800	
	0.421974	
	0.373082	
	0.416131	
	0.579849	
	0.573775	
	0.633335	
	0.603052	
	0.543471	
	0.513515	
	0.478541	
	0.529469	
	0.361749	
	0.295756	
	0.270966	
	0.247362	
	0.225462	
	0.248296	
	0.250867	
	0.245444	
	0.340395	
	0.618584	
	0.850330	
	0.914140	
	0.955702	
	0.943027	
	0.830973	
	0.626522	
	0.483652	
	0.599879	
	0.648039	
	0.666432	
	0.685206	
	0.624922	
	0.644102	
	0.636956	
	0.588509	
	0.553847	
	0.533639	
	0.524598	
	0.497170	
	0.485382	
	0.528118	
	0.510509	
	0.540495	
	0.540169	
	0.532472	
	0.527319	
	0.501567	
	0.513481	
	0.475598	
	0.479541	
	0.459488	
	0.424777	
	0.530252	
	0.555009	
	0.612460	
	0.542739	
	0.487230	
	0.435171	
	0.429797	
	0.399738	
	0.433493	
	0.489826	
	0.408753	
	0.390949	
	0.383930	
	0.400559	
	0.467592	
	0.552733	
	0.553884	
	0.484765	
	0.449186	
	0.420476	
	0.378937	
	0.404995	
	0.391215	
	0.454716	
	0.431165	
	0.417873	
	0.422077	
	0.427361	
	0.582216	
	0.506274	
	0.488737	
	0.410263	
	0.364642	
	0.368441	
	0.352419	
	0.408477	
	0.481320	
	0.598598	
	0.520173	
	0.437095	
	0.457330	
	0.514117	
	0.590537	
	0.633703	
	0.682540	
	0.667541	
	0.641266	
	0.608680	
	0.628467	
	0.604342	
	0.581806	
	0.621679	
	0.844432	
	0.882842	
	0.911245	
	0.899842	
	0.740899	
	0.648816	
	0.715188	
	0.676639	
	0.669351	
	0.582034	
	0.541029	
	0.594494	
	0.572246	
	0.612677	
	0.578625	
	0.586247	
	0.557398	
	0.587512	
	0.702713	
	0.700208	
	0.646242	
	0.566627	
	0.547466	
	0.467791	
	0.463972	
	0.491341	
	0.524609	
	0.469940	
	0.502644	
	0.476492	
	0.519074	
	0.577275	
	0.477427	
	0.500368	
	0.521782	
	0.602861	
	0.588559	
	0.612239	
	0.634070	
	0.536268	
	0.553302	
	0.579363	
	0.611484	
	0.618070	
	0.621066	
	0.564750	
	0.610581	
	0.685806	
	0.674314	
	0.629329	
	0.565232	
	0.562882	
	0.485943	
	0.462006	
	0.472339	
	0.499275	
	0.488494	
	0.489192	
	0.464991	
	0.545506	
	0.589787	
	0.627433	
	0.635952	
	0.613805	
	0.587323	
	0.598642	
	0.560617	
	0.583541	
	0.609120	
	0.594259	
	0.561330	
	0.563080	
	0.571253	
	0.570823	
	0.490100	
	0.535053	
	0.532385	
	0.498593	
	0.490130	
	0.463024	
	0.473712	
	0.490986	
	0.486222	
	0.476330	
	0.451489	
	0.469967	
	0.490863	
	0.511875	
	0.510872	
	0.494594	
	0.564493	
	0.586219	
	0.627907	
	0.614884	
	0.649480	
	0.600486	
	0.555148	
	0.578004	
	0.581185	
	0.565141	
	0.602088	
	0.597898	
	0.513017	
	0.517254	
	0.564191	
	0.521240	
	0.491440	
	0.487145	
	0.492278	
	0.530655	
	0.526005	
	0.552249	
	0.577534	
	0.551421	
	0.597211	
	0.610978	
	0.543138	
	0.628678	
	0.627264	
	0.539834	
	0.537218	
	0.488157	
	0.430629	
	0.369989	
	0.429443	
	0.455735	
	0.442638	
	0.434638	
	0.393280	
	0.485121	
	0.461627	
	0.400839	
	0.326005	
	0.289817	
	0.366834	
	0.318746	
	0.323735	
	0.340142	
	0.386349	
	0.340847	
	0.323467	
	0.330342	
	0.324197	
	0.457527	
	0.351722	
	0.435720	
	0.501125	
	0.496916	
	0.518502	
	0.550956	
	0.493521	
	0.571873	
	0.555531	
	0.494472	
	0.503143	
	0.468921	
	0.517231	
	0.447081	
	0.511450	
	0.511364	
	0.533756	
	0.487694	
	0.484835	
	0.445967	
	0.496034	
	0.462110	
	0.516890	
	0.411889	
	0.427712	
	0.532155	
	0.489070	
	0.470008	
	0.548376	
	0.598978	
	0.635289	
	0.519715	
	0.438478	
	0.494854	
	0.420736	
	0.400564	
	0.451036	
	0.423870	
	0.409605	
	0.396086	
	0.423628	
	0.466328	
	0.602273	
	0.594224	
	0.627324	
	0.586223	
	0.608244	
	0.572640	
	0.596702	
	0.560703	
	0.594105	
	0.485195	
	0.449317	
	0.434958	
	0.686811	
	0.840697	
	0.714248	
	0.671027	
	0.630264	
	0.572508	
	0.570348	
	0.554634	
	0.573553	
	0.582656	
	0.564266	
	0.573815	
	0.518794	
	0.536874	
	0.556846	
	0.595112	
	0.666656	
	0.653642	
	0.558194	
	0.518280	
	0.535212	
	0.588791	
	0.623547	
	0.551448	
	0.511234	
	0.507233	
	0.549438	
	0.556862	
	0.566160	
	0.642876	
	0.599170	
	0.663526	
	0.634487	
	0.599444	
	0.600362	
	0.588427	
	0.610767	
	0.566420	
	0.546427	
	0.581734	
	0.579380	
	0.570141	
	0.522528	
	0.540687	
	0.665608	
	0.606450	
	0.591337	
	0.632640	
	0.604698	
	0.591822	
	0.598533	
	0.595009	
	0.581793	
	0.564562	
	0.564320	
	0.519246	
	0.506818	
	0.542770	
	0.493328	
	0.473688	
	0.466973	
	0.458849	
	0.448607	
	0.522926	
	0.578240	
	0.632990	
	0.624732	
	0.631872	
	0.634332	
	0.634833	
	0.604710	
	0.631794	
	0.642467	
	0.598407	
	0.489756	
	0.496202	
	0.455642	
	0.511990	
	0.496308	
	0.531323	
	0.559085	
	0.472584	
	0.451775	
	0.475373	
	0.415729	
	0.618182	
	0.651442	
	0.653790	
	0.556826	
	0.474073	
	0.413916	
	0.372033	
	0.319960	
	0.383139	
	0.444970	
	0.395811	
	0.435177	
	0.401216	
	0.426215	
	0.643361	
	0.612657	
	0.525836	
	0.481366	
	0.398970	
	0.332850	
	0.329223	
	0.341516	
	0.393751	
	0.417767	
	0.371655	
	0.378093	
	0.370409	
	0.327166	
	0.546345	
	0.502612	
	0.475489	
	0.423545	
	0.417231	
	0.387401	
	0.391760	
	0.428257	
	0.508098	
	0.491835	
	0.441929	
	0.384385	
	0.345088	
	0.381277	
	0.515057	
	0.584766	
	0.582735	
	0.498794	
	0.434060	
	0.448607	
	0.473177	
	0.478233	
	0.391101	
	0.426413	
	0.408886	
	0.423349	
	0.474171	
	0.461611	
	0.610814	
	0.636386	
	0.688724	
	0.611943	
	0.536625	
	0.493653	
	0.476807	
	0.502486	
	0.514647	
	0.497171	
	0.420257	
	0.414785	
	0.409556	
	0.404368	
	0.477778	
	0.631865	
	0.619923	
	0.618330	
	0.640503	
	0.634386	
	0.656795	
	0.612731	
	0.610569	
	0.636958	
	0.634769	
	0.623211	
	0.804137	
	0.887619	
	0.756482	
	0.662383	
	0.636440	
	0.591900	
	0.461030	
	0.396334	
	0.468948	
	0.477244	
	0.530431	
	0.532531	
	0.466388	
	0.459831	
	0.480838	
	0.498582	
	0.590195	
	0.635590	
	0.525963	
	0.471186	
	0.463281	
	0.425461	
	0.425408	
	0.479915	
	0.522550	
	0.445794	
	0.414288	
	0.384664	
	0.451861	
	0.496814	
	0.640078	
	0.691312	
	0.680141	
	0.621517	
	0.516338	
	0.452840	
	0.409353	
	0.434191	
	0.507631	
	0.522009	
	0.496842	
	0.470003	
	0.449503	
	0.461769	
	0.608031	
	0.567589	
	0.486700	
	0.408561	
	0.364645	
	0.322976	
	0.346022	
	0.358192	
	0.429165	
	0.508655	
	0.506259	
	0.771961	
	0.835452	
	0.846517	
	0.726912	
	0.555512	
	0.594120	
	0.582735	
	0.514483	
	0.440781	
	0.387660	
	0.495766	
	0.461671	
	0.522361	
	0.374901	
	0.433788	
	0.447462	
	0.480594	
	0.609755	
	0.611299	
	0.641258	
	0.521845	
	0.459128	
	0.434193	
	0.386721	
	0.379641	
	0.527325	
	0.421678	
	0.397248	
	0.325112	
	0.385466	
	0.483659	
	0.651427	
	0.591968	
	0.629956	
	0.554582	
	0.493508	
	0.390781	
	0.334154	
	0.341385	
	0.394930	
	0.382522	
	0.375557	
	0.345254	
	0.376812	
	0.396984	
	0.556982	
	0.507245	
	0.508189	
	0.465106	
	0.488145	
	0.475020	
	0.521327	
	0.529991	
	0.547941	
	0.532119	
	0.473887	
	0.497602	
	0.446992	
	0.482745	
	0.585682	
	0.468709	
	0.438356	
	0.352218	
	0.290335	
	0.329810	
	0.299899	
	0.382299	
	0.500951	
	0.468699	
	0.414411	
	0.347258	
	0.344665	
	0.377196	
	0.454789	
	0.442482	
	0.400985	
	0.372510	
	0.362886	
	0.363587	
	0.395316	
	0.450980	
	0.427181	
	0.432050	
	0.429149	
	0.396066	
	0.475741	
	0.478366	
	0.577679	
	0.637835	
	0.694685	
	0.587136	
	0.486780	
	0.461671	
	0.415229	
	0.378157	
	0.473888	
	0.466262	
	0.415513	
	0.334255	
	0.364821	
	0.455420	
	0.561852	
	0.624494	
	0.636476	
	0.611587	
	0.636096	
	0.633690	
	0.588281	
	0.556318	
	0.544043	
	0.532051	
	0.534508	
	0.546514	
	0.498120	
	0.489319	
	0.570677	
	0.572726	
	0.497813	
	0.435963	
	0.324444	
	0.320407	
	0.383820	
	0.432851	
	0.458910	
	0.339990	
	0.344615	
	0.337404	
	0.328796	
	0.499632	
	0.363393	
	0.358046	
	0.330556	
	0.359037	
	0.330168	
	0.357908	
	0.360803	
	0.358678	
	0.376035	
	0.417516	
	0.410610	
	0.342342	
	0.511488	
	0.553093	
	0.608771	
	0.603269	
	0.559855	
	0.486402	
	0.507201	
	0.585792	
	0.498282	
	0.428345	
	0.412748	
	0.391860	
	0.367064	
	0.327838	
	0.347629	
	0.313680	
	0.367799	
	0.373768	
	0.373181	
	0.360333	
	0.338932	
	0.358826	
	0.384099	
	0.465897	
	0.488197	
	0.406614	
	0.393849	
	0.410732	
	0.547763	
	0.509741	
	0.613375	
	0.704164	
	0.714713	
	0.694504	
	0.668850	
	0.633201	
	0.620323	
	0.607326	
	0.639018	
	0.602791	
	0.537973	
	0.540287	
	0.565419	
	0.634906	
	0.622550	
	0.652916	
	0.647742	
	0.674827	
	0.649941	
	0.633434	
	0.570982	
	0.577491	
	0.535911	
	0.549421	
	0.535810	
	0.539623	
	0.559152	
	0.617364	
	0.599885	
	0.598542	
	0.529454	
	0.463254	
	0.436088	
	0.444721	
	0.466915	
	0.469445	
	0.428516	
	0.412842	
	0.433285	
	0.408812	
	0.534440	
	0.698979	
	0.702926	
	0.697984	
	0.700069	
	0.682861	
	0.741391	
	0.718207	
	0.660848	
	0.669012	
	0.669074	
	0.717287	
	0.722518	
	0.701967	
	0.702110	
	0.742606	
	0.605439	
	0.492570	
	0.499327	
	0.524715	
	0.600494	
	0.572643	
	0.591518	
	0.500725	
	0.446261	
	0.423594	
	0.451241	
	0.497942	
	0.589817	
	0.564646	
	0.528123	
	0.443970	
	0.458606	
	0.418084	
	0.479935	
	0.526585	
	0.581657	
	0.494249	
	0.561645	
	0.572015	
	0.490739	
	0.521013	
	0.522942	
	0.546725	
	0.566644	
	0.664452	
	0.575078	
	0.582455	
	0.560271	
	0.568219	
	0.574006	
	0.566899	
	0.567799	
	0.547616	
	0.522945	
	0.528444	
	0.602142	
	0.545509	
	0.518282	
	0.577683	
	0.529956	
	0.529738	
	0.589040	
	0.597714	
	0.577149	
	0.532816	
	0.625726	
	0.559096	
	0.583066	
	0.526952	
	0.634693	
	0.617700	
	0.654065	
	0.679736	
	0.631573	
	0.618549	
	0.548534	
	0.505248	
	0.548119	
	0.475203	
	0.506441	
	0.542488	
	0.528848	
	0.549945	
	0.537724	
	0.521464	
	0.587868	
	0.525503	
	0.539818	
	0.572766	
	0.590119	
	0.572968	
	0.566016	
	0.609808	
	0.561131	
	0.567400	
	0.596256	
	0.567780	
	0.596736	
	0.565103	
	0.555713	
	0.559391	
	0.572707	
	0.558978	
	0.552689	
	0.590759	
	0.584335	
	0.575467	
	0.540677	
	0.616890	
	0.614638	
	0.705430	
	0.691843	
	0.742508	
	0.703919	
	0.711436	
	0.709342	
	0.730749	
	0.768042	
	0.691173	
	0.558504	
	0.443091	
	0.394702	
	0.419200	
	0.450378	
	0.394388	
	0.505139	
	0.599729	
	0.696029	
	0.673783	
	0.682523	
	0.661147	
	0.649718	
	0.635116	
	0.641006	
	0.678721	
	0.625404	
	0.623103	
	0.614896	
	0.639831	
	0.640556	
	0.668491	
	0.630873	
	0.617706	
	0.618025	
	0.542911	
	0.606136	
	0.604517	
	0.628131	
	0.636621	
	0.667801	
	0.672270	
	0.669032	
	0.632328	
	0.284726	
	0.667882	
	0.647657	
	0.658951	
	0.549463	
	0.504065	
	0.532359	
	0.588112	
	0.623829	
	0.573118	
	0.558200	
	0.522368	
	0.502994	
	0.423244	
	0.469209	
	0.640989	
	0.666355	
	0.605702	
	0.516642	
	0.475173	
	0.459095	
	0.374127	
	0.376493	
	0.360024	
	0.386115	
	0.388254	
	0.363975	
	0.367700	
	0.382998	
	0.398412	
	0.409131	
	0.384005	
	0.455916	
	0.434853	
	0.487848	
	0.502934	
	0.489135	
	0.514513	
	0.494170	
	0.499579	
	0.556947	
	0.613640	
	0.560872	
	0.535049	
	0.525672	
	0.493711	
	0.479390	
	0.484424	
	0.494505	
	0.510981	
	0.512963	
	0.573799	
	0.607976	
	0.585273	
	0.522986	
	0.472733	
	0.468984	
	0.500505	
	NaN	
	NaN	
	NaN	
	NaN	
	NaN	
	NaN	
	NaN	
	NaN	
	NaN	
	NaN	
	NaN	
	NaN	
	NaN	
	NaN	
	NaN	
	NaN	
	NaN	
	NaN	
	NaN	
	NaN	
	NaN	
	NaN	
	NaN	
	NaN	
	NaN	
	NaN	
	NaN	
	NaN	
	NaN	
	NaN	
	NaN	
	NaN	
	NaN	
	NaN	
	NaN	
	NaN	
	NaN	
	NaN	
	NaN	
	NaN	
	NaN	
	NaN	
	NaN	
	NaN	
	NaN	
	NaN	
	NaN	
	NaN	
	NaN	
	NaN	
	NaN	
	NaN	
	NaN	
	NaN	
	NaN	
	NaN	
	NaN	
	NaN	
	NaN	
	NaN	
	NaN	
	NaN	
	NaN	
	NaN	
	NaN	
	NaN	
	NaN	
	NaN	
	NaN	
	NaN	
	NaN	
	NaN	
	NaN	
	NaN	
	NaN	
	NaN	
	NaN	
	NaN	
	NaN	
	NaN	
	NaN	
	NaN	
	NaN	
	NaN	
	NaN	
	NaN	
	NaN	
	NaN	
	NaN	
	NaN	
	NaN	
	NaN	
	NaN	
	NaN	
	NaN	
	NaN	
	NaN	
	NaN	
	NaN	
	NaN	
	NaN	
	NaN	
	NaN	
	NaN	
	NaN	
	NaN	
	NaN	
	NaN	
	NaN	
	NaN	
	NaN	
	NaN	
	NaN	
	NaN	
	NaN	
	NaN	
	NaN	
	NaN	
	NaN	
	NaN	
	NaN	
	NaN	
	NaN	
	NaN	
	NaN	
	NaN	
	NaN	
	NaN	
	NaN	
	NaN	
	NaN	
	NaN	
	NaN	
	NaN	
	NaN	
	NaN	
	NaN	
	NaN	
	NaN	
	NaN	
	NaN	
	NaN	
	NaN	
	NaN	
	NaN	
	NaN	
	NaN	
	NaN	
	NaN	
	NaN	
	NaN	
	NaN	
	NaN	
	NaN	
	NaN	
	NaN	
	NaN	
	NaN	
	NaN	
	NaN	
	NaN	
	NaN	
	NaN	
	NaN	
	NaN	
	NaN	
	NaN	
	NaN	
	NaN	
	NaN	
	NaN	
	NaN	
	NaN	
	NaN	
	NaN	
	NaN	
	NaN	
	NaN	
	NaN	
	NaN	
	NaN	
	NaN	
	NaN	
	NaN	
	NaN	
	NaN	
	NaN	
