_Brightness		
	NaN	
	NaN	
	NaN	
	NaN	
	NaN	
	NaN	
	NaN	
	NaN	
	NaN	
	NaN	
	NaN	
	NaN	
	NaN	
	NaN	
	NaN	
	NaN	
	NaN	
	NaN	
	NaN	
	NaN	
	NaN	
	NaN	
	NaN	
	0.797852	
	0.450226	
	0.268128	
	0.334873	
	0.289087	
	0.286222	
	0.230873	
	0.230671	
	0.214128	
	0.206150	
	0.205088	
	0.210426	
	0.230091	
	0.200138	
	0.182948	
	0.190444	
	0.188780	
	0.170494	
	0.192404	
	0.190258	
	0.190532	
	0.279940	
	0.275789	
	0.270683	
	0.271138	
	0.257770	
	0.267040	
	0.255885	
	0.244254	
	0.349020	
	0.736365	
	0.652489	
	0.534851	
	0.474385	
	0.423802	
	0.414556	
	0.426503	
	0.429113	
	0.431684	
	0.425011	
	0.410470	
	0.388903	
	0.400578	
	0.460278	
	0.442584	
	0.454145	
	0.464482	
	0.441101	
	0.416248	
	0.441862	
	0.504067	
	0.494691	
	0.452033	
	0.495752	
	0.489308	
	0.464124	
	0.447323	
	0.528712	
	0.508085	
	0.483004	
	0.453483	
	0.479367	
	0.501558	
	0.520586	
	0.490970	
	0.526263	
	0.456093	
	0.503314	
	0.502634	
	0.475167	
	0.472176	
	0.457796	
	0.476597	
	0.495021	
	0.476072	
	0.466885	
	0.474188	
	0.498686	
	0.505975	
	0.491224	
	0.482788	
	0.452400	
	0.468111	
	0.428374	
	0.448640	
	0.441031	
	0.557405	
	0.593275	
	0.741688	
	0.656701	
	0.560180	
	0.415785	
	0.380819	
	0.366332	
	0.337439	
	0.315806	
	0.288347	
	0.278046	
	0.268495	
	0.243488	
	0.219627	
	0.209101	
	0.201006	
	0.184680	
	0.273669	
	0.251630	
	0.253362	
	0.373040	
	0.280383	
	0.260774	
	0.226728	
	0.211530	
	0.218720	
	0.219908	
	0.583435	
	0.629067	
	0.664460	
	0.559157	
	0.602877	
	0.495367	
	0.451634	
	0.439759	
	0.388591	
	0.346777	
	0.345571	
	0.356592	
	0.346381	
	0.339886	
	0.350048	
	0.317646	
	0.286834	
	0.277709	
	0.284993	
	0.288749	
	0.272687	
	0.299034	
	0.286240	
	0.407704	
	0.382867	
	0.374480	
	0.384625	
	0.355490	
	0.368213	
	0.365729	
	0.405866	
	0.420866	
	0.640287	
	0.658184	
	0.602346	
	0.545334	
	0.524370	
	0.488973	
	0.508935	
	0.492664	
	0.481572	
	0.503418	
	0.490774	
	0.495489	
	0.497115	
	0.472209	
	0.482933	
	0.493856	
	0.544824	
	0.534291	
	0.519611	
	0.544667	
	0.558588	
	0.555896	
	0.568816	
	0.554098	
	0.531449	
	0.552816	
	0.495768	
	0.562764	
	0.601215	
	0.673335	
	0.547017	
	0.528392	
	0.505900	
	0.506654	
	0.507826	
	0.475930	
	0.501457	
	0.490694	
	0.459456	
	0.499490	
	0.501182	
	0.430597	
	0.474804	
	0.443706	
	0.445458	
	0.465984	
	0.510960	
	0.444403	
	0.443853	
	0.404062	
	0.372675	
	0.353677	
	0.357151	
	0.331685	
	0.325056	
	0.314892	
	0.356841	
	0.787372	
	0.694541	
	0.520671	
	0.413276	
	0.327226	
	0.290776	
	0.281641	
	0.290634	
	0.264758	
	0.389612	
	0.446516	
	0.406395	
	0.368003	
	0.310811	
	0.291330	
	0.258553	
	0.242642	
	0.375929	
	0.372893	
	0.405402	
	0.394947	
	0.314151	
	0.309560	
	0.311420	
	0.274276	
	0.360088	
	0.713652	
	0.752471	
	0.791366	
	0.775284	
	0.661780	
	0.474897	
	0.458765	
	0.425023	
	0.446749	
	0.443945	
	0.401637	
	0.397238	
	0.353550	
	0.339317	
	0.358422	
	0.381822	
	0.350302	
	0.353331	
	0.381374	
	0.399772	
	0.403269	
	0.458549	
	0.451657	
	0.457646	
	0.462895	
	0.454452	
	0.467996	
	0.480856	
	0.499405	
	0.513629	
	0.582392	
	0.634919	
	0.583744	
	0.501091	
	0.452294	
	0.481382	
	0.467408	
	0.456465	
	0.490715	
	0.456102	
	0.435885	
	0.432320	
	0.420460	
	0.420278	
	0.431017	
	0.403641	
	0.439625	
	0.417686	
	0.424420	
	0.408798	
	0.487975	
	0.544057	
	0.523127	
	0.511962	
	0.501582	
	0.489356	
	0.481691	
	0.513758	
	0.492595	
	0.643903	
	0.783287	
	0.706486	
	0.552650	
	0.484495	
	0.469856	
	0.423438	
	0.437495	
	0.412113	
	0.404182	
	0.395057	
	0.399346	
	0.394995	
	0.349681	
	0.354529	
	0.367882	
	0.383850	
	0.413229	
	0.414623	
	0.443640	
	0.459681	
	0.455940	
	0.457617	
	0.439760	
	0.470339	
	0.534135	
	0.647467	
	0.657201	
	0.653667	
	0.651443	
	0.743546	
	0.673108	
	0.544177	
	0.476166	
	0.479764	
	0.474814	
	0.454672	
	0.459054	
	0.443567	
	0.456572	
	0.468493	
	0.479165	
	0.477634	
	0.495271	
	0.480079	
	0.412500	
	0.466315	
	0.431877	
	0.441521	
	0.451587	
	0.513127	
	0.465608	
	0.445704	
	0.480672	
	0.448210	
	0.424342	
	0.462241	
	0.427260	
	0.431690	
	0.587341	
	0.716981	
	0.588690	
	0.514077	
	0.492411	
	0.468563	
	0.473155	
	0.468209	
	0.492524	
	0.454908	
	0.456015	
	0.499688	
	0.503527	
	0.468339	
	0.472702	
	0.459928	
	0.434234	
	0.442151	
	0.461771	
	0.490246	
	0.533564	
	0.504769	
	0.506874	
	0.520529	
	0.534289	
	0.513549	
	0.607763	
	0.637974	
	0.642316	
	0.776846	
	0.777470	
	0.595850	
	0.494043	
	0.436638	
	0.437432	
	0.417739	
	0.442823	
	0.439270	
	0.429008	
	0.438461	
	0.447430	
	0.410784	
	0.413998	
	0.410755	
	0.427418	
	0.429087	
	0.423326	
	0.471139	
	0.456637	
	0.518607	
	0.485766	
	0.418249	
	0.435782	
	0.446582	
	0.502227	
	0.505323	
	0.602720	
	0.554832	
	0.450971	
	0.557772	
	0.625545	
	0.472647	
	0.372239	
	0.352780	
	0.345294	
	0.325912	
	0.350036	
	0.285479	
	0.291497	
	0.277858	
	0.277282	
	0.233955	
	0.214284	
	0.217979	
	0.216104	
	0.207025	
	0.205903	
	0.201900	
	0.219496	
	0.258967	
	0.202431	
	0.174920	
	0.165306	
	0.167286	
	0.178842	
	0.213500	
	0.360310	
	0.694615	
	0.612482	
	0.465304	
	0.383392	
	0.290726	
	0.266115	
	0.235877	
	0.223928	
	0.204320	
	0.200040	
	0.230422	
	0.249912	
	0.181424	
	0.144819	
	0.140019	
	0.124951	
	0.124338	
	0.122074	
	0.112042	
	0.112932	
	0.223071	
	0.233601	
	0.224466	
	0.182049	
	0.231170	
	0.297297	
	0.310344	
	0.352499	
	0.380987	
	0.309481	
	0.471213	
	0.446472	
	0.362091	
	0.303230	
	0.303432	
	0.281272	
	0.300402	
	0.308145	
	0.284655	
	0.287612	
	0.283599	
	0.300962	
	0.287781	
	0.316587	
	0.310823	
	0.306508	
	0.320392	
	0.369041	
	0.328904	
	0.361477	
	0.355046	
	0.380851	
	0.372114	
	0.356444	
	0.352341	
	0.401713	
	0.532013	
	0.466672	
	0.623485	
	0.511303	
	0.401072	
	0.382765	
	0.364431	
	0.377398	
	0.374628	
	0.353640	
	0.321325	
	0.323137	
	0.285313	
	0.308970	
	0.304311	
	0.295755	
	0.298996	
	0.268163	
	0.272559	
	0.258463	
	0.276110	
	0.306905	
	0.281346	
	0.310875	
	0.322555	
	0.360634	
	0.380804	
	0.404327	
	0.458879	
	0.552581	
	0.608004	
	0.672717	
	0.572079	
	0.502356	
	0.415033	
	0.389575	
	0.361929	
	0.350319	
	0.370321	
	0.362225	
	0.385348	
	0.384149	
	0.394707	
	0.381074	
	0.398755	
	0.410654	
	0.434493	
	0.391520	
	0.376294	
	0.423369	
	0.420775	
	0.427122	
	0.412429	
	0.416778	
	0.380387	
	0.420107	
	0.412061	
	0.398035	
	0.382697	
	0.563461	
	0.591730	
	0.577299	
	0.467675	
	0.357581	
	0.323621	
	0.318323	
	0.300330	
	0.283431	
	0.278590	
	0.275007	
	0.326213	
	0.343993	
	0.336039	
	0.344947	
	0.363931	
	0.347089	
	0.346949	
	0.317136	
	0.309681	
	0.350533	
	0.401416	
	0.364930	
	0.384950	
	0.429251	
	0.469617	
	0.487682	
	0.577367	
	0.565668	
	0.682698	
	0.670126	
	0.477071	
	0.478911	
	0.426714	
	0.424407	
	0.434025	
	0.403693	
	0.416153	
	0.394103	
	0.372543	
	0.377446	
	0.385413	
	0.391538	
	0.424280	
	0.408992	
	0.405481	
	0.385694	
	0.381736	
	0.414602	
	0.438792	
	0.398871	
	0.420140	
	0.421762	
	0.421439	
	0.423475	
	0.396340	
	0.422279	
	0.471265	
	0.725254	
	0.707148	
	0.514333	
	0.482164	
	0.437663	
	0.404793	
	0.399508	
	0.379002	
	0.417291	
	0.419796	
	0.421701	
	0.420437	
	0.444615	
	0.412254	
	0.427939	
	0.417082	
	0.427151	
	0.414572	
	0.419444	
	0.513017	
	0.487936	
	0.433208	
	0.424136	
	0.439960	
	0.406806	
	0.459357	
	0.515066	
	0.551974	
	0.582943	
	0.660925	
	0.559395	
	0.527328	
	0.448965	
	0.444126	
	0.404912	
	0.385706	
	0.384090	
	0.359848	
	0.358306	
	0.381966	
	0.397530	
	0.360855	
	0.366987	
	0.316345	
	0.334378	
	0.337269	
	0.353596	
	0.309972	
	0.377221	
	0.517476	
	0.424220	
	0.389477	
	0.347889	
	0.383125	
	0.379818	
	0.356554	
	0.336426	
	0.355015	
	0.684317	
	0.624336	
	0.514719	
	0.442374	
	0.430366	
	0.425631	
	0.367914	
	0.346590	
	0.339938	
	0.326122	
	0.345644	
	0.334566	
	0.312904	
	0.287507	
	0.266475	
	0.261846	
	0.257449	
	0.273737	
	0.374533	
	0.483138	
	0.453913	
	0.483264	
	0.480116	
	0.478366	
	0.524943	
	0.551445	
	0.607639	
	0.634836	
	0.568848	
	0.582559	
	0.508936	
	0.529652	
	0.522098	
	0.508530	
	0.530289	
	0.572600	
	0.608256	
	0.629963	
	0.639812	
	0.657620	
	0.655640	
	0.666333	
	0.690053	
	0.678158	
	0.701200	
	0.683660	
	0.665707	
	0.669551	
	0.672263	
	0.673889	
	0.678107	
	0.689069	
	0.662672	
	0.687999	
	0.693308	
	0.652377	
	0.633967	
	0.687593	
	0.628623	
	0.652800	
	0.614878	
	0.596183	
	0.623798	
	0.580569	
	0.621027	
	0.633407	
	0.610074	
	0.629547	
	0.630786	
	0.614403	
	0.617580	
	0.600692	
	0.587257	
	0.596070	
	0.571886	
	0.547669	
	0.569339	
	0.614015	
	0.597708	
	0.585722	
	0.570004	
	0.605320	
	0.622266	
	0.621857	
	0.662924	
	0.626292	
	0.578056	
	0.672128	
	0.531905	
	0.524305	
	0.514030	
	0.499871	
	0.490606	
	0.491815	
	0.461692	
	0.477153	
	0.479942	
	0.390191	
	0.386513	
	0.328061	
	0.344828	
	0.335765	
	0.319393	
	0.339784	
	0.281341	
	0.285551	
	0.266837	
	0.282131	
	0.260140	
	0.251331	
	0.233099	
	0.225996	
	0.252878	
	0.306465	
	0.745179	
	0.605968	
	0.499772	
	0.338419	
	0.336293	
	0.294737	
	0.270751	
	0.262874	
	0.243834	
	0.229530	
	0.232692	
	0.241569	
	0.218134	
	0.208310	
	0.221527	
	0.186673	
	0.190490	
	0.186265	
	0.179184	
	0.281652	
	0.594907	
	0.526984	
	0.491772	
	0.453033	
	0.410556	
	0.389272	
	0.382699	
	0.360608	
	0.444276	
	0.588926	
	0.674961	
	0.577418	
	0.509601	
	0.493677	
	0.488234	
	0.511924	
	0.492449	
	0.524813	
	0.565606	
	0.592964	
	0.582112	
	0.531384	
	0.551028	
	0.554701	
	0.552398	
	0.539874	
	0.524692	
	0.493674	
	0.486000	
	0.446887	
	0.412243	
	0.432464	
	0.456962	
	0.465805	
	0.452777	
	0.476695	
	0.447271	
	0.514002	
	0.535452	
	0.635856	
	0.593759	
	0.510868	
	0.353421	
	0.318649	
	0.295932	
	0.303921	
	0.293598	
	0.267628	
	0.248780	
	0.264510	
	0.263360	
	0.251481	
	0.241358	
	0.263234	
	0.268083	
	0.249719	
	0.245185	
	0.260378	
	0.478175	
	0.498529	
	0.493873	
	0.542300	
	0.592205	
	0.589036	
	0.584220	
	0.565849	
	0.611790	
	0.644669	
	0.507867	
	0.499302	
	0.526938	
	0.427484	
	0.441622	
	0.432390	
	0.377055	
	0.376912	
	0.351989	
	0.337032	
	0.364371	
	0.326700	
	0.311999	
	0.274374	
	0.290152	
	0.256172	
	0.268461	
	0.240884	
	0.233340	
	0.249111	
	0.254336	
	0.221728	
	0.243560	
	0.207782	
	0.194281	
	0.208070	
	0.205053	
	0.270419	
	0.549919	
	0.558884	
	0.642528	
	0.558503	
	0.379131	
	0.257777	
	0.211036	
	0.210405	
	0.195723	
	0.208530	
	0.209280	
	0.215977	
	0.232198	
	0.206303	
	0.209446	
	0.225637	
	0.230874	
	0.241091	
	0.263968	
	0.364493	
	0.573777	
	0.533201	
	0.470733	
	0.443522	
	0.480424	
	0.542735	
	0.619098	
	0.584510	
	0.558541	
	0.515261	
	0.474790	
	0.486743	
	0.423537	
	0.439277	
	0.431680	
	0.407375	
	0.390762	
	0.359283	
	0.352129	
	0.342203	
	0.335671	
	0.324868	
	0.342024	
	0.380476	
	0.387498	
	0.375939	
	0.399027	
	0.376505	
	0.424352	
	0.481430	
	0.470743	
	0.497628	
	0.478209	
	0.494316	
	0.477766	
	0.520717	
	0.496172	
	0.525629	
	0.586335	
	0.642535	
	0.662421	
	0.560339	
	0.535023	
	0.501198	
	0.502088	
	0.530275	
	0.516087	
	0.526542	
	0.506908	
	0.525814	
	0.523002	
	0.503389	
	0.503138	
	0.492976	
	0.485857	
	0.514657	
	0.503993	
	0.615892	
	0.631350	
	0.601430	
	0.569984	
	0.577697	
	0.549438	
	0.574115	
	0.535024	
	0.534053	
	0.562618	
	0.612866	
	0.604235	
	0.592234	
	0.526222	
	0.530121	
	0.490602	
	0.479968	
	0.478044	
	0.486925	
	0.468830	
	0.484658	
	0.455576	
	0.422213	
	0.431941	
	0.424430	
	0.392081	
	0.408059	
	0.418141	
	0.406624	
	0.396134	
	0.370696	
	0.334656	
	0.326853	
	0.305189	
	0.304185	
	0.360590	
	0.459113	
	0.492576	
	0.677650	
	0.737225	
	0.661897	
	0.519852	
	0.440550	
	0.425830	
	0.395444	
	0.399508	
	0.375302	
	0.376133	
	0.411652	
	0.391617	
	0.404504	
	0.381521	
	0.345785	
	0.341008	
	0.389176	
	0.379765	
	0.416247	
	0.603854	
	0.583812	
	0.558775	
	0.546621	
	0.530308	
	0.506994	
	0.531906	
	0.518898	
	0.517295	
	0.554698	
	0.606344	
	0.533576	
	0.517087	
	0.479782	
	0.506525	
	0.471887	
	0.471573	
	0.443002	
	0.436502	
	0.447947	
	0.446368	
	0.422646	
	0.438161	
	0.458951	
	0.474645	
	0.455727	
	0.437318	
	0.451007	
	0.463025	
	0.459060	
	0.435789	
	0.431378	
	0.445805	
	0.416260	
	0.438916	
	0.424414	
	0.424684	
	0.418118	
	0.555634	
	0.723490	
	0.680073	
	0.531922	
	0.466484	
	0.452678	
	0.400109	
	0.429001	
	0.410861	
	0.464066	
	0.420444	
	0.406943	
	0.404958	
	0.420600	
	0.386758	
	0.404076	
	0.383318	
	0.420333	
	0.418918	
	0.511450	
	0.613063	
	0.572667	
	0.546022	
	0.516282	
	0.502474	
	0.496539	
	0.482682	
	0.453705	
	0.457338	
	0.524223	
	0.587151	
	0.562686	
	0.543510	
	0.539788	
	0.512924	
	0.548809	
	0.532288	
	0.480584	
	0.463569	
	0.479107	
	0.465930	
	0.490099	
	0.544613	
	0.520968	
	0.535982	
	0.469296	
	0.461467	
	0.477156	
	0.458660	
	0.451017	
	0.436693	
	0.412297	
	0.401621	
	0.360328	
	0.345090	
	0.370609	
	0.355419	
	0.340457	
	0.498200	
	0.755465	
	0.640466	
	0.473358	
	0.364632	
	0.287965	
	0.273675	
	0.264998	
	0.228308	
	0.239995	
	0.244878	
	0.208568	
	0.181666	
	0.186700	
	0.185138	
	0.181068	
	0.143503	
	0.138170	
	0.137663	
	0.236041	
	0.552177	
	0.526084	
	0.485060	
	0.482260	
	0.469018	
	0.479984	
	0.484690	
	0.473928	
	0.491699	
	0.497058	
	0.612290	
	0.552686	
	0.518031	
	0.519436	
	0.523264	
	0.524705	
	0.521397	
	0.565423	
	0.592239	
	0.581670	
	0.587868	
	0.564322	
	0.591417	
	0.601610	
	0.620787	
	0.595735	
	0.597975	
	0.592392	
	0.593514	
	0.586163	
	0.582392	
	0.544155	
	0.548322	
	0.544751	
	0.532849	
	0.519350	
	0.506626	
	0.551489	
	0.575748	
	0.656568	
	0.652873	
	0.613301	
	0.587681	
	0.565198	
	0.562190	
	0.564266	
	0.556948	
	0.580259	
	0.649563	
	0.635184	
	0.642213	
	0.620712	
	0.615465	
	0.591795	
	0.592736	
	0.595425	
	0.606095	
	0.666063	
	0.678030	
	0.611187	
	0.576664	
	0.620088	
	0.596400	
	0.608285	
	0.586222	
	0.520906	
	0.548149	
	0.509782	
	0.573181	
	0.569783	
	0.596747	
	0.595550	
	0.561670	
	0.542494	
	0.540745	
	0.519272	
	0.515864	
	0.434674	
	0.452275	
	0.436483	
	0.441521	
	0.378701	
	0.381432	
	0.372105	
	0.363104	
	0.351762	
	0.380697	
	0.387623	
	0.417776	
	0.362735	
	0.335588	
	0.303425	
	0.300336	
	0.304859	
	0.303348	
	0.598025	
	0.762039	
	0.482019	
	0.372954	
	0.289504	
	0.286285	
	0.270065	
	0.266308	
	0.252901	
	0.260345	
	0.239745	
	0.245361	
	0.245474	
	0.244183	
	0.199381	
	0.215740	
	0.430086	
	0.555429	
	0.603571	
	0.594047	
	0.608741	
	0.564814	
	0.556904	
	0.558778	
	0.549225	
	0.580963	
	0.564448	
	0.563218	
	0.617377	
	0.603186	
	0.502785	
	0.536801	
	0.535608	
	0.591382	
	0.607045	
	0.532730	
	0.513650	
	0.497509	
	0.513098	
	0.532850	
	0.510699	
	0.499937	
	0.507194	
	0.471200	
	0.497824	
	0.457598	
	0.433224	
	0.425655	
	0.449882	
	0.442176	
	0.406713	
	0.417457	
	0.403550	
	0.425745	
	0.420587	
	0.381184	
	0.368167	
	0.432095	
	0.471386	
	0.745610	
	0.555433	
	0.448311	
	0.345388	
	0.344325	
	0.334838	
	0.354480	
	0.335442	
	0.311147	
	0.279185	
	0.246476	
	0.207953	
	0.219662	
	0.228432	
	0.228897	
	0.221422	
	0.220440	
	0.199513	
	0.273473	
	0.555424	
	0.568251	
	0.517202	
	0.511497	
	0.525195	
	0.485007	
	0.473866	
	0.463277	
	0.592428	
	0.637991	
	0.518921	
	0.520418	
	0.486385	
	0.475924	
	0.478659	
	0.463049	
	0.467010	
	0.451245	
	0.474806	
	0.459392	
	0.453601	
	0.419367	
	0.404422	
	0.416890	
	0.392665	
	0.374120	
	0.355410	
	0.368978	
	0.364391	
	0.403789	
	0.388037	
	0.343812	
	0.317036	
	0.306949	
	0.338030	
	0.307993	
	0.294340	
	0.374705	
	0.775596	
	0.625284	
	0.502312	
	0.335515	
	0.302738	
	0.279121	
	0.254647	
	0.250323	
	0.251505	
	0.248600	
	0.241423	
	0.245668	
	0.247203	
	0.246940	
	0.255393	
	0.275215	
	0.267784	
	0.278644	
	0.434872	
	0.617772	
	0.573344	
	0.546896	
	0.526367	
	0.514077	
	0.479014	
	0.480532	
	0.473677	
	0.483261	
	0.488942	
	0.488610	
	0.556650	
	0.499864	
	0.498862	
	0.465936	
	0.441845	
	0.423514	
	0.413498	
	0.404807	
	0.383310	
	0.399416	
	0.369418	
	0.386013	
	0.410897	
	0.423764	
	0.404577	
	0.399818	
	0.509529	
	0.546496	
	0.533309	
	0.514276	
	0.537712	
	0.538294	
	0.537951	
	0.495693	
	0.507097	
	0.513381	
	0.489954	
	0.503704	
	0.710000	
	0.585554	
	0.513411	
	0.458244	
	0.468315	
	0.434667	
	0.453724	
	0.440574	
	0.488584	
	0.499519	
	0.460392	
	0.409185	
	0.392463	
	0.379818	
	0.401116	
	0.414273	
	0.399202	
	0.441262	
	0.418077	
	0.430503	
	0.628958	
	0.592719	
	0.560491	
	0.526314	
	0.521801	
	0.485351	
	0.459187	
	0.470885	
	0.508171	
	0.573158	
	0.557075	
	0.552363	
	0.523653	
	0.522241	
	0.498456	
	0.478366	
	0.463218	
	0.480439	
	0.418657	
	0.441945	
	0.418714	
	0.402160	
	0.379132	
	0.372297	
	0.371393	
	0.378132	
	0.395744	
	0.390667	
	0.437251	
	0.414311	
	0.419076	
	0.409070	
	0.393804	
	0.360589	
	0.340074	
	0.328443	
	0.390994	
	0.404944	
	0.515905	
	0.700732	
	0.662272	
	0.499216	
	0.357194	
	0.334710	
	0.309974	
	0.306272	
	0.323360	
	0.327128	
	0.303833	
	0.303030	
	0.310655	
	0.305682	
	0.289042	
	0.298899	
	0.273295	
	0.324521	
	0.356205	
	0.566525	
	0.549993	
	0.506202	
	0.512095	
	0.515287	
	0.450848	
	0.433589	
	0.468492	
	0.440511	
	0.408011	
	0.645259	
	0.547579	
	0.583322	
	0.545617	
	0.504360	
	0.527274	
	0.502405	
	0.486547	
	0.488991	
	0.484349	
	0.492766	
	0.498975	
	0.503803	
	0.470881	
	0.508161	
	0.503815	
	0.500997	
	0.495037	
	0.501986	
	0.482297	
	0.453164	
	0.478292	
	0.485023	
	0.481482	
	0.438486	
	0.443417	
	0.415684	
	0.461070	
	0.567036	
	0.748468	
	0.703300	
	0.581239	
	0.468461	
	0.397121	
	0.360516	
	0.357827	
	0.346212	
	0.364208	
	0.361546	
	0.384317	
	0.383544	
	0.352727	
	0.353948	
	0.367121	
	0.380508	
	0.370367	
	0.379447	
	0.436352	
	0.605548	
	0.579376	
	0.523332	
	0.455861	
	0.446929	
	0.435350	
	0.430170	
	0.422679	
	0.388344	
	0.387616	
	0.605245	
	0.556339	
	0.519132	
	0.462602	
	0.455428	
	0.467840	
	0.424203	
	0.459130	
	0.420738	
	0.414858	
	0.392693	
	0.390004	
	0.421266	
	0.434943	
	0.424695	
	0.403225	
	0.395808	
	0.408721	
	0.418155	
	0.708432	
	0.528399	
	0.459153	
	0.407822	
	0.377595	
	0.371863	
	0.350854	
	0.382322	
	0.376885	
	0.659900	
	0.784564	
	0.718420	
	0.640058	
	0.499599	
	0.373150	
	0.338848	
	0.305065	
	0.318388	
	0.309556	
	0.366302	
	0.377951	
	0.237448	
	0.270355	
	0.297149	
	0.290105	
	0.288572	
	0.339274	
	0.396527	
	0.433431	
	0.567169	
	0.557732	
	0.517693	
	0.510863	
	0.492531	
	0.497804	
	0.502694	
	0.498016	
	0.538934	
	0.573480	
	0.661273	
	0.667900	
	0.634613	
	0.660288	
	0.656095	
	0.661638	
	0.651752	
	0.623565	
	0.628354	
	0.626622	
	0.649769	
	0.659819	
	0.611987	
	0.575301	
	0.583085	
	0.573338	
	0.575307	
	0.579257	
	0.563489	
	0.549448	
	0.516724	
	0.522388	
	0.521107	
	0.504880	
	0.512622	
	0.507905	
	0.533126	
	0.586154	
	0.619777	
	0.637093	
	0.598796	
	0.544567	
	0.508074	
	0.478400	
	0.441618	
	0.475470	
	0.416466	
	0.393979	
	0.419883	
	0.433295	
	0.449597	
	0.460209	
	0.381822	
	0.367788	
	0.365183	
	0.341658	
	0.339155	
	0.455639	
	0.578878	
	0.531479	
	0.544813	
	0.464098	
	0.483412	
	0.414096	
	0.451118	
	0.543537	
	0.394029	
	0.484655	
	0.592150	
	0.566054	
	0.567059	
	0.544524	
	0.496498	
	0.480911	
	0.477556	
	0.472538	
	0.496031	
	0.508619	
	0.563084	
	0.513226	
	0.478684	
	0.443430	
	0.433143	
	0.462701	
	0.470228	
	0.535931	
	0.498058	
	0.489289	
	0.480533	
	0.472952	
	0.524726	
	0.520596	
	0.564649	
	0.611520	
	0.576703	
	0.733682	
	0.793399	
	0.693621	
	0.606888	
	0.560681	
	0.538609	
	0.547778	
	0.554583	
	0.528694	
	0.547321	
	0.517948	
	0.532902	
	0.571600	
	0.562379	
	0.578874	
	0.600364	
	0.597114	
	0.591217	
	0.567302	
	0.560596	
	0.676014	
	0.672212	
	0.652081	
	0.639231	
	0.587025	
	0.597152	
	0.605805	
	0.626927	
	0.580877	
	0.526717	
	0.650166	
	0.630800	
	0.592706	
	0.601255	
	0.599142	
	0.590480	
	0.625270	
	0.635257	
	0.619844	
	0.615354	
	0.641977	
	0.573053	
	0.560212	
	0.579909	
	0.627423	
	0.603752	
	0.616195	
	0.615637	
	0.603192	
	0.561439	
	0.559822	
	0.592476	
	0.585525	
	0.575464	
	0.595573	
	0.599280	
	0.596845	
	0.642717	
	0.761516	
	0.710775	
	0.678133	
	0.679084	
	0.726272	
	0.735090	
	0.719564	
	0.694325	
	0.666927	
	0.665322	
	0.675144	
	0.666895	
	0.665107	
	0.690245	
	0.700479	
	0.674191	
	0.699373	
	0.671013	
	0.669037	
	0.729602	
	0.743207	
	0.683452	
	0.660379	
	0.640315	
	0.639328	
	0.649761	
	0.658314	
	0.684436	
	0.680353	
	0.598675	
	0.645159	
	0.617116	
	0.598136	
	0.639896	
	0.622594	
	0.618728	
	0.590753	
	0.581292	
	0.578064	
	0.567670	
	0.553542	
	0.529229	
	0.572625	
	0.588082	
	0.568864	
	0.571202	
	0.606990	
	0.549514	
	0.536245	
	0.568245	
	0.553800	
	0.513549	
	0.590228	
	0.593027	
	0.542137	
	0.556822	
	0.650627	
	0.661755	
	0.733049	
	0.674849	
	0.575231	
	0.497000	
	0.471418	
	0.458883	
	0.462148	
	0.426629	
	0.451011	
	0.486718	
	0.427822	
	0.472198	
	0.410028	
	0.469597	
	0.448868	
	0.470327	
	0.406600	
	0.403790	
	0.431967	
	0.670417	
	0.734507	
	0.725941	
	0.652365	
	0.660595	
	0.670948	
	0.675754	
	0.642644	
	0.665335	
	0.679839	
	0.629578	
	0.645323	
	0.644304	
	0.633525	
	0.638526	
	0.620963	
	0.625983	
	0.613451	
	0.608128	
	0.624416	
	0.569369	
	0.565455	
	0.562956	
	0.536271	
	0.523471	
	0.540932	
	0.542440	
	0.556274	
	0.572692	
	0.592344	
	0.616138	
	0.609623	
	0.571788	
	0.611018	
	0.633118	
	0.628161	
	0.611723	
	0.644597	
	0.685612	
	0.713798	
	0.661478	
	0.648800	
	0.609295	
	0.606745	
	0.571666	
	0.587024	
	0.567226	
	0.602359	
	0.603706	
	0.584483	
	0.600986	
	0.604309	
	0.626711	
	0.672106	
	0.638054	
	0.610773	
	0.608702	
	0.654249	
	0.689701	
	0.635281	
	0.634707	
	0.628147	
	0.626687	
	0.617206	
	0.609507	
	0.605980	
	0.652503	
	0.598032	
	0.576572	
	0.570559	
	0.654086	
	0.681960	
	0.707400	
	0.652272	
	0.633559	
	0.617689	
	0.633692	
	0.618043	
	0.623279	
	0.633057	
	0.646998	
	0.642066	
	0.644829	
	0.590127	
	0.578019	
	0.610427	
	0.602790	
	0.576983	
	0.584777	
	0.660184	
	0.686156	
	0.667596	
	0.662013	
	0.649492	
	0.637989	
	0.606505	
	0.627300	
	0.681566	
	0.736009	
	0.685250	
	0.588859	
	0.560757	
	0.533867	
	0.550429	
	0.557954	
	0.555388	
	0.578830	
	0.554856	
	0.542392	
	0.546830	
	0.574532	
	0.551126	
	0.586399	
	0.608522	
	0.623989	
	0.628830	
	0.667660	
	0.672870	
	0.687115	
	0.679623	
	0.662588	
	0.659880	
	0.643979	
	0.658222	
	0.639654	
	0.676609	
	0.725226	
	0.689817	
	0.720877	
	0.741216	
	0.731256	
	0.729887	
	0.639892	
	0.648268	
	0.614103	
	0.601201	
	0.646191	
	0.656116	
	0.676959	
	0.657719	
	0.627563	
	0.628244	
	0.624569	
	0.635900	
	0.663739	
	0.577592	
	0.573046	
	0.581512	
	0.619360	
	0.586130	
	0.590981	
	0.554797	
	0.553579	
	0.598104	
	0.766741	
	0.696018	
	0.649692	
	0.584258	
	0.541193	
	0.527001	
	0.542554	
	0.590353	
	0.575019	
	0.495655	
	0.477333	
	0.462685	
	0.481425	
	0.486681	
	0.492018	
	0.495332	
	0.505536	
	0.519484	
	0.482821	
	0.569421	
	0.621272	
	0.547567	
	0.519706	
	0.529373	
	0.532424	
	0.566818	
	0.553651	
	0.550459	
	0.536637	
	0.518765	
	0.554508	
	0.529957	
	0.522314	
	0.532298	
	0.520504	
	0.511375	
	0.518415	
	0.468059	
	0.479957	
	0.482953	
	0.490868	
	0.467963	
	0.490637	
	0.447395	
	0.480819	
	0.452637	
	0.470338	
	0.471757	
	0.474272	
	0.572973	
	0.595169	
	0.504025	
	0.468002	
	0.447199	
	0.415016	
	0.375341	
	0.437990	
	0.454746	
	0.542737	
	0.735452	
	0.663740	
	0.521275	
	0.436703	
	0.430034	
	0.396124	
	0.402650	
	0.407965	
	0.427464	
	0.482186	
	0.657736	
	0.596913	
	0.477112	
	0.380580	
	0.339021	
	0.330261	
	0.327212	
	0.330143	
	0.388774	
	0.737724	
	0.662881	
	0.644716	
	0.567338	
	0.532544	
	0.534029	
	0.474141	
	0.471954	
	0.462264	
	0.709343	
	0.593603	
	0.578893	
	0.562693	
	0.557882	
	0.507753	
	0.484517	
	0.527045	
	0.485626	
	0.472766	
	0.466538	
	0.458405	
	0.432725	
	0.442333	
	0.413310	
	0.429050	
	0.425868	
	0.472998	
	0.503550	
	0.575262	
	0.559059	
	0.660080	
	0.734826	
	0.724940	
	0.722215	
	0.711633	
	0.708678	
	0.791074	
	0.798304	
	0.754325	
	0.755685	
	0.726072	
	0.742890	
	0.760975	
	0.742836	
	0.731244	
	0.764739	
	0.727041	
	0.713698	
	0.715188	
	0.714266	
	0.744304	
	0.739763	
	0.733207	
	0.709980	
	0.694403	
	0.744576	
	0.716609	
	0.735756	
	0.734468	
	0.703565	
	0.698757	
	0.677038	
	0.652867	
	0.650406	
	0.664482	
	0.666433	
	0.697891	
	0.672126	
	0.694202	
	0.688277	
	0.679469	
	0.647550	
	0.608336	
	0.618947	
	0.580804	
	0.562533	
	0.584880	
	0.623296	
	0.615390	
	0.581558	
	0.549237	
	0.509047	
	0.515964	
	0.537643	
	0.525883	
	0.499333	
	0.497963	
	0.461025	
	0.462422	
	0.465522	
	0.451161	
	0.445171	
	0.478307	
	0.477302	
	0.469546	
	0.449981	
	0.759091	
	0.671535	
	0.594762	
	0.470842	
	0.415526	
	0.412557	
	0.415595	
	0.419430	
	0.430485	
	0.446718	
	0.465626	
	0.448954	
	0.445422	
	0.440964	
	0.441321	
	0.457114	
	0.477552	
	0.480337	
	0.501085	
	0.710500	
	0.658222	
	0.652602	
	0.654185	
	0.647163	
	0.631240	
	0.642797	
	0.631507	
	0.645869	
	0.672243	
	0.674582	
	0.649112	
	0.619283	
	0.621600	
	0.599765	
	0.604333	
	0.609865	
	0.620396	
	0.610548	
	0.612096	
	0.591951	
	0.571281	
	0.598081	
	0.617992	
	0.610208	
	0.630876	
	0.618609	
	0.605319	
	0.601324	
	0.614317	
	0.621749	
	0.604272	
	0.561491	
	0.579167	
	0.557617	
	0.549640	
	0.557747	
	0.571003	
	0.552127	
	0.722471	
	0.723282	
	0.636924	
	0.599417	
	0.576846	
	0.557580	
	0.559880	
	0.550953	
	0.558090	
	0.573804	
	0.597957	
	0.578932	
	0.594089	
	0.580562	
	0.586347	
	0.598746	
	0.575001	
	0.595418	
	0.655641	
	0.714897	
	0.651770	
	0.605399	
	0.611480	
	0.585649	
	0.574349	
	0.615567	
	0.598699	
	0.583533	
	0.577853	
	0.544517	
	0.498471	
	0.542855	
	0.537067	
	0.517811	
	0.514858	
	0.511737	
	0.512460	
	0.538792	
	0.523927	
	0.497746	
	0.492484	
	0.510035	
	0.479362	
	0.458131	
	0.433309	
	0.401443	
	0.378166	
	0.380578	
	0.370589	
	0.341815	
	0.338668	
	0.314090	
	0.323536	
	0.671565	
	0.688310	
	0.607118	
	0.450265	
	0.339474	
	0.303540	
	0.273012	
	0.253704	
	0.241387	
	0.239788	
	0.233979	
	0.247046	
	0.234292	
	0.194723	
	0.183957	
	0.169230	
	0.184066	
	0.155677	
	0.249316	
	0.626999	
	0.760968	
	0.739337	
	0.736355	
	0.743128	
	0.761938	
	0.752351	
	0.753764	
	0.749162	
	0.778522	
	0.765775	
	0.685464	
	0.713409	
	0.748294	
	0.733438	
	0.721376	
	0.724571	
	0.708382	
	0.703583	
	0.711935	
	0.672492	
	0.688452	
	0.694940	
	0.643386	
	0.637996	
	0.671003	
	0.603612	
	0.557251	
	0.545939	
	0.539707	
	0.534887	
	0.590536	
	0.573133	
	0.568621	
	0.548686	
	0.524322	
	0.464012	
	0.446528	
	0.608223	
	0.803137	
	0.667618	
	0.498826	
	0.428413	
	0.369534	
	0.340432	
	0.317774	
	0.322293	
	0.274114	
	0.281628	
	0.250090	
	0.270177	
	0.267618	
	0.259032	
	0.264916	
	0.289081	
	0.278963	
	0.277636	
	0.666647	
	0.728991	
	0.751362	
	0.752068	
	0.768588	
	0.769350	
	0.775525	
	0.765930	
	0.749854	
	0.729947	
	0.764345	
	0.708784	
	0.742656	
	0.756364	
	0.730928	
	0.731783	
	0.702821	
	0.714337	
	0.714716	
	0.706502	
	0.698585	
	0.708198	
	0.694550	
	0.705458	
	0.724249	
	0.727673	
	0.716194	
	0.716530	
	0.711622	
	0.715354	
	0.716251	
	0.691370	
	0.693936	
	0.674163	
	0.659616	
	0.628915	
	0.623439	
	0.644599	
	0.650163	
	0.792211	
	0.723829	
	0.691071	
	0.610744	
	0.525861	
	0.521362	
	0.506199	
	0.490598	
	0.505936	
	0.517414	
	0.516799	
	0.518036	
	0.508742	
	0.503817	
	0.517208	
	0.518097	
	0.517067	
	0.506607	
	0.498891	
	0.628230	
	0.642331	
	0.632372	
	0.610667	
	0.589575	
	0.582641	
	0.587495	
	0.580343	
	0.593658	
	0.599290	
	0.624347	
	0.662308	
	0.624164	
	0.667863	
	0.650555	
	0.653302	
	0.624598	
	0.557629	
	0.568112	
	0.557822	
	0.549177	
	0.576906	
	0.576427	
	0.549301	
	0.541796	
	0.531191	
	0.459667	
	0.475313	
	0.436281	
	0.491078	
	0.476158	
	0.523810	
	0.502963	
	0.447185	
	0.436256	
	0.394392	
	0.392857	
	0.412900	
	0.474530	
	0.650376	
	0.652583	
	0.551526	
	0.415156	
	0.377626	
	0.376150	
	0.373402	
	0.369683	
	0.381561	
	0.367370	
	0.448610	
	0.430809	
	0.450564	
	0.444337	
	0.443432	
	0.467144	
	0.464554	
	0.400297	
	0.483005	
	0.588603	
	0.562280	
	0.528413	
	0.533331	
	0.513033	
	0.547722	
	0.555561	
	0.525795	
	0.546327	
	0.604425	
	0.493837	
	0.535227	
	0.511252	
	0.494045	
	0.458631	
	0.473830	
	0.529919	
	0.527122	
	0.493542	
	0.478715	
	0.436677	
	0.379978	
	0.362949	
	0.356686	
	0.375715	
	0.403082	
	0.428793	
	0.410314	
	0.431469	
	0.441028	
	0.425049	
	0.384486	
	0.382465	
	0.350947	
	0.361378	
	0.368830	
	0.405846	
	0.330735	
	0.573975	
	0.587466	
	0.552479	
	0.491685	
	0.423911	
	0.410006	
	0.416876	
	0.437313	
	0.448581	
	0.448153	
	0.468994	
	0.493308	
	0.496741	
	0.457585	
	0.451915	
	0.434438	
	0.419189	
	0.429335	
	0.435136	
	0.644468	
	0.669590	
	0.619294	
	0.596539	
	0.593027	
	0.585623	
	0.578883	
	0.602891	
	0.592813	
	0.620914	
	0.649116	
	0.666401	
	0.594664	
	0.557095	
	0.591884	
	0.606323	
	0.598497	
	0.591039	
	0.596645	
	0.639707	
	0.596619	
	0.592770	
	0.556143	
	0.570409	
	0.585978	
	0.626158	
	0.604970	
	0.526259	
	0.530033	
	0.522566	
	0.531489	
	0.505460	
	0.509739	
	0.480078	
	0.502565	
	0.594824	
	0.579646	
	0.588875	
	0.605447	
	0.720108	
	0.718061	
	0.682063	
	0.543215	
	0.564411	
	0.559141	
	0.520999	
	0.594287	
	0.597948	
	0.592732	
	0.588858	
	0.610736	
	0.614071	
	0.609883	
	0.603755	
	0.573799	
	0.540903	
	0.587883	
	0.576128	
	0.563965	
	0.567940	
	0.601127	
	0.594509	
	0.550525	
	0.553698	
	0.566750	
	0.562285	
	0.518194	
	0.574948	
	0.693770	
	0.703004	
	0.570943	
	0.515255	
	0.517519	
	0.485444	
	0.502266	
	0.495412	
	0.482952	
	0.521732	
	0.533853	
	0.558064	
	0.510899	
	0.506919	
	0.501312	
	0.494097	
	0.532171	
	0.507051	
	0.512271	
	0.535368	
	0.556078	
	0.545672	
	0.525591	
	0.460887	
	0.446585	
	0.453075	
	0.481072	
	0.479935	
	0.484225	
	0.497749	
	0.720754	
	0.776107	
	0.604869	
	0.545484	
	0.532172	
	0.518747	
	0.554262	
	0.532993	
	0.522525	
	0.514974	
	0.537164	
	0.547184	
	0.542600	
	0.507847	
	0.493852	
	0.488548	
	0.445345	
	0.469103	
	0.466358	
	0.449777	
	0.457853	
	0.397267	
	0.374547	
	0.374152	
	0.348579	
	0.324286	
	0.330966	
	0.368929	
	0.528795	
	0.672751	
	0.632115	
	0.513280	
	0.541474	
	0.458221	
	0.452768	
	0.463953	
	0.454771	
	0.398434	
	0.400834	
	0.376291	
	0.420126	
	0.413678	
	0.409686	
	0.440835	
	0.444670	
	0.443592	
	0.481112	
	0.481525	
	0.487039	
	0.505732	
	0.509157	
	0.530308	
	0.580837	
	0.636763	
	0.608430	
	0.652555	
	0.679019	
	0.832866	
	0.665342	
	0.608240	
	0.602972	
	0.587044	
	0.577386	
	0.616921	
	0.613572	
	0.580249	
	0.574672	
	0.571029	
	0.592578	
	0.600982	
	0.571708	
	0.542681	
	0.537670	
	0.542880	
	0.536163	
	0.491965	
	0.565654	
	0.527042	
	0.507204	
	0.510498	
	0.462253	
	0.474540	
	0.460758	
	0.465725	
	0.451550	
	0.518231	
	0.495847	
	0.702693	
	0.589857	
	0.547885	
	0.460205	
	0.454743	
	0.463745	
	0.466902	
	0.461295	
	0.468116	
	0.431930	
	0.460036	
	0.477204	
	0.459651	
	0.438776	
	0.458806	
	0.450241	
	0.473569	
	0.448281	
	0.456984	
	0.513093	
	0.469930	
	0.411638	
	0.418672	
	0.422389	
	0.430015	
	0.401229	
	0.413023	
	0.403930	
	0.480071	
	0.646905	
	0.623580	
	0.489022	
	0.472535	
	0.416960	
	0.416725	
	0.406898	
	0.438794	
	0.468135	
	0.430741	
	0.420780	
	0.400203	
	0.420786	
	0.400681	
	0.377878	
	0.384668	
	0.381189	
	0.370158	
	0.420057	
	0.477048	
	0.399563	
	0.391988	
	0.397355	
	0.383192	
	0.383394	
	0.414688	
	0.485624	
	0.546218	
	0.655139	
	0.592468	
	0.491321	
	0.492160	
	0.473691	
	0.446595	
	0.454875	
	0.448754	
	0.460469	
	0.473271	
	0.473408	
	0.470407	
	0.478712	
	0.460470	
	0.515396	
	0.485914	
	0.434295	
	0.433408	
	0.383446	
	0.352358	
	0.373173	
	0.363685	
	0.408077	
	0.365789	
	0.396955	
	0.400329	
	0.456530	
	0.546141	
	0.585070	
	0.638856	
	0.582701	
	0.496414	
	0.442998	
	0.459915	
	0.441758	
	0.477557	
	0.486847	
	0.453478	
	0.454761	
	0.481013	
	0.513400	
	0.470017	
	0.464940	
	0.442310	
	0.436068	
	0.398874	
	0.404533	
	0.389298	
	0.449885	
	0.438898	
	0.426317	
	0.430553	
	0.439200	
	0.437975	
	0.376906	
	0.392482	
	0.504245	
	0.534421	
	0.669764	
	0.586773	
	0.505000	
	0.522098	
	0.559617	
	0.520859	
	0.509110	
	0.515682	
	0.496805	
	0.490951	
	0.478295	
	0.515330	
	0.534185	
	0.540273	
	0.510198	
	0.534392	
	0.534567	
	0.549501	
	0.563091	
	0.590901	
	0.576720	
	0.526283	
	0.528009	
	0.522202	
	0.529623	
	0.505542	
	0.529492	
	0.597577	
	0.679079	
	0.631324	
	0.531410	
	0.493766	
	0.463392	
	0.455915	
	0.483626	
	0.521310	
	0.469101	
	0.466105	
	0.460309	
	0.430373	
	0.452430	
	0.408408	
	0.400803	
	0.389198	
	0.405537	
	0.387786	
	0.450483	
	0.435234	
	0.514894	
	0.426183	
	0.337696	
	0.339995	
	0.337696	
	0.335948	
	0.344413	
	0.413184	
	0.407208	
	0.315730	
	0.620151	
	0.563218	
	0.444630	
	0.455782	
	0.411352	
	0.401625	
	0.422063	
	0.423831	
	0.391186	
	0.388428	
	0.347997	
	0.359889	
	0.346487	
	0.373749	
	0.342779	
	0.332183	
	0.327314	
	0.311841	
	0.293360	
	0.387456	
	0.408889	
	0.368246	
	0.351325	
	0.375156	
	0.408598	
	0.407171	
	0.371383	
	0.370001	
	0.533610	
	0.691725	
	0.613095	
	0.509690	
	0.492616	
	0.505057	
	0.471274	
	0.398115	
	0.429170	
	0.452882	
	0.444853	
	0.489125	
	0.480798	
	0.428509	
	0.389113	
	0.393853	
	0.405798	
	0.394255	
	0.367710	
	0.491196	
	0.545894	
	0.554003	
	0.475302	
	0.456860	
	0.432496	
	0.432105	
	0.464737	
	0.492539	
	0.488495	
	0.668813	
	0.643951	
	0.576274	
	0.470650	
	0.440160	
	0.411485	
	0.412696	
	0.394182	
	0.378239	
	0.388866	
	0.378569	
	0.403951	
	0.406683	
	0.399530	
	0.393533	
	0.401864	
	0.378995	
	0.389007	
	0.365113	
	0.385706	
	0.427514	
	0.366937	
	0.333636	
	0.352804	
	0.326102	
	0.349986	
	0.331954	
	0.454070	
	0.368722	
	0.565894	
	0.679533	
	0.606323	
	0.459018	
	0.381225	
	0.350313	
	0.350359	
	0.336294	
	0.292198	
	0.282169	
	0.283217	
	0.318612	
	0.293529	
	0.282123	
	0.274392	
	0.260429	
	0.270166	
	0.254002	
	0.255730	
	0.215100	
	0.331646	
	0.286242	
	0.290488	
	0.274450	
	0.339618	
	0.323965	
	0.367478	
	0.464597	
	0.558181	
	0.578656	
	0.600088	
	0.496437	
	0.438782	
	0.363520	
	0.370747	
	0.379784	
	0.350304	
	0.329846	
	0.320705	
	0.313855	
	0.306952	
	0.304956	
	0.312676	
	0.271956	
	0.304793	
	0.297574	
	0.291743	
	0.284735	
	0.331438	
	0.321966	
	0.312961	
	0.316461	
	0.356757	
	0.342286	
	0.357968	
	0.366461	
	0.355100	
	0.434904	
	0.725812	
	0.596948	
	0.418104	
	0.387625	
	0.398668	
	0.357413	
	0.327463	
	0.333829	
	0.330320	
	0.332904	
	0.342331	
	0.337330	
	0.327794	
	0.294434	
	0.300471	
	0.292845	
	0.284833	
	0.276530	
	0.297225	
	0.373641	
	0.338408	
	0.327730	
	0.371683	
	0.367102	
	0.366854	
	0.396987	
	0.437973	
	0.494691	
	0.476473	
	0.640370	
	0.510788	
	0.469094	
	0.418745	
	0.402210	
	0.395286	
	0.375839	
	0.375843	
	0.368472	
	0.386191	
	0.354324	
	0.400235	
	0.402966	
	0.372435	
	0.358892	
	0.361111	
	0.391828	
	0.379584	
	0.379416	
	0.398307	
	0.391456	
	0.394798	
	0.374615	
	0.312360	
	0.324404	
	0.318189	
	0.307685	
	0.409084	
	0.316867	
	0.683420	
	0.649758	
	0.399383	
	0.334959	
	0.306126	
	0.303448	
	0.316441	
	0.306138	
	0.291634	
	0.285559	
	0.318677	
	0.319901	
	0.329717	
	0.323296	
	0.305012	
	0.316690	
	0.365572	
	0.372874	
	0.370335	
	0.473955	
	0.428522	
	0.413544	
	0.372872	
	0.395461	
	0.433727	
	0.410718	
	0.394203	
	0.452280	
	0.555536	
	0.649731	
	0.691198	
	0.531061	
	0.432348	
	0.394893	
	0.370324	
	0.377898	
	0.373986	
	0.361485	
	0.357873	
	0.360956	
	0.352018	
	0.385170	
	0.394176	
	0.395098	
	0.398463	
	0.412239	
	0.400227	
	0.389573	
	0.400000	
	0.394810	
	0.393543	
	0.404251	
	0.404467	
	0.413674	
	0.440875	
	0.418054	
	0.410861	
	0.501257	
	0.539654	
	0.532822	
	0.424208	
	0.306240	
	0.317459	
	0.323030	
	0.291448	
	0.323023	
	0.329816	
	0.332111	
	0.335116	
	0.324831	
	0.301771	
	0.321791	
	0.281228	
	0.286361	
	0.303770	
	0.336193	
	0.340246	
	0.360145	
	0.345966	
	0.306139	
	0.301462	
	0.321418	
	0.313533	
	0.287489	
	0.341242	
	0.510225	
	0.701086	
	0.626230	
	0.467561	
	0.396844	
	0.342905	
	0.322527	
	0.351641	
	0.310635	
	0.363392	
	0.338567	
	0.312893	
	0.335827	
	0.323262	
	0.302025	
	0.427476	
	0.383900	
	0.392698	
	0.347015	
	0.321120	
	0.339279	
	0.413704	
	0.414957	
	0.310844	
	0.281034	
	0.304809	
	0.275123	
	0.290945	
	0.298255	
	0.535213	
	0.728332	
	0.568515	
	0.410646	
	0.323487	
	0.291886	
	0.289268	
	0.250313	
	0.234494	
	0.224767	
	0.231881	
	0.298294	
	0.303762	
	0.268717	
	0.260275	
	0.234381	
	0.237210	
	0.220603	
	0.211710	
	0.252255	
	0.364087	
	0.304267	
	0.219206	
	0.196242	
	0.207326	
	0.187949	
	0.187595	
	0.226732	
	0.229760	
	0.774345	
	0.592202	
	0.599033	
	0.491592	
	0.508827	
	0.472358	
	0.417353	
	0.422292	
	0.436171	
	0.395012	
	0.404425	
	0.406830	
	0.405779	
	0.386619	
	0.377452	
	0.346693	
	0.359590	
	0.359362	
	0.342329	
	0.383231	
	0.504368	
	0.577202	
	0.550017	
	0.552438	
	0.515128	
	0.513833	
	0.507969	
	0.488887	
	0.584375	
	0.443537	
	0.416872	
	0.694014	
	0.659511	
	0.567352	
	0.550269	
	0.469092	
	0.437046	
	0.428725	
	0.397008	
	0.391407	
	0.366042	
	0.362922	
	0.369013	
	0.359880	
	0.329317	
	0.296086	
	0.292812	
	0.384709	
	0.504027	
	0.636115	
	0.602277	
	0.542751	
	0.501106	
	0.484453	
	0.441721	
	0.412683	
	0.400940	
	0.416641	
	0.461377	
	0.635836	
	0.507639	
	0.504002	
	0.494592	
	0.491637	
	0.470340	
	0.470137	
	0.465421	
	0.444161	
	0.437443	
	0.395730	
	0.383560	
	0.403980	
	0.445978	
	0.443722	
	0.427622	
	0.407199	
	0.378984	
	0.367654	
	0.326957	
	0.270617	
	0.344220	
	0.391408	
	0.390706	
	0.380676	
	0.325377	
	0.327081	
	0.459803	
	0.583351	
	0.700396	
	0.661084	
	0.482693	
	0.373941	
	0.300223	
	0.288822	
	0.274466	
	0.253367	
	0.243960	
	0.241051	
	0.264147	
	0.232750	
	0.230441	
	0.207084	
	0.182608	
	0.194649	
	0.172240	
	0.597180	
	0.663592	
	0.582013	
	0.528810	
	0.498626	
	0.452022	
	0.453094	
	0.492849	
	0.577314	
	0.624521	
	0.657531	
	0.573674	
	0.583448	
	0.548072	
	0.549518	
	0.527244	
	0.494441	
	0.505038	
	0.480864	
	0.487445	
	0.455210	
	0.422966	
	0.411705	
	0.384347	
	0.419275	
	0.391318	
	0.361197	
	0.378781	
	0.358716	
	0.377522	
	0.359688	
	0.412141	
	0.460212	
	0.396430	
	0.401902	
	0.380434	
	0.342513	
	0.358834	
	0.430829	
	0.627333	
	0.744813	
	0.696109	
	0.546906	
	0.442199	
	0.418141	
	0.402133	
	0.394386	
	0.410211	
	0.413217	
	0.393897	
	0.371769	
	0.367377	
	0.350118	
	0.336593	
	0.353832	
	0.332037	
	0.328873	
	0.307058	
	0.291535	
	0.584835	
	0.625577	
	0.622939	
	0.604300	
	0.584792	
	0.576339	
	0.537713	
	0.509204	
	0.593578	
	0.602390	
	0.640074	
	0.615907	
	0.584338	
	0.628499	
	0.643537	
	0.612841	
	0.646004	
	0.654494	
	0.637865	
	0.617153	
	0.613451	
	0.652150	
	0.611361	
	0.604435	
	0.602070	
	0.588669	
	0.567191	
	0.563114	
	0.547999	
	0.551526	
	0.541716	
	0.530945	
	0.469886	
	0.428167	
	0.446237	
	0.413604	
	0.400938	
	0.432459	
	0.464300	
	0.497844	
	0.654950	
	0.552210	
	0.398418	
	0.328214	
	0.302119	
	0.284499	
	0.293971	
	0.277967	
	0.269084	
	0.304838	
	0.306056	
	0.299901	
	0.313209	
	0.287727	
	0.286147	
	0.303215	
	0.318055	
	0.490931	
	0.476575	
	0.467776	
	0.444239	
	0.461481	
	0.453282	
	0.440995	
	0.479490	
	0.504261	
	0.487145	
	0.631415	
	0.587299	
	0.504951	
	0.498019	
	0.496073	
	0.485623	
	0.451664	
	0.433567	
	0.424889	
	0.401353	
	0.404740	
	0.398000	
	0.398076	
	0.427140	
	0.441778	
	0.429690	
	0.405021	
	0.357673	
	0.370827	
	0.358673	
	0.392992	
	0.503965	
	0.514587	
	0.509020	
	0.499289	
	0.448133	
	0.410371	
	0.395844	
	0.466151	
	0.583242	
	0.713975	
	0.670675	
	0.571101	
	0.508193	
	0.507275	
	0.469470	
	0.466165	
	0.476757	
	0.467793	
	0.421261	
	0.379836	
	0.376696	
	0.370337	
	0.387685	
	0.412354	
	0.374713	
	0.349389	
	0.359731	
	0.621615	
	0.631623	
	0.565244	
	0.535279	
	0.552351	
	0.514728	
	0.506183	
	0.515580	
	0.488553	
	0.503467	
	0.642052	
	0.580593	
	0.606638	
	0.532227	
	0.551996	
	0.572327	
	0.594413	
	0.552411	
	0.574670	
	0.540522	
	0.506414	
	0.476527	
	0.465049	
	0.444143	
	0.468139	
	0.478006	
	0.480917	
	0.463704	
	0.426548	
	0.426705	
	0.439439	
	0.461053	
	0.416954	
	0.403590	
	0.393443	
	0.415713	
	0.398037	
	0.427165	
	0.445303	
	0.429637	
	0.563105	
	0.718926	
	0.652570	
	0.484245	
	0.422433	
	0.405745	
	0.405060	
	0.371450	
	0.396658	
	0.373198	
	0.350119	
	0.334591	
	0.352787	
	0.384706	
	0.374315	
	0.364179	
	0.353891	
	0.480327	
	0.645905	
	0.577815	
	0.543621	
	0.555323	
	0.564267	
	0.555456	
	0.507435	
	0.478676	
	0.450451	
	0.492335	
	0.641470	
	0.569448	
	0.560161	
	0.579266	
	0.570250	
	0.559775	
	0.543043	
	0.515605	
	0.530461	
	0.562944	
	0.511272	
	0.509083	
	0.517498	
	0.499225	
	0.492215	
	0.490099	
	0.466380	
	0.456690	
	0.481571	
	0.475824	
	0.469834	
	0.459961	
	0.444402	
	0.446355	
	0.427100	
	0.447190	
	0.454217	
	0.453195	
	0.443956	
	0.608071	
	0.665132	
	0.648067	
	0.574140	
	0.529097	
	0.518940	
	0.486292	
	0.504046	
	0.446943	
	0.434268	
	0.426923	
	0.457786	
	0.422117	
	0.428800	
	0.442727	
	0.417515	
	0.496411	
	0.497769	
	0.546316	
	0.670511	
	0.623169	
	0.584336	
	0.565012	
	0.589026	
	0.600414	
	0.611279	
	0.601360	
	0.579817	
	0.584323	
	0.541549	
	0.545907	
	0.567237	
	0.562681	
	0.529294	
	0.482336	
	0.503926	
	0.537566	
	0.555813	
	0.534978	
	0.543111	
	0.557015	
	0.586279	
	0.577216	
	0.566687	
	0.554811	
	0.501869	
	0.506956	
	0.499965	
	0.527268	
	0.722820	
	0.558896	
	0.490323	
	0.420000	
	0.397720	
	0.380084	
	0.341445	
	0.360591	
	0.473526	
	0.713682	
	0.694231	
	0.542957	
	0.377156	
	0.315071	
	0.308919	
	0.262291	
	0.250748	
	0.272152	
	0.510139	
	0.364164	
	0.253121	
	0.241387	
	0.241985	
	0.268490	
	0.263707	
	0.271406	
	0.259245	
	0.458889	
	0.616042	
	0.645320	
	0.591170	
	0.597236	
	0.600121	
	0.579094	
	0.575756	
	0.579729	
	0.595568	
	0.694669	
	0.686795	
	0.589996	
	0.603056	
	0.581713	
	0.545570	
	0.549776	
	0.554210	
	0.562078	
	0.552511	
	0.570322	
	0.584380	
	0.554255	
	0.547274	
	0.526022	
	0.519441	
	0.518154	
	0.499292	
	0.568449	
	0.513883	
	0.513242	
	0.568537	
	0.546742	
	0.534319	
	0.519301	
	0.501018	
	0.487954	
	0.501484	
	0.615898	
	0.819177	
	0.712258	
	0.561334	
	0.494872	
	0.454510	
	0.429965	
	0.438156	
	0.454901	
	0.424025	
	0.430770	
	0.443581	
	0.453450	
	0.415242	
	0.393747	
	0.378643	
	0.418844	
	0.505978	
	0.417574	
	0.605389	
	0.714909	
	0.679871	
	0.648060	
	0.631194	
	0.610015	
	0.595162	
	0.604784	
	0.636061	
	0.643654	
	0.643666	
	0.580536	
	0.685856	
	0.642454	
	0.640566	
	0.634193	
	0.611713	
	0.640679	
	0.607593	
	0.615149	
	0.568735	
	0.529860	
	0.534970	
	0.507994	
	0.443074	
	0.441814	
	0.433253	
	0.424878	
	0.452703	
	0.430421	
	0.429034	
	0.404935	
	0.378112	
	0.340881	
	0.327005	
	0.302427	
	0.299013	
	0.302519	
	0.274959	
	0.338978	
	0.514659	
	0.750367	
	0.657541	
	0.539486	
	0.419378	
	0.364028	
	0.357569	
	0.343651	
	0.316210	
	0.286698	
	0.280808	
	0.277522	
	0.260404	
	0.253615	
	0.254123	
	0.256235	
	0.243886	
	0.240302	
	0.629541	
	0.658851	
	0.612447	
	0.555458	
	0.544538	
	0.539533	
	0.522592	
	0.525158	
	0.520675	
	0.532114	
	0.645773	
	0.642629	
	0.590752	
	0.530230	
	0.501941	
	0.482264	
	0.470379	
	0.455106	
	0.454389	
	0.476406	
	0.477746	
	0.430597	
	0.412322	
	0.383170	
	0.360563	
	0.342678	
	0.348587	
	0.355207	
	0.365246	
	0.324264	
	0.467785	
	0.449922	
	0.418420	
	0.438030	
	0.405967	
	0.433304	
	0.433661	
	0.399961	
	0.404087	
	0.576664	
	0.804373	
	0.701648	
	0.507623	
	0.414930	
	0.371213	
	0.368238	
	0.349239	
	0.299666	
	0.315625	
	0.348802	
	0.308403	
	0.312254	
	0.282924	
	0.299505	
	0.301940	
	0.355736	
	0.315780	
	0.391915	
	0.457523	
	0.663384	
	0.603287	
	0.592709	
	0.588453	
	0.564444	
	0.539894	
	0.574440	
	0.584829	
	0.679662	
	0.635425	
	0.647137	
	0.661249	
	0.661348	
	0.658478	
	0.637640	
	0.611007	
	0.575907	
	0.552966	
	0.507003	
	0.522101	
	0.509218	
	0.519894	
	0.511525	
	0.498243	
	0.483737	
	0.460296	
	0.416045	
	0.417578	
	0.391373	
	0.434293	
	0.367104	
	0.342197	
	0.318046	
	0.274083	
	0.269877	
	0.252507	
	0.280134	
	0.554210	
	0.920450	
	0.803958	
	0.717082	
	0.519722	
	0.392181	
	0.383545	
	0.368982	
	0.362056	
	0.332026	
	0.304325	
	0.335960	
	0.366496	
	0.267081	
	0.268086	
	0.272653	
	0.275156	
	0.260365	
	0.273000	
	0.263754	
	0.543478	
	0.596880	
	0.520640	
	0.467773	
	0.463341	
	0.479523	
	0.498180	
	0.504644	
	0.513818	
	0.534418	
	0.688066	
	0.599375	
	0.573552	
	0.546182	
	0.546710	
	0.490998	
	0.490950	
	0.473431	
	0.441532	
	0.430394	
	0.432230	
	0.441015	
	0.428578	
	0.438881	
	0.430331	
	0.431812	
	0.410868	
	0.447337	
	0.535396	
	0.514961	
	0.530125	
	0.490984	
	0.464423	
	0.459775	
	0.448101	
	0.450724	
	0.469267	
	0.513796	
	0.547663	
	0.752443	
	0.697042	
	0.607040	
	0.496174	
	0.468339	
	0.465382	
	0.446758	
	0.423818	
	0.400935	
	0.417681	
	0.428660	
	0.393345	
	0.396473	
	0.395107	
	0.418910	
	0.377385	
	0.363299	
	0.324840	
	0.595340	
	0.689949	
	0.655931	
	0.649277	
	0.599206	
	0.585898	
	0.596677	
	0.557805	
	0.542793	
	0.543569	
	0.676403	
	0.677902	
	0.586561	
	0.598042	
	0.605784	
	0.595507	
	0.578576	
	0.588751	
	0.598883	
	0.593258	
	0.589542	
	0.598951	
	0.565635	
	0.571397	
	0.543761	
	0.529783	
	0.499008	
	0.492562	
	0.445540	
	0.448667	
	0.411936	
	0.381293	
	0.362279	
	0.332966	
	0.335909	
	0.346085	
	0.359341	
	0.396215	
	0.554816	
	0.846994	
	0.714141	
	0.538354	
	0.386453	
	0.333783	
	0.304477	
	0.299408	
	0.288230	
	0.286626	
	0.278518	
	0.299273	
	0.263995	
	0.261733	
	0.294233	
	0.274481	
	0.279579	
	0.269857	
	0.278430	
	0.324948	
	0.677983	
	0.689211	
	0.644944	
	0.611644	
	0.589106	
	0.570605	
	0.548347	
	0.532094	
	0.547840	
	0.635415	
	0.730535	
	0.642256	
	0.616101	
	0.589307	
	0.598890	
	0.590594	
	0.582267	
	0.575699	
	0.579141	
	0.591690	
	0.600787	
	0.562261	
	0.552201	
	0.555449	
	0.551887	
	0.531954	
	0.537582	
	0.580504	
	0.561514	
	0.617424	
	0.701006	
	0.599422	
	0.501972	
	0.472015	
	0.456235	
	0.444186	
	0.438210	
	0.473608	
	0.540026	
	0.618017	
	0.691171	
	0.649668	
	0.570895	
	0.489330	
	0.425046	
	0.419339	
	0.433157	
	0.432095	
	0.441673	
	0.410955	
	0.400169	
	0.385200	
	0.365363	
	0.352425	
	0.392263	
	0.379494	
	0.359792	
	0.447034	
	0.550296	
	0.674372	
	0.632596	
	0.584191	
	0.606203	
	0.559238	
	0.594041	
	0.616344	
	0.600629	
	0.717452	
	0.704185	
	0.629510	
	0.589960	
	0.621411	
	0.593088	
	0.531723	
	0.518069	
	0.500808	
	0.478758	
	0.463817	
	0.497796	
	0.505547	
	0.427816	
	0.437764	
	0.420358	
	0.390593	
	0.391293	
	0.412119	
	0.372208	
	0.412888	
	0.348973	
	0.329310	
	0.350976	
	0.347767	
	0.360733	
	0.342940	
	0.357717	
	0.379095	
	0.486719	
	0.625922	
	0.600296	
	0.534978	
	0.477607	
	0.395947	
	0.442040	
	0.398789	
	0.414028	
	0.445708	
	0.471844	
	0.504860	
	0.499941	
	0.521351	
	0.535254	
	0.533961	
	0.532383	
	0.543386	
	0.526734	
	0.598269	
	0.577208	
	0.522612	
	0.596763	
	0.595496	
	0.561040	
	0.625745	
	0.620777	
	0.637230	
	0.636378	
	0.646386	
	0.642335	
	0.600575	
	0.627053	
	0.588789	
	0.641912	
	0.683622	
	0.725434	
	0.703134	
	0.696510	
	0.709987	
	0.688680	
	0.682279	
	0.686935	
	0.703755	
	0.717266	
	0.736527	
	0.726413	
	0.717439	
	0.703722	
	0.703148	
	0.693944	
	0.683711	
	0.691843	
	0.653749	
	0.632496	
	0.620199	
	0.662534	
	0.685865	
	0.641603	
	0.696513	
	0.667670	
	0.626088	
	0.596721	
	0.593975	
	0.568975	
	0.532731	
	0.547370	
	0.562972	
	0.520759	
	0.552906	
	0.594555	
	0.538095	
	0.490796	
	0.525740	
	0.501588	
	0.551603	
	0.540271	
	0.537307	
	0.530165	
	0.497018	
	0.516142	
	0.521339	
	0.529387	
	0.531425	
	0.505187	
	0.456870	
	0.542603	
	0.595616	
	0.628607	
	0.506848	
	0.503025	
	0.490674	
	0.481191	
	0.586682	
	0.587391	
	0.538592	
	0.518943	
	0.521769	
	0.485489	
	0.459306	
	0.420874	
	0.465093	
	0.473154	
	0.544702	
	0.586469	
	0.502438	
	0.508109	
	0.523697	
	0.643878	
	0.689740	
	0.736067	
	0.660004	
	0.553936	
	0.510850	
	0.546432	
	0.560287	
	0.758762	
	0.805420	
	0.626299	
	0.569665	
	0.545212	
	0.534274	
	0.557594	
	0.523870	
	0.551785	
	0.578316	
	0.584930	
	0.590580	
	0.598470	
	0.608784	
	0.608399	
	0.593625	
	0.610601	
	0.613070	
	0.621321	
	0.640327	
	0.640379	
	0.577733	
	0.560995	
	0.562155	
	0.561812	
	0.624844	
	0.645353	
	0.693514	
	0.733493	
	0.601036	
	0.651193	
	0.630104	
	0.601986	
	0.640327	
	0.645178	
	0.670750	
	0.696018	
	0.678850	
	0.676029	
	0.699192	
	0.690259	
	0.635942	
	0.626855	
	0.645030	
	0.651858	
	0.632349	
	0.611006	
	0.639773	
	0.589696	
	0.634737	
	0.651026	
	0.636567	
	0.631781	
	0.624598	
	0.619112	
	0.634118	
	0.689992	
	0.620534	
	0.640109	
	0.719518	
	0.688674	
	0.729357	
	0.734382	
	0.743499	
	0.728734	
	0.737441	
	0.707594	
	0.723631	
	0.730858	
	0.707492	
	0.699652	
	0.686852	
	0.690568	
	0.721176	
	0.730426	
	0.701350	
	0.710525	
	0.674105	
	0.647074	
	0.650549	
	0.660094	
	0.650371	
	0.635326	
	0.607347	
	0.643663	
	0.603586	
	0.553485	
	0.652602	
	0.593748	
	0.552509	
	0.511099	
	0.525835	
	0.548762	
	0.526913	
	0.495360	
	0.509614	
	0.477533	
	0.441519	
	0.465643	
	0.470877	
	0.482289	
	0.540865	
	0.543496	
	0.530456	
	0.513044	
	0.509787	
	0.484836	
	0.519696	
	0.525789	
	0.552204	
	0.537936	
	0.564949	
	0.572248	
	0.603209	
	0.667109	
	0.611352	
	0.569528	
	0.637895	
	0.587838	
	0.574597	
	0.540599	
	0.515213	
	0.545780	
	0.553189	
	0.534330	
	0.530578	
	0.461661	
	0.427553	
	0.422506	
	0.437101	
	0.453452	
	0.431545	
	0.398346	
	0.456974	
	0.638941	
	0.717874	
	0.744989	
	0.731841	
	0.678217	
	0.699606	
	0.671580	
	0.663970	
	0.675639	
	0.705499	
	0.715952	
	0.675032	
	0.644206	
	0.617331	
	0.595359	
	0.614756	
	0.607892	
	0.583937	
	0.589364	
	0.608377	
	0.583180	
	0.594723	
	0.607409	
	0.587354	
	0.579512	
	0.595985	
	0.578015	
	0.565139	
	0.576563	
	0.593821	
	0.570627	
	0.624037	
	0.591202	
	0.579785	
	0.551900	
	0.564859	
	0.573332	
	0.587506	
	0.621464	
	0.678118	
	0.625068	
	0.634926	
	0.611213	
	0.580373	
	0.597683	
	0.636870	
	0.598326	
	0.560823	
	0.577124	
	0.549639	
	0.551434	
	0.530162	
	0.612162	
	0.643003	
	0.561183	
	0.556821	
	0.560342	
	0.552152	
	0.590154	
	0.576326	
	0.518323	
	0.527348	
	0.524958	
	0.493636	
	0.502888	
	0.506314	
	0.548839	
	0.539848	
	0.461445	
	0.691876	
	0.703567	
	0.698700	
	0.673119	
	0.633153	
	0.640461	
	0.620213	
	0.603346	
	0.611237	
	0.598241	
	0.672141	
	0.655277	
	0.640637	
	0.612874	
	0.607808	
	0.590945	
	0.604979	
	0.599616	
	0.571620	
	0.600749	
	0.627974	
	0.565454	
	0.593022	
	0.618442	
	0.582814	
	0.617126	
	0.600320	
	0.576218	
	0.605434	
	0.678664	
	0.578016	
	0.597701	
	0.587116	
	0.554392	
	0.564087	
	0.555491	
	0.595537	
	0.599006	
	0.595284	
	0.564227	
	0.518435	
	0.551539	
	0.609405	
	0.628551	
	0.616136	
	0.641086	
	0.581892	
	0.576508	
	0.589506	
	0.601428	
	0.606866	
	0.598399	
	0.583331	
	0.593490	
	0.576573	
	0.576415	
	0.588553	
	0.536540	
	0.590352	
	0.541467	
	0.573290	
	0.636362	
	0.708641	
	0.694015	
	0.642139	
	0.642564	
	0.617353	
	0.584240	
	0.601203	
	0.613242	
	0.641308	
	0.657589	
	0.635471	
	0.629830	
	0.501403	
	0.515761	
	0.524209	
	0.514456	
	0.480855	
	0.498881	
	0.514052	
	0.537009	
	0.689270	
	0.639388	
	0.570365	
	0.529005	
	0.528675	
	0.525578	
	0.549345	
	0.541640	
	0.514158	
	0.537477	
	0.529094	
	0.510395	
	0.503227	
	0.502126	
	0.481400	
	0.490797	
	0.492173	
	0.469557	
	0.499149	
	0.495225	
	0.515885	
	0.411853	
	0.472114	
	0.523953	
	0.551257	
	0.547206	
	0.545961	
	0.545275	
	0.565384	
	0.588849	
	0.586815	
	0.703879	
	0.619373	
	0.551150	
	0.528231	
	0.517937	
	0.517080	
	0.510173	
	0.484427	
	0.481479	
	0.505999	
	0.495654	
	0.474863	
	0.475827	
	0.416975	
	0.455419	
	0.475386	
	0.491716	
	0.491481	
	0.531118	
	0.538286	
	0.472923	
	0.443540	
	0.441062	
	0.472330	
	0.509045	
	0.431302	
	0.515422	
	0.628940	
	0.567924	
	0.476931	
	0.436979	
	0.446396	
	0.476696	
	0.444795	
	0.387373	
	0.367005	
	0.393122	
	0.365253	
	0.387371	
	0.391547	
	0.383668	
	0.370585	
	0.363874	
	0.348942	
	0.381659	
	0.398041	
	0.419809	
	0.374968	
	0.271863	
	0.295067	
	0.282149	
	0.283194	
	0.275174	
	0.275799	
	0.270077	
	0.283947	
	0.737798	
	0.514885	
	0.429123	
	0.318274	
	0.315559	
	0.276305	
	0.282670	
	0.262383	
	0.277938	
	0.267639	
	0.245817	
	0.268499	
	0.251750	
	0.222360	
	0.225615	
	0.215109	
	0.231764	
	0.218978	
	0.278918	
	0.469619	
	0.540268	
	0.613239	
	0.717400	
	0.780155	
	0.744000	
	0.703674	
	0.694063	
	0.709624	
	0.803845	
	0.809084	
	0.686905	
	0.720986	
	0.732310	
	0.709397	
	0.686896	
	0.696140	
	0.736213	
	0.730173	
	0.717461	
	0.704891	
	0.724299	
	0.687625	
	0.722263	
	0.706985	
	0.714305	
	0.709483	
	0.715871	
	0.694636	
	0.717065	
	0.713092	
	0.690074	
	0.665556	
	0.670827	
	0.659923	
	0.650933	
	0.668693	
	0.647523	
	0.656456	
	0.709206	
	0.633096	
	0.585867	
	0.597896	
	0.577995	
	0.555918	
	0.547798	
	0.497510	
	0.508929	
	0.554574	
	0.546369	
	0.509319	
	0.505759	
	0.494844	
	0.452538	
	0.453588	
	0.426427	
	0.426019	
	0.421727	
	0.409812	
	0.374126	
	0.406386	
	0.396660	
	0.402711	
	0.402512	
	0.383668	
	0.426724	
	0.416649	
	0.367857	
	0.728534	
	0.675261	
	0.534066	
	0.455689	
	0.438638	
	0.423577	
	0.431078	
	0.431945	
	0.466017	
	0.420675	
	0.414665	
	0.428297	
	0.441672	
	0.438735	
	0.452465	
	0.420066	
	0.415630	
	0.458092	
	0.574265	
	0.696286	
	0.695524	
	0.659144	
	0.666513	
	0.664547	
	0.654969	
	0.663037	
	0.693832	
	0.686387	
	0.729000	
	0.595678	
	0.605428	
	0.613504	
	0.641519	
	0.638495	
	0.635404	
	0.609129	
	0.607733	
	0.587055	
	0.581853	
	0.579585	
	0.588174	
	0.579808	
	0.574786	
	0.612661	
	0.575348	
	0.595720	
	0.587088	
	0.607983	
	0.590332	
	0.599443	
	0.622667	
	0.630379	
	0.618301	
	0.600835	
	0.623687	
	0.645337	
	0.625544	
	0.633152	
	0.662102	
	0.623777	
	0.577548	
	0.585162	
	0.563112	
	0.577761	
	0.589419	
	0.554305	
	0.591004	
	0.584712	
	0.603816	
	0.605989	
	0.583389	
	0.601377	
	0.592541	
	0.567501	
	0.624752	
	0.596354	
	0.603390	
	0.637522	
	0.647537	
	0.597719	
	0.562075	
	0.588421	
	0.582532	
	0.588723	
	0.573598	
	0.597278	
	0.545349	
	0.546178	
	0.578982	
	0.554850	
	0.581053	
	0.542609	
	0.526140	
	0.516072	
	0.512415	
	0.502006	
	0.497627	
	0.483027	
	0.472641	
	0.456337	
	0.453203	
	0.412605	
	0.395749	
	0.388254	
	0.396933	
	0.383729	
	0.373090	
	0.302365	
	0.311983	
	0.309100	
	0.280187	
	0.282908	
	0.285993	
	0.320911	
	0.482573	
	0.722577	
	0.698125	
	0.589084	
	0.407045	
	0.312930	
	0.265847	
	0.257514	
	0.239725	
	0.214626	
	0.232726	
	0.207889	
	0.193056	
	0.177995	
	0.182393	
	0.155882	
	0.162551	
	0.165383	
	0.485300	
	0.668154	
	0.701935	
	0.710153	
	0.697434	
	0.726256	
	0.739027	
	0.711081	
	0.694990	
	0.703560	
	0.729269	
	0.746354	
	0.684032	
	0.686037	
	0.694914	
	0.662164	
	0.670441	
	0.676626	
	0.666655	
	0.610629	
	0.620634	
	0.590527	
	0.540235	
	0.545791	
	0.569995	
	0.556248	
	0.542414	
	0.495782	
	0.450830	
	0.414780	
	0.405629	
	0.411911	
	0.408328	
	0.356715	
	0.344663	
	0.342220	
	0.315290	
	0.310448	
	0.302662	
	0.345552	
	0.341207	
	0.672563	
	0.677408	
	0.523298	
	0.385258	
	0.286672	
	0.254495	
	0.253742	
	0.240722	
	0.232370	
	0.228795	
	0.231871	
	0.206186	
	0.208156	
	0.213315	
	0.215718	
	0.196511	
	0.243513	
	0.524343	
	0.624308	
	0.723236	
	0.773578	
	0.781218	
	0.754611	
	0.746510	
	0.744705	
	0.731495	
	0.740360	
	0.727032	
	0.791065	
	0.759436	
	0.702491	
	0.735034	
	0.721211	
	0.711084	
	0.723627	
	0.714297	
	0.696201	
	0.681277	
	0.682046	
	0.683982	
	0.663634	
	0.652618	
	0.652342	
	0.630048	
	0.624610	
	0.619744	
	0.599432	
	0.606223	
	0.610065	
	0.643885	
	0.598848	
	0.572244	
	0.598979	
	0.580838	
	0.573617	
	0.579184	
	0.625822	
	0.603921	
	0.663483	
	0.610133	
	0.512344	
	0.468228	
	0.453379	
	0.485647	
	0.452888	
	0.450189	
	0.480882	
	0.420866	
	0.447194	
	0.450178	
	0.436260	
	0.439967	
	0.430683	
	0.461160	
	0.454033	
	0.453541	
	0.547618	
	0.549348	
	0.545073	
	0.556132	
	0.575527	
	0.549304	
	0.535303	
	0.531440	
	0.545507	
	0.598238	
	0.723600	
	0.694688	
	0.598311	
	0.620500	
	0.599590	
	0.550057	
	0.552267	
	0.524471	
	0.488666	
	0.477064	
	0.523632	
	0.529049	
	0.488425	
	0.501591	
	0.465416	
	0.451659	
	0.443268	
	0.437495	
	0.405946	
	0.396676	
	0.421260	
	0.414074	
	0.387230	
	0.364069	
	0.361700	
	0.343068	
	0.332133	
	0.364650	
	0.622276	
	0.736070	
	0.616933	
	0.487552	
	0.444360	
	0.393997	
	0.374617	
	0.359891	
	0.381195	
	0.356350	
	0.424816	
	0.432467	
	0.403336	
	0.417697	
	0.391187	
	0.389945	
	0.409038	
	0.396310	
	0.388983	
	0.400799	
	0.556662	
	0.570181	
	0.559964	
	0.538764	
	0.548414	
	0.539068	
	0.522789	
	0.566770	
	0.646415	
	0.623871	
	0.640028	
	0.576991	
	0.599686	
	0.509447	
	0.505448	
	0.492651	
	0.465794	
	0.467718	
	0.404989	
	0.447581	
	0.430582	
	0.411400	
	0.403215	
	0.407697	
	0.393947	
	0.382774	
	0.385263	
	0.336418	
	0.373887	
	0.489511	
	0.390402	
	0.355972	
	0.336202	
	0.303231	
	0.292837	
	0.282300	
	0.289071	
	0.337573	
	0.612746	
	0.658279	
	0.612585	
	0.546724	
	0.470286	
	0.356331	
	0.319322	
	0.326191	
	0.328133	
	0.354064	
	0.371764	
	0.305218	
	0.322192	
	0.393881	
	0.389626	
	0.378166	
	0.404289	
	0.423348	
	0.422112	
	0.455130	
	0.443685	
	0.484115	
	0.505344	
	0.611647	
	0.632729	
	0.685637	
	0.631117	
	0.643364	
	0.674297	
	0.529650	
	0.530866	
	0.489675	
	0.512011	
	0.507027	
	0.504776	
	0.502208	
	0.502539	
	0.474070	
	0.467919	
	0.513418	
	0.478229	
	0.447846	
	0.481198	
	0.515982	
	0.474081	
	0.537774	
	0.522750	
	0.480393	
	0.581112	
	0.672899	
	0.719231	
	0.718896	
	0.731452	
	0.749607	
	0.729083	
	0.697330	
	0.700009	
	0.749022	
	0.653272	
	0.713655	
	0.762653	
	0.716466	
	0.701742	
	0.667091	
	0.667747	
	0.665417	
	0.659653	
	0.693025	
	0.696739	
	0.742079	
	0.725534	
	0.726099	
	0.709754	
	0.690220	
	0.666584	
	0.667113	
	0.678293	
	0.707371	
	0.646096	
	0.658630	
	0.658879	
	0.675765	
	0.660413	
	0.663856	
	0.681861	
	0.701592	
	0.631132	
	0.737748	
	0.688180	
	0.625981	
	0.606689	
	0.568810	
	0.551109	
	0.513759	
	0.493585	
	0.480006	
	0.504917	
	0.538604	
	0.492339	
	0.484596	
	0.466491	
	0.451738	
	0.432364	
	0.449063	
	0.430198	
	0.404942	
	0.435407	
	0.434639	
	0.460657	
	0.445883	
	0.442619	
	0.441418	
	0.480197	
	0.508328	
	0.467089	
	0.446493	
	0.655241	
	0.713247	
	0.624418	
	0.551126	
	0.515400	
	0.496426	
	0.477440	
	0.446958	
	0.471285	
	0.460607	
	0.469951	
	0.465595	
	0.432614	
	0.421666	
	0.415533	
	0.390505	
	0.369269	
	0.389678	
	0.527099	
	0.701852	
	0.642839	
	0.667105	
	0.635246	
	0.640401	
	0.629950	
	0.621068	
	0.630015	
	0.674530	
	0.710030	
	0.733890	
	0.724739	
	0.631915	
	0.680107	
	0.654326	
	0.639182	
	0.639835	
	0.660305	
	0.628848	
	0.627393	
	0.638131	
	0.636601	
	0.617506	
	0.630202	
	0.620738	
	0.625344	
	0.612660	
	0.617672	
	0.673823	
	0.646088	
	0.563701	
	0.590159	
	0.604807	
	0.561968	
	0.575086	
	0.542067	
	0.540625	
	0.568180	
	0.609167	
	0.730227	
	0.690421	
	0.608985	
	0.598906	
	0.641291	
	0.626712	
	0.577835	
	0.540921	
	0.583118	
	0.590946	
	0.654633	
	0.647575	
	0.654280	
	0.606396	
	0.583343	
	0.538513	
	0.623984	
	0.612233	
	0.592756	
	0.593006	
	0.585812	
	0.565651	
	0.533169	
	0.525944	
	0.512877	
	0.551604	
	0.535650	
	0.471494	
	0.676447	
	0.730486	
	0.599439	
	0.492447	
	0.488850	
	0.472106	
	0.508021	
	0.497587	
	0.480492	
	0.462542	
	0.443588	
	0.507912	
	0.506259	
	0.482718	
	0.476936	
	0.468812	
	0.420565	
	0.405640	
	0.422987	
	0.405177	
	0.515562	
	0.505864	
	0.450621	
	0.432638	
	0.458164	
	0.406168	
	0.375247	
	0.410522	
	0.386700	
	0.583835	
	0.781354	
	0.592413	
	0.444058	
	0.396125	
	0.415602	
	0.425927	
	0.394857	
	0.387648	
	0.364245	
	0.349488	
	0.494947	
	0.506963	
	0.388350	
	0.306214	
	0.310914	
	0.285207	
	0.640535	
	0.719346	
	0.746702	
	0.737655	
	0.721717	
	0.744464	
	0.740296	
	0.741115	
	0.718842	
	0.725934	
	0.726565	
	0.787221	
	0.729003	
	0.762647	
	0.724423	
	0.727220	
	0.712737	
	0.714988	
	0.720325	
	0.737569	
	0.742634	
	0.715220	
	0.740619	
	0.742438	
	0.724743	
	0.756021	
	0.748862	
	0.726221	
	0.738589	
	0.743865	
	0.751048	
	0.751850	
	0.746468	
	0.697441	
	0.730240	
	0.723016	
	0.730831	
	0.710037	
	0.691710	
	0.721986	
	0.762723	
	0.748292	
	0.711333	
	0.657674	
	0.626359	
	0.636470	
	0.679387	
	0.705493	
	0.699630	
	0.677605	
	0.660802	
	0.616558	
	0.582429	
	0.598802	
	0.584601	
	0.651834	
	0.582989	
	0.576707	
	0.538659	
	0.546192	
	0.519173	
	0.505625	
	0.615023	
	0.596638	
	0.571594	
	0.569368	
	0.491331	
	0.482920	
	0.471773	
	0.407725	
	0.682990	
	0.655629	
	0.551106	
	0.427472	
	0.406873	
	0.442635	
	0.455526	
	0.417135	
	0.436900	
	0.418613	
	0.387649	
	0.407421	
	0.370325	
	0.379274	
	0.405747	
	0.383147	
	0.379936	
	0.412204	
	0.366766	
	0.373849	
	0.424822	
	0.381842	
	0.361658	
	0.364145	
	0.440659	
	0.377872	
	0.588566	
	0.614532	
	0.686606	
	0.727877	
	0.658643	
	0.614837	
	0.623074	
	0.583900	
	0.582676	
	0.523755	
	0.624523	
	0.712704	
	0.715806	
	0.729049	
	0.675844	
	0.626100	
	0.628391	
	0.648001	
	0.609199	
	0.611946	
	0.743695	
	0.726519	
	0.661527	
	0.653801	
	0.619561	
	0.647299	
	0.660106	
	0.604840	
	0.621273	
	0.687906	
	0.718898	
	0.702579	
	0.592191	
	0.568663	
	0.556981	
	0.521407	
	0.521213	
	0.543706	
	0.544369	
	0.534259	
	0.514430	
	0.508976	
	0.482060	
	0.484503	
	0.500590	
	0.492588	
	0.503987	
	0.500899	
	0.508529	
	0.513848	
	0.530835	
	0.514334	
	0.529782	
	0.554170	
	0.564473	
	0.565462	
	0.584688	
	0.601321	
	0.642933	
	0.650824	
	0.603081	
	0.667865	
	0.695098	
	0.631268	
	0.602392	
	0.629840	
	0.577626	
	0.597837	
	0.597097	
	0.625370	
	0.625373	
	0.646938	
	0.659770	
	0.656902	
	0.650057	
	0.663861	
	0.632844	
	0.619625	
	0.649388	
	0.629333	
	0.669313	
	0.687588	
	0.652420	
	0.631065	
	0.685024	
	0.711680	
	0.695982	
	0.680662	
	0.730868	
	0.720988	
	0.732515	
	0.690412	
	0.652907	
	0.676325	
	0.666191	
	0.680404	
	0.673711	
	0.646162	
	0.638416	
	0.646454	
	0.632596	
	0.622988	
	0.578150	
	0.594699	
	0.575360	
	0.546193	
	0.552760	
	0.526315	
	0.519527	
	0.530634	
	0.579933	
	0.561948	
	0.511745	
	0.489492	
	0.476768	
	0.484792	
	0.489700	
	0.503064	
	0.645014	
	0.650107	
	0.507527	
	0.416470	
	0.388214	
	0.365899	
	0.373224	
	0.366919	
	0.379050	
	0.376927	
	0.387014	
	0.411084	
	0.388058	
	0.368110	
	0.376241	
	0.381342	
	0.379523	
	0.353167	
	0.340739	
	0.400004	
	0.382955	
	0.357864	
	0.345996	
	0.353381	
	0.337242	
	0.347877	
	0.332413	
	0.364947	
	0.483428	
	0.616563	
	0.662323	
	0.603031	
	0.640735	
	0.560171	
	0.563966	
	0.570252	
	0.547643	
	0.549116	
	0.589947	
	0.578465	
	0.589584	
	0.601546	
	0.572852	
	0.598546	
	0.582861	
	0.584130	
	0.564354	
	0.548541	
	0.548706	
	0.544948	
	0.533825	
	0.521828	
	0.549897	
	0.566357	
	0.557719	
	0.555330	
	0.576721	
	0.646894	
	0.680182	
	0.646735	
	0.509978	
	0.509097	
	0.496856	
	0.487317	
	0.480823	
	0.470258	
	0.454924	
	0.483765	
	0.487409	
	0.503802	
	0.471144	
	0.476467	
	0.451708	
	0.443751	
	0.438504	
	0.453073	
	0.498703	
	0.538165	
	0.484377	
	0.444920	
	0.417090	
	0.412980	
	0.412886	
	0.420754	
	0.423003	
	0.429447	
	0.568866	
	0.699638	
	0.595116	
	0.517873	
	0.499240	
	0.432844	
	0.439443	
	0.449376	
	0.442767	
	0.458760	
	0.450556	
	0.503393	
	0.474411	
	0.482353	
	0.473077	
	0.465860	
	0.456493	
	0.428393	
	0.412348	
	0.416142	
	0.497095	
	0.502286	
	0.460501	
	0.451048	
	0.456136	
	0.489831	
	0.480972	
	0.459878	
	0.433074	
	0.654712	
	0.645609	
	0.552909	
	0.513131	
	0.446978	
	0.450696	
	0.432025	
	0.416508	
	0.366342	
	0.448554	
	0.460905	
	0.484031	
	0.480585	
	0.457261	
	0.477318	
	0.499538	
	0.475848	
	0.411059	
	0.513236	
	0.453210	
	0.451240	
	0.444381	
	0.448222	
	0.489544	
	0.503613	
	0.489598	
	0.422577	
	0.368307	
	0.570507	
	0.560996	
	0.762377	
	0.680644	
	0.549069	
	0.474166	
	0.422299	
	0.438709	
	0.522508	
	0.586784	
	0.598615	
	0.633114	
	0.645671	
	0.630055	
	0.645214	
	0.630109	
	0.620608	
	0.622667	
	0.598827	
	0.650066	
	0.568483	
	0.622500	
	0.612845	
	0.639986	
	0.615856	
	0.583525	
	0.618160	
	0.695625	
	0.744475	
	0.704082	
	0.720307	
	0.720251	
	0.717523	
	0.714389	
	0.709994	
	0.703250	
	0.729439	
	0.699018	
	0.656651	
	0.676777	
	0.625453	
	0.647553	
	0.677997	
	0.725886	
	0.711367	
	0.699124	
	0.719971	
	0.743697	
	0.739392	
	0.675558	
	0.706504	
	0.703237	
	0.703130	
	0.707097	
	0.727681	
	0.690801	
	0.724555	
	0.696744	
	0.683152	
	0.659843	
	0.642316	
	0.637191	
	0.666217	
	0.686777	
	0.651705	
	0.626333	
	0.679818	
	0.608449	
	0.821178	
	0.819474	
	0.754251	
	0.723917	
	0.717249	
	0.659932	
	0.700127	
	0.683996	
	0.734091	
	0.654470	
	0.618306	
	0.529322	
	0.525346	
	0.531611	
	0.484250	
	0.508481	
	0.489689	
	0.508229	
	0.557631	
	0.602569	
	0.636354	
	0.650313	
	0.642874	
	0.640429	
	0.620264	
	0.616547	
	0.611845	
	0.628656	
	0.578350	
	0.624917	
	0.630502	
	0.626216	
	0.581766	
	0.544149	
	0.564987	
	0.499259	
	0.510944	
	0.605242	
	0.512668	
	0.506865	
	0.528133	
	0.611675	
	0.583947	
	0.603049	
	0.553254	
	0.550332	
	0.504978	
	0.523241	
	0.473402	
	0.738543	
	0.653043	
	0.551886	
	0.576642	
	0.535130	
	0.528464	
	0.542769	
	0.522532	
	0.529717	
	0.507451	
	0.477850	
	0.494882	
	0.492565	
	0.467462	
	0.457278	
	0.467742	
	0.435822	
	0.443116	
	0.416546	
	0.397255	
	0.372367	
	0.385816	
	0.340108	
	0.351508	
	0.370287	
	0.362678	
	0.358820	
	0.365250	
	0.354160	
	0.310292	
	0.295331	
	0.294716	
	0.284652	
	0.287519	
	0.283797	
	0.299023	
	0.302102	
	0.279430	
	0.259432	
	0.257115	
	0.245483	
	0.229657	
	0.242529	
	0.234244	
	0.213223	
	0.203880	
	0.209581	
	0.216589	
	0.197248	
	0.189671	
	0.191144	
	0.187726	
	0.178663	
	0.162795	
	0.161640	
	0.148438	
	0.149601	
	0.141003	
	0.151046	
	0.147531	
	0.147803	
	0.146667	
	0.135693	
	0.136963	
	0.143753	
	0.142079	
	0.148501	
	0.141865	
	0.129921	
	0.141084	
	0.126046	
	0.131743	
	0.133879	
	0.134416	
	0.135565	
	0.136998	
	0.127778	
	0.131606	
	0.123925	
	0.120383	
	0.107126	
	0.121586	
	0.120520	
	0.118768	
	0.115916	
	0.113292	
	0.108212	
	0.109271	
	0.110916	
	0.110041	
	0.118595	
	0.115146	
	0.110645	
	0.116312	
	0.105581	
	0.099651	
	0.099515	
	0.107211	
	0.106128	
	0.116792	
	0.110301	
	0.100715	
	0.100430	
	0.098976	
	0.096761	
	0.098176	
	0.104141	
	0.110667	
	0.098644	
	0.105722	
	0.104956	
	0.098879	
	0.101436	
	0.105655	
	0.104500	
	0.106483	
	0.102928	
	0.106950	
	0.104979	
	0.111196	
	0.098331	
	0.104102	
	0.102575	
	0.116088	
	0.100038	
	0.105933	
	0.101041	
	0.097562	
	0.096253	
	0.110471	
	0.109072	
	0.111743	
	0.112292	
	0.115414	
	0.100491	
	0.108201	
	0.107365	
	0.109297	
	0.119279	
	0.124203	
	0.114438	
	0.119517	
	0.118507	
	0.111485	
	0.109297	
	0.120013	
	0.112751	
	0.121189	
	0.124164	
	0.126839	
	0.115775	
	0.116257	
	0.118127	
	0.113520	
	0.127196	
	0.131680	
	0.119550	
	0.129546	
	0.121782	
	0.119540	
	0.116787	
	0.127034	
	0.136092	
	0.129764	
	0.122624	
	0.134405	
	0.116455	
	0.127009	
	0.114350	
	0.132059	
	0.132492	
	0.139793	
	0.130928	
	0.133241	
	0.132046	
	0.137619	
	0.124080	
	0.134381	
	0.143862	
	0.140942	
	0.142040	
	0.142342	
	0.132022	
	0.134077	
	0.135394	
	0.134302	
	0.147307	
	0.153950	
	0.148223	
	0.138436	
	0.140278	
	0.132655	
	0.124562	
	0.147306	
	0.144330	
	0.156144	
	0.145534	
	0.142940	
	0.139419	
	0.144252	
	0.140865	
	0.150692	
	0.154408	
	0.156581	
	0.154406	
	0.141806	
	0.146996	
	0.145891	
	0.146807	
	0.151790	
	0.150422	
	0.154108	
	0.156183	
	0.141968	
	0.155570	
	0.146849	
	0.141572	
	0.147320	
	0.150357	
	0.162926	
	0.156996	
	0.162013	
	0.153681	
	0.149038	
	0.146019	
	0.144921	
	0.165283	
	0.167592	
	0.161447	
	0.160864	
	0.156443	
	0.152254	
	0.157893	
	0.161586	
	0.173666	
	0.176641	
	0.170627	
	0.167883	
	0.176477	
	0.169864	
	0.170767	
	0.177984	
	0.180494	
	0.189290	
	0.190155	
	0.195822	
	0.206461	
	0.226937	
	0.228925	
	0.224342	
	0.230477	
	0.229421	
	0.233336	
	0.252139	
	0.263896	
	0.261284	
	0.278181	
	0.254806	
	0.275021	
	0.292202	
	0.295792	
	0.298548	
	0.320037	
	0.330456	
	0.344027	
	0.340584	
	0.355318	
	0.363588	
	0.361487	
	NaN	
	NaN	
	NaN	
	NaN	
	NaN	
	NaN	
	NaN	
	NaN	
	NaN	
	NaN	
	NaN	
	NaN	
	NaN	
	NaN	
	NaN	
	NaN	
	NaN	
	NaN	
	NaN	
	NaN	
	NaN	
	NaN	
	NaN	
	NaN	
	NaN	
	NaN	
	NaN	
	NaN	
	NaN	
	NaN	
	NaN	
	NaN	
	NaN	
	NaN	
	NaN	
	NaN	
	NaN	
	NaN	
	NaN	
	NaN	
	NaN	
	NaN	
	NaN	
	NaN	
	NaN	
	NaN	
	NaN	
	NaN	
	NaN	
	NaN	
	NaN	
	NaN	
	NaN	
	NaN	
	NaN	
	NaN	
	NaN	
	NaN	
	NaN	
	NaN	
	NaN	
	NaN	
	NaN	
	NaN	
	NaN	
	NaN	
	NaN	
	NaN	
	NaN	
	NaN	
	NaN	
	NaN	
	NaN	
	NaN	
	NaN	
	NaN	
	NaN	
	NaN	
	NaN	
	NaN	
	NaN	
	NaN	
	NaN	
	NaN	
	NaN	
	NaN	
	NaN	
	NaN	
	NaN	
	NaN	
	NaN	
	NaN	
	NaN	
	NaN	
	NaN	
	NaN	
	NaN	
	NaN	
	NaN	
	NaN	
	NaN	
	NaN	
	NaN	
	NaN	
	NaN	
	NaN	
	NaN	
	NaN	
	NaN	
	NaN	
	NaN	
	NaN	
	NaN	
