_Mode		
	-0.157381	
	-0.112393	
	-0.131336	
	-0.152284	
	-0.240259	
	-0.165376	
	0.087453	
	-0.019490	
	-0.113645	
	-0.286752	
	-0.313962	
	-0.202731	
	0.173989	
	0.137817	
	-0.156819	
	-0.229874	
	0.093101	
	-0.169564	
	-0.172324	
	-0.130936	
	-0.111092	
	-0.096360	
	-0.141327	
	-0.009339	
	0.077437	
	-0.090161	
	0.132707	
	-0.026553	
	0.015317	
	-0.159401	
	0.101132	
	-0.098118	
	-0.018683	
	-0.019101	
	-0.009214	
	-0.074814	
	-0.172114	
	0.033836	
	-0.001222	
	0.044980	
	0.024999	
	-0.088178	
	0.018339	
	-0.294556	
	-0.027193	
	-0.146266	
	-0.086991	
	-0.023114	
	0.023369	
	-0.100481	
	-0.077146	
	-0.154859	
	-0.124162	
	-0.114266	
	-0.097628	
	-0.050813	
	0.110776	
	0.118951	
	0.135217	
	0.125709	
	0.036406	
	0.031146	
	-0.097082	
	-0.090766	
	-0.087914	
	-0.135033	
	-0.201249	
	-0.090044	
	-0.028597	
	0.037600	
	0.002243	
	-0.206533	
	-0.253048	
	-0.131867	
	0.083202	
	0.039920	
	-0.089019	
	-0.149047	
	-0.075610	
	-0.166343	
	0.017644	
	0.073735	
	0.031722	
	-0.038626	
	-0.130819	
	-0.236784	
	0.049763	
	0.149973	
	-0.095296	
	-0.034465	
	0.002363	
	-0.184172	
	0.023477	
	-0.024038	
	-0.016945	
	0.016625	
	0.056449	
	-0.084533	
	-0.117585	
	-0.156857	
	-0.116262	
	-0.132847	
	-0.274734	
	-0.222133	
	0.093530	
	0.060195	
	-0.008103	
	0.081341	
	-0.107845	
	0.049659	
	0.030545	
	-0.030324	
	-0.148211	
	0.037287	
	-0.271186	
	-0.067445	
	-0.018661	
	-0.101864	
	-0.030895	
	-0.060490	
	-0.223934	
	-0.047523	
	-0.018017	
	-0.046877	
	-0.290503	
	-0.043663	
	-0.075409	
	0.011018	
	-0.126235	
	0.069534	
	0.025437	
	-0.033662	
	-0.062686	
	-0.029970	
	-0.041283	
	0.005770	
	0.022420	
	-0.028720	
	-0.024287	
	-0.062106	
	-0.059124	
	-0.098566	
	-0.144073	
	-0.046099	
	-0.015451	
	0.003708	
	0.038562	
	0.212482	
	0.070272	
	0.030675	
	-0.059862	
	-0.173285	
	-0.078691	
	0.032627	
	-0.081409	
	-0.036746	
	-0.128816	
	0.004226	
	0.090479	
	0.024791	
	-0.002895	
	0.034762	
	0.078667	
	-0.088785	
	-0.202278	
	0.061387	
	-0.333583	
	-0.046423	
	-0.107134	
	-0.112303	
	-0.112827	
	-0.107014	
	-0.111812	
	-0.138195	
	-0.100140	
	-0.111666	
	-0.128834	
	0.146619	
	0.140774	
	-0.210148	
	-0.181700	
	-0.305334	
	-0.164780	
	0.074825	
	-0.009926	
	-0.088282	
	-0.237933	
	-0.021436	
	-0.278604	
	-0.215552	
	-0.311406	
	-0.106036	
	-0.130345	
	-0.112904	
	-0.087317	
	-0.135091	
	0.160971	
	0.019109	
	0.016414	
	-0.071484	
	-0.231172	
	-0.096568	
	0.037919	
	-0.057886	
	0.012560	
	0.047414	
	0.030739	
	-0.112290	
	-0.061610	
	0.164507	
	0.010711	
	0.011678	
	0.024397	
	-0.147131	
	0.137605	
	-0.164423	
	-0.191731	
	-0.175232	
	-0.142009	
	-0.067167	
	-0.071220	
	-0.115728	
	-0.092029	
	-0.040606	
	-0.182607	
	0.039352	
	0.053677	
	0.021180	
	0.024448	
	0.025000	
	0.094891	
	0.010080	
	-0.018480	
	0.041555	
	-0.144694	
	-0.120472	
	0.007781	
	-0.210414	
	-0.226250	
	-0.012278	
	0.000140	
	0.018186	
	-0.034583	
	-0.248060	
	-0.134159	
	-0.014092	
	0.067693	
	-0.169629	
	-0.041170	
	-0.135484	
	-0.138626	
	0.051399	
	-0.025158	
	0.055136	
	-0.021417	
	-0.144672	
	0.023988	
	-0.047027	
	0.129103	
	-0.004544	
	-0.121892	
	0.115770	
	-0.136080	
	-0.005319	
	-0.057704	
	-0.042542	
	-0.021371	
	-0.052692	
	-0.099471	
	-0.137311	
	-0.096695	
	-0.172823	
	-0.142744	
	0.160685	
	0.125818	
	0.079264	
	0.041278	
	0.143966	
	0.113832	
	-0.057145	
	0.050582	
	-0.099118	
	-0.045465	
	-0.013219	
	-0.131331	
	-0.239062	
	-0.029644	
	-0.007060	
	-0.124177	
	-0.080424	
	-0.195173	
	-0.048152	
	0.034958	
	-0.105278	
	-0.151112	
	-0.065929	
	0.048084	
	0.051076	
	-0.136138	
	0.147190	
	0.034632	
	-0.171572	
	-0.046391	
	0.101432	
	0.020873	
	-0.006250	
	0.065930	
	0.073968	
	0.035429	
	-0.072591	
	-0.098933	
	0.007787	
	-0.103349	
	0.117149	
	-0.073511	
	-0.066703	
	0.021017	
	-0.022558	
	0.030475	
	0.008512	
	-0.061447	
	-0.087265	
	-0.052713	
	-0.089877	
	-0.035671	
	-0.116701	
	-0.105530	
	-0.043779	
	-0.160987	
	-0.010684	
	0.000869	
	-0.117349	
	0.050468	
	0.085360	
	-0.049076	
	-0.173915	
	-0.011218	
	-0.100616	
	-0.105277	
	-0.109913	
	-0.093714	
	-0.012757	
	0.028591	
	-0.191732	
	-0.343139	
	-0.043162	
	-0.078486	
	-0.005044	
	-0.125630	
	-0.132843	
	-0.161347	
	-0.133517	
	-0.138412	
	-0.047586	
	0.064230	
	-0.042528	
	-0.047704	
	-0.114826	
	0.000000	
	0.000000	
