_Mode		
	-0.007588	
	-0.185474	
	-0.228235	
	-0.106418	
	-0.173338	
	-0.074230	
	-0.215963	
	-0.125355	
	-0.064259	
	0.016590	
	-0.040484	
	-0.087289	
	-0.039811	
	-0.260755	
	-0.285781	
	-0.056283	
	-0.243644	
	-0.056693	
	-0.142820	
	-0.106519	
	-0.102735	
	-0.102346	
	-0.077909	
	-0.082167	
	-0.239414	
	-0.193451	
	0.178128	
	-0.080727	
	0.199925	
	0.049783	
	-0.034901	
	-0.028729	
	-0.048263	
	-0.047644	
	-0.043985	
	-0.054113	
	-0.060919	
	-0.061781	
	-0.000969	
	-0.097251	
	-0.091371	
	0.036450	
	0.151908	
	0.121654	
	0.022265	
	-0.005741	
	-0.048768	
	-0.008508	
	-0.005069	
	0.007879	
	-0.013895	
	-0.046591	
	-0.236899	
	0.070879	
	-0.001664	
	-0.105596	
	-0.084679	
	-0.067020	
	-0.084553	
	-0.076461	
	-0.055092	
	-0.050904	
	-0.226322	
	-0.005637	
	-0.107991	
	0.216311	
	-0.036314	
	0.161217	
	-0.237038	
	-0.232652	
	-0.208478	
	-0.158446	
	-0.059959	
	-0.160983	
	0.188615	
	0.065746	
	-0.004615	
	-0.075208	
	-0.067644	
	-0.074994	
	-0.064632	
	-0.098070	
	-0.097121	
	-0.070798	
	-0.075038	
	-0.091424	
	0.036581	
	-0.132821	
	0.292285	
	0.076166	
	-0.116807	
	0.124965	
	0.091269	
	0.162804	
	0.320607	
	0.033266	
	-0.009466	
	0.015143	
	-0.080298	
	0.070431	
	-0.021482	
	-0.003777	
	-0.164568	
	-0.013268	
	-0.000213	
	0.005479	
	0.221260	
	0.152698	
	-0.137126	
	-0.114945	
	0.042656	
	0.030418	
	0.059203	
	0.055442	
	0.003617	
	-0.021585	
	-0.080046	
	-0.080105	
	-0.119763	
	0.019109	
	0.047390	
	-0.291190	
	-0.081765	
	-0.081750	
	-0.048555	
	-0.112350	
	-0.123219	
	-0.034034	
	-0.107848	
	-0.082906	
	0.031726	
	0.012046	
	0.001948	
	-0.052548	
	-0.022806	
	0.041078	
	0.182200	
	0.034134	
	0.041028	
	-0.026689	
	-0.046660	
	-0.054930	
	-0.044432	
	-0.049746	
	-0.061812	
	-0.045725	
	0.003590	
	-0.094869	
	-0.073471	
	0.028644	
	0.167685	
	0.137081	
	0.038632	
	-0.004450	
	-0.046933	
	-0.025130	
	-0.035125	
	-0.009211	
	0.016298	
	-0.005194	
	-0.185765	
	0.077339	
	-0.054251	
	-0.103330	
	-0.081869	
	-0.069715	
	-0.086220	
	-0.069486	
	-0.162297	
	-0.117220	
	-0.099161	
	-0.099885	
	-0.221441	
	-0.112125	
	-0.104642	
	-0.080515	
	-0.106065	
	-0.071360	
	0.008747	
	-0.002318	
	-0.019829	
	-0.029849	
	-0.203258	
	-0.062164	
	0.179880	
	0.098189	
	-0.004686	
	-0.033646	
	-0.017078	
	-0.032203	
	-0.013996	
	-0.067622	
	0.007926	
	-0.095462	
	-0.113740	
	-0.024465	
	-0.167968	
	-0.209032	
	-0.182246	
	-0.357993	
	-0.216738	
	-0.212293	
	-0.204083	
	-0.214244	
	0.091844	
	0.027407	
	0.259325	
	0.141012	
	-0.022245	
	-0.041316	
	0.094372	
	-0.055355	
	-0.100184	
	-0.105768	
	-0.083152	
	-0.104522	
	0.037759	
	-0.196068	
	-0.122063	
	-0.214928	
	-0.043569	
	-0.111894	
	-0.110904	
	-0.076988	
	-0.077697	
	-0.082225	
	0.001783	
	0.005892	
	-0.088068	
	-0.084283	
	0.096597	
	0.023016	
	0.053416	
	0.000613	
	-0.006923	
	-0.036991	
	-0.069020	
	-0.055899	
	-0.079955	
	-0.039918	
	-0.051564	
	-0.026036	
	0.193368	
	0.131958	
	-0.162531	
	-0.042372	
	-0.134265	
	-0.090896	
	-0.103444	
	-0.080866	
	-0.069719	
	0.002210	
	-0.013663	
	-0.036838	
	-0.119328	
	-0.001570	
	-0.054170	
	-0.181400	
	-0.200616	
	-0.222961	
	-0.171577	
	-0.146908	
	-0.257963	
	-0.291402	
	-0.023655	
	0.005584	
	-0.005626	
	0.124826	
	-0.081244	
	-0.048753	
	-0.047949	
	-0.073745	
	0.112611	
	-0.042651	
	-0.092299	
	0.033044	
	-0.089856	
	-0.088364	
	-0.062611	
	-0.049831	
	-0.096788	
	-0.068924	
	-0.053530	
	-0.065403	
	-0.158761	
	-0.040967	
	-0.076799	
	-0.370431	
	0.010769	
	0.142169	
	-0.005810	
	-0.085362	
	-0.018539	
	-0.202106	
	-0.193656	
	0.148554	
	-0.166501	
	-0.123773	
	0.022144	
	0.007186	
	-0.017784	
	-0.025607	
	0.214041	
	0.032701	
	-0.105636	
	-0.062803	
	0.098383	
	-0.094780	
	-0.045845	
	0.105912	
	0.052228	
	-0.014051	
	0.047404	
	0.010074	
	0.063153	
	-0.235097	
	-0.018057	
	0.101181	
	0.048866	
	0.194748	
	-0.021294	
	0.025473	
	-0.031316	
	-0.195740	
	-0.066547	
	-0.145352	
	-0.034684	
	-0.034718	
	-0.094842	
	0.098508	
	-0.049230	
	-0.115866	
	0.068075	
	0.004161	
	-0.121311	
	-0.336411	
	-0.052810	
	-0.034282	
	-0.179971	
	0.033303	
	-0.121003	
	-0.044783	
	-0.053542	
	-0.321370	
	0.108648	
	-0.056574	
	-0.100860	
	0.174461	
	0.124084	
	-0.169475	
	-0.266002	
	0.060453	
	-0.049317	
	0.027378	
	0.067664	
	-0.209738	
	0.069035	
	-0.002736	
	-0.100491	
	-0.076866	
	-0.034239	
	-0.006603	
	-0.050030	
	-0.066838	
	0.130746	
	-0.048546	
	-0.181903	
	0.119536	
	-0.189224	
	-0.058753	
	-0.087514	
	-0.096204	
	-0.194428	
	-0.103655	
	-0.201424	
	0.013470	
	-0.338620	
	-0.018666	
	-0.067678	
	-0.322589	
	0.181723	
	-0.019869	
	-0.116957	
	-0.205129	
	-0.237894	
	-0.059039	
	-0.100935	
	0.200015	
	-0.170271	
	-0.206879	
	-0.018928	
	-0.106778	
	-0.243536	
	-0.013539	
	-0.214864	
	0.000087	
	-0.099040	
	-0.065415	
	-0.015325	
	-0.095795	
	0.123305	
	0.086868	
	-0.209118	
	-0.188692	
	0.048841	
	-0.093377	
	0.027634	
	0.112401	
	-0.114600	
	-0.131752	
	-0.184024	
	-0.148545	
	0.021822	
	-0.061846	
	-0.231009	
	-0.025247	
	0.040502	
	0.091698	
	0.022970	
	0.046540	
	0.022293	
	0.222850	
	0.004532	
	0.119546	
	0.092148	
	0.030600	
	-0.169886	
	-0.167658	
	-0.072262	
	-0.137323	
	-0.094774	
	-0.079399	
	-0.078594	
	-0.089966	
	0.013485	
	-0.141611	
	-0.006261	
	-0.080302	
	-0.101378	
	-0.109416	
	-0.005526	
	0.081168	
	-0.012900	
	0.156072	
	-0.027579	
	-0.111468	
	-0.095039	
	-0.136931	
	-0.150727	
	-0.113585	
	-0.080416	
	-0.168574	
	0.027236	
	0.062603	
	-0.139394	
	-0.244429	
	-0.265467	
	-0.088541	
	-0.256667	
	-0.218330	
	-0.203498	
	-0.135999	
	-0.268801	
	-0.134861	
	0.233462	
	-0.072972	
	0.147839	
	-0.103609	
	-0.017946	
	0.144236	
	0.019228	
	0.218123	
	-0.134772	
	-0.273702	
	-0.303272	
	-0.143551	
	-0.115144	
	-0.062771	
	-0.120593	
	-0.166422	
	-0.169346	
	-0.218049	
	-0.135673	
	0.021507	
	-0.086858	
	-0.137095	
	-0.284696	
	-0.216875	
	-0.053162	
	0.105700	
	-0.094351	
	-0.021011	
	-0.085386	
	-0.073872	
	-0.183748	
	-0.038123	
	-0.078690	
	-0.048289	
	-0.117634	
	-0.046768	
	0.076741	
	0.000062	
	-0.053299	
	-0.030627	
	0.007120	
	-0.127464	
	-0.156614	
	-0.177770	
	0.113390	
	-0.183702	
	-0.092478	
	-0.095171	
	0.000909	
	-0.118436	
	-0.367089	
	-0.262956	
	-0.224474	
	-0.245627	
	-0.020887	
	-0.110311	
	-0.337354	
	-0.240920	
	-0.083790	
	-0.061553	
	-0.189087	
	-0.102650	
	-0.030694	
	-0.335434	
	-0.132878	
	-0.019434	
	-0.059244	
	0.160439	
	0.045913	
	0.152644	
	0.161659	
	0.064768	
	-0.002214	
	-0.087138	
	-0.201939	
	-0.328688	
	-0.278696	
	-0.225083	
	-0.006377	
	0.163275	
	-0.039592	
	0.176579	
	-0.072113	
	0.055080	
	0.027905	
	-0.002164	
	-0.181062	
	-0.262145	
	-0.088886	
	-0.102675	
	-0.290540	
	0.137259	
	-0.189860	
	-0.174584	
	0.213069	
	-0.107224	
	0.040792	
	-0.075159	
	-0.289859	
	-0.309737	
	-0.129555	
	0.095132	
	0.065068	
	-0.041484	
	-0.096175	
	0.068853	
	-0.091338	
	0.019940	
	0.134892	
	-0.059545	
	-0.161354	
	-0.304789	
	0.011910	
	-0.008718	
	-0.338835	
	0.185975	
	-0.317870	
	-0.188993	
	0.229607	
	-0.208792	
	0.146453	
	-0.087875	
	-0.243605	
	-0.199013	
	-0.202095	
	-0.240116	
	0.187095	
	0.022191	
	0.052046	
	0.042500	
	0.119179	
	-0.215466	
	0.104546	
	-0.048566	
	-0.181998	
	-0.255472	
	-0.089367	
	0.047658	
	-0.079526	
	0.097561	
	-0.018686	
	-0.097435	
	0.028120	
	-0.137622	
	-0.037207	
	-0.205590	
	0.004560	
	-0.229074	
	-0.292708	
	-0.103150	
	-0.018465	
	-0.113943	
	-0.249839	
	-0.121545	
	-0.117133	
	-0.176210	
	0.121059	
	-0.178709	
	-0.259220	
	-0.055189	
	0.084180	
	-0.191542	
	-0.205566	
	-0.160067	
	-0.176162	
	0.000909	
	-0.131065	
	-0.288789	
	0.156219	
	-0.176961	
	0.092201	
	0.063098	
	-0.149761	
	-0.296430	
	-0.029135	
	0.132266	
	-0.059102	
	-0.099897	
	-0.017627	
	-0.155863	
	0.060798	
	-0.042526	
	0.019678	
	-0.036947	
	-0.107792	
	0.124887	
	0.021314	
	-0.162923	
	-0.041794	
	0.073596	
	0.090861	
	0.027414	
	-0.156777	
	-0.059574	
	-0.127800	
	0.012188	
	-0.028888	
	-0.076061	
	-0.056273	
	0.063533	
	-0.261360	
	-0.087777	
	-0.188679	
	-0.242987	
	0.107325	
	-0.098561	
	-0.225762	
	-0.214352	
	-0.074759	
	-0.204268	
	-0.077282	
	-0.172657	
	-0.121923	
	0.146219	
	-0.028543	
	-0.195943	
	-0.110547	
	-0.346528	
	0.089794	
	0.145517	
	-0.143420	
	-0.014348	
	0.016475	
	-0.009186	
	-0.142271	
	0.050560	
	0.017939	
	-0.078078	
	0.172650	
	-0.244843	
	0.086003	
	-0.164142	
	-0.102301	
	-0.144032	
	-0.006490	
	0.124901	
	-0.008394	
	0.164503	
	0.057620	
	-0.004315	
	0.215172	
	-0.223433	
	-0.122205	
	-0.060462	
	-0.049159	
	-0.126287	
	-0.083993	
	0.058496	
	-0.072089	
	-0.111340	
	-0.093966	
	-0.021573	
	-0.080018	
	-0.165073	
	-0.056295	
	-0.090571	
	-0.075132	
	-0.147862	
	-0.056262	
	0.017846	
	-0.030208	
	-0.029397	
	-0.114105	
	-0.086787	
	-0.168252	
	-0.062020	
	0.048838	
	-0.121562	
	-0.216829	
	-0.130443	
	0.100799	
	-0.175045	
	-0.120514	
	-0.217098	
	-0.120620	
	-0.109617	
	0.163584	
	-0.148575	
	-0.128718	
	-0.210899	
	-0.070183	
	-0.090744	
	-0.288254	
	-0.298446	
	-0.159779	
	-0.087054	
	-0.071465	
	0.015069	
	0.192027	
	-0.083238	
	-0.102730	
	-0.060163	
	-0.085797	
	0.055003	
	-0.027903	
	0.048705	
	-0.233028	
	-0.350193	
	-0.088912	
	0.028910	
	0.103893	
	-0.186902	
	-0.068039	
	0.009908	
	-0.155013	
	-0.198941	
	-0.193541	
	-0.021535	
	-0.000686	
	-0.103352	
	-0.220541	
	-0.168103	
	-0.027272	
	-0.178703	
	-0.165169	
	-0.379700	
	-0.112228	
	-0.144691	
	-0.134339	
	-0.118499	
	0.019799	
	-0.151698	
	-0.188486	
	-0.022028	
	0.207302	
	-0.075760	
	-0.111728	
	-0.042941	
	-0.021282	
	-0.066853	
	-0.072089	
	-0.056655	
	-0.131142	
	0.098428	
	-0.083241	
	-0.068306	
	0.179709	
	-0.064072	
	-0.235590	
	-0.316398	
	-0.049966	
	-0.273295	
	-0.177534	
	-0.088625	
	-0.329443	
	-0.265019	
	-0.258843	
	-0.114934	
	-0.197490	
	-0.005438	
	-0.013079	
	0.102616	
	-0.070850	
	0.001263	
	-0.019572	
	0.091008	
	0.030282	
	-0.142101	
	0.044209	
	0.134381	
	0.162769	
	-0.002671	
	-0.097103	
	-0.047344	
	-0.205957	
	-0.222546	
	-0.172328	
	-0.064063	
	-0.135251	
	-0.028384	
	-0.337868	
	-0.076683	
	-0.234594	
	0.083275	
	0.039385	
	0.068911	
	-0.075397	
	-0.046404	
	0.135135	
	-0.029859	
	-0.072846	
	-0.104178	
	-0.127134	
	-0.245503	
	-0.089474	
	-0.072325	
	-0.067364	
	-0.217155	
	-0.071550	
	-0.128081	
	-0.215900	
	-0.269297	
	-0.201469	
	0.005090	
	-0.003782	
	-0.033786	
	-0.034974	
	0.101251	
	-0.024930	
	-0.215126	
	-0.012871	
	-0.137455	
	0.070547	
	0.033952	
	0.079514	
	0.066683	
	0.201906	
	0.248486	
	0.053188	
	-0.016594	
	0.096302	
	0.204902	
	-0.040285	
	0.098433	
	-0.151520	
	-0.252373	
	-0.149666	
	-0.042637	
	0.081229	
	-0.010624	
	-0.045956	
	0.017446	
	-0.001187	
	-0.217964	
	0.003740	
	-0.144443	
	0.058098	
	0.144091	
	0.099541	
	0.010958	
	0.041862	
	-0.308810	
	-0.149173	
	0.055763	
	-0.133926	
	-0.280465	
	-0.192760	
	-0.262163	
	-0.267175	
	-0.301522	
	-0.343845	
	0.095665	
	-0.313376	
	-0.176663	
	-0.040796	
	0.154204	
	0.069891	
	-0.078637	
	-0.085603	
	-0.040425	
	-0.087913	
	-0.239799	
	-0.136899	
	0.058254	
	-0.304791	
	-0.184839	
	-0.081933	
	-0.067853	
	-0.005897	
	0.100613	
	0.005477	
	0.118908	
	-0.157976	
	-0.054646	
	-0.071605	
	-0.161050	
	-0.100798	
	-0.214561	
	-0.111459	
	0.070409	
	-0.061020	
	-0.110174	
	-0.099881	
	-0.245942	
	-0.070528	
	-0.136269	
	-0.074262	
	-0.091965	
	-0.043838	
	-0.225071	
	-0.140816	
	0.120479	
	0.174933	
	-0.006470	
	0.018041	
	-0.126455	
	0.106060	
	-0.189007	
	-0.139235	
	0.023334	
	-0.004767	
	-0.088299	
	0.142555	
	-0.023272	
	-0.050331	
	-0.124845	
	-0.172249	
	-0.154344	
	-0.113711	
	-0.142473	
	-0.073888	
	0.128893	
	-0.120827	
	-0.178332	
	-0.052090	
	-0.003664	
	-0.106838	
	-0.021491	
	-0.074087	
	0.129198	
	-0.181383	
	0.021755	
	-0.185776	
	-0.090557	
	-0.044071	
	-0.120213	
	0.098601	
	0.038638	
	0.166281	
	-0.007132	
	0.028668	
	0.014718	
	0.001264	
	-0.081931	
	-0.256214	
	0.111995	
	-0.320959	
	-0.258981	
	-0.026744	
	0.105599	
	0.031423	
	-0.000784	
	-0.183210	
	-0.123078	
	-0.128400	
	-0.111989	
	-0.120540	
	-0.331249	
	-0.192376	
	-0.134917	
	-0.129300	
	-0.138089	
	-0.144736	
	-0.179042	
	-0.216871	
	-0.329374	
	-0.333020	
	-0.322895	
	-0.362398	
	-0.392029	
	-0.302825	
	-0.250644	
	-0.104668	
	0.000000	
	0.000000	
	0.000000	
	0.000000	
	0.000000	
	0.000000	
	0.000000	
	0.000000	
	0.000000	
	0.000000	
