_Mode		
	-0.101093	
	-0.115413	
	-0.089110	
	-0.206074	
	-0.008175	
	0.007088	
	-0.078869	
	-0.021254	
	0.195166	
	-0.118576	
	-0.145799	
	-0.091058	
	0.039110	
	0.148308	
	-0.126756	
	-0.021976	
	-0.109793	
	0.034804	
	-0.058281	
	-0.194084	
	0.156819	
	-0.084209	
	-0.140820	
	-0.097703	
	-0.107323	
	0.009779	
	0.003185	
	0.204632	
	-0.056121	
	-0.014543	
	-0.025609	
	-0.173530	
	0.016700	
	-0.243542	
	-0.171126	
	-0.025285	
	-0.026586	
	-0.012710	
	-0.043067	
	0.160689	
	0.170469	
	0.094867	
	-0.083143	
	-0.057970	
	0.072381	
	0.157968	
	0.097107	
	-0.040302	
	-0.213319	
	0.050009	
	0.116436	
	0.184402	
	-0.051039	
	-0.203350	
	0.050945	
	-0.025565	
	-0.060223	
	-0.134731	
	-0.043407	
	0.037369	
	-0.040100	
	0.108832	
	-0.076338	
	0.005493	
	-0.147334	
	-0.089595	
	-0.178957	
	0.100140	
	-0.032178	
	0.015529	
	-0.065846	
	0.068975	
	-0.027246	
	-0.001918	
	-0.052350	
	0.106488	
	0.045430	
	0.069960	
	-0.103614	
	-0.151826	
	0.056046	
	0.019699	
	-0.001134	
	0.109008	
	0.339271	
	-0.098461	
	-0.018963	
	-0.106280	
	0.121462	
	-0.135842	
	0.227456	
	0.131657	
	0.041355	
	0.105186	
	0.115635	
	0.071739	
	-0.129340	
	-0.035062	
	0.033329	
	0.109801	
	0.151545	
	0.010982	
	0.003002	
	-0.205275	
	-0.037488	
	0.182924	
	0.081266	
	0.011232	
	-0.190443	
	0.110019	
	-0.077402	
	-0.083179	
	-0.182902	
	-0.096179	
	-0.040862	
	0.038667	
	-0.103137	
	0.014175	
	0.109481	
	0.068401	
	-0.029480	
	0.045612	
	-0.043995	
	-0.042221	
	-0.124158	
	-0.126811	
	0.005719	
	0.049661	
	-0.089352	
	-0.050972	
	-0.078212	
	-0.091120	
	-0.013949	
	0.037166	
	0.122060	
	0.212899	
	-0.077740	
	-0.059215	
	-0.044255	
	-0.037695	
	-0.007637	
	0.072393	
	-0.104959	
	0.082871	
	-0.105018	
	-0.068695	
	0.167407	
	-0.168637	
	-0.076904	
	0.098790	
	0.106729	
	0.031816	
	-0.127550	
	0.039774	
	-0.084883	
	-0.097589	
	0.101700	
	0.152728	
	0.174948	
	0.190687	
	-0.026456	
	0.140765	
	-0.062272	
	0.063523	
	0.156872	
	-0.037127	
	-0.081907	
	-0.054918	
	-0.299462	
	-0.148729	
	0.036195	
	0.004070	
	0.012415	
	0.047061	
	-0.035630	
	0.124977	
	-0.134208	
	-0.002797	
	0.034583	
	-0.080345	
	0.053264	
	-0.099170	
	0.105143	
	0.136914	
	0.043353	
	0.020035	
	0.150341	
	0.090260	
	0.190500	
	-0.038572	
	-0.044091	
	-0.011219	
	-0.060887	
	0.009183	
	-0.165588	
	-0.036338	
	-0.072513	
	0.130807	
	0.013000	
	0.039617	
	0.090697	
	0.073923	
	-0.092463	
	0.016182	
	-0.027760	
	-0.307819	
	0.053455	
	-0.200910	
	0.107277	
	-0.108389	
	0.070263	
	0.004251	
	0.093570	
	0.181315	
	0.004614	
	0.080579	
	0.338852	
	-0.148874	
	-0.231817	
	0.136766	
	0.040087	
	0.181414	
	0.059169	
	-0.087028	
	-0.027672	
	-0.058663	
	-0.120511	
	0.196793	
	0.247204	
	0.013736	
	-0.111380	
	0.084942	
	-0.191751	
	-0.056987	
	-0.193274	
	-0.016904	
	-0.017489	
	-0.123576	
	0.011030	
	0.004440	
	-0.100111	
	-0.098576	
	0.007561	
	0.156714	
	0.071961	
	0.088962	
	0.120250	
	0.102021	
	-0.114983	
	-0.106190	
	0.141516	
	-0.112981	
	0.165008	
	0.077234	
	-0.104709	
	0.074794	
	0.186657	
	-0.070408	
	-0.194411	
	-0.037953	
	0.188536	
	-0.153572	
	0.081008	
	0.081349	
	-0.155789	
	-0.094576	
	-0.094631	
	0.023960	
	0.051064	
	-0.149206	
	-0.009846	
	0.090014	
	-0.079089	
	0.035980	
	-0.200568	
	-0.035110	
	0.067662	
	-0.129594	
	-0.001762	
	0.024170	
	-0.002806	
	-0.022815	
	-0.041726	
	-0.128381	
	0.266114	
	0.113157	
	0.004469	
	-0.086752	
	-0.145850	
	0.063184	
	0.041737	
	0.079207	
	0.094040	
	0.104053	
	-0.074593	
	-0.023159	
	-0.067639	
	-0.279765	
	-0.010664	
	0.170283	
	0.146265	
	0.145833	
	0.048545	
	0.026824	
	-0.000502	
	-0.069860	
	0.023918	
	0.099087	
	-0.053720	
	0.051069	
	0.095649	
	-0.028141	
	-0.031206	
	0.134055	
	-0.097374	
	-0.040046	
	0.111510	
	0.315692	
	0.088726	
	-0.012535	
	0.032112	
	-0.110780	
	0.179991	
	0.075054	
	-0.101936	
	0.138673	
	0.164950	
	-0.010723	
	0.080156	
	-0.105319	
	-0.033941	
	-0.186606	
	-0.030307	
	-0.226550	
	-0.039905	
	-0.132085	
	-0.007965	
	-0.062122	
	0.034926	
	-0.043167	
	0.042191	
	0.024490	
	0.074926	
	0.053573	
	-0.036357	
	0.090001	
	0.165356	
	-0.052633	
	0.116391	
	0.124489	
	0.025516	
	-0.042768	
	-0.146253	
	0.000013	
	-0.098723	
	-0.071196	
	0.116158	
	-0.163306	
	-0.040161	
	0.080454	
	-0.045542	
	0.031079	
	0.059175	
	-0.228293	
	-0.176769	
	-0.077973	
	0.066262	
	-0.053138	
	0.074167	
	0.148329	
	-0.037675	
	0.278028	
	0.154356	
	0.226723	
	0.067786	
	0.029295	
	-0.207649	
	-0.006505	
	-0.049104	
	0.026821	
	0.037663	
