_Brightness		
	NaN	
	NaN	
	NaN	
	0.249594	
	0.133210	
	0.101796	
	0.114362	
	0.109019	
	0.181365	
	0.132981	
	0.128425	
	0.119170	
	0.102949	
	0.102116	
	0.089647	
	0.111362	
	0.087924	
	0.087310	
	0.088145	
	0.093072	
	0.158162	
	0.133162	
	0.144676	
	0.185039	
	0.263820	
	0.164808	
	0.145792	
	0.118218	
	0.130855	
	0.113005	
	0.114730	
	0.114386	
	0.112476	
	0.071034	
	0.046616	
	0.067845	
	0.068657	
	0.204296	
	0.178476	
	0.169840	
	0.169191	
	0.183079	
	0.173190	
	0.152183	
	0.127112	
	0.126354	
	0.126867	
	0.132677	
	0.111299	
	0.089130	
	0.082323	
	0.104707	
	0.086686	
	0.070807	
	0.158007	
	0.224086	
	0.168262	
	0.159114	
	0.138096	
	0.104057	
	0.171720	
	0.125394	
	0.121752	
	0.104637	
	0.097113	
	0.100230	
	0.105183	
	0.107686	
	0.076693	
	0.064983	
	0.067171	
	0.090226	
	0.125605	
	0.136609	
	0.152861	
	0.153690	
	0.168644	
	0.083147	
	0.162270	
	0.109855	
	0.123903	
	0.111472	
	0.093751	
	0.093538	
	0.140440	
	0.166924	
	0.141318	
	0.143362	
	0.116804	
	0.192465	
	0.195379	
	0.160212	
	0.155536	
	0.151370	
	0.133519	
	0.150177	
	0.141578	
	0.174841	
	0.114723	
	0.105297	
	0.115638	
	0.175852	
	0.192208	
	0.155261	
	0.172902	
	0.165601	
	0.158521	
	0.122550	
	0.101657	
	0.120185	
	0.119766	
	0.178771	
	0.118439	
	0.073947	
	0.081159	
	0.066527	
	0.072575	
	0.072101	
	0.090977	
	0.111028	
	0.115309	
	0.119142	
	0.108868	
	0.099346	
	0.130558	
	0.128546	
	0.123908	
	0.135149	
	0.131521	
	0.152699	
	0.151571	
	0.150605	
	0.148543	
	0.133809	
	0.137437	
	0.112244	
	0.116366	
	0.121732	
	0.075820	
	0.071638	
	0.082246	
	0.066558	
	0.085154	
	0.066987	
	0.052441	
	0.054841	
	0.089163	
	0.075763	
	0.056524	
	0.050757	
	0.058513	
	0.059201	
	0.052017	
	0.095924	
	0.074831	
	0.081947	
	0.092001	
	0.074587	
	0.099340	
	0.068820	
	0.037872	
	0.027121	
	0.051116	
	0.063165	
	0.097737	
	0.144211	
	0.077638	
	0.057861	
	0.058821	
	0.076140	
	0.050169	
	0.052673	
	0.055800	
	0.057375	
	0.151833	
	0.099936	
	0.128486	
	0.077877	
	0.060045	
	0.093564	
	0.100761	
	0.170152	
	0.114723	
	0.083786	
	0.055609	
	0.046028	
	0.074742	
	0.061972	
	0.048985	
	0.056378	
	0.108072	
	0.063474	
	0.066753	
	0.148186	
	0.058596	
	0.057290	
	0.154361	
	0.237012	
	0.200215	
	0.190535	
	0.069377	
	0.037413	
	0.054285	
	0.053249	
	0.055232	
	0.057068	
	0.043260	
	0.075814	
	0.090320	
	0.172271	
	0.129170	
	0.080032	
	0.047931	
	0.042470	
	0.043705	
	0.109612	
	0.102594	
	0.073810	
	0.037964	
	0.053303	
	0.052739	
	0.057537	
	0.055556	
	0.049610	
	0.042910	
	0.059357	
	0.057798	
	0.053536	
	0.076576	
	0.066157	
	0.145484	
	0.168578	
	0.101426	
	0.116947	
	0.060474	
	0.049289	
	0.047939	
	0.071078	
	0.081835	
	0.073549	
	0.112330	
	0.052031	
	0.060344	
	0.053090	
	0.104372	
	0.131762	
	0.063134	
	0.057262	
	0.071323	
	0.138328	
	0.121473	
	0.222527	
	0.155821	
	0.047526	
	0.052230	
	0.039584	
	0.077716	
	0.053858	
	0.075555	
	0.074204	
	0.106773	
	0.118016	
	0.083193	
	0.113216	
	0.051354	
	0.048539	
	0.037255	
	0.073498	
	0.095982	
	0.104067	
	0.106527	
	0.135284	
	0.047353	
	0.073720	
	0.046683	
	0.067905	
	0.068650	
	0.055200	
	0.092896	
	0.053088	
	0.072084	
	0.087816	
	0.169402	
	0.139584	
	0.157400	
	0.127497	
	0.092157	
	0.094690	
	0.074345	
	0.077871	
	0.100825	
	0.102164	
	0.097908	
	0.073617	
	0.116978	
	0.174299	
	0.169683	
	0.185197	
	0.175543	
	0.152638	
	0.136674	
	0.183451	
	0.221561	
	0.270424	
	0.268523	
	0.158684	
	0.191558	
	0.264316	
	0.365494	
	0.399231	
	0.406758	
	0.331028	
	0.322798	
	0.270445	
	0.195996	
	0.237636	
	0.232833	
	0.236950	
	0.162637	
	0.133132	
	0.166601	
	0.162353	
	0.174586	
	0.174299	
	0.082142	
	0.111834	
	0.078267	
	0.100942	
	0.091808	
	0.086855	
	0.112780	
	0.126175	
	0.124590	
	0.118052	
	0.137576	
	0.147117	
	0.168288	
	0.137535	
	0.129853	
	0.168711	
	0.144705	
	0.167890	
	0.161428	
	0.141345	
	0.167151	
	0.169103	
	0.169415	
	0.162606	
	0.148901	
	0.151093	
	0.221962	
	0.215703	
	0.209933	
	0.194069	
	0.156003	
	0.172483	
	0.172377	
	0.174353	
	0.164952	
	0.136587	
	0.165864	
	0.143764	
	0.170108	
	0.160216	
	0.167457	
	0.111105	
	0.115209	
	0.107539	
	0.127930	
	0.135351	
	0.113412	
	0.130673	
	0.151007	
	0.143967	
	0.153444	
	0.161576	
	0.137737	
	0.143293	
	0.139547	
	0.183023	
	0.236029	
	0.291984	
	0.271462	
	0.175217	
	0.115757	
	0.116845	
	0.127459	
	0.158758	
	0.178281	
	0.169681	
	0.130330	
	0.182824	
	0.225416	
	0.219083	
	0.239749	
	0.266074	
	0.282790	
	0.292889	
	0.278251	
	0.227298	
	0.333931	
	0.156614	
	0.134246	
	0.154945	
	0.140766	
	0.158909	
	0.166512	
	0.150350	
	0.109360	
	0.121256	
	0.123885	
	0.150736	
	0.188620	
	0.130499	
	0.145777	
	0.167087	
	0.167955	
	0.178144	
	0.206984	
	0.160046	
	0.154026	
	0.188518	
	0.160981	
	0.164253	
	0.143226	
	0.128372	
	0.143000	
	0.151981	
	0.153514	
	0.214932	
	0.357746	
	0.370708	
	0.386855	
	0.338914	
	0.313234	
	0.266740	
	0.298670	
	0.297845	
	0.362178	
	0.340567	
	0.428443	
	0.528440	
	0.532563	
	0.599246	
	0.572243	
	0.557274	
	0.412982	
	0.451013	
	0.491911	
	0.556624	
	0.531612	
	0.477665	
	0.487731	
	0.539545	
	0.525009	
	0.544932	
	0.585583	
	0.502506	
	0.593694	
	0.514563	
	0.525917	
	0.589612	
	0.511528	
	0.513231	
	0.469133	
	0.543314	
	0.551793	
	0.526779	
	0.479541	
	0.552526	
	0.542192	
	0.570605	
	0.537400	
	0.559593	
	0.574205	
	0.591484	
	0.548601	
	0.573413	
	0.559883	
	0.493657	
	0.508421	
	0.500654	
	0.493928	
	0.503277	
	0.482573	
	0.444846	
	0.509841	
	0.621155	
	0.602705	
	0.532561	
	0.489956	
	0.375172	
	0.346062	
	0.444108	
	0.499303	
	0.516393	
	0.458241	
	0.480750	
	0.452076	
	0.442383	
	0.339716	
	0.334031	
	0.466262	
	0.436265	
	0.461721	
	0.498833	
	0.567241	
	0.567195	
	0.526134	
	0.663518	
	0.636736	
	0.670411	
	0.566592	
	0.537748	
	0.586020	
	0.510454	
	0.577884	
	0.564728	
	0.581996	
	0.534373	
	0.618772	
	0.620718	
	0.570277	
	0.502445	
	0.477189	
	0.492435	
	0.549955	
	0.574577	
	0.573408	
	0.551331	
	0.537563	
	0.582288	
	0.626236	
	0.527828	
	0.538247	
	0.505252	
	0.471552	
	0.705182	
	0.639350	
	0.609035	
	0.597863	
	0.516158	
	0.306339	
	0.333024	
	0.404452	
	0.454669	
	0.431222	
	0.410350	
	0.537046	
	0.502127	
	0.507156	
	0.498968	
	0.472185	
	0.441740	
	0.440833	
	0.326506	
	0.334258	
	0.310285	
	0.254733	
	0.228947	
	0.151387	
	0.168484	
	0.156789	
	0.183321	
	0.233380	
	0.345007	
	0.321742	
	0.431577	
	0.394525	
	0.300895	
	0.261451	
	0.232987	
	0.264440	
	0.295821	
	0.280864	
	0.299102	
	0.631383	
	0.726397	
	0.812401	
	0.831405	
	0.785675	
	0.769059	
	0.755751	
	0.764905	
	0.660361	
	0.333661	
	0.280079	
	0.277626	
	0.246340	
	0.246640	
	0.270877	
	0.267522	
	0.301322	
	0.261745	
	0.259711	
	0.271662	
	0.275547	
	0.261185	
	0.292103	
	0.250748	
	0.230788	
	0.168214	
	0.235139	
	0.417611	
	0.428095	
	0.379112	
	0.254579	
	0.200049	
	0.229463	
	0.197063	
	0.173894	
	0.184926	
	0.173859	
	0.191882	
	0.201773	
	0.222658	
	0.230608	
	0.276923	
	0.291892	
	0.338926	
	0.388451	
	0.395394	
	0.408993	
	0.457842	
	0.307410	
	0.253038	
	0.281432	
	0.233162	
	0.194583	
	0.189409	
	0.259877	
	0.166362	
	0.204799	
	0.178629	
	0.187923	
	0.159348	
	0.191324	
	0.178205	
	0.186681	
	0.169721	
	0.201110	
	0.187226	
	0.306300	
	0.263951	
	0.195802	
	0.177813	
	0.162970	
	0.123664	
	0.149592	
	0.141441	
	0.140917	
	0.160305	
	0.145683	
	0.130082	
	0.150749	
	0.184869	
	0.169498	
	0.147825	
	0.160283	
	0.164765	
	0.304095	
	0.305124	
	0.180503	
	0.142198	
	0.134675	
	0.137452	
	0.128165	
	0.168745	
	0.203799	
	0.237695	
	0.249794	
	0.238639	
	0.248908	
	0.327446	
	0.457275	
	0.532335	
	0.518887	
	0.478174	
	0.626797	
	0.860363	
	0.649100	
	0.299646	
	0.325591	
	0.272956	
	0.281375	
	0.286670	
	0.278458	
	0.253318	
	0.159426	
	0.302642	
	0.329536	
	0.330719	
	0.348305	
	0.308200	
	0.281108	
	0.255718	
	0.415247	
	0.490530	
	0.518068	
	0.473084	
	0.454251	
	0.335108	
	0.253517	
	0.278715	
	0.422821	
	0.479598	
	0.310866	
	0.196984	
	0.138783	
	0.104879	
	0.143664	
	0.259873	
	0.406419	
	0.481275	
	0.553729	
	0.558889	
	0.567057	
	0.552613	
	0.422011	
	0.341485	
	0.234426	
	0.217170	
	0.297109	
	0.329806	
	0.346170	
	0.223922	
	0.163345	
	0.159965	
	0.200341	
	0.241010	
	0.237626	
	0.226386	
	0.231619	
	0.225330	
	0.217266	
	0.225406	
	0.252178	
	0.285578	
	0.227963	
	0.198960	
	0.206674	
	0.226203	
	0.263162	
	0.317224	
	0.267737	
	0.245070	
	0.310191	
	0.319241	
	0.340666	
	0.334996	
	0.343237	
	0.322158	
	0.312412	
	0.286861	
	0.219039	
	0.207859	
	0.384380	
	0.284548	
	0.220424	
	0.169044	
	0.154581	
	0.153461	
	0.145167	
	0.118371	
	0.089996	
	0.106237	
	0.092641	
	0.081502	
	0.096924	
	0.084439	
	0.110780	
	0.080695	
	0.073989	
	0.097842	
	0.182911	
	0.428866	
	0.305330	
	0.200392	
	0.192618	
	0.169555	
	0.171699	
	0.160722	
	0.143825	
	0.155107	
	0.134290	
	0.135594	
	0.147799	
	0.162994	
	0.173025	
	0.186536	
	0.194373	
	0.201078	
	0.230220	
	0.284705	
	0.367803	
	0.418767	
	0.332554	
	0.246685	
	0.214214	
	0.202130	
	0.202214	
	0.209401	
	0.196377	
	0.193538	
	0.233183	
	0.212799	
	0.217410	
	0.186047	
	0.117850	
	0.104530	
	0.086677	
	0.084737	
	0.129735	
	0.302275	
	0.360084	
	0.221508	
	0.194431	
	0.160239	
	0.155154	
	0.139659	
	0.117142	
	0.129501	
	0.212292	
	0.441216	
	0.431788	
	0.281343	
	0.496165	
	0.534107	
	0.491301	
	0.510382	
	0.523301	
	0.758245	
	0.767393	
	0.387020	
	0.227376	
	0.216793	
	0.240235	
	0.155985	
	0.142050	
	0.237305	
	0.345934	
	0.496207	
	0.595375	
	0.623425	
	0.635527	
	0.595859	
	0.583053	
	0.497579	
	0.339291	
	0.229899	
	0.236027	
	0.216291	
	0.260823	
	0.216597	
	0.266391	
	0.346221	
	0.288554	
	0.170182	
	0.198483	
	0.242402	
	0.217548	
	0.167274	
	0.135459	
	0.196037	
	0.592541	
	0.748925	
	0.702066	
	0.439806	
	0.428191	
	0.434257	
	0.468863	
	0.354921	
	0.280948	
	0.290235	
	0.492675	
	0.530195	
	0.436454	
	0.400583	
	0.413135	
	0.379872	
	0.299177	
	0.152957	
	0.179706	
	0.691877	
	0.702857	
	0.261078	
	0.241070	
	0.236903	
	0.224405	
	0.211763	
	0.231024	
	0.221011	
	0.240638	
	0.257537	
	0.217979	
	0.218597	
	0.211371	
	0.224591	
	0.321198	
	0.372739	
	0.407657	
	0.458672	
	0.438213	
	0.408611	
	0.401473	
	0.383142	
	0.354613	
	0.324810	
	0.304957	
	0.308616	
	0.325824	
	0.350269	
	0.271027	
	0.200202	
	0.186666	
	0.150659	
	0.157142	
	0.144728	
	0.163457	
	0.153316	
	0.143784	
	0.132162	
	0.132697	
	0.129799	
	0.120131	
	0.122468	
	0.154728	
	0.145460	
	0.136035	
	0.282826	
	0.311828	
	0.199321	
	0.182528	
	0.190735	
	0.148297	
	0.130274	
	0.126693	
	0.152961	
	0.205978	
	0.185090	
	0.190698	
	0.176709	
	0.175963	
	0.249505	
	0.257991	
	0.190957	
	0.189391	
	0.234414	
	0.258933	
	0.246160	
	0.249374	
	0.157682	
	0.149146	
	0.126899	
	0.119730	
	0.120318	
	0.113348	
	0.126081	
	0.126913	
	0.131098	
	0.137232	
	0.137649	
	0.131208	
	0.146095	
	0.189016	
	0.180050	
	0.191445	
	0.164947	
	0.263581	
	0.361907	
	0.274229	
	0.230651	
	0.207782	
	0.198930	
	0.159548	
	0.152246	
	0.154118	
	0.127810	
	0.147035	
	0.302522	
	0.446782	
	0.387641	
	0.276408	
	0.239510	
	0.321280	
	0.293128	
	0.254413	
	0.244610	
	0.190021	
	0.184577	
	0.241861	
	0.172566	
	0.166490	
	0.177916	
	0.206362	
	0.273625	
	0.401261	
	0.431160	
	0.337402	
	0.246188	
	0.186681	
	0.182548	
	0.226805	
	0.197966	
	0.229724	
	0.284413	
	0.291290	
	0.334680	
	0.348373	
	0.352739	
	0.320903	
	0.551102	
	0.648967	
	0.663236	
	0.669312	
	0.670264	
	0.451017	
	0.212440	
	0.180968	
	0.306645	
	0.452657	
	0.466117	
	0.469605	
	0.447199	
	0.365197	
	0.329383	
	0.281220	
	0.312156	
	0.223778	
	0.290220	
	0.262238	
	0.250994	
	0.267633	
	0.270783	
	0.243433	
	0.247167	
	0.206243	
	0.227717	
	0.247691	
	0.295588	
	0.367584	
	0.454161	
	0.454286	
	0.440078	
	0.442352	
	0.443234	
	0.444475	
	0.375233	
	0.308119	
	0.324027	
	0.287602	
	0.268124	
	0.350930	
	0.290681	
	0.266174	
	0.230116	
	0.279860	
	0.304890	
	0.334492	
	0.319333	
	0.335380	
	0.321683	
	0.306699	
	0.393935	
	0.448408	
	0.428917	
	0.469792	
	0.436144	
	0.368457	
	0.396240	
	0.410811	
	0.484788	
	0.497866	
	0.422847	
	0.314609	
	0.481227	
	0.531858	
	0.470952	
	0.473465	
	0.520141	
	0.297756	
	0.298851	
	0.418675	
	0.435998	
	0.404626	
	0.342856	
	0.274795	
	0.416946	
	0.461664	
	0.467993	
	0.488377	
	0.470198	
	0.454838	
	0.495277	
	0.502974	
	0.441988	
	0.323289	
	0.386308	
	0.276373	
	0.495501	
	0.578331	
	0.553617	
	0.474954	
	0.460859	
	0.458610	
	0.438942	
	0.375961	
	0.328020	
	0.308677	
	0.236112	
	0.171674	
	0.366573	
	0.531957	
	0.564460	
	0.539340	
	0.485755	
	0.367267	
	0.369188	
	0.300710	
	0.252417	
	0.208654	
	0.251147	
	0.383103	
	0.426979	
	0.308270	
	0.374589	
	0.424371	
	0.396752	
	0.398546	
	0.358245	
	0.277955	
	0.190785	
	0.219895	
	0.374429	
	0.347374	
	0.364065	
	0.279707	
	0.247172	
	0.474451	
	0.480265	
	0.557016	
	0.506150	
	0.459436	
	0.426309	
	0.354066	
	0.264299	
	0.204972	
	0.200219	
	0.163887	
	0.185052	
	0.218379	
	0.280090	
	0.277974	
	0.234608	
	0.194201	
	0.186363	
	0.130614	
	0.199604	
	0.442118	
	0.513921	
	0.473868	
	0.398492	
	0.320266	
	0.269413	
	0.334220	
	0.277499	
	0.212531	
	0.229875	
	0.161093	
	0.149340	
	0.249052	
	0.493634	
	0.591332	
	0.614314	
	0.657871	
	0.703139	
	0.545662	
	0.455783	
	0.502755	
	0.437189	
	0.407370	
	0.432732	
	0.457340	
	0.470828	
	0.448742	
	0.328269	
	0.191708	
	0.225866	
	0.412470	
	0.384468	
	0.317020	
	0.305211	
	0.312022	
	0.328359	
	0.234183	
	0.223562	
	0.219215	
	0.176010	
	0.169325	
	0.174193	
	0.183310	
	0.232936	
	0.361707	
	0.284902	
	0.339759	
	0.402379	
	0.360539	
	0.351626	
	0.397379	
	0.336072	
	0.235102	
	0.223720	
	0.243026	
	0.233020	
	0.223443	
	0.239843	
	0.215053	
	0.289320	
	0.266970	
	0.198169	
	0.200855	
	0.205806	
	0.198337	
	0.245879	
	0.207226	
	0.199785	
	0.189377	
	0.185906	
	0.194835	
	0.213273	
	0.287351	
	0.435984	
	0.419622	
	0.394317	
	0.346434	
	0.354253	
	0.340438	
	0.291539	
	0.229859	
	0.218155	
	0.302323	
	0.247660	
	0.290578	
	0.445113	
	0.496842	
	0.439646	
	0.446000	
	0.409282	
	0.340722	
	0.271288	
	0.286628	
	0.302326	
	0.301546	
	0.263128	
	0.237045	
	0.193435	
	0.368822	
	0.519741	
	0.591610	
	0.509948	
	0.487973	
	0.347982	
	0.295157	
	0.239093	
	0.176816	
	0.194591	
	0.234841	
	0.245884	
	0.252190	
	0.235337	
	0.242005	
	0.358571	
	0.451151	
	0.357661	
	0.265520	
	0.199021	
	0.198067	
	0.196848	
	0.212520	
	0.267443	
	0.244162	
	0.336092	
	0.272447	
	0.181531	
	0.170868	
	0.153564	
	0.141485	
	0.096768	
	0.100359	
	0.133777	
	0.136706	
	0.196408	
	0.243105	
	0.307330	
	0.316989	
	0.378264	
	0.340054	
	0.255168	
	0.288811	
	0.367425	
	0.313144	
	0.263337	
	0.253431	
	0.176929	
	0.147813	
	0.129012	
	0.158464	
	0.171439	
	0.216191	
	0.298020	
	0.261867	
	0.226737	
	0.191493	
	0.222231	
	0.281651	
	0.346513	
	0.355870	
	0.294154	
	0.230149	
	0.280893	
	0.344305	
	0.339731	
	0.275245	
	0.279081	
	0.236544	
	0.212877	
	0.165407	
	0.209799	
	0.301019	
	0.320178	
	0.346477	
	0.735791	
	0.828920	
	0.822497	
	0.805908	
	0.833451	
	0.663156	
	0.338051	
	0.261211	
	0.236061	
	0.234597	
	0.168060	
	0.136095	
	0.133872	
	0.139789	
	0.166414	
	0.185025	
	0.232125	
	0.288313	
	0.595873	
	0.629682	
	0.672084	
	0.648034	
	0.544407	
	0.508011	
	0.512915	
	0.366021	
	0.289470	
	0.278882	
	0.238083	
	0.272504	
	0.291010	
	0.352854	
	0.313649	
	0.321212	
	0.282193	
	0.303636	
	0.289692	
	0.318209	
	0.292266	
	0.334455	
	0.342201	
	0.410851	
	0.414899	
	0.396417	
	0.256226	
	0.146737	
	0.174244	
	0.167311	
	0.235140	
	0.305537	
	0.246403	
	0.198215	
	0.329992	
	0.317306	
	0.364371	
	0.404690	
	0.325231	
	0.216649	
	0.176093	
	0.159798	
	0.166328	
	0.170331	
	0.137614	
	0.138047	
	0.160365	
	0.221313	
	0.168185	
	0.140771	
	0.266820	
	0.402451	
	0.408227	
	0.358509	
	0.326037	
	0.188510	
	0.202753	
	0.310171	
	0.359485	
	0.337003	
	0.337325	
	0.487284	
	0.731621	
	0.778808	
	0.752962	
	0.673766	
	0.700064	
	0.731200	
	0.554129	
	0.495942	
	0.477526	
	0.369322	
	0.424726	
	0.407201	
	0.394480	
	0.375396	
	0.371414	
	0.351665	
	0.301697	
	0.238611	
	0.244204	
	0.215276	
	0.212318	
	0.238871	
	0.233013	
	0.212649	
	0.227164	
	0.232302	
	0.190326	
	0.265175	
	0.354773	
	0.274434	
	0.217962	
	0.178610	
	0.200384	
	0.197586	
	0.189510	
	0.171735	
	0.178268	
	0.168672	
	0.187388	
	0.206056	
	0.224485	
	0.270457	
	0.286175	
	0.279326	
	0.187745	
	0.205003	
	0.202397	
	0.213962	
	0.284134	
	0.238770	
	0.204931	
	0.203553	
	0.171444	
	0.156556	
	0.141232	
	0.191422	
	0.238369	
	0.266767	
	0.361922	
	0.466419	
	0.383888	
	0.293929	
	0.268681	
	0.278467	
	0.262681	
	0.212098	
	0.247775	
	0.255770	
	0.271092	
	0.281553	
	0.276424	
	0.294428	
	0.270954	
	0.238997	
	0.256212	
	0.239783	
	0.243220	
	0.227995	
	0.179853	
	0.163752	
	0.148014	
	0.145993	
	0.143762	
	0.214815	
	0.420152	
	0.579909	
	0.565203	
	0.514641	
	0.444588	
	0.412090	
	0.318252	
	0.233049	
	0.211866	
	0.174883	
	0.165946	
	0.171952	
	0.227013	
	0.203155	
	0.225380	
	0.230820	
	0.227963	
	0.249444	
	0.253603	
	0.227508	
	0.234338	
	0.263013	
	0.253703	
	0.264182	
	0.320391	
	0.322087	
	0.263772	
	0.213539	
	0.192655	
	0.208109	
	0.185228	
	0.219962	
	0.256655	
	0.204001	
	0.186106	
	0.170553	
	0.220846	
	0.240784	
	0.186034	
	0.183828	
	0.223808	
	0.152106	
	0.148125	
	0.187905	
	0.262563	
	0.306836	
	0.299077	
	0.207045	
	0.346430	
	0.363635	
	0.340005	
	0.304515	
	0.300057	
	0.326697	
	0.333997	
	0.302110	
	0.316798	
	0.335654	
	0.391049	
	0.400485	
	0.293698	
	0.224048	
	0.210784	
	0.209147	
	0.249237	
	0.299359	
	0.253691	
	0.187602	
	0.285774	
	0.338387	
	0.352078	
	0.290118	
	0.242100	
	0.206905	
	0.191470	
	0.215344	
	0.210496	
	0.179523	
	0.206000	
	0.171447	
	0.169926	
	0.171516	
	0.218898	
	0.199959	
	0.174921	
	0.178890	
	0.233887	
	0.198267	
	0.258749	
	0.386224	
	0.388140	
	0.311029	
	0.228989	
	0.197203	
	0.187832	
	0.161976	
	0.157870	
	0.154874	
	0.146431	
	0.161174	
	0.122581	
	0.127329	
	0.275008	
	0.361273	
	0.284580	
	0.304336	
	0.266473	
	0.188323	
	0.173243	
	0.161236	
	0.137682	
	0.172134	
	0.136532	
	0.114203	
	0.113043	
	0.143402	
	0.166669	
	0.176073	
	0.212668	
	0.260950	
	0.323813	
	0.294088	
	0.281633	
	0.262130	
	0.226606	
	0.233662	
	0.226161	
	0.175513	
	0.137970	
	0.139836	
	0.140465	
	0.187384	
	0.228890	
	0.227188	
	0.232358	
	0.207387	
	0.193951	
	0.161146	
	0.121219	
	0.197584	
	0.288549	
	0.206979	
	0.260462	
	0.269788	
	0.322771	
	0.356557	
	0.386611	
	0.393431	
	0.324436	
	0.505382	
	0.647785	
	0.692680	
	0.760950	
	0.768536	
	0.677643	
	0.366994	
	0.164319	
	0.237969	
	0.392533	
	0.413905	
	0.383781	
	0.377829	
	0.380624	
	0.330778	
	0.254702	
	0.274706	
	0.242331	
	0.233100	
	0.179725	
	0.156042	
	0.125713	
	0.124630	
	0.111564	
	0.124040	
	0.134391	
	0.106326	
	0.125221	
	0.209695	
	0.301523	
	0.377729	
	0.406814	
	0.424383	
	0.459243	
	0.428198	
	0.480546	
	0.399405	
	0.320099	
	0.285087	
	0.270653	
	0.263520	
	0.288757	
	0.281958	
	0.266198	
	0.239784	
	0.308913	
	0.398156	
	0.481177	
	0.486684	
	0.408315	
	0.466403	
	0.419046	
	0.315186	
	0.237466	
	0.261701	
	0.258930	
	0.286425	
	0.270627	
	0.257759	
	0.244679	
	0.240299	
	0.276295	
	0.375507	
	0.437527	
	0.363719	
	0.454746	
	0.316820	
	0.196371	
	0.228590	
	0.341194	
	0.308444	
	0.265066	
	0.168877	
	0.191109	
	0.422625	
	0.505589	
	0.344503	
	0.307067	
	0.222540	
	0.214985	
	0.191333	
	0.164823	
	0.179958	
	0.184009	
	0.163081	
	0.154034	
	0.206796	
	0.231286	
	0.477779	
	0.483229	
	0.421278	
	0.471914	
	0.375063	
	0.280227	
	0.314316	
	0.330066	
	0.222814	
	0.131718	
	0.114777	
	0.119521	
	0.131716	
	0.255443	
	0.505630	
	0.437392	
	0.377045	
	0.324916	
	0.242323	
	0.200593	
	0.227418	
	0.218837	
	0.204476	
	0.216763	
	0.246610	
	0.325603	
	0.424948	
	0.379656	
	0.308524	
	0.280317	
	0.212638	
	0.173653	
	0.157053	
	0.193244	
	0.232970	
	0.233540	
	0.312887	
	0.343254	
	0.354558	
	0.279338	
	0.228196	
	0.224766	
	0.184056	
	0.220517	
	0.174559	
	0.209749	
	0.230533	
	0.284210	
	0.264257	
	0.300859	
	0.406186	
	0.355220	
	0.259913	
	0.174887	
	0.151543	
	0.152944	
	0.154675	
	0.211033	
	0.192963	
	0.214305	
	0.337010	
	0.398103	
	0.442620	
	0.424043	
	0.467515	
	0.458585	
	0.382205	
	0.293108	
	0.212120	
	0.228065	
	0.200833	
	0.236971	
	0.241916	
	0.178133	
	0.147444	
	0.126253	
	0.134020	
	0.149646	
	0.143407	
	0.168320	
	0.119341	
	0.119526	
	0.117986	
	0.136090	
	0.138597	
	0.220442	
	0.290932	
	0.202989	
	0.272176	
	0.470481	
	0.495643	
	0.537949	
	0.539252	
	0.477943	
	0.477140	
	0.362934	
	0.422377	
	0.520510	
	0.562838	
	0.586328	
	0.546706	
	0.459188	
	0.531755	
	0.779456	
	0.880566	
	0.805119	
	0.647938	
	0.372582	
	0.210390	
	0.178564	
	0.211967	
	0.293637	
	0.474897	
	0.545709	
	0.552037	
	0.604426	
	0.629425	
	0.629404	
	0.639233	
	0.657352	
	0.565538	
	0.462634	
	0.506721	
	0.505164	
	0.527224	
	0.526570	
	0.516152	
	0.491708	
	0.375809	
	0.360249	
	0.447986	
	0.389457	
	0.357522	
	0.333272	
	0.344559	
	0.414409	
	0.546670	
	0.551979	
	0.428555	
	0.315822	
	0.453094	
	0.356136	
	0.266852	
	0.229526	
	0.233643	
	0.241059	
	0.291658	
	0.288926	
	0.284428	
	0.254438	
	0.284062	
	0.244229	
	0.343815	
	0.415541	
	0.432109	
	0.391528	
	0.573731	
	0.865569	
	0.898839	
	0.893325	
	0.752964	
	0.495276	
	0.302000	
	0.391847	
	0.672227	
	0.843807	
	0.810659	
	0.751559	
	0.714643	
	0.694279	
	0.352230	
	0.257002	
	0.258665	
	0.247596	
	0.254422	
	0.240049	
	0.334371	
	0.298237	
	0.320906	
	0.298925	
	0.286890	
	0.202903	
	0.185347	
	0.203718	
	0.249739	
	0.262893	
	0.388605	
	0.381955	
	0.219789	
	0.255754	
	0.212096	
	0.208506	
	0.189629	
	0.186199	
	0.213756	
	0.165996	
	0.171529	
	0.171633	
	0.186635	
	0.198881	
	0.285863	
	0.188676	
	0.140957	
	0.187594	
	0.198081	
	0.304750	
	0.333870	
	0.271162	
	0.242974	
	0.184773	
	0.155679	
	0.149577	
	0.129106	
	0.137283	
	0.130335	
	0.184058	
	0.196932	
	0.284682	
	0.318783	
	0.361943	
	0.279049	
	0.196066	
	0.188956	
	0.153174	
	0.178978	
	0.174598	
	0.248297	
	0.255412	
	0.232769	
	0.230823	
	0.220192	
	0.289904	
	0.239858	
	0.370738	
	0.492267	
	0.572680	
	0.439749	
	0.401318	
	0.413615	
	0.443059	
	0.351881	
	0.353454	
	0.501241	
	0.708257	
	0.740438	
	0.437143	
	0.370877	
	0.395223	
	0.375264	
	0.371188	
	0.372561	
	0.387378	
	0.371845	
	0.396364	
	0.430059	
	0.453484	
	0.506785	
	0.474436	
	0.460862	
	0.497934	
	0.460873	
	0.433375	
	0.423441	
	0.463040	
	0.507794	
	0.455758	
	0.514433	
	0.423815	
	0.282348	
	0.271573	
	0.306113	
	0.347064	
	0.355741	
	0.332461	
	0.223226	
	0.202482	
	0.288106	
	0.287876	
	0.221789	
	0.173926	
	0.180437	
	0.175497	
	0.238971	
	0.220171	
	0.249360	
	0.247406	
	0.236966	
	0.244726	
	0.229762	
	0.231676	
	0.248399	
	0.293996	
	0.385936	
	0.389843	
	0.591093	
	0.765873	
	0.849828	
	0.844596	
	0.813422	
	0.828748	
	0.797039	
	0.365974	
	0.176799	
	0.237259	
	0.521886	
	0.612512	
	0.557577	
	0.460228	
	0.331661	
	0.352701	
	0.496820	
	0.540054	
	0.505536	
	0.505431	
	0.458055	
	0.553963	
	0.711714	
	0.756982	
	0.789584	
	0.786504	
	0.783337	
	0.498543	
	0.283993	
	0.202418	
	0.191994	
	0.208968	
	0.261731	
	0.243100	
	0.221369	
	0.206048	
	0.201722	
	0.203952	
	0.199517	
	0.187114	
	0.214142	
	0.196992	
	0.254973	
	0.298521	
	0.279681	
	0.282527	
	0.294107	
	0.313006	
	0.233011	
	0.226534	
	0.199008	
	0.236264	
	0.441651	
	0.325145	
	0.220559	
	0.184921	
	0.168397	
	0.181490	
	0.152226	
	0.178248	
	0.205635	
	0.192892	
	0.128085	
	0.103565	
	0.104304	
	0.138124	
	0.158532	
	0.173691	
	0.188684	
	0.179022	
	0.287282	
	0.470435	
	0.469832	
	0.377207	
	0.337526	
	0.283004	
	0.267721	
	0.227398	
	0.186770	
	0.186488	
	0.200640	
	0.218649	
	0.283182	
	0.557234	
	0.638352	
	0.422410	
	0.405563	
	0.268097	
	0.247367	
	0.305877	
	0.352175	
	0.664004	
	0.629092	
	0.465301	
	0.336286	
	0.283087	
	0.269537	
	0.263952	
	0.297460	
	0.379397	
	0.496865	
	0.544612	
	0.588688	
	0.642612	
	0.662432	
	0.462399	
	0.349999	
	0.346652	
	0.453774	
	0.489701	
	0.563070	
	0.524534	
	0.512804	
	0.341520	
	0.241888	
	0.191510	
	0.201879	
	0.176954	
	0.294610	
	0.364625	
	0.305078	
	0.280422	
	0.230263	
	0.166325	
	0.151500	
	0.151597	
	0.126573	
	0.102866	
	0.145252	
	0.337473	
	0.395197	
	0.350181	
	0.379841	
	0.305774	
	0.272020	
	0.232807	
	0.221366	
	0.195481	
	0.180112	
	0.202472	
	0.231964	
	0.369426	
	0.531153	
	0.413472	
	0.315462	
	0.256498	
	0.263150	
	0.273797	
	0.286683	
	0.320831	
	0.376331	
	0.390655	
	0.392452	
	0.277595	
	0.273697	
	0.305370	
	0.321707	
	0.287138	
	0.269452	
	0.265545	
	0.269564	
	0.278542	
	0.273085	
	0.276604	
	0.285977	
	0.286703	
	0.323169	
	0.347897	
	0.322563	
	0.316109	
	0.279793	
	0.356704	
	0.352339	
	0.361085	
	0.360972	
	0.274288	
	0.239906	
	0.228393	
	0.282148	
	0.287441	
	0.253855	
	0.238610	
	0.199404	
	0.161525	
	0.212744	
	0.193562	
	0.261204	
	0.253031	
	0.225202	
	0.193146	
	0.189027	
	0.223193	
	0.223686	
	0.225852	
	0.237903	
	0.266465	
	0.356264	
	0.355850	
	0.154805	
	0.332812	
	0.284019	
	0.376424	
	0.398775	
	0.340176	
	0.163176	
	0.163950	
	0.175862	
	0.231706	
	0.245551	
	0.230661	
	0.226262	
	0.230728	
	0.268079	
	0.298626	
	0.258856	
	0.260932	
	0.244188	
	0.204878	
	0.177946	
	0.188117	
	0.180639	
	0.166749	
	0.173586	
	0.177239	
	0.217808	
	0.190381	
	0.192437	
	0.181608	
	0.146929	
	0.173759	
	0.165240	
	0.204612	
	0.317936	
	0.341394	
	0.206327	
	0.178873	
	0.147259	
	0.128048	
	0.123627	
	0.112277	
	0.123411	
	0.110774	
	0.095168	
	0.095546	
	0.484123	
	0.560384	
	0.477161	
	0.331785	
	0.304288	
	0.325581	
	0.392097	
	0.339469	
	0.264447	
	0.237924	
	0.183076	
	0.185452	
	0.173838	
	0.145344	
	0.168178	
	0.144036	
	0.169076	
	0.177308	
	0.199593	
	0.212562	
	0.130618	
	0.160562	
	0.226497	
	0.287188	
	0.300958	
	0.277827	
	0.313303	
	0.243433	
	0.237031	
	0.211157	
	0.156486	
	0.152493	
	0.163432	
	0.163377	
	0.128491	
	0.147670	
	0.149265	
	0.164069	
	0.157714	
	0.173274	
	0.170116	
	0.231236	
	0.282895	
	0.308469	
	0.260964	
	0.254096	
	0.318798	
	0.282826	
	0.270678	
	0.336651	
	0.330052	
	0.391042	
	0.425006	
	0.447025	
	0.517239	
	0.534719	
	0.568308	
	0.509666	
	0.441848	
	0.416762	
	0.257540	
	0.232700	
	0.267659	
	0.326919	
	0.251890	
	0.269939	
	0.240237	
	0.216406	
	0.196509	
	0.193876	
	0.209821	
	0.117151	
	0.114573	
	0.142663	
	0.109768	
	0.125611	
	0.359056	
	0.401301	
	0.417768	
	0.367349	
	0.296133	
	0.270487	
	0.316670	
	0.330840	
	0.348654	
	0.324896	
	0.324595	
	0.255968	
	0.216186	
	0.181533	
	0.208866	
	0.326911	
	0.413094	
	0.394058	
	0.428405	
	0.435253	
	0.477106	
	0.410126	
	0.339267	
	0.270884	
	0.241136	
	0.216576	
	0.205183	
	0.209942	
	0.211139	
	0.187554	
	0.244723	
	0.208567	
	0.193422	
	0.240860	
	0.214341	
	0.190042	
	0.132007	
	0.134120	
	0.154116	
	0.174705	
	0.156676	
	0.133406	
	0.133526	
	0.122827	
	0.157873	
	0.170345	
	0.161152	
	0.151831	
	0.171614	
	0.292924	
	0.448333	
	0.433941	
	0.413700	
	0.436788	
	0.379813	
	0.316195	
	0.251192	
	0.297514	
	0.413454	
	0.465183	
	0.459763	
	0.420707	
	0.346583	
	0.362395	
	0.321505	
	0.319135	
	0.375945	
	0.381713	
	0.370161	
	0.346632	
	0.348447	
	0.281732	
	0.373746	
	0.351471	
	0.408237	
	0.349276	
	0.301434	
	0.225849	
	0.256091	
	0.389851	
	0.456316	
	0.431851	
	0.414794	
	0.348651	
	0.491131	
	0.445127	
	0.458970	
	0.458646	
	0.467060	
	0.564951	
	0.521245	
	0.382501	
	0.298383	
	0.316236	
	0.316567	
	0.321015	
	0.316909	
	0.303603	
	0.249387	
	0.206165	
	0.252015	
	0.272400	
	0.234665	
	0.148823	
	0.278476	
	0.435674	
	0.454393	
	0.528325	
	0.525032	
	0.410186	
	0.465809	
	0.424574	
	0.302807	
	0.231960	
	0.319954	
	0.512379	
	0.704193	
	0.743153	
	0.687695	
	0.617688	
	0.338771	
	0.182690	
	0.240138	
	0.239513	
	0.308745	
	0.316627	
	0.358146	
	0.381105	
	0.444628	
	0.398150	
	0.418976	
	0.399567	
	0.423798	
	0.391025	
	0.360504	
	0.232340	
	0.170920	
	0.254338	
	0.191358	
	0.173874	
	0.243210	
	0.269020	
	0.229405	
	0.222468	
	0.251127	
	0.215562	
	0.178525	
	0.193789	
	0.170653	
	0.180467	
	0.240284	
	0.229668	
	0.225945	
	0.193884	
	0.255961	
	0.227056	
	0.172569	
	0.147219	
	0.171972	
	0.184856	
	0.204971	
	0.199432	
	0.127283	
	0.172268	
	0.236367	
	0.304364	
	0.300345	
	0.376316	
	0.382824	
	0.403811	
	0.413486	
	0.344519	
	0.346511	
	0.331519	
	0.293450	
	0.243606	
	0.219997	
	0.239901	
	0.253218	
	0.210404	
	0.199175	
	0.281829	
	0.218888	
	0.186502	
	0.214339	
	0.358799	
	0.428976	
	0.321493	
	0.398907	
	0.360514	
	0.353984	
	0.315447	
	0.224981	
	0.173849	
	0.157740	
	0.137067	
	0.130564	
	0.155602	
	0.154496	
	0.179263	
	0.182391	
	0.187892	
	0.162233	
	0.223508	
	0.260221	
	0.276761	
	0.307405	
	0.313598	
	0.281908	
	0.286204	
	0.325085	
	0.315790	
	0.194609	
	0.155133	
	0.155393	
	0.143503	
	0.134395	
	0.215022	
	0.245281	
	0.303893	
	0.344077	
	0.361415	
	0.267405	
	0.245204	
	0.252427	
	0.302070	
	0.325424	
	0.279241	
	0.244849	
	0.240905	
	0.242210	
	0.276012	
	0.190256	
	0.179069	
	0.185486	
	0.212466	
	0.227551	
	0.278983	
	0.289820	
	0.377488	
	0.351984	
	0.408697	
	0.424036	
	0.681382	
	0.845567	
	0.851092	
	0.792627	
	0.662183	
	0.457924	
	0.460806	
	0.472507	
	0.505704	
	0.410283	
	0.399158	
	0.325677	
	0.258755	
	0.224026	
	0.227877	
	0.347332	
	0.538101	
	0.725260	
	0.507614	
	0.255067	
	0.228279	
	0.203787	
	0.174016	
	0.188398	
	0.182801	
	0.153502	
	0.187858	
	0.207979	
	0.256376	
	0.201001	
	0.186292	
	0.162657	
	0.162194	
	0.156195	
	0.117964	
	0.154281	
	0.130606	
	0.161835	
	0.143550	
	0.133980	
	0.094822	
	0.114553	
	0.115358	
	0.195568	
	0.308285	
	0.419663	
	0.407168	
	0.399517	
	0.423702	
	0.346089	
	0.267414	
	0.232387	
	0.190853	
	0.163244	
	0.198346	
	0.201796	
	0.221517	
	0.185769	
	0.190328	
	0.148056	
	0.200324	
	0.201013	
	0.207347	
	0.361716	
	0.342098	
	0.352401	
	0.449542	
	0.400163	
	0.436742	
	0.370110	
	0.378054	
	0.341372	
	0.336723	
	0.365696	
	0.297366	
	0.211141	
	0.217338	
	0.194285	
	0.150453	
	0.158854	
	0.183697	
	0.210910	
	0.331862	
	0.454891	
	0.456498	
	0.387727	
	0.388372	
	0.361672	
	0.397104	
	0.384354	
	0.341470	
	0.363674	
	0.344454	
	0.348461	
	0.261920	
	0.202435	
	0.175909	
	0.190902	
	0.204093	
	0.247390	
	0.190744	
	0.170078	
	0.229962	
	0.276212	
	0.385973	
	0.448789	
	0.416781	
	0.405483	
	0.312542	
	0.335111	
	0.236660	
	0.199375	
	0.201336	
	0.199602	
	0.159999	
	0.201667	
	0.196177	
	0.177510	
	0.197923	
	0.217872	
	0.311061	
	0.385979	
	0.483521	
	0.392450	
	0.307899	
	0.288498	
	0.404870	
	0.342504	
	0.355863	
	0.410150	
	0.377573	
	0.371229	
	0.343013	
	0.381970	
	0.371422	
	0.267949	
	0.173495	
	0.127062	
	0.139651	
	0.147747	
	0.153868	
	0.227971	
	0.411615	
	0.484075	
	0.494871	
	0.500204	
	0.460087	
	0.414357	
	0.474989	
	0.370367	
	0.283693	
	0.312204	
	0.303762	
	0.242114	
	0.219526	
	0.217499	
	0.202688	
	0.319163	
	0.705474	
	0.722631	
	0.375953	
	0.443914	
	0.523464	
	0.488457	
	0.480096	
	0.436201	
	0.408999	
	0.396363	
	0.323654	
	0.292390	
	0.273188	
	0.213354	
	0.185151	
	0.187733	
	0.195067	
	0.232270	
	0.214774	
	0.169594	
	0.149019	
	0.124954	
	0.094864	
	0.123542	
	0.157312	
	0.159966	
	0.169402	
	0.186237	
	0.274590	
	0.331711	
	0.347266	
	0.247870	
	0.193442	
	0.140828	
	0.140353	
	0.177749	
	0.155492	
	0.154187	
	0.110406	
	0.134984	
	0.189844	
	0.242200	
	0.270896	
	0.359688	
	0.312292	
	0.273086	
	0.368646	
	0.369149	
	0.457830	
	0.491654	
	0.429684	
	0.359881	
	0.306047	
	0.293102	
	0.359708	
	0.369996	
	0.413076	
	0.434498	
	0.450551	
	0.439208	
	0.478559	
	0.476179	
	0.427321	
	0.444762	
	0.469274	
	0.405199	
	0.457526	
	0.474160	
	0.491824	
	0.505751	
	0.401184	
	0.398746	
	0.347452	
	0.315478	
	0.363493	
	0.307410	
	0.247461	
	0.275920	
	0.216965	
	0.213414	
	0.201053	
	0.199772	
	0.240053	
	0.361968	
	0.427142	
	0.464193	
	0.420441	
	0.399183	
	0.370904	
	0.388622	
	0.418306	
	0.402743	
	0.434849	
	0.379611	
	0.382767	
	0.318066	
	0.215581	
	0.190246	
	0.203429	
	0.187381	
	0.195190	
	0.203689	
	0.273834	
	0.370926	
	0.445882	
	0.422201	
	0.451873	
	0.456345	
	0.387028	
	0.398092	
	0.407811	
	0.337410	
	0.256050	
	0.202809	
	0.188883	
	0.214368	
	0.196084	
	0.176235	
	0.134345	
	0.138054	
	0.113243	
	0.155445	
	0.259585	
	0.357461	
	0.298859	
	0.303319	
	0.283070	
	0.264025	
	0.293304	
	0.456125	
	0.304641	
	0.238082	
	0.216795	
	0.188632	
	0.162199	
	0.125111	
	0.125284	
	0.143721	
	0.142005	
	0.233041	
	0.194450	
	0.170795	
	0.192026	
	0.258861	
	0.254359	
	0.216572	
	0.195907	
	0.164712	
	0.177609	
	0.280470	
	0.222315	
	0.267364	
	0.270036	
	0.255196	
	0.261461	
	0.246993	
	0.250461	
	0.341327	
	0.481335	
	0.484411	
	0.417077	
	0.230946	
	0.248535	
	0.187679	
	0.244683	
	0.312792	
	0.281553	
	0.281788	
	0.307041	
	0.295587	
	0.227656	
	0.173251	
	0.231281	
	0.251515	
	0.239622	
	0.180516	
	0.187700	
	0.186135	
	0.205647	
	0.272725	
	0.378381	
	0.515705	
	0.479374	
	0.499645	
	0.488253	
	0.502267	
	0.542873	
	0.540733	
	0.502869	
	0.472200	
	0.354756	
	0.300196	
	0.342839	
	0.357812	
	0.333658	
	0.289015	
	0.219615	
	0.185995	
	0.160098	
	0.145137	
	0.130953	
	0.170724	
	0.196595	
	0.234171	
	0.240860	
	0.211664	
	0.195352	
	0.234712	
	0.445561	
	0.461477	
	0.285433	
	0.232667	
	0.172210	
	0.145659	
	0.153342	
	0.166176	
	0.142652	
	0.139469	
	0.117557	
	0.130476	
	0.141151	
	0.246698	
	0.297187	
	0.399211	
	0.439711	
	0.500240	
	0.536297	
	0.542726	
	0.487286	
	0.463095	
	0.386946	
	0.345449	
	0.360575	
	0.376790	
	0.339138	
	0.333564	
	0.316515	
	0.223751	
	0.184057	
	0.237937	
	0.173977	
	0.163667	
	0.470475	
	0.473015	
	0.452397	
	0.501737	
	0.437760	
	0.336336	
	0.322040	
	0.461852	
	0.449400	
	0.435786	
	0.421882	
	0.402697	
	0.406416	
	0.347053	
	0.354244	
	0.346764	
	0.290918	
	0.210583	
	0.230587	
	0.255660	
	0.275062	
	0.385147	
	0.395530	
	0.429651	
	0.417197	
	0.365708	
	0.377377	
	0.404628	
	0.349608	
	0.251258	
	0.177057	
	0.172639	
	0.153972	
	0.187153	
	0.162120	
	0.173246	
	0.169025	
	0.175682	
	0.212897	
	0.307381	
	0.374744	
	0.508323	
	0.489759	
	0.374779	
	0.335689	
	0.294534	
	0.281652	
	0.376103	
	0.355274	
	0.261808	
	0.229318	
	0.172473	
	0.179750	
	0.179583	
	0.151176	
	0.120480	
	0.134719	
	0.159541	
	0.166585	
	0.135137	
	0.125564	
	0.119765	
	0.159780	
	0.164356	
	0.153733	
	0.230808	
	0.326559	
	0.353165	
	0.230297	
	0.178052	
	0.131060	
	0.147562	
	0.157003	
	0.162850	
	0.136749	
	0.152250	
	0.143214	
	0.162304	
	0.125884	
	0.126695	
	0.136011	
	0.373034	
	0.325321	
	0.277451	
	0.268817	
	0.298054	
	0.308348	
	0.335351	
	0.222542	
	0.142006	
	0.123546	
	0.111142	
	0.111823	
	0.113371	
	0.093178	
	0.100169	
	0.124454	
	0.105896	
	0.111414	
	0.129034	
	0.134020	
	0.126541	
	0.162353	
	0.205802	
	0.153723	
	0.135603	
	0.183433	
	0.264185	
	0.224972	
	0.170478	
	0.162452	
	0.145588	
	0.138774	
	0.153728	
	0.181316	
	0.142584	
	0.134525	
	0.101072	
	0.088845	
	0.096800	
	0.086929	
	0.098070	
	0.110481	
	0.156162	
	0.179895	
	0.197990	
	0.200686	
	0.217072	
	0.402627	
	0.221035	
	0.233462	
	0.222337	
	0.234033	
	0.213526	
	0.224900	
	0.228203	
	0.229477	
	0.178989	
	0.108261	
	0.092552	
	0.138530	
	0.126819	
	0.163400	
	0.164295	
	0.227531	
	0.201815	
	0.211252	
	0.195847	
	0.257970	
	0.212422	
	0.177271	
	0.167631	
	0.179280	
	0.170913	
	0.164282	
	0.133830	
	0.148638	
	0.126234	
	0.103750	
	0.062316	
	0.075485	
	0.088630	
	0.156736	
	0.233456	
	0.227095	
	0.179769	
	0.175237	
	0.179351	
	0.406981	
	0.339543	
	0.209041	
	0.196764	
	0.154321	
	0.134873	
	0.163089	
	0.181034	
	0.183042	
	0.206932	
	0.179273	
	0.132636	
	0.118549	
	0.119339	
	0.135824	
	0.199215	
	0.179764	
	0.179332	
	0.229456	
	0.263037	
	0.314917	
	0.324287	
	0.280974	
	0.204481	
	0.202908	
	0.196619	
	0.202887	
	0.191604	
	0.210508	
	0.194243	
	0.206930	
	0.216972	
	0.200228	
	0.224615	
	0.187324	
	0.145040	
	0.180559	
	0.279851	
	0.274263	
	0.266541	
	0.267570	
	0.339381	
	0.214228	
	0.158024	
	0.155535	
	0.129564	
	0.117253	
	0.087428	
	0.097680	
	0.115337	
	0.112321	
	0.136961	
	0.159407	
	0.098404	
	0.141432	
	0.113193	
	0.130306	
	0.117518	
	0.158789	
	0.163492	
	0.132330	
	0.271999	
	0.218961	
	0.173735	
	0.189523	
	0.130964	
	0.134377	
	0.121743	
	0.112850	
	0.095442	
	0.099420	
	0.106606	
	0.069513	
	0.069455	
	0.065269	
	0.107041	
	0.148757	
	0.130414	
	0.111050	
	0.118801	
	0.165513	
	0.254995	
	0.290124	
	0.216606	
	0.164636	
	0.149474	
	0.152249	
	0.145167	
	0.127290	
	0.121835	
	0.130567	
	0.168269	
	0.147035	
	0.097513	
	0.093834	
	0.098091	
	0.114134	
	0.132449	
	0.122698	
	0.119075	
	0.157118	
	0.158902	
	0.245140	
	0.218305	
	0.120479	
	0.108313	
	0.085291	
	0.085634	
	0.087252	
	0.097372	
	0.098595	
	0.088658	
	0.109419	
	0.106521	
	0.107755	
	0.094896	
	0.109380	
	0.112540	
	0.084784	
	0.118764	
	0.108636	
	0.107105	
	0.384140	
	0.415992	
	0.307187	
	0.234788	
	0.161648	
	0.140367	
	0.126452	
	0.139230	
	0.126837	
	0.120240	
	0.106384	
	0.120409	
	0.111784	
	0.117257	
	0.170425	
	0.115956	
	0.100535	
	0.124694	
	0.133641	
	0.124460	
	0.216425	
	0.279613	
	0.248985	
	0.157445	
	0.124731	
	0.122370	
	0.129264	
	0.132395	
	0.112519	
	0.133097	
	0.097677	
	0.090610	
	0.083370	
	0.087722	
	0.103842	
	0.089490	
	0.065280	
	0.068802	
	0.076179	
	0.096007	
	0.142491	
	0.324036	
	0.329421	
	0.210400	
	0.195395	
	0.180953	
	0.136130	
	0.135452	
	0.118717	
	0.139344	
	0.124469	
	0.151052	
	0.136492	
	0.144867	
	0.145686	
	0.152287	
	0.164568	
	0.181997	
	0.149042	
	0.200541	
	0.271884	
	0.531075	
	0.402605	
	0.232253	
	0.189151	
	0.152216	
	0.127073	
	0.130584	
	0.116214	
	0.178689	
	0.181479	
	0.151492	
	0.134491	
	0.095174	
	0.166917	
	0.265060	
	0.292050	
	0.310003	
	0.314946	
	0.303689	
	0.232753	
	0.237515	
	0.329399	
	0.500499	
	0.280933	
	0.254203	
	0.238540	
	0.232209	
	0.225721	
	0.266546	
	0.348113	
	0.296070	
	0.266886	
	0.226082	
	0.169653	
	0.132943	
	0.234416	
	0.288390	
	0.376777	
	0.312056	
	0.257028	
	0.174217	
	0.322554	
	0.332284	
	0.326414	
	0.310329	
	0.232010	
	0.195579	
	0.171874	
	0.189724	
	0.239090	
	0.251877	
	0.260612	
	0.232019	
	0.148931	
	0.136402	
	0.201204	
	0.244226	
	0.312772	
	0.259893	
	0.193106	
	0.258218	
	0.291566	
	0.291919	
	0.213007	
	0.158738	
	0.155799	
	0.098874	
	0.181270	
	0.202138	
	0.169457	
	0.199378	
	0.200989	
	0.141779	
	0.157747	
	0.131137	
	0.224013	
	0.304030	
	0.317446	
	0.303727	
	0.291000	
	0.231452	
	0.408665	
	0.288878	
	0.204957	
	0.198956	
	0.249524	
	0.229624	
	0.214093	
	0.225615	
	0.214269	
	0.201225	
	0.161091	
	0.173822	
	0.150611	
	0.138642	
	0.148109	
	0.143304	
	0.148744	
	0.114856	
	0.126678	
	0.117894	
	0.266431	
	0.374148	
	0.271008	
	0.237633	
	0.183149	
	0.218517	
	0.210963	
	0.223431	
	0.207604	
	0.231468	
	0.290717	
	0.328783	
	0.323586	
	0.231411	
	0.302708	
	0.331907	
	0.287869	
	0.267182	
	0.244730	
	0.305591	
	0.302775	
	0.294310	
	0.268257	
	0.199078	
	0.212977	
	0.243734	
	0.215841	
	0.172233	
	0.178490	
	0.190847	
	0.135425	
	0.150488	
	0.194823	
	0.266983	
	0.374513	
	0.401540	
	0.315187	
	0.282773	
	0.278126	
	0.284735	
	0.291525	
	0.306680	
	0.239620	
	0.222115	
	0.214546	
	0.195045	
	0.188194	
	0.126722	
	0.167653	
	0.228829	
	0.246370	
	0.222070	
	0.173054	
	0.114950	
	0.167159	
	0.214855	
	0.244454	
	0.254699	
	0.247930	
	0.264154	
	0.281844	
	0.286066	
	0.250589	
	0.208802	
	0.184258	
	0.181762	
	0.201467	
	0.230101	
	0.238362	
	0.245058	
	0.184226	
	0.104761	
	0.107988	
	0.120043	
	0.110281	
	0.186542	
	0.221463	
	0.216705	
	0.227403	
	0.269745	
	0.279431	
	0.398109	
	0.268893	
	0.187273	
	0.203500	
	0.258365	
	0.251036	
	0.235503	
	0.144829	
	0.137880	
	0.246064	
	0.285936	
	0.265734	
	0.164615	
	0.146566	
	0.179582	
	0.229331	
	0.181732	
	0.140229	
	0.162669	
	0.200733	
	0.246289	
	0.196245	
	0.145392	
	0.123744	
	0.129666	
	0.134486	
	0.144601	
	0.162473	
	0.149866	
	0.149292	
	0.145872	
	0.179455	
	0.174757	
	0.176892	
	0.245743	
	0.245344	
	0.212879	
	0.167653	
	0.203571	
	0.273371	
	0.269240	
	0.243577	
	0.249651	
	0.217394	
	0.190974	
	0.132590	
	0.166156	
	0.240162	
	0.253811	
	0.242395	
	0.182463	
	0.251276	
	0.167354	
	0.127858	
	0.155575	
	0.104242	
	0.114713	
	0.158088	
	0.154055	
	0.167036	
	0.241705	
	0.252348	
	0.241509	
	0.223819	
	0.199949	
	0.183946	
	0.242947	
	0.264063	
	0.255434	
	0.192531	
	0.130527	
	0.126195	
	0.117048	
	0.142263	
	0.168960	
	0.158681	
	0.156476	
	0.144583	
	0.147034	
	0.148672	
	0.218914	
	0.315032	
	0.242110	
	0.193618	
	0.194616	
	0.142978	
	0.146442	
	0.135897	
	0.163243	
	0.137812	
	0.099251	
	0.122817	
	0.089678	
	0.098078	
	0.102700	
	0.097353	
	0.108401	
	0.122382	
	0.094325	
	0.130041	
	0.217070	
	0.304752	
	0.234503	
	0.156360	
	0.138034	
	0.115947	
	0.114784	
	0.093805	
	0.096775	
	0.110453	
	0.091768	
	0.090759	
	0.110676	
	0.124067	
	0.116230	
	0.161077	
	0.208302	
	0.224079	
	0.213655	
	0.288455	
	0.298236	
	0.319219	
	0.286046	
	0.245815	
	0.289489	
	0.279825	
	0.287948	
	0.290778	
	0.274516	
	0.234283	
	0.211503	
	0.150904	
	0.114971	
	0.113965	
	0.105853	
	0.105966	
	0.219920	
	0.233111	
	0.221571	
	0.200369	
	0.186488	
	0.282153	
	0.233337	
	0.149758	
	0.135132	
	0.156520	
	0.157371	
	0.179782	
	0.139322	
	0.111612	
	0.100504	
	0.133530	
	0.148643	
	0.129751	
	0.159747	
	0.154567	
	0.156316	
	0.125427	
	0.130086	
	0.161103	
	0.153728	
	0.199136	
	0.375086	
	0.269310	
	0.201496	
	0.147710	
	0.136562	
	0.141675	
	0.161689	
	0.170784	
	0.207609	
	0.197565	
	0.236144	
	0.219086	
	0.216811	
	0.224086	
	0.143696	
	0.116033	
	0.155083	
	0.158237	
	0.153960	
	0.160970	
	0.290744	
	0.320684	
	0.213776	
	0.169496	
	0.135297	
	0.134452	
	0.114838	
	0.085460	
	0.113301	
	0.095262	
	0.069491	
	0.064167	
	0.071385	
	0.075104	
	0.091402	
	0.099952	
	0.109267	
	0.092684	
	0.089539	
	0.113908	
	0.229864	
	0.407538	
	0.312180	
	0.214860	
	0.169589	
	0.136928	
	0.128255	
	0.149743	
	0.235787	
	0.384017	
	0.500225	
	0.547857	
	0.537769	
	0.555027	
	0.528144	
	0.388838	
	0.366557	
	0.298775	
	0.137413	
	0.261276	
	0.558005	
	0.445509	
	0.449875	
	0.389370	
	0.391620	
	0.445316	
	0.178818	
	0.334576	
	0.375127	
	0.397235	
	0.377628	
	0.340510	
	0.359139	
	0.311882	
	0.360964	
	0.597771	
	0.609875	
	0.571809	
	0.510730	
	0.501013	
	0.458608	
	0.558864	
	0.459184	
	0.368388	
	0.373877	
	0.387285	
	0.388616	
	0.225346	
	0.368187	
	0.444093	
	0.450987	
	0.430616	
	0.432327	
	0.493674	
	0.407869	
	0.473123	
	0.427234	
	0.422485	
	0.357797	
	0.345484	
	0.329012	
	0.406777	
	0.378776	
	0.237242	
	0.189578	
	0.173171	
	0.181202	
	0.159158	
	0.142507	
	0.187181	
	0.215194	
	0.206553	
	0.204413	
	0.177315	
	0.199138	
	0.219447	
	0.246803	
	0.243423	
	0.129730	
	0.092961	
	0.091212	
	0.087366	
	0.180067	
	0.315624	
	0.283201	
	0.211752	
	0.191097	
	0.177913	
	0.172425	
	0.154514	
	0.167304	
	0.176457	
	0.184067	
	0.169163	
	0.179155	
	0.233844	
	0.256958	
	0.246266	
	0.406484	
	0.419265	
	0.396122	
	0.482023	
	0.505966	
	0.468939	
	0.294234	
	0.209517	
	0.187567	
	0.164704	
	0.149312	
	0.141624	
	0.152204	
	0.224408	
	0.178458	
	0.182489	
	0.188719	
	0.166153	
	0.195239	
	0.217801	
	0.132408	
	0.120881	
	0.119198	
	0.125521	
	0.113525	
	0.428847	
	0.421862	
	0.264233	
	0.186542	
	0.158751	
	0.155215	
	0.133009	
	0.116331	
	0.181625	
	0.435014	
	0.555098	
	0.546071	
	0.566433	
	0.588390	
	0.553129	
	0.585183	
	0.543344	
	0.462715	
	0.419858	
	0.427057	
	0.493627	
	0.551345	
	0.574193	
	0.550607	
	0.597690	
	0.571259	
	0.528570	
	0.463372	
	0.254747	
	0.221897	
	0.541385	
	0.489473	
	0.440733	
	0.453270	
	0.439421	
	0.461469	
	0.352866	
	0.508083	
	0.556879	
	0.579408	
	0.588254	
	0.617173	
	0.317566	
	0.330846	
	0.400058	
	0.399419	
	0.329454	
	0.323595	
	0.327597	
	0.166266	
	0.367781	
	0.417376	
	0.376675	
	0.372341	
	0.348994	
	0.153315	
	0.126998	
	0.212033	
	0.202733	
	0.173650	
	0.263262	
	0.383670	
	0.234722	
	0.236199	
	0.176563	
	0.167574	
	0.160233	
	0.150076	
	0.126144	
	0.160106	
	0.191761	
	0.169179	
	0.141232	
	0.138639	
	0.135349	
	0.097570	
	0.183082	
	0.148434	
	0.197556	
	0.149434	
	0.157267	
	0.255453	
	0.351536	
	0.238894	
	0.187411	
	0.145243	
	0.125007	
	0.116454	
	0.099046	
	0.113551	
	0.107415	
	0.118779	
	0.116902	
	0.111675	
	0.093732	
	0.086724	
	0.116914	
	0.136059	
	0.144710	
	0.122258	
	0.134500	
	0.184247	
	0.270766	
	0.221130	
	0.154178	
	0.124849	
	0.098726	
	0.108435	
	0.084614	
	0.096109	
	0.103928	
	0.115162	
	0.106552	
	0.103751	
	0.129368	
	0.150999	
	0.167154	
	0.114681	
	0.097138	
	0.091762	
	0.102788	
	0.159084	
	0.268516	
	0.321825	
	0.200265	
	0.189304	
	0.160717	
	0.169690	
	0.180318	
	0.118140	
	0.094985	
	0.131069	
	0.174267	
	0.229119	
	0.138824	
	0.170740	
	0.188908	
	0.173489	
	0.138073	
	0.134391	
	0.132397	
	0.228865	
	0.397476	
	0.392419	
	0.233237	
	0.201720	
	0.179968	
	0.180020	
	0.166899	
	0.144670	
	0.134969	
	0.150397	
	0.164818	
	0.152424	
	0.185798	
	0.183480	
	0.236946	
	0.238053	
	0.178336	
	0.250437	
	0.247660	
	0.307308	
	0.299817	
	0.391191	
	0.455175	
	0.294342	
	0.233954	
	0.206665	
	0.169426	
	0.141186	
	0.142105	
	0.151906	
	0.196665	
	0.193922	
	0.163884	
	0.157888	
	0.147434	
	0.188090	
	0.218599	
	0.206743	
	0.178697	
	0.161802	
	0.176647	
	0.344222	
	0.332072	
	0.265291	
	0.240599	
	0.192506	
	0.190755	
	0.169822	
	0.200791	
	0.229745	
	0.235588	
	0.228834	
	0.192731	
	0.213531	
	0.170901	
	0.294200	
	0.337546	
	0.250273	
	0.208277	
	0.191177	
	0.194161	
	0.263276	
	0.284217	
	0.313948	
	0.314644	
	0.259111	
	0.252357	
	0.272477	
	0.223234	
	0.177761	
	0.285433	
	0.396889	
	0.366734	
	0.307897	
	0.282181	
	0.274172	
	0.255637	
	0.230559	
	0.142536	
	0.183295	
	0.346687	
	0.365229	
	0.350362	
	0.282530	
	0.235242	
	0.224472	
	0.154384	
	0.175500	
	0.116180	
	0.133752	
	0.184679	
	0.254097	
	0.235309	
	0.232220	
	0.237825	
	0.249942	
	0.197110	
	0.121452	
	0.238824	
	0.486269	
	0.518042	
	0.542705	
	0.540230	
	0.494096	
	0.483389	
	0.308504	
	0.227124	
	0.234660	
	0.226017	
	0.286596	
	0.267767	
	0.248601	
	0.250490	
	0.259607	
	0.268604	
	0.269844	
	0.255607	
	0.280293	
	0.247170	
	0.199142	
	0.197034	
	0.209740	
	0.224840	
	0.328422	
	0.279359	
	0.265089	
	0.202706	
	0.204458	
	0.247002	
	0.216170	
	0.194218	
	0.163165	
	0.245996	
	0.305085	
	0.299860	
	0.281566	
	0.213260	
	0.201448	
	0.197885	
	0.156684	
	0.203533	
	0.184137	
	0.198873	
	0.206195	
	0.312815	
	0.344397	
	0.215649	
	0.188736	
	0.155159	
	0.151213	
	0.145817	
	0.130892	
	0.138051	
	0.185824	
	0.161609	
	0.150736	
	0.144405	
	0.122897	
	0.148967	
	0.153271	
	0.110183	
	0.087870	
	0.076710	
	0.123621	
	0.244313	
	0.292827	
	0.179860	
	0.160601	
	0.159715	
	0.147865	
	0.155395	
	0.127062	
	0.107636	
	0.154174	
	0.133413	
	0.160449	
	0.138725	
	0.133969	
	0.142457	
	0.161776	
	0.180867	
	0.200311	
	0.260044	
	0.287823	
	0.349686	
	0.453344	
	0.298954	
	0.361872	
	0.410118	
	0.403712	
	0.376103	
	0.334621	
	0.246321	
	0.334543	
	0.371269	
	0.410980	
	0.347432	
	0.434726	
	0.483877	
	0.509479	
	0.524516	
	0.462700	
	0.539828	
	0.535509	
	0.541596	
	0.469265	
	0.426170	
	0.475867	
	0.437101	
	0.422383	
	0.426822	
	0.428812	
	0.365783	
	0.446849	
	0.491791	
	0.511710	
	0.516752	
	0.530706	
	0.524234	
	0.440551	
	0.376441	
	0.330922	
	0.214028	
	0.338147	
	0.247222	
	0.191946	
	0.271085	
	0.300280	
	0.272024	
	0.246958	
	0.291423	
	0.252624	
	0.185165	
	0.230666	
	0.242081	
	0.287334	
	0.358983	
	0.475089	
	0.400720	
	0.340212	
	0.281210	
	0.319404	
	0.252570	
	0.357380	
	0.285331	
	0.249845	
	0.322973	
	0.298022	
	0.230134	
	0.261831	
	0.223764	
	0.185158	
	0.143140	
	0.143478	
	0.191079	
	0.288700	
	0.262125	
	0.283175	
	0.435294	
	0.510150	
	0.442430	
	0.382922	
	0.243758	
	0.273415	
	0.253814	
	0.184389	
	0.247808	
	0.302382	
	0.300255	
	0.258483	
	0.243936	
	0.256829	
	0.246293	
	0.440323	
	0.599095	
	0.600993	
	0.545736	
	0.537755	
	0.575297	
	0.548996	
	0.656774	
	0.590552	
	0.433738	
	0.468657	
	0.550161	
	0.554908	
	0.367230	
	0.347171	
	0.284830	
	0.339691	
	0.342233	
	0.358885	
	0.390700	
	0.389623	
	0.232759	
	0.352857	
	0.392804	
	0.389252	
	0.347611	
	0.234286	
	0.120931	
	0.101854	
	0.145264	
	0.188095	
	0.164275	
	0.145470	
	0.174921	
	0.246723	
	0.252351	
	0.221554	
	0.204112	
	0.185568	
	0.166129	
	0.173442	
	0.168360	
	0.216326	
	0.253669	
	0.240274	
	0.242925	
	0.159213	
	0.193244	
	0.339039	
	0.328961	
	0.275882	
	0.252381	
	0.174966	
	0.239483	
	0.305826	
	0.231315	
	0.199765	
	0.152433	
	0.127134	
	0.117297	
	0.133096	
	0.121628	
	0.123594	
	0.138439	
	0.128106	
	0.138653	
	0.124264	
	0.140308	
	0.163181	
	0.155243	
	0.135753	
	0.123267	
	0.122933	
	0.135741	
	0.131130	
	0.185602	
	0.282361	
	0.268317	
	0.180734	
	0.135225	
	0.136018	
	0.115920	
	0.148626	
	0.129349	
	0.113822	
	0.108204	
	0.107927	
	0.108531	
	0.098522	
	0.125591	
	0.160277	
	0.128887	
	0.129382	
	0.098586	
	0.131438	
	0.178257	
	0.292817	
	0.439217	
	0.467617	
	0.475440	
	0.465857	
	0.493430	
	0.471078	
	0.502198	
	0.520974	
	0.492423	
	0.435442	
	0.421423	
	0.295876	
	0.286492	
	0.500838	
	0.565894	
	0.521753	
	0.529779	
	0.493562	
	0.459950	
	0.457645	
	0.493058	
	0.567398	
	0.370656	
	0.386921	
	0.365382	
	0.380472	
	0.381365	
	0.408982	
	0.388982	
	0.382047	
	0.387101	
	0.289857	
	0.192946	
	0.184685	
	0.306582	
	0.495554	
	0.508620	
	0.610431	
	0.585202	
	0.628351	
	0.610821	
	0.538787	
	0.306220	
	0.224131	
	0.373873	
	0.430054	
	0.437270	
	0.413087	
	0.424757	
	0.403172	
	0.403618	
	0.391683	
	0.334275	
	0.356864	
	0.393275	
	0.384084	
	0.536359	
	0.558962	
	0.597607	
	0.546622	
	0.537485	
	0.508748	
	0.450776	
	0.399850	
	0.495531	
	0.508821	
	0.489172	
	0.465625	
	0.525016	
	0.343045	
	0.370859	
	0.505753	
	0.527738	
	0.506621	
	0.508430	
	0.418051	
	0.477100	
	0.587725	
	0.582299	
	0.544229	
	0.537716	
	0.542247	
	0.428192	
	0.379435	
	0.481016	
	0.511818	
	0.501238	
	0.561122	
	0.538135	
	0.517805	
	0.550170	
	0.568306	
	0.537650	
	0.310103	
	0.278413	
	0.277162	
	0.276443	
	0.375535	
	0.502452	
	0.409744	
	0.412282	
	0.415777	
	0.397394	
	0.403865	
	0.418593	
	0.450570	
	0.442341	
	0.420835	
	0.479580	
	0.446556	
	0.388348	
	0.455280	
	0.436172	
	0.398059	
	0.361390	
	0.304292	
	0.293791	
	0.378704	
	0.418050	
	0.359062	
	0.329585	
	0.347296	
	0.332602	
	0.372865	
	0.325415	
	0.300001	
	0.290211	
	0.369348	
	0.336714	
	0.334948	
	0.325497	
	0.278526	
	0.281893	
	0.328288	
	0.327743	
	0.325644	
	0.297987	
	0.298012	
	0.398666	
	0.384461	
	0.398705	
	0.406311	
	0.372218	
	0.395955	
	0.329805	
	0.373223	
	0.384917	
	0.327497	
	0.324424	
	0.290556	
	0.297078	
	0.295169	
	0.324111	
	0.380014	
	0.424438	
	0.430545	
	0.373395	
	0.350224	
	0.320805	
	0.314256	
	0.336953	
	0.391460	
	0.384371	
	0.314366	
	0.312973	
	0.356247	
	0.386540	
	0.324276	
	0.302325	
	0.283763	
	0.267072	
	0.309118	
	0.224757	
	0.161773	
	0.165246	
	0.157384	
	0.155366	
	0.174983	
	0.220044	
	0.340226	
	0.384282	
	0.418912	
	0.446006	
	0.407505	
	0.432203	
	0.319045	
	0.275363	
	0.212127	
	0.214010	
	0.188545	
	0.163835	
	0.181688	
	0.178249	
	0.183644	
	0.154472	
	0.147018	
	0.136088	
	0.120719	
	0.132331	
	0.162800	
	0.251399	
	0.234261	
	0.216160	
	0.283292	
	0.372756	
	0.274216	
	0.242961	
	0.222893	
	0.196764	
	0.211277	
	0.271790	
	0.393584	
	0.510511	
	0.429632	
	0.337740	
	0.533308	
	0.619644	
	0.633114	
	0.553053	
	0.475994	
	0.614905	
	0.662232	
	0.590324	
	0.545963	
	0.510385	
	0.661093	
	0.610982	
	0.544103	
	0.396707	
	0.384250	
	0.518459	
	0.523369	
	0.437259	
	0.348912	
	0.297440	
	0.439122	
	0.375633	
	0.291093	
	0.253431	
	0.259157	
	0.442582	
	0.460176	
	0.327183	
	0.264709	
	0.494483	
	0.578441	
	0.635434	
	0.598330	
	0.573292	
	0.437638	
	0.538899	
	0.462147	
	0.281193	
	0.420269	
	0.429503	
	0.385562	
	0.462932	
	0.481135	
	0.442707	
	0.437627	
	0.400146	
	0.331183	
	0.490952	
	0.471288	
	0.420743	
	0.293667	
	0.356342	
	0.319273	
	0.304580	
	0.257222	
	0.245072	
	0.133723	
	0.134635	
	0.157313	
	0.164246	
	0.237698	
	0.404796	
	0.408814	
	0.343289	
	0.307600	
	0.317315	
	0.270938	
	0.403027	
	0.479020	
	0.446042	
	0.372154	
	0.224197	
	0.240212	
	0.200400	
	0.190470	
	0.188369	
	0.330696	
	0.431097	
	0.353430	
	0.252563	
	0.374963	
	0.466158	
	0.366564	
	0.301601	
	0.288597	
	0.276562	
	0.371505	
	0.401694	
	0.366953	
	0.253546	
	0.389443	
	0.526771	
	0.468351	
	0.458355	
	0.372103	
	0.310291	
	0.462246	
	0.541957	
	0.461119	
	0.407856	
	0.559869	
	0.611586	
	0.632095	
	0.607229	
	0.550737	
	0.530523	
	0.654730	
	0.681156	
	0.668709	
	0.514916	
	0.509791	
	0.620213	
	0.585792	
	0.595892	
	0.513166	
	0.451870	
	0.486501	
	0.427341	
	0.420888	
	0.366495	
	0.488422	
	0.609188	
	0.663432	
	0.631233	
	0.481308	
	0.593991	
	0.698000	
	0.710900	
	0.563935	
	0.599285	
	0.521759	
	0.474755	
	0.464029	
	0.506860	
	0.470388	
	0.332203	
	0.291751	
	0.280793	
	0.241486	
	0.301337	
	0.550979	
	0.687854	
	0.622060	
	0.583891	
	0.524034	
	0.533210	
	0.679596	
	0.722266	
	0.702412	
	0.660566	
	0.410418	
	0.352643	
	0.335536	
	0.350926	
	0.296620	
	0.304182	
	0.423572	
	0.461976	
	0.430964	
	0.321058	
	0.537997	
	0.620910	
	0.639467	
	0.546539	
	0.386776	
	0.336870	
	0.265027	
	0.232037	
	0.226420	
	0.276511	
	0.511517	
	0.473746	
	0.472910	
	0.446602	
	0.347064	
	0.261519	
	0.301463	
	0.247507	
	0.144092	
	0.140739	
	0.285633	
	0.260500	
	0.156820	
	0.135190	
	0.149437	
	0.192303	
	0.215158	
	0.208358	
	0.225873	
	0.246495	
	0.423365	
	0.528693	
	0.419156	
	0.375647	
	0.261509	
	0.242368	
	0.233507	
	0.163836	
	0.148320	
	0.163477	
	0.360703	
	0.376648	
	0.365015	
	0.374360	
	0.284770	
	0.263599	
	0.260695	
	0.229850	
	0.259486	
	0.301760	
	0.351228	
	0.278763	
	0.218436	
	0.193418	
	0.177790	
	0.204696	
	0.250292	
	0.187126	
	0.165820	
	0.196279	
	0.188373	
	0.228956	
	0.262226	
	0.273529	
	0.284982	
	0.263232	
	0.256537	
	0.289492	
	0.360276	
	0.300234	
	0.403171	
	0.422740	
	0.348573	
	0.313328	
	0.296546	
	0.222078	
	0.245169	
	0.243662	
	0.207287	
	0.203329	
	0.229829	
	0.243511	
	0.208363	
	0.233187	
	0.259762	
	0.279229	
	0.307190	
	0.334969	
	0.322987	
	0.324024	
	0.355465	
	0.398126	
	0.287515	
	0.281512	
	0.257324	
	0.265302	
	0.236523	
	0.244157	
	0.173451	
	0.222837	
	0.258291	
	0.289029	
	0.254780	
	0.267538	
	0.294851	
	0.286035	
	0.277314	
	0.297686	
	0.299569	
	0.289169	
	0.294733	
	0.354419	
	0.348842	
	0.291567	
	0.278918	
	0.246857	
	0.218892	
	0.179734	
	0.168848	
	0.129421	
	0.117706	
	0.151821	
	0.164767	
	0.192473	
	0.208965	
	0.322762	
	0.412451	
	0.383925	
	0.396953	
	0.488034	
	0.479055	
	0.359050	
	0.305638	
	0.228945	
	0.201489	
	0.209898	
	0.203922	
	0.177709	
	0.132025	
	0.178744	
	0.214311	
	0.187356	
	0.148313	
	0.135332	
	0.125144	
	0.136375	
	0.145092	
	0.189136	
	0.173090	
	0.157022	
	0.158136	
	0.225833	
	0.365789	
	0.338485	
	0.298053	
	0.308122	
	0.252503	
	0.210634	
	0.199134	
	0.165189	
	0.147969	
	0.124761	
	0.116984	
	0.156935	
	0.153266	
	0.158651	
	0.149370	
	0.524601	
	0.632646	
	0.671313	
	0.749256	
	0.702430	
	0.674306	
	0.527599	
	0.324916	
	0.524831	
	0.554077	
	0.549017	
	0.493250	
	0.445630	
	0.441822	
	0.441406	
	0.352496	
	0.276019	
	0.260657	
	0.258351	
	0.404286	
	0.630233	
	0.632562	
	0.502123	
	0.525104	
	0.596744	
	0.634414	
	0.475842	
	0.396652	
	0.358855	
	0.459054	
	0.545449	
	0.540422	
	0.558729	
	0.563070	
	0.465617	
	0.465143	
	0.501445	
	0.460975	
	0.349620	
	0.310279	
	0.302242	
	0.442489	
	0.547817	
	0.597484	
	0.584344	
	0.596812	
	0.610145	
	0.537226	
	0.432851	
	0.399177	
	0.439873	
	0.477158	
	0.405559	
	0.288218	
	0.461473	
	0.467078	
	0.498327	
	0.575822	
	0.522669	
	0.539931	
	0.633872	
	0.484529	
	0.540128	
	0.502792	
	0.489625	
	0.560027	
	0.504235	
	0.452346	
	0.355692	
	0.357816	
	0.416851	
	0.469184	
	0.438204	
	0.394108	
	0.274899	
	0.322648	
	0.445123	
	0.356084	
	0.315927	
	0.233466	
	0.216268	
	0.395796	
	0.469776	
	0.447849	
	0.400131	
	0.328291	
	0.278086	
	0.284923	
	0.415119	
	0.277714	
	0.247573	
	0.220460	
	0.233639	
	0.173870	
	0.149260	
	0.218144	
	0.158923	
	0.138844	
	0.138403	
	0.161755	
	0.172931	
	0.207639	
	0.257288	
	0.278628	
	0.291987	
	0.238547	
	0.193672	
	0.342331	
	0.474453	
	0.478737	
	0.440162	
	0.428053	
	0.385086	
	0.329841	
	0.192836	
	0.263107	
	0.283054	
	0.215173	
	0.200995	
	0.135463	
	0.128175	
	0.176211	
	0.338311	
	0.392036	
	0.342625	
	0.301224	
	0.272713	
	0.374193	
	0.472738	
	0.393841	
	0.297593	
	0.239097	
	0.219944	
	0.192846	
	0.148495	
	0.155333	
	0.156169	
	0.196234	
	0.199563	
	0.174040	
	0.160591	
	0.157205	
	0.149043	
	0.175699	
	0.190983	
	0.205122	
	0.303883	
	0.258228	
	0.367873	
	0.337887	
	0.383926	
	0.303739	
	0.317296	
	0.314713	
	0.318853	
	0.305428	
	0.244183	
	0.205328	
	0.253151	
	0.336481	
	0.338722	
	0.342548	
	0.420631	
	0.415856	
	0.395078	
	0.373906	
	0.361302	
	0.371869	
	0.378452	
	0.489401	
	0.431180	
	0.462858	
	0.541069	
	0.463973	
	0.434979	
	0.394933	
	0.389381	
	0.278810	
	0.314453	
	0.316162	
	0.343160	
	0.324101	
	0.337562	
	0.302210	
	0.328462	
	0.562685	
	0.545935	
	0.536231	
	0.512842	
	0.532712	
	0.446541	
	0.367949	
	0.338917	
	0.295562	
	0.293539	
	0.283690	
	0.223094	
	0.285286	
	0.288628	
	0.306767	
	0.283684	
	0.218440	
	0.196507	
	0.168320	
	0.142979	
	0.127933	
	0.116155	
	0.107299	
	0.090080	
	0.136488	
	0.338964	
	0.374802	
	0.350739	
	0.299176	
	0.324584	
	0.338216	
	0.274155	
	0.205036	
	0.204740	
	0.183973	
	0.161288	
	0.266464	
	0.279753	
	0.293215	
	0.334435	
	0.212099	
	0.297836	
	0.388687	
	0.367684	
	0.371069	
	0.408119	
	0.340297	
	0.335886	
	0.273416	
	0.260752	
	0.219334	
	0.221391	
	0.245371	
	0.253238	
	0.257711	
	0.155087	
	0.192943	
	0.220407	
	0.193584	
	0.149888	
	0.136819	
	0.102590	
	0.100345	
	0.094966	
	0.118163	
	0.341714	
	0.379743	
	0.370001	
	0.333448	
	0.322689	
	0.260708	
	0.193795	
	0.155607	
	0.216184	
	0.178309	
	0.147831	
	0.163178	
	0.283667	
	0.325839	
	0.352966	
	0.317242	
	0.288314	
	0.368170	
	0.401741	
	0.382183	
	0.343829	
	0.314420	
	0.328901	
	0.229557	
	0.195859	
	0.153902	
	0.127745	
	0.122218	
	0.099416	
	0.103713	
	0.092206	
	0.126226	
	0.116574	
	0.146609	
	0.141558	
	0.153820	
	0.141013	
	0.166817	
	0.146411	
	0.278962	
	0.402833	
	0.430834	
	0.393950	
	0.300954	
	0.233950	
	0.199956	
	0.146488	
	0.154382	
	0.139165	
	0.192440	
	0.219623	
	0.221047	
	0.208967	
	0.218103	
	0.220841	
	0.221615	
	0.196732	
	0.273688	
	0.288249	
	0.278389	
	0.277949	
	0.247595	
	0.204141	
	0.178467	
	0.153283	
	0.130906	
	0.121700	
	0.146718	
	0.172884	
	0.177011	
	0.230193	
	0.251768	
	0.235353	
	0.183641	
	0.160169	
	0.171993	
	0.144204	
	0.161199	
	0.203004	
	0.325963	
	0.464570	
	0.475007	
	0.367727	
	0.312085	
	0.279399	
	0.251256	
	0.246056	
	0.240610	
	0.219126	
	0.178550	
	0.178142	
	0.220437	
	0.188176	
	0.192033	
	0.196637	
	0.158020	
	0.143261	
	0.149976	
	0.170393	
	0.225977	
	0.256223	
	0.321743	
	0.253806	
	0.206674	
	0.147924	
	0.148112	
	0.138016	
	0.134643	
	0.154973	
	0.165867	
	0.208794	
	0.260939	
	0.303463	
	0.312506	
	0.269660	
	0.157536	
	0.135053	
	0.133352	
	0.143393	
	0.254238	
	0.385635	
	0.517996	
	0.495326	
	0.495029	
	0.457043	
	0.472445	
	0.476570	
	0.448721	
	0.409328	
	0.399827	
	0.466353	
	0.472863	
	0.482536	
	0.446830	
	0.434249	
	0.416432	
	0.314237	
	0.325347	
	0.341783	
	0.332627	
	0.480885	
	0.547423	
	0.519491	
	0.393960	
	0.415769	
	0.378777	
	0.349141	
	0.305963	
	0.151393	
	0.155156	
	0.149788	
	0.126484	
	0.160610	
	0.450647	
	0.512843	
	0.496705	
	0.443912	
	0.476556	
	0.492376	
	0.531889	
	0.587573	
	0.537695	
	0.446039	
	0.437096	
	0.390069	
	0.361184	
	0.403232	
	0.432846	
	0.421732	
	0.446050	
	0.404011	
	0.318582	
	0.432652	
	0.493105	
	0.489914	
	0.425652	
	0.305136	
	0.302983	
	0.402343	
	0.476714	
	0.514734	
	0.494856	
	0.483136	
	0.444929	
	0.408991	
	0.426183	
	0.443708	
	0.426685	
	0.377933	
	0.351074	
	0.345329	
	0.255330	
	0.189456	
	0.409222	
	0.501844	
	0.495347	
	0.475555	
	0.521331	
	0.534148	
	0.496670	
	0.433429	
	0.443113	
	0.326455	
	0.268884	
	0.243397	
	0.238613	
	0.279327	
	0.204164	
	0.198444	
	0.170412	
	0.236150	
	0.224390	
	0.252620	
	0.209024	
	0.221502	
	0.272968	
	0.178939	
	0.169247	
	0.192226	
	0.210843	
	0.244726	
	0.380952	
	0.378706	
	0.290057	
	0.243345	
	0.168929	
	0.140343	
	0.152585	
	0.154893	
	0.148369	
	0.111541	
	0.152973	
	0.342413	
	0.378889	
	0.507534	
	0.506228	
	0.499705	
	0.472799	
	0.433370	
	0.417641	
	0.396662	
	0.353438	
	0.199670	
	0.430511	
	0.383410	
	0.371289	
	0.400290	
	0.423240	
	0.437220	
	0.475031	
	0.494338	
	0.472167	
	0.459179	
	0.462289	
	0.536573	
	0.530271	
	0.523640	
	0.515018	
	0.544262	
	0.549446	
	0.493440	
	0.403082	
	0.469611	
	0.444595	
	0.431323	
	0.380213	
	0.345974	
	0.297675	
	0.260810	
	0.338826	
	0.416244	
	0.396785	
	0.465517	
	0.502726	
	0.407385	
	0.255652	
	0.560663	
	0.556106	
	0.457725	
	0.391663	
	0.380704	
	0.385105	
	0.353516	
	0.352982	
	0.277485	
	0.295423	
	0.285106	
	0.271760	
	0.273731	
	0.300387	
	0.357893	
	0.369228	
	0.304236	
	0.182734	
	0.178592	
	0.292763	
	0.287566	
	0.283683	
	0.189746	
	0.235964	
	0.324936	
	0.316951	
	0.245871	
	0.456360	
	0.312601	
	0.179798	
	0.170221	
	0.209994	
	0.177945	
	0.157786	
	0.144386	
	0.220304	
	0.466359	
	0.525065	
	0.560018	
	0.556975	
	0.565755	
	0.573149	
	0.555671	
	0.561012	
	0.536103	
	0.465701	
	0.450917	
	0.461991	
	0.482429	
	0.477560	
	0.453379	
	0.444826	
	0.448444	
	0.515513	
	0.500134	
	0.463760	
	0.455269	
	0.452148	
	0.491713	
	0.486700	
	0.459836	
	0.393960	
	0.443413	
	0.456930	
	0.466335	
	0.482895	
	0.461338	
	0.386644	
	0.426246	
	0.333654	
	0.281429	
	0.282774	
	0.286932	
	0.283783	
	0.301048	
	0.358242	
	0.317638	
	0.306527	
	0.274036	
	0.222069	
	0.199727	
	0.242953	
	0.244582	
	0.226383	
	0.184524	
	0.162650	
	0.150442	
	0.157238	
	0.341552	
	0.325827	
	0.297724	
	0.283835	
	0.279271	
	0.234805	
	0.212622	
	0.218204	
	0.220826	
	0.211205	
	0.203724	
	0.172355	
	0.168034	
	0.197914	
	0.250982	
	0.303139	
	0.350553	
	0.334418	
	0.440091	
	0.412165	
	0.416599	
	0.329726	
	0.213338	
	0.208520	
	0.239919	
	0.211885	
	0.185566	
	0.194021	
	0.252916	
	0.158483	
	0.150922	
	0.206310	
	0.247025	
	0.313928	
	0.399216	
	0.467778	
	0.557321	
	0.670342	
	0.667237	
	0.699394	
	0.644597	
	0.572868	
	0.376595	
	0.339425	
	0.182192	
	0.245611	
	0.358061	
	0.407606	
	0.453463	
	0.445914	
	0.358546	
	0.318592	
	0.326463	
	0.329480	
	0.441575	
	0.438515	
	0.400553	
	0.256445	
	0.571139	
	0.597447	
	0.589440	
	0.571146	
	0.508427	
	0.504602	
	0.516705	
	0.511652	
	0.516406	
	0.540091	
	0.581170	
	0.567097	
	0.472926	
	0.523811	
	0.561804	
	0.582038	
	0.557909	
	0.585392	
	0.561678	
	0.505974	
	0.520317	
	0.476632	
	0.536306	
	0.469434	
	0.433445	
	0.423361	
	0.483458	
	0.411086	
	0.424823	
	0.431749	
	0.417117	
	0.385770	
	0.365163	
	0.324746	
	0.308035	
	0.305752	
	0.309102	
	0.289490	
	0.323775	
	0.309766	
	0.286280	
	0.247836	
	0.216853	
	0.214818	
	0.254456	
	0.238506	
	0.348990	
	0.448532	
	0.441084	
	0.446593	
	0.423650	
	0.388315	
	0.363019	
	0.336949	
	0.330920	
	0.351504	
	0.352827	
	0.371190	
	0.372538	
	0.326796	
	0.381348	
	0.419100	
	0.390864	
	0.405913	
	0.316803	
	0.307516	
	0.266379	
	0.238347	
	0.242164	
	0.204399	
	0.196828	
	0.187258	
	0.239315	
	0.312485	
	0.410831	
	0.457884	
	0.459668	
	0.403706	
	0.398401	
	0.369839	
	0.387382	
	0.394471	
	0.369753	
	0.373912	
	0.359596	
	0.374549	
	0.381458	
	0.374493	
	0.277536	
	0.299245	
	0.415005	
	0.376003	
	0.397983	
	0.268920	
	0.269616	
	0.235046	
	0.226626	
	0.212197	
	0.186823	
	0.168135	
	0.397038	
	0.397245	
	0.370632	
	0.350793	
	0.315446	
	0.311604	
	0.305718	
	0.280355	
	0.234699	
	0.180916	
	0.253392	
	0.266959	
	0.210803	
	0.171847	
	0.175333	
	0.145140	
	0.137237	
	0.143254	
	0.158474	
	0.243662	
	0.356396	
	0.226083	
	0.236639	
	0.251868	
	0.207626	
	0.169414	
	0.191429	
	0.201850	
	0.155866	
	0.184597	
	0.184246	
	0.167795	
	0.173056	
	0.180904	
	0.165605	
	0.157516	
	0.169377	
	0.221784	
	0.268754	
	0.317169	
	0.384893	
	0.345147	
	0.210487	
	0.193647	
	0.177182	
	0.158350	
	0.167242	
	0.223001	
	0.321168	
	0.493991	
	0.576547	
	0.592959	
	0.553980	
	0.572453	
	0.554668	
	0.543338	
	0.475687	
	0.377300	
	0.517983	
	0.547419	
	0.561669	
	0.496172	
	0.437642	
	0.307966	
	0.515671	
	0.639676	
	0.579050	
	0.502002	
	0.368869	
	0.270830	
	0.209878	
	0.186886	
	0.265438	
	0.432229	
	0.558916	
	0.504483	
	0.537169	
	0.573612	
	0.566731	
	0.572490	
	0.585723	
	0.524620	
	0.377124	
	0.438071	
	0.468109	
	0.481614	
	0.457417	
	0.457483	
	0.343207	
	0.381838	
	0.403028	
	0.404566	
	0.354187	
	0.330695	
	0.368378	
	0.427216	
	0.490154	
	0.498499	
	0.355354	
	0.313037	
	0.347214	
	0.485541	
	0.446765	
	0.398976	
	0.380661	
	0.292527	
	0.276382	
	0.283194	
	0.268274	
	0.240851	
	0.245485	
	0.246954	
	0.249283	
	0.278176	
	0.397413	
	0.548752	
	0.542170	
	0.494482	
	0.452823	
	0.703732	
	0.884104	
	0.775450	
	0.574466	
	0.431735	
	0.341152	
	0.294563	
	0.274166	
	0.380061	
	0.657991	
	0.758363	
	0.760822	
	0.775356	
	0.741759	
	0.523467	
	0.338681	
	0.309636	
	0.245961	
	0.232121	
	0.203326	
	0.222790	
	0.209900	
	0.261789	
	0.318689	
	0.292240	
	0.290631	
	0.331298	
	0.301375	
	0.290897	
	0.312649	
	0.304407	
	0.341177	
	0.288870	
	0.339086	
	0.375376	
	0.402925	
	0.379784	
	0.328340	
	0.338880	
	0.352273	
	0.362330	
	0.252849	
	0.291068	
	0.427878	
	0.295818	
	0.264919	
	0.250938	
	0.246871	
	0.272563	
	0.256757	
	0.246053	
	0.232052	
	0.258030	
	0.284351	
	0.302110	
	0.243434	
	0.430963	
	0.374015	
	0.251545	
	0.210432	
	0.191013	
	0.219589	
	0.278514	
	0.300130	
	0.262321	
	0.260421	
	0.231660	
	0.212534	
	0.200042	
	0.206939	
	0.210209	
	0.225608	
	0.217944	
	0.242666	
	0.345646	
	0.375620	
	0.542388	
	0.657809	
	0.669747	
	0.401991	
	0.391708	
	0.419151	
	0.437596	
	0.435815	
	0.422817	
	0.377149	
	0.324344	
	0.451897	
	0.519464	
	0.361134	
	0.365260	
	0.418339	
	0.439856	
	0.443720	
	0.501853	
	0.549880	
	0.540576	
	0.547274	
	0.459084	
	0.306051	
	0.277696	
	0.252234	
	0.254311	
	0.225592	
	0.242132	
	0.340243	
	0.314473	
	0.308369	
	0.313828	
	0.349712	
	0.355305	
	0.382719	
	0.429179	
	0.430853	
	0.396673	
	0.663427	
	0.793800	
	0.796414	
	0.798917	
	0.802154	
	0.729876	
	0.538633	
	0.303243	
	0.203382	
	0.419502	
	0.571736	
	0.453256	
	0.448959	
	0.448459	
	0.294709	
	0.399584	
	0.419896	
	0.420636	
	0.401824	
	0.422284	
	0.604380	
	0.796194	
	0.843364	
	0.899995	
	0.864191	
	0.483196	
	0.206377	
	0.166123	
	0.173642	
	0.210489	
	0.244554	
	0.242873	
	0.246106	
	0.248271	
	0.239850	
	0.229575	
	0.221562	
	0.232830	
	0.243607	
	0.219797	
	0.235668	
	0.236554	
	0.261983	
	0.237413	
	0.216861	
	0.199759	
	0.204403	
	0.208008	
	0.185213	
	0.152479	
	0.196871	
	0.230477	
	0.351203	
	0.426770	
	0.351152	
	0.310310	
	0.276153	
	0.239470	
	0.238384	
	0.234139	
	0.260356	
	0.319223	
	0.507092	
	0.563592	
	0.558102	
	0.573573	
	0.454243	
	0.337100	
	0.290675	
	0.274232	
	0.287402	
	0.313498	
	0.379818	
	0.459188	
	0.359795	
	0.342198	
	0.306829	
	0.287393	
	0.219700	
	0.232335	
	0.182411	
	0.162230	
	0.168864	
	0.272601	
	0.494698	
	0.718871	
	0.537230	
	0.541381	
	0.483336	
	0.311042	
	0.282896	
	0.291442	
	0.341572	
	0.386412	
	0.437545	
	0.622905	
	0.663493	
	0.695505	
	0.712588	
	0.719097	
	0.687410	
	0.368017	
	0.308136	
	0.286023	
	0.388308	
	0.544157	
	0.384900	
	0.284668	
	0.311768	
	0.411620	
	0.499406	
	0.629176	
	0.701935	
	0.481992	
	0.358111	
	0.418055	
	0.436639	
	0.417415	
	0.418319	
	0.439598	
	0.472651	
	0.471091	
	0.405705	
	0.374473	
	0.198612	
	0.129835	
	0.153859	
	0.142999	
	0.184660	
	0.472691	
	0.509572	
	0.469321	
	0.427187	
	0.508617	
	0.522946	
	0.358568	
	0.266056	
	0.235018	
	0.217049	
	0.220428	
	0.190167	
	0.151284	
	0.202699	
	0.245251	
	0.251679	
	0.239492	
	0.182733	
	0.205288	
	0.306501	
	0.353304	
	0.380424	
	0.355109	
	0.312703	
	0.331692	
	0.330725	
	0.359403	
	0.322516	
	0.261341	
	0.213361	
	0.233019	
	0.223281	
	0.253370	
	0.232886	
	0.249412	
	0.239408	
	0.244991	
	0.226267	
	0.225910	
	0.237626	
	0.271795	
	0.287650	
	0.274518	
	0.266278	
	0.310311	
	0.310012	
	0.343001	
	0.387478	
	0.325059	
	0.266010	
	0.311694	
	0.311877	
	0.258296	
	0.256670	
	0.276967	
	0.255977	
	0.206521	
	0.208868	
	0.246106	
	0.266663	
	0.284233	
	0.327626	
	0.320559	
	0.288451	
	0.271362	
	0.235950	
	0.211309	
	0.234657	
	0.266901	
	0.230178	
	0.243495	
	0.375263	
	0.383255	
	0.158617	
	0.216451	
	0.433181	
	0.441954	
	0.431681	
	0.283685	
	0.165346	
	0.144198	
	0.310996	
	0.316625	
	0.279744	
	0.271627	
	0.285303	
	0.261082	
	0.265369	
	0.345013	
	0.284181	
	0.235826	
	0.202844	
	0.190588	
	0.168174	
	0.158457	
	0.146868	
	0.132087	
	0.197946	
	0.156241	
	0.181299	
	0.151388	
	0.119794	
	0.157387	
	0.226217	
	0.227789	
	0.257477	
	0.223033	
	0.200002	
	0.212145	
	0.321700	
	0.316167	
	0.211229	
	0.161418	
	0.143874	
	0.134642	
	0.145331	
	0.137283	
	0.141843	
	0.156852	
	0.129050	
	0.110093	
	0.118500	
	0.129270	
	0.198147	
	0.246898	
	0.266665	
	0.359821	
	0.531031	
	0.692645	
	0.507069	
	0.560835	
	0.435324	
	0.320672	
	0.258549	
	0.230436	
	0.216964	
	0.237205	
	0.234374	
	0.230307	
	0.185654	
	0.169643	
	0.155130	
	0.158949	
	0.189293	
	0.329697	
	0.489623	
	0.600001	
	0.560712	
	0.447899	
	0.438780	
	0.413320	
	0.415228	
	0.383465	
	0.326322	
	0.289516	
	0.323687	
	0.427369	
	0.396653	
	0.431638	
	0.324403	
	0.325855	
	0.364012	
	0.504544	
	0.428430	
	0.349237	
	0.263556	
	0.210147	
	0.253536	
	0.329299	
	0.343023	
	0.372289	
	0.488984	
	0.467657	
	0.395819	
	0.336691	
	0.289822	
	0.269195	
	0.249746	
	0.267850	
	0.269648	
	0.272265	
	0.259096	
	0.239748	
	0.222365	
	0.233677	
	0.281292	
	0.300294	
	0.252215	
	0.259148	
	0.269024	
	0.229094	
	0.234217	
	0.307399	
	0.308129	
	0.339590	
	0.390667	
	0.397508	
	0.366252	
	0.432640	
	0.416374	
	0.358226	
	0.308891	
	0.250681	
	0.227097	
	0.187967	
	0.158296	
	0.206312	
	0.290947	
	0.311193	
	0.233227	
	0.204326	
	0.247171	
	0.256622	
	0.375610	
	0.339904	
	0.330851	
	0.343122	
	0.282560	
	0.246354	
	0.264225	
	0.228199	
	0.214949	
	0.279825	
	0.265912	
	0.312639	
	0.315092	
	0.345494	
	0.324998	
	0.344736	
	0.345826	
	0.333924	
	0.361546	
	0.390305	
	0.363376	
	0.307347	
	0.248600	
	0.244847	
	0.209666	
	0.190639	
	0.189820	
	0.186183	
	0.191961	
	0.226224	
	0.193194	
	0.218611	
	0.232764	
	0.243594	
	0.208278	
	0.163019	
	0.149939	
	0.153036	
	0.156942	
	0.181631	
	0.427226	
	0.505124	
	0.313068	
	0.244473	
	0.241566	
	0.187798	
	0.186648	
	0.181676	
	0.183682	
	0.202939	
	0.205994	
	0.145084	
	0.187514	
	0.195195	
	0.238036	
	0.428700	
	0.327142	
	0.296182	
	0.279781	
	0.300266	
	0.281152	
	0.408898	
	0.379056	
	0.383590	
	0.398529	
	0.356673	
	0.332670	
	0.378605	
	0.368694	
	0.427926	
	0.402583	
	0.458759	
	0.475412	
	0.471971	
	0.375595	
	0.421063	
	0.651891	
	0.612082	
	0.591092	
	0.592064	
	0.626753	
	0.647554	
	0.631408	
	0.510122	
	0.446724	
	0.494622	
	0.472004	
	0.425947	
	0.406938	
	0.487403	
	0.701665	
	0.791401	
	0.819344	
	0.711898	
	0.493143	
	0.328554	
	0.222297	
	0.297767	
	0.338692	
	0.338071	
	0.310079	
	0.329815	
	0.321954	
	0.345682	
	0.289886	
	0.359351	
	0.326513	
	0.339806	
	0.373334	
	0.384307	
	0.403307	
	0.407600	
	0.408789	
	0.406973	
	0.405455	
	0.375919	
	0.336043	
	0.379625	
	0.314986	
	0.383604	
	0.412080	
	0.396169	
	0.373919	
	0.317772	
	0.338550	
	0.366732	
	0.390108	
	0.302698	
	0.269741	
	0.253580	
	0.248898	
	0.225444	
	0.251278	
	0.241515	
	0.251876	
	0.196305	
	0.258710	
	0.555723	
	0.312496	
	0.232816	
	0.296648	
	0.355737	
	0.358364	
	0.427366	
	0.489129	
	0.465267	
	0.470669	
	0.389198	
	0.366821	
	0.355698	
	0.344742	
	0.328444	
	0.292325	
	0.338944	
	0.298606	
	0.304553	
	0.270115	
	0.232007	
	0.232774	
	0.278930	
	0.416550	
	0.479007	
	0.463053	
	0.373953	
	0.408633	
	0.438065	
	0.525680	
	0.442294	
	0.353431	
	0.365945	
	0.385127	
	0.340830	
	0.284404	
	0.241362	
	0.236718	
	0.215309	
	0.184407	
	0.158812	
	0.182459	
	0.160630	
	0.171119	
	0.276401	
	0.418274	
	0.478472	
	0.516224	
	0.448765	
	0.405337	
	0.385192	
	0.417819	
	0.374963	
	0.280871	
	0.220768	
	0.223275	
	0.266504	
	0.197694	
	0.212730	
	0.224269	
	0.157567	
	0.127238	
	0.140298	
	0.271170	
	0.475626	
	0.463693	
	0.343898	
	0.351728	
	0.356165	
	0.357663	
	0.603857	
	0.611960	
	0.482513	
	0.441806	
	0.405643	
	0.372806	
	0.345290	
	0.322916	
	0.297489	
	0.345574	
	0.349771	
	0.343360	
	0.266775	
	0.275557	
	0.274327	
	0.302812	
	0.325427	
	0.288551	
	0.274976	
	0.269877	
	0.345628	
	0.345083	
	0.342415	
	0.300110	
	0.309990	
	0.307505	
	0.336088	
	0.415681	
	0.476439	
	0.527492	
	0.487858	
	0.485052	
	0.653111	
	0.782491	
	0.821093	
	0.735508	
	0.540206	
	0.521027	
	0.545214	
	0.526718	
	0.498155	
	0.529813	
	0.515294	
	0.382528	
	0.388942	
	0.349868	
	0.312861	
	0.305825	
	0.306794	
	0.335818	
	0.310745	
	0.298867	
	0.343131	
	0.388908	
	0.638028	
	0.815719	
	0.611544	
	0.328182	
	0.234049	
	0.198681	
	0.255457	
	0.249420	
	0.240656	
	0.315962	
	0.212267	
	0.254091	
	0.229531	
	0.235912	
	0.238795	
	0.223925	
	0.271641	
	0.265647	
	0.292887	
	0.296986	
	0.262712	
	0.219511	
	0.225223	
	0.174114	
	0.220965	
	0.339594	
	0.405120	
	0.498547	
	0.520418	
	0.599226	
	0.560033	
	0.446846	
	0.379987	
	0.366959	
	0.316546	
	0.284794	
	0.293521	
	0.453389	
	0.428676	
	0.409861	
	0.364132	
	0.376425	
	0.398392	
	0.449641	
	0.471748	
	0.442136	
	0.401948	
	0.449087	
	0.425385	
	0.442810	
	0.394407	
	0.411024	
	0.381290	
	0.391126	
	0.362763	
	0.370179	
	0.292450	
	0.259749	
	0.239219	
	0.232507	
	0.191026	
	0.194920	
	0.186153	
	0.160243	
	0.265519	
	0.455479	
	0.408871	
	0.343589	
	0.306963	
	0.425473	
	0.399106	
	0.469955	
	0.370704	
	0.336809	
	0.339771	
	0.328670	
	0.283693	
	0.263185	
	0.238777	
	0.195720	
	0.171386	
	0.169184	
	0.181625	
	0.194370	
	0.260922	
	0.271198	
	0.316242	
	0.318815	
	0.303695	
	0.267506	
	0.269676	
	0.294735	
	0.298545	
	0.252356	
	0.211237	
	0.212494	
	0.246994	
	0.263233	
	0.271668	
	0.289960	
	0.323951	
	0.336603	
	0.359289	
	0.403244	
	0.421200	
	0.464591	
	0.443575	
	0.503268	
	0.333250	
	0.214453	
	0.240103	
	0.461095	
	0.440206	
	0.492094	
	0.468257	
	0.417000	
	0.406241	
	0.443199	
	0.494770	
	0.527088	
	0.478045	
	0.435908	
	0.374666	
	0.302258	
	0.190864	
	0.148613	
	0.224375	
	0.345003	
	0.522270	
	0.523765	
	0.557079	
	0.567420	
	0.520395	
	0.499088	
	0.464928	
	0.438448	
	0.426511	
	0.414982	
	0.338516	
	0.288311	
	0.231958	
	0.235631	
	0.213693	
	0.219130	
	0.237810	
	0.238783	
	0.285483	
	0.361422	
	0.386053	
	0.410445	
	0.423983	
	0.384254	
	0.527416	
	0.566817	
	0.359923	
	0.346241	
	0.344405	
	0.286080	
	0.264258	
	0.264043	
	0.192090	
	0.270301	
	0.316466	
	0.295126	
	0.314858	
	0.363693	
	0.374560	
	0.345276	
	0.269020	
	0.199118	
	0.205837	
	0.193438	
	0.223981	
	0.228706	
	0.246272	
	0.257882	
	0.313528	
	0.353069	
	0.279047	
	0.296625	
	0.330429	
	0.311464	
	0.315570	
	0.323291	
	0.282261	
	0.182420	
	0.120215	
	0.258721	
	0.412438	
	0.489581	
	0.493928	
	0.494633	
	0.470268	
	0.511153	
	0.536306	
	0.423498	
	0.315265	
	0.293559	
	0.267845	
	0.286004	
	0.262590	
	0.258644	
	0.261629	
	0.221057	
	0.193981	
	0.277698	
	0.268774	
	0.290858	
	0.317042	
	0.255620	
	0.305615	
	0.363273	
	0.454868	
	0.433115	
	0.426977	
	0.377653	
	0.325588	
	0.396637	
	0.310378	
	0.296615	
	0.289902	
	0.275267	
	0.214338	
	0.187559	
	0.185412	
	0.201401	
	0.161622	
	0.236263	
	0.360387	
	0.518254	
	0.504278	
	0.401465	
	0.369346	
	0.287440	
	0.279390	
	0.253516	
	0.370366	
	0.343778	
	0.312925	
	0.300199	
	0.239120	
	0.208532	
	0.157652	
	0.151566	
	0.153953	
	0.132804	
	0.159845	
	0.171675	
	0.191141	
	0.224761	
	0.308942	
	0.404157	
	0.338683	
	0.319758	
	0.285007	
	0.332705	
	0.370131	
	0.234879	
	0.173943	
	0.147045	
	0.159138	
	0.191530	
	0.143590	
	0.150440	
	0.130199	
	0.114088	
	0.094451	
	0.094064	
	0.227501	
	0.407888	
	0.393023	
	0.329673	
	0.315332	
	0.225706	
	0.229417	
	0.263965	
	0.417478	
	0.419936	
	0.314266	
	0.264779	
	0.246604	
	0.236765	
	0.234346	
	0.190958	
	0.174356	
	0.123288	
	0.161133	
	0.252342	
	0.252777	
	0.186245	
	0.206413	
	0.186369	
	0.217533	
	0.189037	
	0.187240	
	0.178696	
	0.294591	
	0.180689	
	0.231407	
	0.246566	
	0.243605	
	0.227574	
	0.197380	
	0.227926	
	0.276670	
	0.381095	
	0.331044	
	0.270329	
	0.183006	
	0.227759	
	0.183986	
	0.201090	
	0.215211	
	0.258546	
	0.241929	
	0.370527	
	0.349158	
	0.261082	
	0.223749	
	0.199324	
	0.164547	
	0.138676	
	0.154227	
	0.142148	
	0.148056	
	0.140095	
	0.136284	
	0.154778	
	0.235152	
	0.288853	
	0.309127	
	0.352103	
	0.313028	
	0.310833	
	0.316077	
	0.306556	
	0.248905	
	0.227669	
	0.179879	
	0.173892	
	0.216899	
	0.203037	
	0.201484	
	0.207593	
	0.195528	
	0.245508	
	0.252785	
	0.253237	
	0.251546	
	0.260456	
	0.178877	
	0.120417	
	0.122854	
	0.137525	
	0.149305	
	0.130396	
	0.158950	
	0.125777	
	0.101131	
	0.118343	
	0.132542	
	0.122111	
	0.146756	
	0.115388	
	0.122483	
	0.116292	
	0.156095	
	0.135386	
	0.122387	
	0.142503	
	0.135694	
	0.154754	
	0.106329	
	0.119897	
	0.121143	
	0.123410	
	0.154829	
	0.210291	
	0.148186	
	0.140999	
	0.156510	
	0.170863	
	0.211100	
	0.244136	
	0.235801	
	0.258789	
	0.234699	
	0.205430	
	0.192909	
	0.165679	
	0.158037	
	0.083488	
	0.127824	
	0.096144	
	0.086623	
	0.106985	
	0.106655	
	0.108131	
	0.089863	
	0.085452	
	0.083390	
	0.099237	
	0.085900	
	0.091396	
	0.090164	
	0.069514	
	0.092427	
	0.108264	
	0.102248	
	0.103983	
	0.119382	
	0.119892	
	0.111470	
	0.153324	
	0.116275	
	0.128505	
	0.120819	
	0.108316	
	0.216208	
	0.137515	
	0.119309	
	0.155980	
	0.126759	
	0.140075	
	0.136483	
	0.138667	
	0.132731	
	0.111515	
	0.109288	
	0.125648	
	0.131980	
	0.109277	
	0.085532	
	0.092215	
	0.111066	
	0.130760	
	0.121024	
	0.120744	
	0.141879	
	0.127915	
	0.127940	
	0.197917	
	0.179928	
	0.131280	
	0.153491	
	0.197142	
	0.186666	
	0.173755	
	0.186087	
	0.175128	
	0.182603	
	0.166358	
	0.238427	
	0.262922	
	0.330172	
	0.197055	
	0.155184	
	0.228989	
	0.247984	
	0.243495	
	0.240039	
	0.199512	
	0.150306	
	0.149991	
	0.160892	
	0.159422	
	0.153692	
	0.133427	
	0.116503	
	0.132753	
	0.160377	
	0.144232	
	0.128354	
	0.132864	
	0.133580	
	0.122215	
	0.129774	
	0.129952	
	0.144862	
	0.126718	
	0.138821	
	0.124880	
	0.133452	
	0.184328	
	0.170598	
	0.157657	
	0.172736	
	0.170997	
	0.175101	
	0.154489	
	0.157986	
	0.144046	
	0.104239	
	0.106326	
	0.183561	
	0.279843	
	0.359503	
	0.393887	
	0.341164	
	0.318692	
	0.296461	
	0.273198	
	0.295747	
	0.239154	
	0.231245	
	0.338719	
	0.314684	
	0.258323	
	0.279126	
	0.289476	
	0.220290	
	0.154594	
	0.153841	
	0.239565	
	0.495711	
	0.619154	
	0.647656	
	0.530810	
	0.390954	
	0.344388	
	0.380098	
	0.396808	
	0.414467	
	0.308075	
	0.254369	
	0.277620	
	0.375841	
	0.376615	
	0.328465	
	0.380594	
	0.377392	
	0.372460	
	0.385191	
	0.357745	
	0.209178	
	0.200125	
	0.187311	
	0.241792	
	0.474832	
	0.457066	
	0.563964	
	0.591518	
	0.599248	
	0.663866	
	0.654006	
	0.671022	
	0.634556	
	0.550908	
	0.526139	
	0.566944	
	0.613112	
	0.547977	
	0.605832	
	0.557343	
	0.519207	
	0.528875	
	0.531086	
	0.493993	
	0.484793	
	0.379606	
	0.314929	
	0.406965	
	0.293760	
	0.255302	
	0.245148	
	0.235872	
	0.230166	
	0.233870	
	0.229193	
	0.289857	
	0.425721	
	0.539019	
	0.484822	
	0.371607	
	0.456527	
	0.444342	
	0.357428	
	0.308756	
	0.313242	
	0.357032	
	0.400112	
	0.294086	
	0.385708	
	0.484336	
	0.530795	
	0.506164	
	0.549293	
	0.549472	
	0.579696	
	0.597157	
	0.484745	
	0.365597	
	0.305661	
	0.477700	
	0.497846	
	0.562584	
	0.567815	
	0.550887	
	0.549099	
	0.549988	
	0.560200	
	0.580248	
	0.560440	
	0.484880	
	0.523959	
	0.446501	
	0.427640	
	0.449742	
	0.459065	
	0.494181	
	0.519826	
	0.463640	
	0.439704	
	0.441960	
	0.416751	
	0.384513	
	0.479415	
	0.466362	
	0.443595	
	0.497280	
	0.507219	
	0.424933	
	0.523093	
	0.541726	
	0.467832	
	0.552808	
	0.462153	
	0.285957	
	0.245493	
	0.249360	
	0.234468	
	0.263460	
	0.281861	
	0.294500	
	0.288820	
	0.294271	
	0.318026	
	0.304536	
	0.284668	
	0.294024	
	0.289224	
	0.282998	
	0.304965	
	0.322213	
	0.329617	
	0.350248	
	0.307853	
	0.371623	
	0.327689	
	0.273989	
	0.244892	
	0.194332	
	0.171952	
	0.217316	
	0.254602	
	0.259055	
	0.258675	
	0.261682	
	0.227368	
	0.216738	
	0.239089	
	0.221090	
	0.201896	
	0.177234	
	0.195124	
	0.187802	
	0.188317	
	0.241284	
	0.272274	
	0.400456	
	0.493362	
	0.472519	
	0.450888	
	0.473530	
	0.436364	
	0.413636	
	0.452183	
	0.414697	
	0.350654	
	0.410659	
	0.374535	
	0.460279	
	0.405251	
	0.435795	
	0.388008	
	0.437561	
	0.412906	
	0.405517	
	0.357590	
	0.289870	
	0.266072	
	0.212668	
	0.212059	
	0.206156	
	0.246411	
	0.331771	
	0.421261	
	0.403908	
	0.443830	
	0.450098	
	0.361247	
	0.353643	
	0.386590	
	0.360883	
	0.316167	
	0.298027	
	0.307991	
	0.316757	
	0.330394	
	0.301732	
	0.350747	
	0.420867	
	0.479088	
	0.434713	
	0.479295	
	0.436475	
	0.356710	
	0.407126	
	0.375970	
	0.396395	
	0.347412	
	0.325356	
	0.339839	
	0.344701	
	0.352243	
	0.333363	
	0.288631	
	0.246653	
	0.255756	
	0.201325	
	0.326458	
	0.396592	
	0.361963	
	0.362709	
	0.347609	
	0.320597	
	0.381969	
	0.451979	
	0.540585	
	0.474377	
	0.388502	
	0.351816	
	0.316451	
	0.341893	
	0.351391	
	0.278823	
	0.252673	
	0.238856	
	0.237142	
	0.257045	
	0.281312	
	0.250596	
	0.271589	
	0.288462	
	0.337720	
	0.365224	
	0.411330	
	0.349324	
	0.380109	
	0.363258	
	0.360802	
	0.285340	
	0.313605	
	0.247032	
	0.227084	
	0.219585	
	0.242159	
	0.215152	
	0.207062	
	0.261737	
	0.279791	
	0.279387	
	0.268042	
	0.480560	
	0.359058	
	0.329615	
	0.283905	
	0.228497	
	0.186850	
	0.230648	
	0.268592	
	0.352032	
	0.396378	
	0.342521	
	0.312855	
	0.325787	
	0.348001	
	0.379558	
	0.399863	
	0.379490	
	0.378708	
	0.389057	
	0.381358	
	0.232338	
	0.285966	
	0.433432	
	0.381923	
	0.347633	
	0.321348	
	0.340933	
	0.232856	
	0.440995	
	0.522254	
	0.448776	
	0.401669	
	0.330095	
	0.313995	
	0.275273	
	0.277002	
	0.304373	
	0.289421	
	0.266542	
	0.254843	
	0.276667	
	0.266809	
	0.260799	
	0.297317	
	0.271084	
	0.282279	
	0.310155	
	0.337466	
	0.235975	
	0.344605	
	0.438038	
	0.426691	
	0.402156	
	0.341593	
	0.300973	
	0.294195	
	0.320711	
	0.317058	
	0.314817	
	0.320193	
	0.285165	
	0.297943	
	0.275489	
	0.290803	
	0.273997	
	0.266801	
	0.241502	
	0.255859	
	0.275500	
	0.286053	
	0.270193	
	0.314012	
	0.305575	
	0.195171	
	0.193552	
	0.201367	
	0.216261	
	0.191458	
	0.214709	
	0.233465	
	0.213819	
	0.230746	
	0.171407	
	0.185245	
	0.217556	
	0.253221	
	0.255459	
	0.219163	
	0.182114	
	0.187549	
	0.236108	
	0.264511	
	0.227421	
	0.214526	
	0.189927	
	0.199149	
	0.199541	
	0.203038	
	0.214284	
	0.199577	
	0.188267	
	0.194568	
	0.214171	
	0.203136	
	0.175432	
	0.190297	
	0.201873	
	0.173690	
	0.228135	
	0.178981	
	0.205635	
	0.166291	
	0.242251	
	0.232536	
	0.193273	
	0.217758	
	0.209806	
	0.252700	
	0.204666	
	0.203319	
	0.186021	
	0.215286	
	0.192679	
	0.144573	
	0.167196	
	0.163962	
	0.124829	
	0.122095	
	0.119030	
	0.124194	
	0.145468	
	0.146593	
	0.156299	
	0.166620	
	0.169025	
	0.153742	
	0.155663	
	0.157600	
	0.170309	
	0.154980	
	0.175511	
	0.183328	
	0.158016	
	0.124793	
	0.122615	
	0.134113	
	0.114138	
	0.119167	
	0.108836	
	0.117761	
	0.139238	
	0.151985	
	0.161337	
	0.154009	
	0.145510	
	0.152827	
	0.127356	
	0.145734	
	0.130919	
	0.155243	
	0.158659	
	0.150462	
	0.145203	
	0.145129	
	0.143445	
	0.154831	
	0.145174	
	0.145900	
	0.155640	
	0.155294	
	0.232463	
	0.395751	
	0.324435	
	0.171940	
	0.196348	
	0.152568	
	0.149739	
	0.154315	
	0.133834	
	0.134329	
	0.160013	
	0.126525	
	0.135625	
	0.161566	
	0.138026	
	0.222480	
	0.297487	
	0.234022	
	0.196594	
	0.190106	
	0.184803	
	0.184169	
	0.165320	
	0.212369	
	0.176806	
	0.211286	
	0.289438	
	0.321254	
	0.248084	
	NaN	
	0.269566	
	0.285367	
	NaN	
	NaN	
	NaN	
	NaN	
	NaN	
	NaN	
	NaN	
	NaN	
	NaN	
	NaN	
	NaN	
	NaN	
	NaN	
	NaN	
	NaN	
	NaN	
	NaN	
	NaN	
	NaN	
	NaN	
	NaN	
	NaN	
	NaN	
	NaN	
	NaN	
	NaN	
	NaN	
	NaN	
	NaN	
	NaN	
	NaN	
	NaN	
	NaN	
	NaN	
	NaN	
	NaN	
	NaN	
	NaN	
	NaN	
	NaN	
	NaN	
	NaN	
	NaN	
	NaN	
	NaN	
	NaN	
	NaN	
	NaN	
	NaN	
	NaN	
	NaN	
	NaN	
	NaN	
	NaN	
	NaN	
	NaN	
	NaN	
	NaN	
	NaN	
	NaN	
	NaN	
	NaN	
	NaN	
	NaN	
	NaN	
	NaN	
	NaN	
	NaN	
	NaN	
	NaN	
	NaN	
	NaN	
	NaN	
	NaN	
	NaN	
	NaN	
	NaN	
	NaN	
	NaN	
	NaN	
	NaN	
	NaN	
	NaN	
	NaN	
	NaN	
	NaN	
	NaN	
	NaN	
	NaN	
	NaN	
	NaN	
	NaN	
	NaN	
	NaN	
	NaN	
	NaN	
	NaN	
	NaN	
	NaN	
	NaN	
	NaN	
	NaN	
	NaN	
	NaN	
	NaN	
	NaN	
	NaN	
	NaN	
	NaN	
	NaN	
	NaN	
	NaN	
	NaN	
	NaN	
	NaN	
	NaN	
	NaN	
	NaN	
	NaN	
	NaN	
	NaN	
	NaN	
	NaN	
	NaN	
	NaN	
	NaN	
	NaN	
	NaN	
	NaN	
	NaN	
	NaN	
	NaN	
	NaN	
	NaN	
	NaN	
	NaN	
	NaN	
	NaN	
	NaN	
	NaN	
	NaN	
	NaN	
	NaN	
	NaN	
	NaN	
	NaN	
	NaN	
	NaN	
	NaN	
	NaN	
	NaN	
	NaN	
	NaN	
	NaN	
	NaN	
	NaN	
	NaN	
	NaN	
	NaN	
	NaN	
	NaN	
	NaN	
	NaN	
	NaN	
