MIRtoolbox1.7	_Pitch_Mean	
song_file\0001305-¤ë©]·T.mp3	NaN	
	NaN	
	118.486053	
	NaN	
	NaN	
	NaN	
	NaN	
	NaN	
	NaN	
	NaN	
	NaN	
	NaN	
	NaN	
	NaN	
	NaN	
	118.776330	
	NaN	
	NaN	
	NaN	
	NaN	
	NaN	
	NaN	
	299.064186	
	NaN	
	NaN	
	118.470848	
	87.468354	
	NaN	
	150.967296	
	147.470693	
	170.103622	
	187.517605	
	974.249932	
	NaN	
	NaN	
	NaN	
	NaN	
	NaN	
	NaN	
	970.866435	
	997.922647	
	276.811786	
	986.184680	
	295.730886	
	294.109691	
	NaN	
	299.976493	
	297.907830	
	311.965404	
	NaN	
	348.969271	
	356.016265	
	359.445220	
	NaN	
	363.816409	
	356.982140	
	366.354698	
	374.609895	
	332.786223	
	339.520577	
	NaN	
	988.960195	
	NaN	
	170.271886	
	266.069602	
	NaN	
	261.187111	
	NaN	
	270.636188	
	NaN	
	NaN	
	NaN	
	266.222407	
	271.515246	
	233.823320	
	241.648837	
	232.947910	
	239.781687	
	NaN	
	NaN	
	NaN	
	NaN	
	289.914817	
	308.306104	
	NaN	
	339.443071	
	NaN	
	350.397378	
	398.329491	
	354.791561	
	NaN	
	353.893421	
	NaN	
	269.110119	
	NaN	
	NaN	
	238.474238	
	NaN	
	236.517659	
	201.600219	
	238.392705	
	199.645112	
	200.378210	
	175.535582	
	196.750129	
	NaN	
	NaN	
	NaN	
	NaN	
	1019.101419	
	1039.634551	
	1043.228938	
	1013.871734	
	1024.724935	
	1057.045005	
	1037.712728	
	957.281362	
	NaN	
	263.897768	
	291.066485	
	238.988908	
	191.200180	
	237.215313	
	NaN	
	228.634239	
	228.956280	
	237.082845	
	236.958878	
	116.627661	
	NaN	
	NaN	
	NaN	
	NaN	
	NaN	
	NaN	
	NaN	
	NaN	
	87.852965	
	NaN	
	NaN	
	NaN	
	117.072017	
	NaN	
	NaN	
	175.337089	
	172.430843	
	NaN	
	195.676974	
	NaN	
	173.053999	
	172.860592	
	965.445425	
	1014.320931	
	992.782998	
	NaN	
	NaN	
	1145.634450	
	223.132381	
	228.360226	
	242.580298	
	260.195040	
	256.813053	
	264.186480	
	275.708517	
	293.387778	
	293.281116	
	291.633744	
	NaN	
	292.473382	
	279.002365	
	296.218451	
	308.209839	
	NaN	
	294.642357	
	306.626812	
	297.423580	
	308.103474	
	NaN	
	332.610738	
	348.070230	
	353.337955	
	376.235597	
	341.598316	
	342.334778	
	NaN	
	NaN	
	360.418865	
	NaN	
	365.264646	
	349.613016	
	353.433433	
	NaN	
	169.381328	
	192.693412	
	180.540705	
	176.537417	
	178.300419	
	262.061492	
	271.923524	
	NaN	
	259.708295	
	259.389323	
	256.350421	
	79.210104	
	267.801798	
	289.884858	
	262.197353	
	236.875773	
	257.057110	
	239.879255	
	256.497035	
	1012.294912	
	217.374161	
	976.905637	
	1030.520979	
	996.008200	
	NaN	
	NaN	
	293.597164	
	NaN	
	NaN	
	360.043674	
	403.265987	
	367.950842	
	364.405289	
	355.546536	
	351.246143	
	361.458671	
	NaN	
	NaN	
	NaN	
	NaN	
	241.937745	
	NaN	
	NaN	
	238.132562	
	196.571965	
	NaN	
	200.110918	
	NaN	
	NaN	
	175.525507	
	177.056242	
	NaN	
	1034.492290	
	1078.517744	
	1029.010777	
	1017.467357	
	1028.407501	
	1033.547877	
	1027.928027	
	1006.240261	
	NaN	
	265.997799	
	295.032423	
	235.340440	
	173.412513	
	NaN	
	198.034513	
	236.553140	
	241.049120	
	228.143332	
	233.674124	
	236.411976	
	235.960701	
	NaN	
	78.847248	
	NaN	
	78.825895	
	NaN	
	NaN	
	NaN	
	616.276176	
	NaN	
	118.787782	
	496.068617	
	NaN	
	586.951683	
	NaN	
	NaN	
	78.505681	
	NaN	
	401.450285	
	78.654709	
	623.533425	
	152.587037	
	117.127993	
	NaN	
	117.489051	
	NaN	
	NaN	
	99.157939	
	NaN	
	NaN	
	NaN	
	171.421215	
	175.656364	
	193.363289	
	173.771021	
	NaN	
	NaN	
	79.355594	
	78.485761	
	238.192013	
	270.468512	
	NaN	
	312.230651	
	303.915243	
	294.663581	
	306.387960	
	300.998972	
	NaN	
	NaN	
	NaN	
	289.340324	
	NaN	
	298.717813	
	312.844758	
	348.538043	
	317.395829	
	360.003838	
	361.052836	
	354.492055	
	369.708236	
	349.846646	
	330.038284	
	355.398960	
	360.471425	
	NaN	
	171.517793	
	NaN	
	175.879680	
	175.445849	
	263.537844	
	NaN	
	265.188942	
	261.010957	
	273.703658	
	NaN	
	254.576047	
	251.802871	
	NaN	
	NaN	
	NaN	
	271.174100	
	1017.023198	
	NaN	
	236.664921	
	NaN	
	239.129310	
	NaN	
	229.776567	
	235.219519	
	NaN	
	NaN	
	296.510193	
	NaN	
	117.063053	
	340.352849	
	379.863636	
	402.861365	
	374.239857	
	361.596109	
	292.678461	
	265.563389	
	264.060244	
	NaN	
	246.527580	
	NaN	
	NaN	
	79.288707	
	237.196273	
	235.418359	
	199.703196	
	NaN	
	NaN	
	191.484416	
	196.156811	
	194.582137	
	178.560045	
	NaN	
	88.451085	
	307.470549	
	346.787089	
	NaN	
	1008.774722	
	1007.998020	
	NaN	
	NaN	
	264.504075	
	297.661405	
	78.748380	
	234.046986	
	170.875426	
	186.011341	
	200.617169	
	233.423341	
	NaN	
	234.596167	
	NaN	
	NaN	
	NaN	
	NaN	
	78.846413	
	NaN	
	NaN	
	88.573603	
	NaN	
	NaN	
	NaN	
	NaN	
	NaN	
	NaN	
	NaN	
	NaN	
	NaN	
	NaN	
	724.745453	
	588.776019	
	544.991105	
	474.965966	
