_Brightness		
	NaN	
	NaN	
	NaN	
	NaN	
	NaN	
	NaN	
	NaN	
	NaN	
	NaN	
	NaN	
	NaN	
	NaN	
	NaN	
	NaN	
	0.409025	
	0.312563	
	0.260804	
	0.329078	
	0.335246	
	0.305064	
	0.316096	
	0.305966	
	0.376439	
	0.392232	
	0.391557	
	0.467353	
	0.437322	
	0.406104	
	0.327714	
	0.381309	
	0.474321	
	0.465355	
	0.478401	
	0.386098	
	0.337902	
	0.325341	
	0.279381	
	0.252056	
	0.245254	
	0.237229	
	0.197791	
	0.193693	
	0.207042	
	0.317088	
	0.376179	
	0.426590	
	0.417846	
	0.388059	
	0.268543	
	0.275102	
	0.338817	
	0.317025	
	0.285247	
	0.284618	
	0.252732	
	0.335952	
	0.412021	
	0.422538	
	0.357430	
	0.315633	
	0.277585	
	0.241775	
	0.225319	
	0.272194	
	0.270546	
	0.278400	
	0.228735	
	0.250913	
	0.295251	
	0.442879	
	0.446669	
	0.380617	
	0.360037	
	0.265912	
	0.223929	
	0.256387	
	0.255055	
	0.250984	
	0.265967	
	0.263965	
	0.303827	
	0.441851	
	0.463966	
	0.429761	
	0.361443	
	0.355722	
	0.390487	
	0.377287	
	0.359796	
	0.349428	
	0.398167	
	0.410487	
	0.413369	
	0.425682	
	0.531062	
	0.423737	
	0.369633	
	0.345407	
	0.303926	
	0.267088	
	0.297339	
	0.384171	
	0.422478	
	0.421755	
	0.410786	
	0.388892	
	0.388523	
	0.409533	
	0.443536	
	0.388779	
	0.360692	
	0.346629	
	0.338743	
	0.360062	
	0.405648	
	0.450605	
	0.380908	
	0.363648	
	0.376086	
	0.426980	
	0.391136	
	0.360533	
	0.306476	
	0.338957	
	0.284790	
	0.256383	
	0.299493	
	0.348317	
	0.474270	
	0.452097	
	0.444795	
	0.497154	
	0.378400	
	0.365461	
	0.393001	
	0.470568	
	0.453489	
	0.469079	
	0.472402	
	0.486023	
	0.497534	
	0.587966	
	0.600191	
	0.555242	
	0.561238	
	0.465417	
	0.505120	
	0.506648	
	0.460745	
	0.417517	
	0.403711	
	0.397595	
	0.384996	
	0.463340	
	0.504390	
	0.496021	
	0.444558	
	0.457793	
	0.446020	
	0.428099	
	0.442328	
	0.426433	
	0.398956	
	0.392632	
	0.419939	
	0.436291	
	0.437525	
	0.464110	
	0.483631	
	0.476956	
	0.439194	
	0.429039	
	0.457134	
	0.424180	
	0.438378	
	0.389682	
	0.384202	
	0.322382	
	0.394563	
	0.418005	
	0.477385	
	0.479774	
	0.456500	
	0.398806	
	0.409005	
	0.415459	
	0.449053	
	0.428713	
	0.408268	
	0.369806	
	0.427905	
	0.494403	
	0.490824	
	0.507179	
	0.450888	
	0.407922	
	0.398887	
	0.468790	
	0.454328	
	0.395696	
	0.386832	
	0.338471	
	0.361883	
	0.389490	
	0.402216	
	0.445178	
	0.415837	
	0.367597	
	0.429535	
	0.464550	
	0.450185	
	0.362744	
	0.306258	
	0.315724	
	0.364523	
	0.358926	
	0.372087	
	0.382050	
	0.360774	
	0.347328	
	0.345753	
	0.400689	
	0.446624	
	0.396065	
	0.376747	
	0.380099	
	0.417883	
	0.523472	
	0.545693	
	0.558704	
	0.579742	
	0.513253	
	0.453139	
	0.512142	
	0.560865	
	0.561872	
	0.476380	
	0.414268	
	0.463010	
	0.412087	
	0.389557	
	0.358536	
	0.337595	
	0.278638	
	0.245237	
	0.257304	
	0.245617	
	0.360070	
	0.398491	
	0.447399	
	0.485494	
	0.529896	
	0.554936	
	0.513617	
	0.492912	
	0.484115	
	0.449366	
	0.446849	
	0.420768	
	0.451183	
	0.450911	
	0.449725	
	0.479606	
	0.390390	
	0.411458	
	0.375019	
	0.385858	
	0.331843	
	0.295013	
	0.354991	
	0.351190	
	0.371435	
	0.395495	
	0.514714	
	0.456795	
	0.535957	
	0.458561	
	0.436878	
	0.414895	
	0.310582	
	0.361581	
	0.327189	
	0.375995	
	0.367451	
	0.384818	
	0.432665	
	0.415041	
	0.437227	
	0.399599	
	0.416348	
	0.378029	
	0.352291	
	0.397324	
	0.427700	
	0.440048	
	0.525736	
	0.555014	
	0.562393	
	0.606489	
	0.542119	
	0.474511	
	0.360837	
	0.345621	
	0.310858	
	0.290168	
	0.320407	
	0.321831	
	0.347983	
	0.400447	
	0.398565	
	0.433690	
	0.382386	
	0.393657	
	0.380014	
	0.379508	
	0.395979	
	0.399280	
	0.448654	
	0.452130	
	0.428451	
	0.472578	
	0.429858	
	0.460018	
	0.527771	
	0.528384	
	0.430356	
	0.403233	
	0.385012	
	0.389532	
	0.339502	
	0.330567	
	0.381367	
	0.496159	
	0.501429	
	0.444108	
	0.425613	
	0.423887	
	0.434274	
	0.444760	
	0.490382	
	0.391853	
	0.362066	
	0.328367	
	0.317804	
	0.373426	
	0.381419	
	0.423788	
	0.444472	
	0.436328	
	0.384066	
	0.395336	
	0.412063	
	0.398068	
	0.380668	
	0.355320	
	0.312683	
	0.415585	
	0.444144	
	0.393403	
	0.411022	
	0.413017	
	0.463593	
	0.442151	
	0.504298	
	0.481648	
	0.416857	
	0.368923	
	0.332942	
	0.330559	
	0.358713	
	0.414424	
	0.429276	
	0.381230	
	0.351464	
	0.424970	
	0.447468	
	0.505954	
	0.479740	
	0.434327	
	0.426256	
	0.405563	
	0.383703	
	0.395701	
	0.403969	
	0.403228	
	0.479131	
	0.493819	
	0.445479	
	0.481701	
	0.429747	
	0.462838	
	0.471171	
	0.400770	
	0.366563	
	0.339012	
	0.319274	
	0.283407	
	0.236535	
	0.270713	
	0.322376	
	0.304063	
	0.294126	
	0.314418	
	0.306514	
	0.310475	
	0.327849	
	0.345977	
	0.351904	
	0.390762	
	0.385909	
	0.335557	
	0.360962	
	0.348959	
	0.365974	
	0.380508	
	0.364438	
	0.317286	
	0.343528	
	0.336974	
	0.350345	
	0.293524	
	0.333854	
	0.327244	
	0.352932	
	0.355538	
	0.364248	
	0.334444	
	0.352915	
	0.327112	
	0.312377	
	0.330300	
	0.271598	
	0.291509	
	0.248666	
	0.288090	
	0.281580	
	0.267634	
	0.249919	
	0.274063	
	0.296928	
	0.254407	
	0.343617	
	0.293024	
	0.226105	
	0.269540	
	0.245552	
	0.214130	
	0.216712	
	0.219602	
	0.238309	
	0.215388	
	0.197024	
	0.190206	
	0.179793	
	0.162308	
	0.244393	
	0.301287	
	0.298346	
	0.275483	
	0.264380	
	0.268731	
	0.307168	
	0.297603	
	0.312312	
	0.264595	
	0.271797	
	0.261479	
	0.313609	
	0.327641	
	0.298366	
	0.299632	
	0.305965	
	0.311377	
	0.291619	
	0.341889	
	0.284693	
	0.280778	
	0.298202	
	0.236094	
	0.220026	
	0.252453	
	0.290035	
	0.233901	
	0.168288	
	0.169486	
	0.214093	
	0.230156	
	0.302498	
	0.266193	
	0.233841	
	0.276823	
	0.319116	
	0.307284	
	0.243293	
	0.232914	
	0.219119	
	0.261043	
	0.310107	
	0.269489	
	0.240065	
	0.215553	
	0.214567	
	0.212644	
	0.217664	
	0.227798	
	0.250820	
	0.264238	
	0.237787	
	0.232895	
	0.188345	
	0.160062	
	0.192742	
	0.201469	
	0.186477	
	0.174206	
	0.192495	
	0.171480	
	0.199239	
	0.190858	
	0.156775	
	0.169245	
	0.155180	
	0.128542	
	0.121675	
	0.130950	
	0.156166	
	0.155590	
	0.140827	
	0.158610	
	0.163502	
	0.139425	
	0.149904	
	0.133600	
	0.150608	
	0.150644	
	0.128281	
	0.106101	
	0.081719	
	0.089783	
	0.088993	
	0.086972	
	0.080189	
	0.081972	
	0.072609	
	0.071050	
	0.076443	
	0.089562	
	0.104141	
	0.105897	
	0.086923	
	0.083981	
	0.086321	
	0.089398	
	0.090453	
	0.100186	
	0.099291	
	0.110968	
	0.121209	
	0.112661	
	0.141451	
	0.160334	
	0.161684	
	0.137770	
	0.102873	
	0.120412	
	0.124974	
	0.152126	
	0.153477	
	0.157265	
	0.165278	
	0.184675	
	0.200076	
	0.210397	
	0.194574	
	0.195585	
	0.153874	
	0.134199	
	0.118147	
	0.128659	
	0.142717	
	0.127115	
	0.165022	
	0.131987	
	0.127229	
	0.134334	
	0.113624	
	0.116565	
	0.112704	
	0.110549	
	0.099151	
	0.100492	
	0.095873	
	0.101417	
	0.087214	
	0.089927	
	0.093671	
	0.088116	
	0.081053	
	0.082844	
	0.081063	
	0.089329	
	0.087084	
	0.108818	
	0.122095	
	0.201486	
	0.181533	
	0.179685	
	0.169401	
	0.176056	
	0.156637	
	0.152407	
	0.156076	
	0.147017	
	0.179493	
	0.166510	
	0.158056	
	0.211013	
	0.127983	
	0.138744	
	0.132040	
	0.127232	
	0.144174	
	0.134947	
	0.128440	
	0.132338	
	0.136595	
	0.129675	
	0.134669	
	0.162063	
	0.159585	
	0.176087	
	0.157585	
	0.133613	
	0.132605	
	0.128944	
	0.140694	
	0.135129	
	0.124198	
	0.124904	
	0.145959	
	0.135329	
	0.142052	
	0.127930	
	0.142076	
	0.123258	
	0.120896	
	0.124106	
	0.117960	
	0.139239	
	0.126834	
	0.096640	
	0.091192	
	0.091315	
	0.095993	
	0.082728	
	0.098509	
	0.139175	
	0.139485	
	0.107316	
	0.130413	
	0.102204	
	0.130072	
	0.122993	
	0.110628	
	0.123571	
	0.110352	
	0.112721	
	0.096276	
	0.111941	
	0.104575	
	0.119946	
	0.166213	
	0.154114	
	0.174185	
	0.189166	
	0.176704	
	0.166024	
	0.160037	
	0.191995	
	0.189508	
	0.193374	
	0.202677	
	0.184677	
	0.176709	
	0.145598	
	0.189235	
	0.135978	
	0.135281	
	0.142313	
	0.128195	
	0.138302	
	0.140014	
	0.136987	
	0.148914	
	0.150962	
	0.127801	
	0.124488	
	0.134038	
	0.121303	
	0.117914	
	0.120286	
	0.108402	
	0.126091	
	0.114233	
	0.124099	
	0.097420	
	0.129977	
	0.118082	
	0.112734	
	0.123847	
	0.094270	
	0.110561	
	0.135772	
	0.216170	
	0.213010	
	0.219188	
	0.195410	
	0.187376	
	0.178537	
	0.180389	
	0.180131	
	0.165040	
	0.159184	
	0.173579	
	0.162220	
	0.240148	
	0.178171	
	0.151672	
	0.119294	
	0.123647	
	0.106130	
	0.104696	
	0.118272	
	0.123029	
	0.135465	
	0.124321	
	0.120962	
	0.115729	
	0.113079	
	0.106528	
	0.119165	
	0.116558	
	0.121145	
	0.129767	
	0.121721	
	0.116855	
	0.130598	
	0.123239	
	0.142624	
	0.138672	
	0.144838	
	0.185094	
	0.174484	
	0.217605	
	0.191193	
	0.174061	
	0.180797	
	0.165327	
	0.146436	
	0.155729	
	0.165004	
	0.156812	
	0.173330	
	0.173551	
	0.198363	
	0.173832	
	0.122024	
	0.145991	
	0.126062	
	0.165996	
	0.190139	
	0.192112	
	0.190950	
	0.196793	
	0.196626	
	0.197954	
	0.197259	
	0.167315	
	0.196075	
	0.172890	
	0.186183	
	0.192466	
	0.211835	
	0.190690	
	0.209576	
	0.209123	
	0.235986	
	0.202542	
	0.180326	
	0.190477	
	0.170916	
	0.203901	
	0.145245	
	0.173206	
	0.169130	
	0.190414	
	0.173822	
	0.192450	
	0.172569	
	0.177479	
	0.177665	
	0.189398	
	0.180808	
	0.191048	
	0.193122	
	0.200545	
	0.187388	
	0.204937	
	0.179401	
	0.221081	
	0.255678	
	0.239914	
	0.204657	
	0.216213	
	0.210574	
	0.198715	
	0.178190	
	0.182742	
	0.188734	
	0.141876	
	0.137847	
	0.177376	
	0.188288	
	0.210224	
	0.193101	
	0.196959	
	0.216295	
	0.211886	
	0.233546	
	0.248034	
	0.293851	
	0.240534	
	0.242154	
	0.231708	
	0.276607	
	0.199190	
	0.189408	
	0.196889	
	0.184916	
	0.207631	
	0.212706	
	0.179003	
	0.210648	
	0.234630	
	0.215751	
	0.233277	
	0.239674	
	0.225780	
	0.241189	
	0.246500	
	0.223989	
	0.210746	
	0.233707	
	0.209862	
	0.211230	
	0.203174	
	0.228899	
	0.191158	
	0.220261	
	0.261742	
	0.232969	
	0.231390	
	0.232370	
	0.195318	
	0.182637	
	0.197872	
	0.233086	
	0.232986	
	0.244486	
	0.256359	
	0.229401	
	0.178222	
	0.195800	
	0.137729	
	0.126210	
	0.154308	
	0.142259	
	0.135565	
	0.132301	
	0.156430	
	0.142178	
	0.163273	
	0.160476	
	0.177765	
	0.184217	
	0.179349	
	0.195564	
	0.173960	
	0.185226	
	0.162219	
	0.138351	
	0.162656	
	0.154052	
	0.132128	
	0.148829	
	0.138727	
	0.139093	
	0.181759	
	0.207662	
	0.185568	
	0.184013	
	0.160063	
	0.153292	
	0.126865	
	0.147724	
	0.153529	
	0.150965	
	0.158244	
	0.131818	
	0.140009	
	0.133671	
	0.148493	
	0.146903	
	0.158953	
	0.149775	
	0.135566	
	0.153812	
	0.143655	
	0.140751	
	0.151474	
	0.161277	
	0.175724	
	0.190453	
	0.176449	
	0.173052	
	0.163507	
	0.139612	
	0.162966	
	0.139487	
	0.156689	
	0.142162	
	0.143185	
	0.140169	
	0.150786	
	0.162820	
	0.166518	
	0.179813	
	0.183630	
	0.173885	
	0.173322	
	0.149441	
	0.167366	
	0.157399	
	0.181634	
	0.185533	
	0.203005	
	0.187891	
	0.186393	
	0.170233	
	0.175507	
	0.203859	
	0.187457	
	0.210784	
	0.191383	
	0.156986	
	0.181643	
	0.192815	
	0.199442	
	0.196534	
	0.176315	
	0.197854	
	0.189945	
	0.177095	
	0.214994	
	0.208675	
	0.221709	
	0.200503	
	0.230287	
	0.203400	
	0.226046	
	0.225219	
	0.258073	
	0.256303	
	0.240645	
	0.229812	
	0.218393	
	0.220535	
	0.215171	
	0.190064	
	0.212358	
	0.195244	
	0.190776	
	0.161322	
	0.156593	
	0.171018	
	0.180964	
	0.182673	
	0.205189	
	0.207421	
	0.228139	
	0.232061	
	0.234919	
	0.259002	
	0.292021	
	0.269086	
	0.255414	
	0.219159	
	0.215273	
	0.199145	
	0.212610	
	0.225199	
	0.210932	
	0.226986	
	0.210253	
	0.167578	
	0.157802	
	0.186795	
	0.176451	
	0.198286	
	0.200760	
	0.207173	
	0.257273	
	0.248333	
	0.232279	
	0.209437	
	0.206284	
	0.209619	
	0.197154	
	0.171927	
	0.201851	
	0.229720	
	0.239760	
	0.242784	
	0.240715	
	0.237092	
	0.242774	
	0.249478	
	0.279515	
	0.300004	
	0.313423	
	0.253565	
	0.265459	
	0.250772	
	0.226624	
	0.224503	
	0.180225	
	0.174507	
	0.177919	
	0.190213	
	0.174519	
	0.180836	
	0.177725	
	0.150170	
	0.152560	
	0.176333	
	0.167903	
	0.169916	
	0.157754	
	0.173148	
	0.178179	
	0.195518	
	0.176541	
	0.234661	
	0.207972	
	0.189038	
	0.229278	
	0.222950	
	0.212596	
	0.221830	
	0.249131	
	0.250767	
	0.301446	
	0.325407	
	0.283793	
	0.265234	
	0.264638	
	0.239413	
	0.196907	
	0.218211	
	0.228914	
	0.213098	
	0.222584	
	0.229537	
	0.240616	
	0.295654	
	0.337854	
	0.314414	
	0.262668	
	0.269111	
	0.252050	
	0.222386	
	0.200023	
	0.220875	
	0.249805	
	0.242312	
	0.254892	
	0.326110	
	0.353866	
	0.308038	
	0.307841	
	0.340015	
	0.312695	
	0.308914	
	0.308236	
	0.237973	
	0.236002	
	0.226889	
	0.236314	
	0.253369	
	0.315118	
	0.357462	
	0.278629	
	0.270298	
	0.219422	
	0.242310	
	0.240216	
	0.226403	
	0.213753	
	0.198255	
	0.203951	
	0.229676	
	0.226684	
	0.304241	
	0.299328	
	0.304023	
	0.281288	
	0.222580	
	0.223853	
	0.204834	
	0.164544	
	0.188391	
	0.193603	
	0.183771	
	0.178597	
	0.195660	
	0.195522	
	0.213942	
	0.268404	
	0.303031	
	0.287936	
	0.220271	
	0.230415	
	0.222491	
	0.225825	
	0.212216	
	0.217086	
	0.213340	
	0.216367	
	0.213229	
	0.274652	
	0.326930	
	0.436493	
	0.370782	
	0.363717	
	0.306476	
	0.278402	
	0.293644	
	0.296557	
	0.286907	
	0.301809	
	0.355328	
	0.347571	
	0.300957	
	0.301240	
	0.380265	
	0.508021	
	0.346565	
	0.351932	
	0.335801	
	0.349891	
	0.344403	
	0.372686	
	0.350295	
	0.357501	
	0.358867	
	0.386584	
	0.417500	
	0.436323	
	0.459533	
	0.448094	
	0.403099	
	0.383991	
	0.392255	
	0.396490	
	0.370973	
	0.361922	
	0.342627	
	0.330739	
	0.340876	
	0.335712	
	0.347441	
	0.391100	
	0.347899	
	0.344721	
	0.342345	
	0.360083	
	0.358210	
	0.369484	
	0.368579	
	0.364842	
	0.336442	
	0.347836	
	0.384635	
	0.387632	
	0.381575	
	0.368287	
	0.368298	
	0.347593	
	0.343931	
	0.356013	
	0.342077	
	0.332788	
	0.297908	
	0.333451	
	0.352423	
	0.357622	
	0.364069	
	0.364243	
	0.315578	
	0.347080	
	0.351797	
	0.330220	
	0.330055	
	0.309545	
	0.301563	
	0.304508	
	0.314038	
	0.281461	
	0.280575	
	0.334467	
	0.371000	
	0.370313	
	0.389269	
	0.356408	
	0.366215	
	0.312736	
	0.325918	
	0.345076	
	0.352710	
	0.348629	
	0.301295	
	0.346896	
	0.342169	
	0.329147	
	0.325801	
	0.290300	
	0.327363	
	0.328932	
	0.331373	
	0.299191	
	0.296680	
	0.300894	
	0.270118	
	0.259808	
	0.287909	
	0.284089	
	0.302888	
	0.275760	
	0.296678	
	0.225186	
	0.226427	
	0.190862	
	0.201726	
	0.196436	
	0.205316	
	0.249182	
	0.217290	
	0.228643	
	0.232258	
	0.225498	
	0.245471	
	0.223943	
	0.220319	
	0.226688	
	0.221428	
	0.235370	
	0.241091	
	0.250766	
	0.261863	
	0.265634	
	0.288468	
	0.302501	
	0.313478	
	0.296061	
	0.290617	
	0.312331	
	0.294262	
	0.345006	
	0.320650	
	0.340949	
	0.398079	
	0.365184	
	0.399569	
	0.387758	
	0.372902	
	0.373808	
	0.376467	
	0.355314	
	0.353585	
	0.343892	
	0.354296	
	0.334950	
	0.315975	
	0.350206	
	0.359396	
	0.335245	
	0.364864	
	0.362889	
	0.345550	
	0.361800	
	0.287242	
	0.257104	
	0.242425	
	0.255070	
	0.293415	
	0.283751	
	0.315417	
	0.326694	
	0.265222	
	0.285892	
	0.285723	
	0.278787	
	0.302983	
	0.313154	
	0.329361	
	0.351803	
	0.354809	
	0.342861	
	0.373911	
	0.336928	
	0.315704	
	0.374178	
	0.352305	
	0.360124	
	0.326715	
	0.335589	
	0.344688	
	0.343221	
	0.323329	
	0.263125	
	0.290600	
	0.309764	
	0.332781	
	0.354365	
	0.354785	
	0.328484	
	0.341679	
	0.320983	
	0.332090	
	0.318119	
	0.287151	
	0.312479	
	0.289999	
	0.297172	
	0.269096	
	0.239097	
	0.239815	
	0.229084	
	0.226940	
	0.205458	
	0.189898	
	0.173256	
	0.178050	
	0.181125	
	0.158486	
	0.199562	
	0.186033	
	0.199754	
	0.191005	
	0.159610	
	0.172232	
	0.169770	
	0.142904	
	0.132529	
	0.149898	
	0.150493	
	0.151270	
	0.151842	
	0.157054	
	0.174590	
	0.197107	
	0.181532	
	0.180898	
	0.197121	
	0.209246	
	0.234893	
	0.246732	
	0.238408	
	0.260998	
	0.291227	
	0.280616	
	0.300617	
	0.335052	
	0.286340	
	0.295827	
	0.284864	
	0.280781	
	0.287226	
	0.293012	
	0.286911	
	0.345309	
	0.228910	
	0.240013	
	0.236698	
	0.245572	
	0.205443	
	0.172664	
	0.200792	
	0.206776	
	0.213715	
	0.210399	
	0.222067	
	0.220899	
	0.218841	
	0.214294	
	0.219618	
	0.203072	
	0.227120	
	0.258495	
	0.291017	
	0.262447	
	0.227712	
	0.210917	
	0.199643	
	0.205491	
	0.196838	
	0.283388	
	0.250362	
	0.243315	
	0.246031	
	0.226792	
	0.226862	
	0.274202	
	0.271701	
	0.224851	
	0.218188	
	0.243696	
	0.241086	
	0.216711	
	0.242066	
	0.211459	
	0.223447	
	0.252391	
	0.233111	
	0.249792	
	0.306388	
	0.276023	
	0.261018	
	0.226317	
	0.194780	
	0.196393	
	0.202959	
	0.205424	
	0.179956	
	0.200263	
	0.206734	
	0.218213	
	0.229212	
	0.177327	
	0.194326	
	0.185697	
	0.183988	
	0.178069	
	0.172476	
	0.168341	
	0.152179	
	0.164158	
	0.160024	
	0.179949	
	0.172796	
	0.157125	
	0.145485	
	0.161609	
	0.161392	
	0.170626	
	0.141045	
	0.129387	
	0.146081	
	0.139470	
	0.112547	
	0.128546	
	0.137793	
	0.134108	
	0.131647	
	0.134199	
	0.129107	
	0.129551	
	0.136138	
	0.127031	
	0.130359	
	0.133373	
	0.141098	
	0.139719	
	0.158692	
	0.148278	
	0.172090	
	0.196976	
	0.185620	
	0.179895	
	0.206797	
	0.220189	
	0.253707	
	0.234451	
	0.242281	
	0.227866	
	0.214694	
	0.231494	
	0.215203	
	0.243358	
	0.243024	
	0.221165	
	0.235045	
	0.220760	
	0.223306	
	0.251074	
	0.229061	
	0.226822	
	0.227257	
	0.249159	
	0.211379	
	0.217786	
	0.243437	
	0.282312	
	0.264463	
	0.313238	
	0.313137	
	0.269675	
	0.238340	
	0.228586	
	0.264774	
	0.249021	
	0.253982	
	0.263399	
	0.244081	
	0.243854	
	0.237799	
	0.261551	
	0.313987	
	0.280043	
	0.318030	
	0.302656	
	0.279616	
	0.292013	
	0.297623	
	0.302401	
	0.315523	
	0.313336	
	0.308370	
	0.295577	
	0.272258	
	0.255867	
	0.255240	
	0.220015	
	0.238611	
	0.242260	
	0.220436	
	0.233639	
	0.239590	
	0.232095	
	0.254031	
	0.261520	
	0.306353	
	0.271282	
	0.257780	
	0.321333	
	0.288694	
	0.315824	
	0.299415	
	0.307084	
	0.269066	
	0.289534	
	0.324327	
	0.323869	
	0.347399	
	0.372540	
	0.332340	
	0.295496	
	0.311389	
	0.348327	
	0.303553	
	0.297716	
	0.297750	
	0.297922	
	0.313523	
	0.278114	
	0.287993	
	0.299211	
	0.316278	
	0.279535	
	0.284445	
	0.272091	
	0.268666	
	0.246603	
	0.255073	
	0.251037	
	0.235211	
	0.221405	
	0.229167	
	0.231288	
	0.244441	
	0.223943	
	0.226509	
	0.208443	
	0.224104	
	0.240678	
	0.258033	
	0.284071	
	0.315082	
	0.330736	
	0.276817	
	0.299869	
	0.274763	
	0.262839	
	0.307631	
	0.269108	
	0.303721	
	0.284732	
	0.237595	
	0.265506	
	0.285429	
	0.252800	
	0.227577	
	0.221785	
	0.250986	
	0.262665	
	0.244605	
	0.278960	
	0.241701	
	0.255428	
	0.235621	
	0.246367	
	0.231768	
	0.230966	
	0.243775	
	0.260100	
	0.216103	
	0.223215	
	0.235459	
	0.249645	
	0.285877	
	0.288146	
	0.342637	
	0.346869	
	0.354509	
	0.333517	
	0.334366	
	0.313257	
	0.334159	
	0.321759	
	0.285444	
	0.284176	
	0.279394	
	0.241726	
	0.259353	
	0.247285	
	0.272939	
	0.274236	
	0.280887	
	0.302011	
	0.256246	
	0.219653	
	0.207934	
	0.205400	
	0.226367	
	0.226056	
	0.236150	
	0.255996	
	0.282008	
	0.272013	
	0.255755	
	0.280439	
	0.269648	
	0.244008	
	0.208333	
	0.219156	
	0.255231	
	0.244659	
	0.286130	
	0.278644	
	0.287065	
	0.294254	
	0.280677	
	0.279388	
	0.230650	
	0.280736	
	0.234197	
	0.209207	
	0.218768	
	0.248152	
	0.251057	
	0.211487	
	0.223307	
	0.286738	
	0.304008	
	0.312499	
	0.312530	
	0.287551	
	0.308847	
	0.279313	
	0.297878	
	0.312350	
	0.274475	
	0.296982	
	0.309505	
	0.277977	
	0.266543	
	0.294909	
	0.313807	
	0.282986	
	0.309119	
	0.281780	
	0.271063	
	0.272627	
	0.258506	
	0.256372	
	0.271802	
	0.272369	
	0.277957	
	0.247602	
	0.284738	
	0.258982	
	0.264864	
	0.244242	
	0.227012	
	0.257035	
	0.278714	
	0.282843	
	0.262105	
	0.258258	
	0.233080	
	0.213281	
	0.213768	
	0.213069	
	0.238120	
	0.237438	
	0.242746	
	0.184672	
	0.198207	
	0.212148	
	0.198566	
	0.212653	
	0.192112	
	0.203109	
	0.203162	
	0.186808	
	0.151984	
	0.150037	
	0.155350	
	0.163923	
	0.149299	
	0.146830	
	0.156993	
	0.146079	
	0.137264	
	0.139113	
	0.163789	
	0.167516	
	0.144811	
	0.140928	
	0.128866	
	0.111545	
	0.119293	
	0.118444	
	0.122658	
	0.134312	
	0.162689	
	0.154885	
	0.124125	
	0.155961	
	0.179389	
	0.255143	
	0.507505	
	0.567997	
	0.653073	
	0.686593	
	0.627179	
	0.566049	
	0.558879	
	0.669599	
	0.661615	
	0.591056	
	0.647671	
	0.684292	
	0.640436	
	0.616498	
	0.639832	
	0.667572	
	0.618687	
	0.604893	
	0.586465	
	0.636435	
	0.720496	
	0.629381	
	0.620503	
	0.613811	
	0.562741	
	0.600159	
	0.595788	
	0.487607	
	0.446284	
	0.433555	
	0.403071	
	0.336470	
	0.282268	
	0.284587	
	0.318238	
	0.338825	
	0.333632	
	0.258988	
	0.240141	
	0.248128	
	0.383731	
	0.439253	
	0.405039	
	0.352039	
	0.351979	
	0.273421	
	0.306132	
	0.319652	
	0.351704	
	0.383110	
	0.414122	
	0.447566	
	0.478047	
	0.462242	
	0.433838	
	0.370413	
	0.304318	
	0.347867	
	0.327051	
	0.293391	
	0.274133	
	0.231289	
	0.228832	
	0.205013	
	0.178164	
	0.319629	
	0.349518	
	0.372068	
	0.340458	
	0.306170	
	0.316387	
	0.304881	
	0.241252	
	0.267128	
	0.297147	
	0.253938	
	0.245121	
	0.246941	
	0.238039	
	0.358722	
	0.403357	
	0.322070	
	0.292518	
	0.272959	
	0.263097	
	0.254784	
	0.200745	
	0.193558	
	0.190865	
	0.184621	
	0.226311	
	0.260864	
	0.393893	
	0.423775	
	0.291308	
	0.260125	
	0.271831	
	0.250956	
	0.235452	
	0.240695	
	0.275631	
	0.241179	
	0.234685	
	0.252157	
	0.337697	
	0.362011	
	0.266098	
	0.244877	
	0.235478	
	0.249565	
	0.226362	
	0.210650	
	0.168624	
	0.166694	
	0.187140	
	0.159092	
	0.185705	
	0.301545	
	0.332131	
	0.320158	
	0.309104	
	0.266343	
	0.266415	
	0.282460	
	0.268219	
	0.242858	
	0.240366	
	0.213508	
	0.218166	
	0.286838	
	0.353549	
	0.400839	
	0.328945	
	0.318206	
	0.265500	
	0.216398	
	0.178071	
	0.218968	
	0.186083	
	0.205632	
	0.220524	
	0.210909	
	0.276145	
	0.347498	
	0.339737	
	0.292574	
	0.229764	
	0.224800	
	0.240377	
	0.245112	
	0.187368	
	0.173005	
	0.193683	
	0.184389	
	0.262498	
	0.283756	
	0.260128	
	0.239988	
	0.197741	
	0.200837	
	0.188566	
	0.188079	
	0.186593	
	0.159614	
	0.149719	
	0.146139	
	0.138661	
	0.201754	
	0.299091	
	0.319605	
	0.263568	
	0.224535	
	0.196809	
	0.161154	
	0.189803	
	0.182720	
	0.157408	
	0.138355	
	0.135459	
	0.143962	
	0.206123	
	0.306224	
	0.351127	
	0.344720	
	0.289466	
	0.285372	
	0.252821	
	0.211837	
	0.190540	
	0.168922	
	0.137094	
	0.183829	
	0.170400	
	0.227919	
	0.339612	
	0.301903	
	0.293241	
	0.252850	
	0.199111	
	0.207983	
	0.182793	
	0.166567	
	0.194060	
	0.180818	
	0.216934	
	0.176956	
	0.301410	
	0.382715	
	0.350946	
	0.307090	
	0.285242	
	0.244143	
	0.208407	
	0.197215	
	0.199433	
	0.189667	
	0.218731	
	0.194251	
	0.251356	
	0.302366	
	0.284820	
	0.309612	
	0.295830	
	0.224505	
	0.250818	
	0.232401	
	0.185841	
	0.192647	
	0.188872	
	0.197857	
	0.205689	
	0.223559	
	0.312815	
	0.277163	
	0.294385	
	0.270830	
	0.233818	
	0.200524	
	0.192418	
	0.194175	
	0.143157	
	0.148143	
	0.218448	
	0.206901	
	0.325934	
	0.408427	
	0.344569	
	0.348254	
	0.319463	
	0.276553	
	0.253619	
	0.233100	
	0.259470	
	0.271472	
	0.312610	
	0.292607	
	0.273307	
	0.329088	
	0.321166	
	0.321343	
	0.284730	
	0.272810	
	0.269271	
	0.298048	
	0.263044	
	0.220292	
	0.244582	
	0.238501	
	0.237153	
	0.250895	
	0.356780	
	0.371826	
	0.302965	
	0.248827	
	0.234568	
	0.256748	
	0.254946	
	0.219055	
	0.213929	
	0.238185	
	0.218216	
	0.210973	
	0.211679	
	0.298338	
	0.310848	
	0.263464	
	0.251260	
	0.237068	
	0.252357	
	0.242848	
	0.185245	
	0.171396	
	0.157482	
	0.179404	
	0.174346	
	0.192221	
	0.295530	
	0.325412	
	0.295464	
	0.276633	
	0.248730	
	0.236260	
	0.234547	
	0.242826	
	0.254540	
	0.274803	
	0.304029	
	0.280693	
	0.234464	
	0.281248	
	0.297162	
	0.283394	
	0.274804	
	0.239287	
	0.206138	
	0.188843	
	0.144854	
	0.144663	
	0.152686	
	0.167118	
	0.160337	
	0.193144	
	0.283031	
	0.305083	
	0.353474	
	0.375073	
	0.322995	
	0.337090	
	0.330975	
	0.297465	
	0.268861	
	0.241967	
	0.210469	
	0.282770	
	0.240094	
	0.318813	
	0.361140	
	0.347435	
	0.309258	
	0.254573	
	0.264952	
	0.241284	
	0.197794	
	0.226608	
	0.237012	
	0.220173	
	0.223191	
	0.289563	
	0.295245	
	0.309120	
	0.245068	
	0.236699	
	0.242380	
	0.191787	
	0.178404	
	0.171346	
	0.162190	
	0.176570	
	0.179992	
	0.182531	
	0.221181	
	0.243870	
	0.252041	
	0.248651	
	0.250999	
	0.243695	
	0.231596	
	0.205546	
	0.152325	
	0.146997	
	0.136637	
	0.169090	
	0.163783	
	0.216317	
	0.353555	
	0.356540	
	0.318297	
	0.298017	
	0.249855	
	0.244666	
	0.284954	
	0.291559	
	0.204736	
	0.151228	
	0.140273	
	0.138323	
	0.320024	
	0.472834	
	0.415417	
	0.324142	
	0.248431	
	0.226694	
	0.186961	
	0.167780	
	0.161351	
	0.170275	
	0.161692	
	0.136646	
	0.163926	
	0.178862	
	0.261565	
	0.316498	
	0.269315	
	0.225989	
	0.200243	
	0.224778	
	0.219863	
	0.198155	
	0.177036	
	0.162435	
	0.161534	
	0.184170	
	0.218777	
	0.292316	
	0.348996	
	0.277814	
	0.278334	
	0.241891	
	0.233384	
	0.188633	
	0.179276	
	0.164052	
	0.190903	
	0.167685	
	0.163766	
	0.206889	
	0.274390	
	0.305983	
	0.287769	
	0.275638	
	0.224100	
	0.190357	
	0.184760	
	0.173786	
	0.172334	
	0.151916	
	0.170144	
	0.168955	
	0.227773	
	0.308980	
	0.344275	
	0.292667	
	0.237759	
	0.200557	
	0.219932	
	0.249847	
	0.171418	
	0.189710	
	0.202404	
	0.188368	
	0.174207	
	0.165835	
	0.186984	
	0.190110	
	0.204391	
	0.173890	
	0.146477	
	0.111173	
	0.100549	
	0.106507	
	0.128986	
	0.138818	
	0.140014	
	0.157919	
	0.189788	
	0.218559	
	0.192219	
	0.182584	
	0.205570	
	0.151317	
	0.119600	
	0.086521	
	0.085873	
	0.067319	
	0.092198	
	0.101609	
	0.217832	
	0.253859	
	0.247085	
	0.209339	
	0.182824	
	0.148119	
	0.110851	
	0.106756	
	0.102418	
	0.084786	
	0.078542	
	0.083080	
	0.092414	
	0.162091	
	0.216201	
	0.257937	
	0.213640	
	0.188547	
	0.163359	
	0.119028	
	0.132003	
	0.119021	
	0.123368	
	0.128920	
	0.128908	
	0.119257	
	0.167927	
	0.205976	
	0.171413	
	0.144336	
	0.136250	
	0.114606	
	0.103196	
	0.090790	
	0.108733	
	0.097214	
	0.116979	
	0.106911	
	0.131088	
	0.216161	
	0.247647	
	0.203245	
	0.150637	
	0.166106	
	0.145436	
	0.114931	
	0.112708	
	0.106880	
	0.106284	
	0.090042	
	0.078832	
	0.110926	
	0.178312	
	0.231018	
	0.206657	
	0.200362	
	0.142388	
	0.127820	
	0.127808	
	0.112206	
	0.106248	
	0.096662	
	0.096182	
	0.107945	
	0.146455	
	0.194639	
	0.251684	
	0.237534	
	0.219717	
	0.145343	
	0.167143	
	0.153888	
	0.121421	
	0.125062	
	0.112136	
	0.110344	
	0.130076	
	0.187138	
	0.225595	
	0.337632	
	0.325694	
	0.207142	
	0.210190	
	0.195498	
	0.151150	
	0.168442	
	0.144332	
	0.142658	
	0.142840	
	0.217643	
	0.277542	
	0.305100	
	0.326709	
	0.283959	
	0.219212	
	0.187024	
	0.153138	
	0.128571	
	0.145704	
	0.148770	
	0.139958	
	0.126718	
	0.128831	
	0.172765	
	0.285566	
	0.307460	
	0.320604	
	0.283406	
	0.311471	
	0.325391	
	0.353613	
	0.350169	
	0.358799	
	0.351313	
	0.322354	
	0.336700	
	0.389530	
	0.402794	
	0.434009	
	0.459465	
	0.385512	
	0.312397	
	0.272306	
	0.249516	
	0.215748	
	0.217032	
	0.215739	
	0.211887	
	0.197424	
	0.201619	
	0.263288	
	0.317631	
	0.297717	
	0.327258	
	0.356536	
	0.339792	
	0.270047	
	0.275635	
	0.280846	
	0.274468	
	0.292988	
	0.253883	
	0.423406	
	0.467466	
	0.413767	
	0.399752	
	0.299624	
	0.244140	
	0.211755	
	0.203156	
	0.201538	
	0.199740	
	0.187602	
	0.174407	
	0.206530	
	0.389434	
	0.484589	
	0.426754	
	0.408416	
	0.380033	
	0.303410	
	0.298662	
	0.297859	
	0.269923	
	0.273525	
	0.241155	
	0.225527	
	0.263187	
	0.354061	
	0.355394	
	0.387031	
	0.430048	
	0.359323	
	0.351680	
	0.326636	
	0.337719	
	0.395127	
	0.435094	
	0.399260	
	0.393156	
	0.398869	
	0.406368	
	0.392501	
	0.422439	
	0.344327	
	0.297030	
	0.314094	
	0.319504	
	0.339341	
	0.366932	
	0.353928	
	0.391080	
	0.461821	
	0.395744	
	0.351217	
	0.401147	
	0.452842	
	0.429690	
	0.438076	
	0.395277	
	0.421949	
	0.452049	
	0.460527	
	0.494651	
	0.417762	
	0.439336	
	0.442953	
	0.444936	
	0.381695	
	0.321677	
	0.306019	
	0.331186	
	0.367544	
	0.450871	
	0.460876	
	0.519874	
	0.490829	
	0.476092	
	0.496958	
	0.472671	
	0.466604	
	0.419362	
	0.414944	
	0.422692	
	0.456462	
	0.459346	
	0.435989	
	0.420574	
	0.410442	
	0.427569	
	0.427090	
	0.497973	
	0.501463	
	0.456084	
	0.407329	
	0.485353	
	0.469081	
	0.515862	
	0.441562	
	0.445953	
	0.475465	
	0.470562	
	0.508766	
	0.440069	
	0.425223	
	0.485030	
	0.449831	
	0.435785	
	0.413140	
	0.438825	
	0.448631	
	0.432895	
	0.405108	
	0.380976	
	0.402707	
	0.433507	
	0.430258	
	0.386131	
	0.418668	
	0.435599	
	0.484485	
	0.480131	
	0.429176	
	0.396236	
	0.342457	
	0.373274	
	0.418901	
	0.400278	
	0.372593	
	0.390432	
	0.416021	
	0.399262	
	0.306827	
	0.432639	
	0.424583	
	0.489121	
	0.417859	
	0.431619	
	0.475166	
	0.523276	
	0.527883	
	0.514853	
	0.436752	
	0.468660	
	0.439196	
	0.433012	
	0.445021	
	0.432949	
	0.389124	
	0.373385	
	0.354836	
	0.394119	
	0.419809	
	0.440698	
	0.432936	
	0.421645	
	0.413093	
	0.406988	
	0.466957	
	0.437447	
	0.368434	
	0.329669	
	0.335743	
	0.359517	
	0.360155	
	0.304853	
	0.312890	
	0.292895	
	0.304404	
	0.284128	
	0.363435	
	0.398717	
	0.397290	
	0.432432	
	0.365440	
	0.349337	
	0.340951	
	0.469323	
	0.505698	
	0.543668	
	0.518121	
	0.488264	
	0.410036	
	0.493301	
	0.542558	
	0.481144	
	0.490830	
	0.403406	
	0.403037	
	0.378188	
	0.342278	
	0.328262	
	0.354853	
	0.336428	
	0.303504	
	0.275120	
	0.274606	
	0.408470	
	0.456851	
	0.425888	
	0.519365	
	0.579463	
	0.538539	
	0.501655	
	0.449108	
	0.474498	
	0.464889	
	0.489475	
	0.424981	
	0.407745	
	0.459890	
	0.523104	
	0.519919	
	0.460716	
	0.495301	
	0.416863	
	0.414299	
	0.377743	
	0.363892	
	0.374408	
	0.356030	
	0.381321	
	0.387791	
	0.454776	
	0.508089	
	0.496776	
	0.457974	
	0.390166	
	0.411114	
	0.388866	
	0.396866	
	0.412199	
	0.391216	
	0.387351	
	0.399976	
	0.437122	
	0.523020	
	0.477606	
	0.437922	
	0.456910	
	0.409755	
	0.362606	
	0.334607	
	0.372149	
	0.435154	
	0.516386	
	0.520914	
	0.572834	
	0.580823	
	0.590232	
	0.505032	
	0.384777	
	0.359670	
	0.372091	
	0.427205	
	0.383766	
	0.419193	
	0.417727	
	0.451291	
	0.445120	
	0.438968	
	0.396159	
	0.380206	
	0.444364	
	0.495932	
	0.434672	
	0.428644	
	0.429798	
	0.433257	
	0.529917	
	0.577090	
	0.517513	
	0.488715	
	0.439590	
	0.504979	
	0.481811	
	0.476082	
	0.402615	
	0.355127	
	0.306194	
	0.359160	
	0.376923	
	0.447966	
	0.396925	
	0.448670	
	0.419047	
	0.448649	
	0.438464	
	0.432050	
	0.437181	
	0.405796	
	0.424169	
	0.425946	
	0.379154	
	0.344232	
	0.356498	
	0.402586	
	0.413608	
	0.408862	
	0.418671	
	0.410951	
	0.414788	
	0.432848	
	0.406751	
	0.328747	
	0.323260	
	0.357374	
	0.413168	
	0.416945	
	0.383139	
	0.457787	
	0.467866	
	0.391153	
	0.496081	
	0.515132	
	0.418275	
	0.427426	
	0.420800	
	0.382602	
	0.435065	
	0.417081	
	0.418871	
	0.422387	
	0.525292	
	0.489367	
	0.424363	
	0.456455	
	0.481753	
	0.418677	
	0.433328	
	0.399448	
	0.385622	
	0.405110	
	0.381990	
	0.383044	
	0.436413	
	0.497875	
	0.482772	
	0.448233	
	0.477180	
	0.450846	
	0.433513	
	0.389642	
	0.389804	
	0.356634	
	0.305593	
	0.268996	
	0.248632	
	0.267298	
	0.287516	
	0.310981	
	0.304757	
	0.325609	
	0.292922	
	0.321234	
	0.329990	
	0.327719	
	0.343946	
	0.362606	
	0.317900	
	0.307203	
	0.323440	
	0.327407	
	0.345426	
	0.339795	
	0.306058	
	0.293223	
	0.334124	
	0.322737	
	0.282522	
	0.300150	
	0.308074	
	0.276780	
	0.251847	
	0.278389	
	0.303097	
	0.253496	
	0.263290	
	0.276516	
	0.280668	
	0.271333	
	0.269248	
	0.282560	
	0.258804	
	0.242746	
	0.228721	
	0.228627	
	0.206160	
	0.225175	
	0.256340	
	0.208597	
	0.195923	
	0.224570	
	0.236729	
	0.278446	
	0.289846	
	0.239658	
	0.244307	
	0.247597	
	0.247844	
	0.241262	
	0.203200	
	0.222306	
	0.222976	
	0.238380	
	0.240394	
	0.261464	
	0.275712	
	0.313859	
	0.282004	
	0.275181	
	0.278467	
	0.247727	
	0.312242	
	0.391097	
	0.390284	
	0.360770	
	0.318963	
	0.306270	
	0.316383	
	0.349687	
	0.332021	
	0.398209	
	0.322016	
	0.279815	
	0.246379	
	0.248469	
	0.266961	
	0.294270	
	0.293689	
	0.269624	
	0.257200	
	0.216410	
	0.232153	
	0.252725	
	0.308710	
	0.191537	
	0.228141	
	0.232538	
	0.267909	
	0.212334	
	0.221384	
	0.245700	
	0.218670	
	0.228316	
	0.196944	
	0.155838	
	0.177694	
	0.178499	
	0.197952	
	0.193444	
	0.192518	
	0.181728	
	0.188400	
	0.179902	
	0.195275	
	0.199415	
	0.171708	
	0.163399	
	0.166624	
	0.183633	
	0.183914	
	0.162716	
	0.185103	
	0.210266	
	0.181424	
	0.185501	
	0.169988	
	0.167833	
	0.160928	
	0.174874	
	0.163533	
	0.171031	
	0.195818	
	0.204752	
	0.194111	
	0.248510	
	0.204798	
	0.209604	
	0.205766	
	0.228962	
	0.193417	
	0.188423	
	0.186216	
	0.187833	
	0.179035	
	0.139416	
	0.171350	
	0.142971	
	0.171741	
	0.186862	
	0.180310	
	0.187587	
	0.188886	
	0.189299	
	0.189054	
	0.187875	
	0.174997	
	0.191516	
	0.156027	
	0.168938	
	0.181207	
	0.199630	
	0.189714	
	0.211385	
	0.196560	
	0.188170	
	0.179064	
	0.178770	
	0.177233	
	0.191470	
	0.205243	
	0.212715	
	0.208306	
	0.236748	
	0.215566	
	0.184260	
	0.185241	
	0.188876	
	0.175509	
	0.186571	
	0.170564	
	0.166778	
	0.174012	
	0.180671	
	0.193059	
	0.209468	
	0.207823	
	0.222968	
	0.215633	
	0.230935	
	0.226505	
	0.222982	
	0.234458	
	0.251676	
	0.267602	
	0.256861	
	0.219693	
	0.175156	
	0.174656	
	0.176796	
	0.239937	
	0.215507	
	0.250931	
	0.215273	
	0.203658	
	0.193085	
	0.191638	
	0.169045	
	0.179491	
	0.163217	
	0.171873	
	0.168130	
	0.172710	
	0.136517	
	0.103028	
	0.168348	
	0.280934	
	0.221849	
	0.197531	
	0.198426	
	0.230189	
	0.189458	
	0.173975	
	0.181827	
	0.172492	
	0.164516	
	0.175617	
	0.163134	
	0.177165	
	0.171257	
	0.156036	
	0.148427	
	0.129151	
	0.139619	
	0.136734	
	0.142472	
	0.132340	
	0.147443	
	0.173156	
	0.218137	
	0.228594	
	0.216111	
	0.215556	
	0.206907	
	0.222230	
	0.193760	
	0.193207	
	0.201760	
	0.209692	
	0.222761	
	0.212371	
	0.192777	
	0.235359	
	0.249411	
	0.193877	
	0.223549	
	0.196659	
	0.253621	
	0.300444	
	0.285861	
	0.295616	
	0.329763	
	0.332763	
	0.322397	
	0.307131	
	0.327649	
	0.309063	
	0.249856	
	0.208676	
	0.200883	
	0.182613	
	0.202701	
	0.218702	
	0.253246	
	0.288604	
	0.297323	
	0.243157	
	0.245664	
	0.230489	
	0.262622	
	0.294657	
	0.293035	
	0.293118	
	0.312017	
	0.312755	
	0.280748	
	0.271978	
	0.300902	
	0.312487	
	0.304255	
	0.272698	
	0.304690	
	0.250690	
	0.257608	
	0.233019	
	0.209830	
	0.246087	
	0.231072	
	0.233001	
	0.188598	
	0.232563	
	0.233905	
	0.279415	
	0.264496	
	0.205447	
	0.172623	
	0.216519	
	0.261846	
	0.268382	
	0.259856	
	0.238111	
	0.227766	
	0.227410	
	0.207245	
	0.207267	
	0.197876	
	0.265179	
	0.205394	
	0.197720	
	0.204645	
	0.172571	
	0.185549	
	0.226450	
	0.247966	
	0.235047	
	0.227199	
	0.175440	
	0.198838	
	0.171809	
	0.179896	
	0.149736	
	0.153846	
	0.145379	
	0.146803	
	0.158678	
	0.216999	
	0.231002	
	0.232108	
	0.201738	
	0.197099	
	0.202588	
	0.212748	
	0.240782	
	0.315010	
	0.304678	
	0.273944	
	0.360209	
	0.337906	
	0.321189	
	0.399472	
	0.364562	
	0.321597	
	0.327148	
	0.271404	
	0.356166	
	0.451923	
	0.314940	
	0.293510	
	0.349704	
	0.398843	
	0.336308	
	0.324087	
	0.328526	
	0.294936	
	0.321975	
	0.248778	
	0.242538	
	0.241016	
	0.244075	
	0.268536	
	0.277261	
	0.273757	
	0.276041	
	0.255421	
	0.245707	
	0.256011	
	0.285231	
	0.295773	
	0.308067	
	0.307369	
	0.294534	
	0.308988	
	0.298451	
	0.275081	
	0.273212	
	0.261546	
	0.229799	
	0.262900	
	0.228998	
	0.249347	
	0.252503	
	0.265973	
	0.269620	
	0.278585	
	0.284160	
	0.306268	
	0.288798	
	0.282753	
	0.252643	
	0.228828	
	0.225968	
	0.197971	
	0.201192	
	0.210069	
	0.247418	
	0.220909	
	0.238723	
	0.210237	
	0.189846	
	0.221060	
	0.218978	
	0.235917	
	0.250152	
	0.220966	
	0.219313	
	0.178201	
	0.236656	
	0.256218	
	0.296708	
	0.288792	
	0.298729	
	0.310332	
	0.321228	
	0.258800	
	0.197568	
	0.212116	
	0.167943	
	0.217615	
	0.228584	
	0.234483	
	0.254140	
	0.258838	
	0.231336	
	0.272630	
	0.286240	
	0.265646	
	0.255903	
	0.260971	
	0.267532	
	0.270855	
	0.303856	
	0.287479	
	0.295143	
	0.285716	
	0.282717	
	0.291984	
	0.265522	
	0.297819	
	0.324800	
	0.301414	
	0.286330	
	0.275324	
	0.273006	
	0.340285	
	0.306851	
	0.344139	
	0.322276	
	0.328333	
	0.301367	
	0.356422	
	0.319817	
	0.316366	
	0.355021	
	0.351379	
	0.261930	
	0.268705	
	0.306891	
	0.259352	
	0.284202	
	0.366885	
	0.394638	
	0.422119	
	0.424489	
	0.382471	
	0.348774	
	0.319093	
	0.278182	
	0.294392	
	0.283671	
	0.286626	
	0.258310	
	0.253711	
	0.251362	
	0.217020	
	0.216072	
	0.224444	
	0.214160	
	0.226238	
	0.204493	
	0.223124	
	0.212092	
	0.227167	
	0.216499	
	0.196243	
	0.208891	
	0.197871	
	0.224071	
	0.207697	
	0.206307	
	0.226604	
	0.254787	
	0.239345	
	0.231239	
	0.239904	
	0.206901	
	0.239982	
	0.278292	
	0.251986	
	0.239861	
	0.228942	
	0.237798	
	0.304569	
	0.290611	
	0.269102	
	0.293047	
	0.245721	
	0.228137	
	0.193913	
	0.214355	
	0.229419	
	0.210264	
	0.209853	
	0.179717	
	0.178753	
	0.196649	
	0.199377	
	0.199177	
	0.236726	
	0.203207	
	0.200397	
	0.187380	
	0.194630	
	0.212224	
	0.202652	
	0.227819	
	0.218416	
	0.242092	
	0.237279	
	0.247883	
	0.231852	
	0.209271	
	0.235841	
	0.239683	
	0.233411	
	0.208122	
	0.206493	
	0.218799	
	0.248220	
	0.272785	
	0.260121	
	0.286239	
	0.283830	
	0.302883	
	0.285896	
	0.264537	
	0.231547	
	0.245520	
	0.268941	
	0.339173	
	0.285642	
	0.262752	
	0.289760	
	0.269339	
	0.287680	
	0.310188	
	0.321678	
	0.309998	
	0.318523	
	0.341143	
	0.366180	
	0.331577	
	0.291780	
	0.233170	
	0.285601	
	0.333955	
	0.310548	
	0.286767	
	0.300173	
	0.297069	
	0.268326	
	0.264887	
	0.302694	
	0.272507	
	0.276567	
	0.229762	
	0.237653	
	0.238166	
	0.219809	
	0.233166	
	0.267295	
	0.275986	
	0.233880	
	0.243479	
	0.259838	
	0.306610	
	0.268535	
	0.278269	
	0.257953	
	0.229587	
	0.193017	
	0.246561	
	0.225802	
	0.257689	
	0.237503	
	0.243834	
	0.248221	
	0.232199	
	0.254113	
	0.288206	
	0.281370	
	0.295124	
	0.319829	
	0.242059	
	0.228956	
	0.246553	
	0.207227	
	0.220024	
	0.234656	
	0.235685	
	0.239787	
	0.279596	
	0.251880	
	0.246065	
	0.248375	
	0.248312	
	0.277024	
	0.259536	
	0.259215	
	0.302603	
	0.282036	
	0.305429	
	0.331492	
	0.276363	
	0.326182	
	0.303152	
	0.302244	
	0.288816	
	0.292019	
	0.290332	
	0.290923	
	0.233423	
	0.226925	
	0.267303	
	0.238611	
	0.254870	
	0.234556	
	0.230153	
	0.279544	
	0.285687	
	0.216810	
	0.226164	
	0.242794	
	0.245125	
	0.246091	
	0.235406	
	0.232441	
	0.239039	
	0.246847	
	0.236913	
	0.234394	
	0.262120	
	0.273059	
	0.245413	
	0.240351	
	0.253193	
	0.249046	
	0.306908	
	0.324266	
	0.350111	
	0.387831	
	0.383443	
	0.340918	
	0.309604	
	0.297656	
	0.327398	
	0.285382	
	0.277988	
	0.253524	
	0.283079	
	0.256238	
	0.294515	
	0.385660	
	0.438811	
	0.406718	
	0.378247	
	0.365242	
	0.317217	
	0.325817	
	0.343663	
	0.341376	
	0.320855	
	0.305247	
	0.310548	
	0.298130	
	0.406710	
	0.447099	
	0.396854	
	0.372303	
	0.331308	
	0.321842	
	0.280068	
	0.283642	
	0.293127	
	0.261283	
	0.282801	
	0.265138	
	0.262982	
	0.281003	
	0.326664	
	0.372517	
	0.318103	
	0.287842	
	0.257865	
	0.268302	
	0.278709	
	0.267832	
	0.254869	
	0.240608	
	0.247436	
	0.239932	
	0.331516	
	0.398887	
	0.429525	
	0.409210	
	0.392027	
	0.340659	
	0.287616	
	0.287661	
	0.312986	
	0.291868	
	0.285916	
	0.286910	
	0.302521	
	0.370284	
	0.419021	
	0.471113	
	0.407375	
	0.385450	
	0.310102	
	0.263643	
	0.258405	
	0.297481	
	0.336901	
	0.302363	
	0.384848	
	0.372838	
	0.372113	
	0.359658	
	0.442366	
	0.496587	
	0.474400	
	0.437626	
	0.459552	
	0.422848	
	0.462061	
	0.455488	
	0.383545	
	0.363013	
	0.377881	
	0.397797	
	0.470876	
	0.468361	
	0.348168	
	0.376521	
	0.370076	
	0.326055	
	0.356385	
	0.382441	
	0.334434	
	0.356965	
	0.312322	
	0.336484	
	0.385470	
	0.422987	
	0.414313	
	0.451400	
	0.408294	
	0.358911	
	0.416183	
	0.411199	
	0.405219	
	0.419675	
	0.390538	
	0.405410	
	0.386218	
	0.367788	
	0.396575	
	0.406569	
	0.427818	
	0.440173	
	0.459935	
	0.452874	
	0.393941	
	0.386954	
	0.389761	
	0.446686	
	0.440456	
	0.462352	
	0.454759	
	0.378987	
	0.365642	
	0.375882	
	0.419471	
	0.422074	
	0.416033	
	0.469783	
	0.515716	
	0.516708	
	0.527173	
	0.467637	
	0.435332	
	0.434095	
	0.423141	
	0.436915	
	0.481182	
	0.409967	
	0.338911	
	0.381811	
	0.414570	
	0.386416	
	0.430138	
	0.406869	
	0.399105	
	0.377226	
	0.354299	
	0.376752	
	0.366552	
	0.385586	
	0.418401	
	0.396249	
	0.418744	
	0.448228	
	0.427477	
	0.389010	
	0.366074	
	0.352599	
	0.367591	
	0.375467	
	0.363397	
	0.353612	
	0.356155	
	0.345363	
	0.291291	
	0.319102	
	0.330787	
	0.343684	
	0.330813	
	0.309853	
	0.313662	
	0.376791	
	0.364175	
	0.351501	
	0.337435	
	0.296976	
	0.307902	
	0.289714	
	0.298239	
	0.309144	
	0.294459	
	0.280791	
	0.265569	
	0.274947	
	0.276196	
	0.304002	
	0.312155	
	0.315229	
	0.292355	
	0.310047	
	0.310995	
	0.264861	
	0.258958	
	0.239917	
	0.266795	
	0.299596	
	0.285152	
	0.342747	
	0.358729	
	0.374130	
	0.360524	
	0.319515	
	0.327310	
	0.363323	
	0.371164	
	0.412686	
	0.381381	
	0.370357	
	0.366838	
	0.353728	
	0.349481	
	0.372904	
	0.434518	
	0.462678	
	0.344049	
	0.350594	
	0.398794	
	0.414384	
	0.385437	
	0.368186	
	0.367056	
	0.323639	
	0.378016	
	0.395540	
	0.361768	
	0.342058	
	0.351472	
	0.346942	
	0.319742	
	0.306774	
	0.326412	
	0.316257	
	0.328170	
	0.335987	
	0.305076	
	0.311174	
	0.296958	
	0.335710	
	0.338117	
	0.317360	
	0.308946	
	0.311639	
	0.311680	
	0.334996	
	0.305067	
	0.313878	
	0.329651	
	0.336843	
	0.309022	
	0.359775	
	0.332061	
	0.320186	
	0.333003	
	0.338176	
	0.284653	
	0.300044	
	0.269656	
	0.292965	
	0.300832	
	0.368297	
	0.350563	
	0.364640	
	0.326280	
	0.331304	
	0.319566	
	0.269339	
	0.273086	
	0.249633	
	0.275479	
	0.314109	
	0.302906	
	0.279695	
	0.237583	
	0.239928	
	0.209675	
	0.182217	
	0.177769	
	0.179621	
	0.163191	
	0.188314	
	0.176706	
	0.213167	
	0.189237	
	0.189510	
	0.177232	
	0.162543	
	0.188578	
	0.208056	
	0.194543	
	0.221923	
	0.219214	
	0.200240	
	0.160932	
	0.154829	
	0.151421	
	0.175121	
	0.167169	
	0.195870	
	0.232603	
	0.192596	
	0.222773	
	0.237352	
	0.205791	
	0.244387	
	0.231832	
	0.239951	
	0.323154	
	0.294142	
	0.340616	
	0.324129	
	0.341954	
	0.315871	
	0.295623	
	0.300035	
	0.253655	
	0.260564	
	0.304221	
	0.242964	
	0.231397	
	0.261169	
	0.240212	
	0.258056	
	0.229362	
	0.217143	
	0.240568	
	0.205257	
	0.209697	
	0.189641	
	0.189373	
	0.196997	
	0.246000	
	0.291996	
	0.251431	
	0.222549	
	0.187953	
	0.227662	
	0.209336	
	0.212359	
	0.202735	
	0.268329	
	0.264253	
	0.262857	
	0.226234	
	0.247196	
	0.268956	
	0.252426	
	0.233518	
	0.295813	
	0.257900	
	0.251951	
	0.233867	
	0.235198	
	0.239316	
	0.264987	
	0.253019	
	0.247112	
	0.228896	
	0.267993	
	0.241123	
	0.295198	
	0.292053	
	0.297631	
	0.298309	
	0.247023	
	0.243957	
	0.257791	
	0.247862	
	0.213634	
	0.214416	
	0.239319	
	0.249243	
	0.249374	
	0.225646	
	0.199295	
	0.212841	
	0.219911	
	0.189136	
	0.204671	
	0.202952	
	0.200730	
	0.201975	
	0.210793	
	0.218413	
	0.188156	
	0.174845	
	0.180543	
	0.185045	
	0.248390	
	0.243402	
	0.241385	
	0.206088	
	0.188325	
	0.197757	
	0.184953	
	0.189407	
	0.199093	
	0.162757	
	0.167301	
	0.138608	
	0.146453	
	0.139086	
	0.134272	
	0.137839	
	0.158133	
	0.146700	
	0.157633	
	0.143094	
	0.162459	
	0.164152	
	0.204447	
	0.191911	
	0.227719	
	0.271357	
	0.243914	
	0.242091	
	0.228810	
	0.194861	
	0.226077	
	0.245408	
	0.216827	
	0.225778	
	0.277300	
	0.225895	
	0.221011	
	0.187898	
	0.230100	
	0.223995	
	0.243644	
	0.226824	
	0.220358	
	0.223084	
	0.224102	
	0.248343	
	0.255440	
	0.245307	
	0.279396	
	0.268124	
	0.323363	
	0.289645	
	0.320353	
	0.286940	
	0.258903	
	0.238872	
	0.229194	
	0.226020	
	0.248363	
	0.226899	
	0.263215	
	0.278247	
	0.311751	
	0.314354	
	0.297378	
	0.279059	
	0.285270	
	0.281925	
	0.299220	
	0.308383	
	0.315340	
	0.297296	
	0.276465	
	0.279481	
	0.292199	
	0.326546	
	0.326804	
	0.276961	
	0.302820	
	0.356554	
	0.318205	
	0.337320	
	0.307945	
	0.295603	
	0.276600	
	0.273680	
	0.286964	
	0.265114	
	0.259790	
	0.266082	
	0.263781	
	0.258693	
	0.287940	
	0.312300	
	0.318564	
	0.353074	
	0.317401	
	0.311382	
	0.284955	
	0.294079	
	0.326306	
	0.353889	
	0.333619	
	0.322251	
	0.273648	
	0.288122	
	0.264524	
	0.295814	
	0.301322	
	0.345722	
	0.277033	
	0.281186	
	0.281568	
	0.313323	
	0.319701	
	0.308505	
	0.318832	
	0.294534	
	0.264315	
	0.247237	
	0.235618	
	0.238995	
	0.277704	
	0.290020	
	0.248982	
	0.263685	
	0.244873	
	0.265867	
	0.251133	
	0.237321	
	0.227803	
	0.200438	
	0.207427	
	0.215949	
	0.240832	
	0.267260	
	0.273221	
	0.268373	
	0.256693	
	0.228225	
	0.222604	
	0.255497	
	0.267975	
	0.279472	
	0.303291	
	0.317235	
	0.312067	
	0.326221	
	0.299489	
	0.281520	
	0.246708	
	0.232367	
	0.245974	
	0.281094	
	0.275116	
	0.292795	
	0.303831	
	0.288692	
	0.280490	
	0.294980	
	0.280509	
	0.291429	
	0.283705	
	0.278981	
	0.258212	
	0.231371	
	0.230147	
	0.243894	
	0.231557	
	0.245928	
	0.269207	
	0.311313	
	0.259819	
	0.257247	
	0.300286	
	0.332075	
	0.326253	
	0.345733	
	0.321839	
	0.314929	
	0.262102	
	0.247129	
	0.267852	
	0.270200	
	0.246964	
	0.250356	
	0.212927	
	0.211645	
	0.183267	
	0.174904	
	0.188684	
	0.196903	
	0.242631	
	0.176244	
	0.213006	
	0.228687	
	0.225687	
	0.238508	
	0.249003	
	0.277979	
	0.249169	
	0.252474	
	0.263294	
	0.287310	
	0.269352	
	0.297528	
	0.298579	
	0.310634	
	0.290893	
	0.289327	
	0.285965	
	0.260794	
	0.268640	
	0.274937	
	0.291599	
	0.254199	
	0.291768	
	0.337155	
	0.278957	
	0.274256	
	0.269770	
	0.266955	
	0.273748	
	0.319258	
	0.307809	
	0.288478	
	0.295132	
	0.303863	
	0.278584	
	0.328336	
	0.326566	
	0.402585	
	0.392357	
	0.399677	
	0.300785	
	0.292575	
	0.264836	
	0.261988	
	0.296282	
	0.357680	
	0.368083	
	0.337920	
	0.340603	
	0.341457	
	0.390308	
	0.346669	
	0.311207	
	0.278232	
	0.253051	
	0.260002	
	0.298391	
	0.323891	
	0.278855	
	0.262822	
	0.224060	
	0.220278	
	0.294278	
	0.262461	
	0.264362	
	0.223538	
	0.232572	
	0.220216	
	0.229845	
	0.190867	
	0.220024	
	0.223503	
	0.235923	
	0.226889	
	0.235470	
	0.213132	
	0.212390	
	0.200923	
	0.181903	
	0.188622	
	0.221260	
	0.224919	
	0.193308	
	0.172732	
	0.213571	
	0.227966	
	0.233134	
	0.232491	
	0.181755	
	0.177461	
	0.195073	
	0.170340	
	0.165901	
	0.134271	
	0.120726	
	0.135273	
	0.116089	
	0.128607	
	0.159614	
	0.154020	
	0.150781	
	0.141619	
	0.148245	
	0.123084	
	0.219479	
	0.412158	
	0.509699	
	0.569584	
	0.522305	
	0.627418	
	0.702909	
	0.725108	
	0.749525	
	0.755749	
	0.709662	
	0.699431	
	0.715959	
	0.659198	
	0.672264	
	0.741284	
	0.625056	
	0.705954	
	0.726045	
	0.683018	
	0.606113	
	0.544928	
	0.515530	
	0.599359	
	0.641953	
	0.700172	
	0.685104	
	0.577399	
	0.566646	
	0.612314	
	0.475025	
	0.492386	
	0.421658	
	0.402728	
	0.321130	
	0.252895	
	0.253231	
	0.311052	
	0.321945	
	0.291882	
	0.268629	
	0.260349	
	0.272224	
	0.451471	
	0.395792	
	0.442142	
	0.386210	
	0.319871	
	0.321308	
	0.305056	
	0.313465	
	0.360310	
	0.393190	
	0.403008	
	0.434993	
	0.457578	
	0.457370	
	0.424905	
	0.398143	
	0.368268	
	0.357531	
	0.301479	
	0.263523	
	0.257185	
	0.203004	
	0.241323	
	0.238120	
	0.241381	
	0.274357	
	0.396748	
	0.358451	
	0.390587	
	0.318713	
	0.351384	
	0.318273	
	0.244626	
	0.243946	
	0.269742	
	0.217932	
	0.224240	
	0.184831	
	0.233514	
	0.419691	
	0.345138	
	0.290978	
	0.323709	
	0.273175	
	0.249066	
	0.218254	
	0.236780	
	0.225101	
	0.240873	
	0.231395	
	0.240372	
	0.243671	
	0.436530	
	0.464243	
	0.320833	
	0.238647	
	0.238677	
	0.276808	
	0.325276	
	0.295167	
	0.281192	
	0.282931	
	0.276063	
	0.261833	
	0.366665	
	0.345765	
	0.339560	
	0.288360	
	0.242467	
	0.237762	
	0.200910	
	0.209897	
	0.197450	
	0.194353	
	0.186787	
	0.212622	
	0.342139	
	0.457117	
	0.415748	
	0.324651	
	0.319202	
	0.284637	
	0.244936	
	0.218343	
	0.230231	
	0.181417	
	0.156358	
	0.214123	
	0.238250	
	0.273601	
	0.434050	
	0.447561	
	0.310772	
	0.253610	
	0.262815	
	0.241392	
	0.224801	
	0.180173	
	0.168983	
	0.177008	
	0.182328	
	0.215475	
	0.213822	
	0.343874	
	0.374688	
	0.293069	
	0.277501	
	0.262459	
	0.231473	
	0.225361	
	0.196373	
	0.180504	
	0.207224	
	0.192694	
	0.207885	
	0.235797	
	0.280903	
	0.277284	
	0.219483	
	0.239474	
	0.221342	
	0.202427	
	0.190537	
	0.151807	
	0.161974	
	0.136960	
	0.143395	
	0.142684	
	0.242726	
	0.357634	
	0.316050	
	0.263730	
	0.205576	
	0.226645	
	0.224547	
	0.179816	
	0.171418	
	0.140970	
	0.133218	
	0.127412	
	0.245365	
	0.390480	
	0.433038	
	0.393977	
	0.340356	
	0.270953	
	0.233484	
	0.218598	
	0.187372	
	0.170361	
	0.155814	
	0.192251	
	0.191882	
	0.305719	
	0.402524	
	0.433045	
	0.430245	
	0.314069	
	0.251849	
	0.236536	
	0.234131	
	0.210277	
	0.202137	
	0.153153	
	0.199763	
	0.254592	
	0.324627	
	0.420260	
	0.345736	
	0.305400	
	0.318133	
	0.277410	
	0.194463	
	0.187867	
	0.159103	
	0.155282	
	0.170591	
	0.200294	
	0.308940	
	0.330751	
	0.317799	
	0.328341	
	0.301965	
	0.317222	
	0.274476	
	0.209568	
	0.210847	
	0.205073	
	0.216281	
	0.300609	
	0.338998	
	0.339547	
	0.317917	
	0.290690	
	0.238570	
	0.276990	
	0.294560	
	0.264693	
	0.224096	
	0.207999	
	0.218385	
	0.201680	
	0.246782	
	0.394223	
	0.534213	
	0.503813	
	0.377618	
	0.293162	
	0.227570	
	0.207775	
	0.225793	
	0.187286	
	0.196249	
	0.200741	
	0.203534	
	0.204600	
	0.235752	
	0.307283	
	0.313628	
	0.267344	
	0.225636	
	0.175253	
	0.181313	
	0.173581	
	0.204312	
	0.186043	
	0.174396	
	0.187637	
	0.259771	
	0.400961	
	0.454387	
	0.399203	
	0.363773	
	0.317757	
	0.303639	
	0.304133	
	0.272908	
	0.249697	
	0.255077	
	0.198623	
	0.187082	
	0.238950	
	0.367807	
	0.342568	
	0.283906	
	0.265349	
	0.233818	
	0.208425	
	0.192288	
	0.195397	
	0.177131	
	0.178820	
	0.187722	
	0.208093	
	0.204193	
	0.313598	
	0.363798	
	0.308770	
	0.277153	
	0.222330	
	0.249329	
	0.248378	
	0.238390	
	0.273348	
	0.321994	
	0.260870	
	0.277048	
	0.308395	
	0.344685	
	0.335336	
	0.244481	
	0.244862	
	0.210141	
	0.210061	
	0.207976	
	0.172540	
	0.184292	
	0.157260	
	0.193104	
	0.252893	
	0.368753	
	0.419816	
	0.342477	
	0.266742	
	0.295810	
	0.303540	
	0.261195	
	0.229448	
	0.244050	
	0.218357	
	0.227651	
	0.284274	
	0.267868	
	0.428658	
	0.433407	
	0.291512	
	0.269018	
	0.248682	
	0.217446	
	0.191137	
	0.197927	
	0.199552	
	0.224120	
	0.183916	
	0.186371	
	0.220248	
	0.290631	
	0.287320	
	0.249790	
	0.221861	
	0.200241	
	0.185005	
	0.164657	
	0.185746	
	0.166125	
	0.178331	
	0.161266	
	0.183388	
	0.215526	
	0.273550	
	0.278231	
	0.227899	
	0.198297	
	0.164162	
	0.167495	
	0.152265	
	0.134668	
	0.128457	
	0.098315	
	0.098548	
	0.113393	
	0.187219	
	0.320020	
	0.372319	
	0.290832	
	0.236461	
	0.220577	
	0.186749	
	0.211485	
	0.238020	
	0.215899	
	0.208849	
	0.174476	
	0.151807	
	0.295353	
	0.420182	
	0.344307	
	0.271446	
	0.259950	
	0.209306	
	0.212862	
	0.171471	
	0.151657	
	0.165617	
	0.175364	
	0.185720	
	0.206259	
	0.275122	
	0.283450	
	0.286691	
	0.259908	
	0.222209	
	0.184776	
	0.161969	
	0.189727	
	0.163073	
	0.160653	
	0.155714	
	0.180858	
	0.275504	
	0.342564	
	0.329827	
	0.273868	
	0.235727	
	0.260290	
	0.244798	
	0.211492	
	0.220637	
	0.167517	
	0.147466	
	0.141340	
	0.154723	
	0.260616	
	0.354559	
	0.324161	
	0.259047	
	0.241899	
	0.226298	
	0.179970	
	0.209869	
	0.216358	
	0.168797	
	0.169087	
	0.142757	
	0.159239	
	0.231622	
	0.322980	
	0.309376	
	0.304491	
	0.223099	
	0.205138	
	0.212949	
	0.183994	
	0.161503	
	0.192961	
	0.170293	
	0.198309	
	0.200386	
	0.175201	
	0.209403	
	0.213955	
	0.195957	
	0.182812	
	0.154015	
	0.175649	
	0.165645	
	0.162423	
	0.170861	
	0.152895	
	0.148503	
	0.174783	
	0.163989	
	0.212386	
	0.183315	
	0.167805	
	0.166545	
	0.139516	
	0.144874	
	0.126949	
	0.097331	
	0.093278	
	0.099597	
	0.097792	
	0.164253	
	0.300087	
	0.326911	
	0.290309	
	0.222343	
	0.185256	
	0.159741	
	0.142130	
	0.103082	
	0.086938	
	0.079736	
	0.079903	
	0.101377	
	0.162287	
	0.275044	
	0.296928	
	0.276615	
	0.258835	
	0.246700	
	0.212677	
	0.182707	
	0.157825	
	0.131456	
	0.140098	
	0.135409	
	0.120207	
	0.167515	
	0.183559	
	0.209500	
	0.147904	
	0.149818	
	0.124761	
	0.102292	
	0.109164	
	0.114303	
	0.103544	
	0.089718	
	0.112322	
	0.134535	
	0.209713	
	0.240302	
	0.169846	
	0.147994	
	0.129678	
	0.117351	
	0.123736	
	0.113256	
	0.100126	
	0.106985	
	0.085571	
	0.100970	
	0.131049	
	0.273759	
	0.344301	
	0.286561	
	0.225802	
	0.190271	
	0.181608	
	0.178009	
	0.160642	
	0.147344	
	0.125756	
	0.135361	
	0.154378	
	0.188844	
	0.354783	
	0.444466	
	0.436430	
	0.406266	
	0.281855	
	0.237374	
	0.255547	
	0.241870	
	0.222369	
	0.203253	
	0.161871	
	0.204964	
	0.255353	
	0.398101	
	0.514367	
	0.435391	
	0.422362	
	0.394438	
	0.309036	
	0.253055	
	0.247831	
	0.243351	
	0.233191	
	0.225976	
	0.258952	
	0.280436	
	0.380760	
	0.403767	
	0.443556	
	0.367571	
	0.277661	
	0.255786	
	0.191352	
	0.179102	
	0.186767	
	0.187687	
	0.169294	
	0.186118	
	0.239699	
	0.335714	
	0.359277	
	0.303191	
	0.284659	
	0.243294	
	0.234314	
	0.239195	
	0.257163	
	0.241098	
	0.208991	
	0.227341	
	0.256652	
	0.273092	
	0.331632	
	0.319971	
	0.274692	
	0.280138	
	0.226101	
	0.197125	
	0.214112	
	0.247429	
	0.203703	
	0.203467	
	0.185420	
	0.187239	
	0.298274	
	0.378681	
	0.420242	
	0.427199	
	0.411512	
	0.352428	
	0.272971	
	0.229751	
	0.252772	
	0.239022	
	0.225624	
	0.235042	
	0.327841	
	0.486112	
	0.372378	
	0.316716	
	0.280955	
	0.246992	
	0.204090	
	0.197636	
	0.195087	
	0.184976	
	0.227596	
	0.227904	
	0.228239	
	0.292914	
	0.325721	
	0.320998	
	0.328167	
	0.287430	
	0.255187	
	0.226480	
	0.204615	
	0.210671	
	0.207474	
	0.233112	
	0.199231	
	0.245065	
	0.245212	
	0.254968	
	0.290640	
	0.331862	
	0.265324	
	0.273031	
	0.269434	
	0.251722	
	0.291401	
	0.321381	
	0.298050	
	0.288805	
	0.272219	
	0.284194	
	0.333440	
	0.392018	
	0.358447	
	0.320384	
	0.307927	
	0.278166	
	0.285749	
	0.298036	
	0.286553	
	0.300439	
	0.291202	
	0.276717	
	0.288832	
	0.289504	
	0.268650	
	0.275102	
	0.272971	
	0.339053	
	0.308465	
	0.309363	
	0.366895	
	0.400411	
	0.379766	
	0.428638	
	0.405446	
	0.438919	
	0.437393	
	0.394045	
	0.434139	
	0.422675	
	0.382785	
	0.428931	
	0.413424	
	0.389032	
	0.421522	
	0.433477	
	0.362362	
	0.382869	
	0.398447	
	0.448121	
	0.380385	
	0.392138	
	0.360899	
	0.436719	
	0.463767	
	0.447534	
	0.462277	
	0.471890	
	0.510496	
	0.484074	
	0.517412	
	0.577294	
	0.558161	
	0.567123	
	0.543549	
	0.513483	
	0.484585	
	0.432342	
	0.504472	
	0.530207	
	0.511342	
	0.515114	
	0.508510	
	0.565005	
	0.626217	
	0.634187	
	0.507249	
	0.450826	
	0.491485	
	0.572594	
	0.586141	
	0.560900	
	0.592649	
	0.630750	
	0.648276	
	0.627559	
	0.684483	
	0.628023	
	0.575686	
	0.581681	
	0.517421	
	0.529344	
	0.557999	
	0.617977	
	0.617145	
	0.592374	
	0.576218	
	0.609222	
	0.600452	
	0.534573	
	0.506495	
	0.465725	
	0.471721	
	0.419426	
	0.382964	
	0.372268	
	0.419736	
	0.448281	
	0.423558	
	0.325903	
	0.310089	
	0.342615	
	0.399315	
	0.390285	
	0.387329	
	0.353779	
	0.340897	
	0.316076	
	0.337501	
	0.358684	
	0.378664	
	0.336942	
	0.301407	
	0.325905	
	0.378482	
	0.404361	
	0.408630	
	0.374238	
	0.344193	
	0.294577	
	0.279845	
	0.315814	
	0.356155	
	0.335816	
	0.303668	
	0.315160	
	0.279586	
	0.262439	
	0.275656	
	0.347406	
	0.400786	
	0.347218	
	0.319511	
	0.297547	
	0.274498	
	0.267490	
	0.258489	
	0.260367	
	0.281813	
	0.232731	
	0.233127	
	0.239945	
	0.313336	
	0.366737	
	0.326128	
	0.306681	
	0.315739	
	0.318196	
	0.333830	
	0.346113	
	0.338640	
	0.345365	
	0.316701	
	0.375488	
	0.411101	
	0.450584	
	0.437077	
	0.417629	
	0.379082	
	0.390105	
	0.357347	
	0.379155	
	0.438753	
	0.406116	
	0.390143	
	0.440380	
	0.416728	
	0.441341	
	0.478702	
	0.472223	
	0.457617	
	0.481685	
	0.449230	
	0.452457	
	0.531006	
	0.530626	
	0.568553	
	0.540620	
	0.489092	
	0.553482	
	0.604015	
	0.618154	
	0.546139	
	0.563402	
	0.540849	
	0.563449	
	0.594726	
	0.544452	
	0.479248	
	0.521100	
	0.534626	
	0.542012	
	0.536295	
	0.454187	
	0.464718	
	0.412808	
	0.373048	
	0.357185	
	0.391546	
	0.417186	
	0.369874	
	0.346296	
	0.362614	
	0.473842	
	0.428811	
	0.402531	
	0.430709	
	0.469915	
	0.459958	
	0.503301	
	0.483374	
	0.485033	
	0.390483	
	0.350851	
	0.365362	
	0.376101	
	0.389238	
	0.373907	
	0.330622	
	0.314246	
	0.341368	
	0.356583	
	0.399314	
	0.392277	
	0.437608	
	0.419150	
	0.412317	
	0.369508	
	0.375510	
	0.345105	
	0.313594	
	0.392081	
	0.396523	
	0.432858	
	0.524475	
	0.461706	
	0.435821	
	0.454954	
	0.409178	
	0.443022	
	0.466158	
	0.463780	
	0.456005	
	0.440745	
	0.470748	
	0.443705	
	0.433389	
	0.463062	
	0.445752	
	0.417519	
	0.485763	
	0.445925	
	0.402361	
	0.360731	
	0.360248	
	0.350981	
	0.421285	
	0.472105	
	0.531646	
	0.580637	
	0.589072	
	0.489261	
	0.484174	
	0.489358	
	0.485738	
	0.526556	
	0.538187	
	0.534208	
	0.530292	
	0.521770	
	0.570011	
	0.407021	
	0.338992	
	0.306202	
	0.321546	
	0.318405	
	0.349011	
	0.336805	
	0.333532	
	0.379910	
	0.368729	
	0.373414	
	0.375097	
	0.411702	
	0.432295	
	0.460640	
	0.402467	
	0.317365	
	0.314821	
	0.360220	
	0.413347	
	0.454011	
	0.412121	
	0.412255	
	0.458820	
	0.458195	
	0.423779	
	0.333439	
	0.294120	
	0.288698	
	0.281104	
	0.307343	
	0.242778	
	0.310351	
	0.390032	
	0.426499	
	0.388824	
	0.414486	
	0.433505	
	0.399399	
	0.353057	
	0.343526	
	0.302979	
	0.360297	
	0.300628	
	0.325991	
	0.317016	
	0.337999	
	0.227252	
	0.317821	
	0.314255	
	0.382238	
	0.384761	
	0.371107	
	0.308532	
	0.261026	
	0.234770	
	0.225127	
	0.229879	
	0.214490	
	0.177273	
	0.180086	
	0.187071	
	0.171319	
	0.210155	
	0.276510	
	0.293822	
	0.372743	
	0.387683	
	0.371650	
	0.380799	
	0.413808	
	0.365601	
	0.339026	
	0.350490	
	0.354294	
	0.376383	
	0.421109	
	0.437203	
	0.361961	
	0.297296	
	0.242809	
	0.220661	
	0.215018	
	0.216027	
	0.229102	
	0.234175	
	0.244704	
	0.231807	
	0.248457	
	0.384226	
	0.385581	
	0.431367	
	0.385671	
	0.382214	
	0.377177	
	0.309293	
	0.270566	
	0.261072	
	0.259964	
	0.283206	
	0.278919	
	0.303263	
	0.392751	
	0.344231	
	0.343974	
	0.382463	
	0.407254	
	0.383041	
	0.410532	
	0.453552	
	0.448248	
	0.459573	
	0.445154	
	0.465722	
	0.464779	
	0.425528	
	0.402717	
	0.422387	
	0.366353	
	0.321643	
	0.303757	
	0.336370	
	0.363051	
	0.326663	
	0.296066	
	0.286763	
	0.336377	
	0.336212	
	0.303894	
	0.288865	
	0.285084	
	0.296412	
	0.284505	
	0.287277	
	0.256769	
	0.262616	
	0.285214	
	0.234580	
	0.223399	
	0.248453	
	0.269601	
	0.321297	
	0.349352	
	0.334139	
	0.289723	
	0.257910	
	0.260217	
	0.267766	
	0.274644	
	0.287381	
	0.272654	
	0.208642	
	0.291552	
	0.341145	
	0.359225	
	0.383455	
	0.394207	
	0.332607	
	0.364184	
	0.364629	
	0.308010	
	0.286691	
	0.307066	
	0.324306	
	0.318469	
	0.311081	
	0.347569	
	0.366946	
	0.389160	
	0.408826	
	0.368793	
	0.382431	
	0.385486	
	0.371556	
	0.400047	
	0.398848	
	0.382145	
	0.355798	
	0.333183	
	0.356655	
	0.352560	
	0.386682	
	0.427797	
	0.477193	
	0.415404	
	0.359225	
	0.406919	
	0.464269	
	0.497102	
	0.490054	
	0.474094	
	0.468561	
	0.519235	
	0.586552	
	0.541922	
	0.503889	
	0.535919	
	0.548609	
	0.538435	
	0.569759	
	0.551980	
	0.530907	
	0.600408	
	0.634749	
	0.509112	
	0.503109	
	0.502353	
	0.528868	
	0.513083	
	0.541627	
	0.561022	
	0.591221	
	0.538475	
	0.587590	
	0.609584	
	0.604524	
	0.648732	
	0.605406	
	0.591708	
	0.580995	
	0.541739	
	0.519535	
	0.535245	
	0.609651	
	0.550809	
	0.630652	
	0.610996	
	0.632161	
	0.632764	
	0.565614	
	0.504446	
	0.522804	
	0.485893	
	0.450566	
	0.450253	
	0.439078	
	0.509573	
	0.538522	
	0.476670	
	0.465114	
	0.413081	
	0.485183	
	0.544789	
	0.539387	
	0.525099	
	0.461481	
	0.426784	
	0.392796	
	0.389109	
	0.439257	
	0.366357	
	0.351514	
	0.408518	
	0.372262	
	0.343951	
	0.438750	
	0.458350	
	0.485032	
	0.459731	
	0.486976	
	0.434297	
	0.456183	
	0.393071	
	0.428557	
	0.445506	
	0.432850	
	0.449656	
	0.437749	
	0.406058	
	0.454987	
	0.460715	
	0.443455	
	0.392831	
	0.418128	
	0.447932	
	0.434961	
	0.500085	
	0.562770	
	0.533642	
	0.504419	
	0.540565	
	0.437430	
	0.392690	
	0.439452	
	0.410828	
	0.328133	
	0.314964	
	0.253389	
	0.274546	
	0.230924	
	0.226122	
	0.223214	
	0.202408	
	0.211710	
	0.242529	
	0.362588	
	0.459627	
	0.459852	
	0.387034	
	0.337869	
	0.369810	
	0.358631	
	0.292888	
	0.342652	
	0.297613	
	0.271937	
	0.278917	
	0.347242	
	0.427004	
	0.426416	
	0.378958	
	0.354468	
	0.334891	
	0.372430	
	0.420098	
	0.419658	
	0.429150	
	0.452124	
	0.475262	
	0.503748	
	0.553440	
	0.528086	
	0.514884	
	0.488106	
	0.454096	
	0.489231	
	0.480768	
	0.479712	
	0.530363	
	0.555434	
	0.478273	
	0.479397	
	0.474633	
	0.420510	
	0.368513	
	0.432785	
	0.449381	
	0.346006	
	0.342283	
	0.316291	
	0.328256	
	0.379200	
	0.390309	
	0.408104	
	0.386852	
	0.418204	
	0.437449	
	0.446375	
	0.468787	
	0.448183	
	0.390294	
	0.428390	
	0.462870	
	0.456794	
	0.474686	
	0.439556	
	0.389709	
	0.424570	
	0.445345	
	0.478910	
	0.349881	
	0.301185	
	0.329011	
	0.329610	
	0.363521	
	0.320763	
	0.303698	
	0.390616	
	0.432895	
	0.430266	
	0.436913	
	0.421868	
	0.384257	
	0.379009	
	0.400310	
	0.376762	
	0.333088	
	0.374933	
	0.417516	
	0.406382	
	0.371314	
	0.389496	
	0.400653	
	0.423862	
	0.454982	
	0.432094	
	0.454827	
	0.419061	
	0.477170	
	0.507036	
	0.494408	
	0.419470	
	0.439927	
	0.349269	
	0.393240	
	0.427636	
	0.466496	
	0.527223	
	0.501972	
	0.527242	
	0.431261	
	0.387955	
	0.384167	
	0.363075	
	0.380407	
	0.414387	
	0.356259	
	0.397368	
	0.414894	
	0.432159	
	0.370729	
	0.376922	
	0.395442	
	0.404545	
	0.343375	
	0.376489	
	0.331630	
	0.323567	
	0.351375	
	0.385629	
	0.363522	
	0.355781	
	0.367341	
	0.354809	
	0.384032	
	0.367267	
	0.402157	
	0.368576	
	0.301916	
	0.330899	
	0.368382	
	0.379408	
	0.367218	
	0.380453	
	0.356133	
	0.363059	
	0.417980	
	0.414915	
	0.336261	
	0.403936	
	0.433048	
	0.451677	
	0.399210	
	0.327479	
	0.342123	
	0.320298	
	0.316920	
	0.297244	
	0.355085	
	0.353070	
	0.387140	
	0.320872	
	0.334366	
	0.305731	
	0.329766	
	0.300999	
	0.291320	
	0.280144	
	0.324924	
	0.282310	
	0.276760	
	0.299602	
	0.238990	
	0.219402	
	0.248687	
	0.286025	
	0.254765	
	0.210432	
	0.253444	
	0.199119	
	0.223232	
	0.232672	
	0.227143	
	0.229412	
	0.214551	
	0.218717	
	0.214148	
	0.241844	
	0.202078	
	0.237677	
	0.214549	
	0.233664	
	0.228975	
	0.226579	
	0.258000	
	0.217109	
	0.246844	
	0.214274	
	0.204778	
	0.221767	
	0.185153	
	0.177593	
	0.184281	
	0.205104	
	0.215994	
	0.191438	
	0.174973	
	0.148722	
	0.166483	
	0.161383	
	0.137199	
	0.136296	
	0.119881	
	0.103220	
	0.112081	
	0.106691	
	0.110892	
	0.108608	
	0.101319	
	0.119391	
	0.108312	
	0.104756	
	0.098303	
	0.101294	
	0.102702	
	0.101726	
	0.129848	
	0.127150	
	0.121329	
	0.123806	
	0.115937	
	0.126466	
	0.106355	
	0.189388	
	0.169092	
	0.144311	
	0.167220	
	0.123161	
	0.114126	
	0.121261	
	0.111136	
	0.114808	
	0.103209	
	0.125954	
	0.115421	
	0.102095	
	0.115433	
	0.108139	
	0.089171	
	0.098434	
	0.099458	
	0.110708	
	0.127257	
	0.148216	
	0.099843	
	0.087836	
	0.109908	
	0.124140	
	0.137084	
	0.137295	
	0.119227	
	0.110671	
	0.104566	
	0.111404	
	0.135131	
	0.138738	
	0.129684	
	0.165370	
	0.177537	
	0.165050	
	0.175106	
	0.166271	
	0.167001	
	0.159756	
	0.145412	
	0.163424	
	0.186521	
	0.224991	
	0.217269	
	0.196842	
	0.177462	
	0.180481	
	0.194243	
	0.157432	
	0.180682	
	0.221029	
	0.225225	
	0.155290	
	0.167556	
	0.167835	
	0.209057	
	0.190851	
	0.173385	
	0.181531	
	0.188614	
	0.215284	
	0.230107	
	0.192382	
	0.183873	
	0.171073	
	0.170735	
	0.178625	
	0.200009	
	0.151537	
	0.154526	
	0.152239	
	0.155023	
	0.158945	
	0.165215	
	0.187183	
	0.157866	
	0.193085	
	0.184917	
	0.193424	
	0.192826	
	0.202089	
	0.207589	
	0.203964	
	0.211337	
	0.221515	
	0.212942	
	0.201986	
	0.216581	
	0.249884	
	0.221794	
	0.226546	
	0.220690	
	0.214869	
	0.254011	
	0.255425	
	0.222933	
	0.231364	
	0.215004	
	0.224599	
	0.232640	
	0.218725	
	0.205001	
	0.193456	
	0.221383	
	0.240336	
	0.235368	
	0.237979	
	0.213217	
	0.187076	
	0.268886	
	0.287540	
	0.249568	
	0.218457	
	0.180391	
	0.204517	
	0.222336	
	0.160329	
	0.130933	
	0.129039	
	0.109973	
	0.130125	
	0.130412	
	0.133774	
	0.134480	
	0.202965	
	0.273806	
	0.254293	
	0.211273	
	0.202569	
	0.211266	
	0.181169	
	0.156805	
	0.154973	
	0.160006	
	0.122402	
	0.136026	
	0.115376	
	0.136457	
	0.135747	
	0.153300	
	0.185567	
	0.189663	
	0.205480	
	0.213429	
	0.216962	
	0.206273	
	0.256727	
	0.267338	
	0.261548	
	0.221796	
	0.230772	
	0.274968	
	0.301948	
	0.244920	
	0.270068	
	0.261827	
	0.264565	
	0.260860	
	0.280004	
	0.294518	
	0.287625	
	0.300601	
	0.248500	
	0.274001	
	0.248302	
	0.259333	
	0.274959	
	0.272464	
	0.290344	
	0.284327	
	0.297975	
	0.245156	
	0.222380	
	0.221150	
	0.206800	
	0.245325	
	0.323086	
	0.348920	
	0.358492	
	0.340584	
	0.355705	
	0.298936	
	0.278484	
	0.306273	
	0.316942	
	0.291189	
	0.327745	
	0.266524	
	0.287783	
	0.218896	
	0.224389	
	0.241068	
	0.259317	
	0.253189	
	0.255195	
	0.284397	
	0.308627	
	0.291135	
	0.261049	
	0.258904	
	0.251943	
	0.200676	
	0.225244	
	0.232299	
	0.278756	
	0.251269	
	0.268950	
	0.276749	
	0.300079	
	0.309357	
	0.264328	
	0.253357	
	0.278976	
	0.280051	
	0.221469	
	0.261276	
	0.267629	
	0.265135	
	0.271696	
	0.239731	
	0.271603	
	0.210913	
	0.201209	
	0.209080	
	0.194465	
	0.209522	
	0.243033	
	0.240075	
	0.277875	
	0.237037	
	0.252307	
	0.246375	
	0.241281	
	0.220399	
	0.241813	
	0.201371	
	0.207528	
	0.231858	
	0.197568	
	0.174059	
	0.191178	
	0.183235	
	0.198870	
	0.205907	
	0.252858	
	0.264394	
	0.263244	
	0.286490	
	0.245264	
	0.257849	
	0.289091	
	0.289292	
	0.282360	
	0.293179	
	0.276174	
	0.277939	
	0.293314	
	0.318587	
	0.286838	
	0.269158	
	0.276843	
	0.278149	
	0.330783	
	0.374938	
	0.344618	
	0.347767	
	0.362747	
	0.365138	
	0.344055	
	0.276957	
	0.265615	
	0.251845	
	0.294663	
	0.311671	
	0.328917	
	0.322449	
	0.316417	
	0.322279	
	0.318287	
	0.308714	
	0.292180	
	0.316078	
	0.358022	
	0.309111	
	0.290414	
	0.263475	
	0.242078	
	0.229641	
	0.186329	
	0.201024	
	0.240162	
	0.240987	
	0.238593	
	0.266930	
	0.234988	
	0.256970	
	0.293646	
	0.274113	
	0.292979	
	0.303245	
	0.301655	
	0.280516	
	0.292070	
	0.369378	
	0.353286	
	0.396110	
	0.305856	
	0.292265	
	0.311560	
	0.275549	
	0.236904	
	0.234983	
	0.268911	
	0.230554	
	0.279534	
	0.285039	
	0.285954	
	0.255441	
	0.235240	
	0.227455	
	0.236010	
	0.227195	
	0.219611	
	0.233147	
	0.255547	
	0.228563	
	0.241345	
	0.234281	
	0.233327	
	0.221948	
	0.181687	
	0.173481	
	0.181608	
	0.163458	
	0.199964	
	0.223164	
	0.188248	
	0.148423	
	0.140015	
	0.141880	
	0.150254	
	0.150833	
	0.172856	
	0.176487	
	0.141994	
	0.167026	
	0.170532	
	0.172774	
	0.205483	
	0.225314	
	0.218553	
	0.245087	
	0.274079	
	0.240670	
	0.208879	
	0.234751	
	0.258897	
	0.225256	
	0.251431	
	0.264945	
	0.233192	
	0.234257	
	0.232154	
	0.213643	
	0.233474	
	0.253082	
	0.233232	
	0.261317	
	0.261735	
	0.278748	
	0.319162	
	0.314836	
	0.284546	
	0.250705	
	0.218284	
	0.206892	
	0.202025	
	0.228659	
	0.222503	
	0.223376	
	0.226070	
	0.251431	
	0.287987	
	0.296736	
	0.277061	
	0.272666	
	0.259616	
	0.247600	
	0.246450	
	0.239034	
	0.291471	
	0.251211	
	0.215669	
	0.244498	
	0.297857	
	0.248714	
	0.251298	
	0.248114	
	0.267363	
	0.276327	
	0.286205	
	0.285597	
	0.231343	
	0.216818	
	0.209025	
	0.240757	
	0.210408	
	0.221650	
	0.231372	
	0.233788	
	0.228110	
	0.230629	
	0.266840	
	0.243409	
	0.270749	
	0.242944	
	0.201658	
	0.209089	
	0.195931	
	0.209930	
	0.234327	
	0.231166	
	0.236888	
	0.231311	
	0.275001	
	0.263240	
	0.250274	
	0.223633	
	0.217411	
	0.212695	
	0.190750	
	0.193363	
	0.183796	
	0.219425	
	0.217927	
	0.240277	
	0.238556	
	0.212463	
	0.209086	
	0.223579	
	0.215699	
	0.192300	
	0.150757	
	0.157129	
	0.163628	
	0.161756	
	0.171437	
	0.183325	
	0.186865	
	0.197934	
	0.169691	
	0.191768	
	0.196064	
	0.213977	
	0.200444	
	0.198818	
	0.222454	
	0.199561	
	0.213927	
	0.222146	
	0.249326	
	0.217492	
	0.229326	
	0.214545	
	0.234821	
	0.222778	
	0.201928	
	0.229527	
	0.210353	
	0.189069	
	0.190177	
	0.198003	
	0.189212	
	0.207303	
	0.202848	
	0.193915	
	0.181708	
	0.167117	
	0.208160	
	0.184014	
	0.174106	
	0.151402	
	0.164883	
	0.177037	
	0.171925	
	0.168967	
	0.141730	
	0.133879	
	0.133164	
	0.137126	
	0.141450	
	0.130963	
	0.118167	
	0.121401	
	0.144665	
	0.163922	
	0.152645	
	0.129522	
	0.132328	
	0.135108	
	0.166282	
	0.181301	
	0.155443	
	0.165647	
	0.164343	
	0.230080	
	0.190618	
	0.216755	
	0.201968	
	0.257078	
	0.353539	
	0.348825	
	0.329878	
	0.259405	
	0.225943	
	0.244883	
	0.258629	
	0.236259	
	0.234948	
	0.204823	
	0.255428	
	0.282424	
	0.306240	
	0.256967	
	0.229825	
	0.226661	
	0.210448	
	0.197429	
	0.168707	
	0.169487	
	0.158536	
	0.161784	
	0.175374	
	0.230371	
	0.279785	
	0.311932	
	0.280729	
	0.225228	
	0.222162	
	0.195628	
	0.212660	
	0.200037	
	0.194983	
	0.179060	
	0.207785	
	0.245601	
	0.183611	
	0.228432	
	0.348471	
	0.427737	
	0.351744	
	0.289110	
	0.280155	
	0.270629	
	0.256871	
	0.261417	
	0.245355	
	0.231463	
	0.197082	
	0.178537	
	0.199032	
	0.191947	
	0.203147	
	0.203511	
	0.357349	
	0.318396	
	0.290662	
	0.249929	
	0.247626	
	0.241788	
	0.268424	
	0.231316	
	0.236093	
	0.227272	
	0.265993	
	0.271927	
	0.274923	
	0.287556	
	0.267128	
	0.268919	
	0.260378	
	0.257291	
	0.274086	
	0.266700	
	0.274244	
	0.261621	
	0.253054	
	0.231626	
	0.228818	
	0.252311	
	0.242552	
	0.278761	
	0.281690	
	0.286696	
	0.286382	
	0.326270	
	0.325272	
	0.274287	
	0.279582	
	0.282958	
	0.322851	
	0.232414	
	0.293931	
	0.336425	
	0.294150	
	0.324321	
	0.300093	
	0.286166	
	0.278531	
	0.307107	
	0.325868	
	0.293931	
	0.291908	
	0.272213	
	0.267138	
	0.296512	
	0.300375	
	0.361069	
	0.339286	
	0.262801	
	0.280263	
	0.307805	
	0.259957	
	0.275667	
	0.259197	
	0.288222	
	0.240314	
	0.280759	
	0.240652	
	0.256021	
	0.253577	
	0.292624	
	0.373560	
	0.315337	
	0.310881	
	0.261973	
	0.252784	
	0.247211	
	0.253433	
	0.229636	
	0.225003	
	0.209424	
	0.203889	
	0.211252	
	0.196223	
	0.219740	
	0.215616	
	0.191758	
	0.195643	
	0.212792	
	0.183480	
	0.171023	
	0.192901	
	0.192011	
	0.193297	
	0.176310	
	0.162899	
	0.159409	
	0.166216	
	0.157588	
	0.171340	
	0.206128	
	0.181295	
	0.218277	
	0.197376	
	0.206431	
	0.210070	
	0.196715	
	0.176221	
	0.167493	
	0.183780	
	0.180132	
	0.195239	
	0.287838	
	0.252219	
	0.234927	
	0.230819	
	0.213846	
	0.234076	
	0.234631	
	0.247298	
	0.305885	
	0.296003	
	0.313503	
	0.320534	
	0.322166	
	0.362031	
	0.314822	
	0.368499	
	0.432871	
	0.441235	
	0.378097	
	0.342402	
	0.335961	
	0.358359	
	0.365741	
	0.340629	
	0.307767	
	0.313813	
	0.333358	
	0.363660	
	0.296971	
	0.289061	
	0.277035	
	0.289859	
	0.303475	
	0.293173	
	0.290690	
	0.309147	
	0.318067	
	0.327892	
	0.299956	
	0.285541	
	0.291388	
	0.302294	
	0.288879	
	0.305142	
	0.309478	
	0.307862	
	0.358898	
	0.330861	
	0.363463	
	0.344696	
	0.331355	
	0.368420	
	0.327011	
	0.330138	
	0.309773	
	0.263694	
	0.311709	
	0.287454	
	0.277484	
	0.301629	
	0.313588	
	0.300740	
	0.281518	
	0.270481	
	0.251605	
	0.291581	
	0.268979	
	0.263550	
	0.280278	
	0.272695	
	0.263810	
	0.262427	
	0.247366	
	0.236614	
	0.253553	
	0.266219	
	0.251518	
	0.244414	
	0.224398	
	0.227408	
	0.228141	
	0.207759	
	0.215250	
	0.190200	
	0.173251	
	0.164685	
	0.157078	
	0.145760	
	0.150027	
	0.152269	
	0.155273	
	0.132945	
	0.113193	
	0.159043	
	0.126130	
	0.135046	
	0.122984	
	0.147131	
	0.179700	
	0.137819	
	0.146686	
	0.133046	
	0.156264	
	0.126280	
	0.134303	
	0.126784	
	0.150789	
	0.116764	
	0.132741	
	0.136634	
	0.126190	
	0.150739	
	0.171362	
	0.215793	
	0.222156	
	0.250961	
	0.199447	
	0.211976	
	0.234945	
	0.258998	
	0.280809	
	0.299517	
	0.252601	
	0.271609	
	0.272123	
	0.308188	
	0.341347	
	0.338149	
	0.309035	
	0.297111	
	0.332348	
	0.367785	
	0.359528	
	0.343827	
	0.357260	
	0.309603	
	0.320658	
	0.320290	
	0.263409	
	0.262148	
	0.280833	
	0.295217	
	0.294827	
	0.293385	
	0.284709	
	0.291868	
	0.287634	
	0.254333	
	0.246758	
	0.234655	
	0.254985	
	0.242970	
	0.229998	
	0.239828	
	0.233624	
	0.228971	
	0.248488	
	0.214630	
	0.238653	
	0.272284	
	0.259209	
	0.271731	
	0.254685	
	0.192849	
	0.241452	
	0.267978	
	0.278360	
	0.278157	
	0.238225	
	0.245442	
	0.214974	
	0.217264	
	0.228267	
	0.260403	
	0.220352	
	0.195724	
	0.223612	
	0.195217	
	0.202805	
	0.202959	
	0.243456	
	0.226017	
	0.214925	
	0.190357	
	0.194038	
	0.198264	
	0.197572	
	0.181279	
	0.178661	
	0.194312	
	0.174005	
	0.190869	
	0.181411	
	0.179006	
	0.164976	
	0.162368	
	0.157486	
	0.152435	
	0.154339	
	0.158528	
	0.163339	
	0.155036	
	0.138307	
	0.148098	
	0.172301	
	0.139850	
	0.178421	
	0.190370	
	0.141943	
	0.119063	
	0.093615	
	0.120355	
	0.137575	
	0.138873	
	0.162501	
	0.117987	
	0.135567	
	0.133588	
	0.124421	
	0.147603	
	0.148201	
	0.141735	
	0.142989	
	0.146949	
	0.187872	
	0.196753	
	0.210379	
	0.241257	
	0.249734	
	0.290465	
	0.348444	
	0.337416	
	0.322078	
	0.338202	
	0.358871	
	0.373252	
	0.358339	
	0.342913	
	0.315263	
	0.336446	
	0.338121	
	0.293782	
	0.286565	
	0.304686	
	0.307935	
	0.306524	
	0.307277	
	0.266729	
	0.268819	
	0.260592	
	0.239647	
	0.261800	
	0.300060	
	0.290570	
	0.284022	
	0.317214	
	0.331410	
	0.301859	
	0.306730	
	0.287312	
	0.312892	
	0.296789	
	0.288109	
	0.358580	
	0.351191	
	0.399233	
	0.372000	
	0.388726	
	0.348675	
	0.371384	
	0.408288	
	0.330437	
	0.321238	
	0.316531	
	0.325710	
	0.310475	
	0.295312	
	0.328849	
	0.256732	
	0.285931	
	0.299477	
	0.301205	
	0.292904	
	0.336607	
	0.324709	
	0.338802	
	0.320747	
	0.319753	
	0.306876	
	0.294464	
	0.331699	
	0.326524	
	0.286453	
	0.320201	
	0.325500	
	0.355408	
	0.342677	
	0.351104	
	0.320252	
	0.382161	
	0.369601	
	0.368837	
	0.382410	
	0.398793	
	0.353725	
	0.377395	
	0.396592	
	0.435552	
	0.442809	
	0.465197	
	0.412304	
	0.408245	
	0.375776	
	0.377020	
	0.316896	
	0.402777	
	0.373069	
	0.343414	
	0.321316	
	0.323047	
	0.318687	
	0.309359	
	0.271550	
	0.216893	
	0.214322	
	0.190731	
	0.205580	
	0.199532	
	0.204341	
	0.245971	
	0.221458	
	0.252577	
	0.252207	
	0.260509	
	0.268970	
	0.294991	
	0.283685	
	0.290194	
	0.350072	
	0.347542	
	0.335304	
	0.344470	
	0.320768	
	0.346405	
	0.327823	
	0.279559	
	0.268981	
	0.264427	
	0.235949	
	0.237600	
	0.227819	
	0.212079	
	0.247018	
	0.232824	
	0.241177	
	0.263686	
	0.227968	
	0.234677	
	0.226520	
	0.258716	
	0.245939	
	0.246467	
	0.220972	
	0.210389	
	0.225893	
	0.230031	
	0.243686	
	0.271688	
	0.288043	
	0.312977	
	0.279645	
	0.331045	
	0.341324	
	0.364840	
	0.375766	
	0.357846	
	0.310847	
	0.279721	
	0.260833	
	0.232145	
	0.224357	
	0.217038	
	0.208794	
	0.189675	
	0.173894	
	0.172282	
	0.170019	
	0.171445	
	0.151436	
	0.156298	
	0.170798	
	0.193710	
	0.212937	
	0.227292	
	0.271642	
	0.281816	
	0.251404	
	0.237539	
	0.296283	
	0.262953	
	0.228044	
	0.231478	
	0.250135	
	0.250131	
	0.233659	
	0.267805	
	0.260253	
	0.255495	
	0.285161	
	0.318856	
	0.321724	
	0.346175	
	0.326893	
	0.322052	
	0.291118	
	0.259278	
	0.228086	
	0.232887	
	0.261943	
	0.309886	
	0.266324	
	0.264739	
	0.255820	
	0.266078	
	0.285497	
	0.288282	
	0.333635	
	0.342203	
	0.342078	
	0.344018	
	0.345805	
	0.339667	
	0.321302	
	0.330940	
	0.310968	
	0.265519	
	0.304220	
	0.323037	
	0.298976	
	0.301993	
	0.326602	
	0.326066	
	0.330127	
	0.284154	
	0.278553	
	0.301994	
	0.303236	
	0.302965	
	0.291766	
	0.304180	
	0.311868	
	0.282572	
	0.266055	
	0.252726	
	0.244284	
	0.252227	
	0.237348	
	0.203922	
	0.222629	
	0.223340	
	0.209445	
	0.194105	
	0.228006	
	0.234374	
	0.207132	
	0.201114	
	0.210949	
	0.212631	
	0.210822	
	0.211369	
	0.188832	
	0.180924	
	0.200435	
	0.231166	
	0.236894	
	0.236552	
	0.187802	
	0.206507	
	0.188965	
	0.162391	
	0.176027	
	0.168232	
	0.145222	
	0.170770	
	0.155446	
	0.178640	
	0.151127	
	0.145890	
	0.139631	
	0.140637	
	0.188105	
	0.158120	
	0.161397	
	0.138664	
	0.137453	
	0.124395	
	0.148906	
	0.145953	
	0.149523	
	0.336534	
	0.292933	
	0.327820	
	0.344259	
	0.292353	
	0.256510	
	0.237727	
	0.300378	
	0.262028	
	0.228367	
	0.213583	
	0.265791	
	0.396675	
	0.359280	
	0.362093	
	0.453834	
	0.445857	
	0.339129	
	0.311850	
	0.255494	
	0.294954	
	0.312031	
	0.284263	
	0.315865	
	0.348647	
	0.305710	
	0.361658	
	0.414319	
	0.392949	
	0.338463	
	0.287993	
	0.220288	
	0.192012	
	0.176975	
	0.154341	
	0.173138	
	0.156677	
	0.157116	
	0.152259	
	0.162086	
	0.201832	
	0.358292	
	0.391896	
	0.417178	
	0.439401	
	0.420524	
	0.448907	
	0.452131	
	0.440830	
	0.424695	
	0.474305	
	0.502415	
	0.540352	
	0.568820	
	0.525885	
	0.477194	
	0.508982	
	0.468306	
	0.433567	
	0.406813	
	0.409231	
	0.405797	
	0.455630	
	0.436475	
	0.429096	
	0.447445	
	0.367269	
	0.470756	
	0.468860	
	0.409950	
	0.394893	
	0.421023	
	0.356818	
	0.307058	
	0.299663	
	0.275714	
	0.286628	
	0.266624	
	0.271888	
	0.344919	
	0.465136	
	0.424293	
	0.377051	
	0.366477	
	0.404759	
	0.426182	
	0.380314	
	0.375589	
	0.352710	
	0.382874	
	0.375404	
	0.344568	
	0.408896	
	0.436416	
	0.417898	
	0.379012	
	0.367814	
	0.358257	
	0.324232	
	0.347357	
	0.350407	
	0.328296	
	0.344711	
	0.323013	
	0.335193	
	0.375450	
	0.396142	
	0.372773	
	0.334494	
	0.364041	
	0.349476	
	0.290295	
	0.282122	
	0.281936	
	0.293863	
	0.240659	
	0.240010	
	0.247681	
	0.443940	
	0.480422	
	0.359465	
	0.311677	
	0.270886	
	0.288552	
	0.222329	
	0.234568	
	0.210479	
	0.229510	
	0.235661	
	0.241756	
	0.275051	
	0.418406	
	0.482794	
	0.390576	
	0.301264	
	0.248516	
	0.241819	
	0.212370	
	0.185582	
	0.180146	
	0.172866	
	0.181960	
	0.188071	
	0.256899	
	0.429205	
	0.542445	
	0.450969	
	0.421412	
	0.460455	
	0.466611	
	0.433157	
	0.415527	
	0.437888	
	0.407151	
	0.426655	
	0.416799	
	0.477197	
	0.518594	
	0.498015	
	0.441787	
	0.419731	
	0.380544	
	0.370339	
	0.344224	
	0.415667	
	0.435992	
	0.415835	
	0.408056	
	0.390815	
	0.395000	
	0.426949	
	0.461237	
	0.433704	
	0.334596	
	0.381422	
	0.388653	
	0.368815	
	0.454767	
	0.447870	
	0.375065	
	0.396980	
	0.399375	
	0.448226	
	0.499155	
	0.477518	
	0.515531	
	0.428178	
	0.428739	
	0.436131	
	0.377825	
	0.389509	
	0.391768	
	0.382449	
	0.389617	
	0.389487	
	0.449601	
	0.510443	
	0.508570	
	0.468784	
	0.399778	
	0.351772	
	0.416630	
	0.436804	
	0.441582	
	0.447289	
	0.422975	
	0.325422	
	0.384607	
	0.476515	
	0.532381	
	0.461435	
	0.375204	
	0.383066	
	0.374853	
	0.370921	
	0.381748	
	0.410979	
	0.438045	
	0.464483	
	0.427383	
	0.395922	
	0.451002	
	0.461175	
	0.374713	
	0.370848	
	0.365071	
	0.406427	
	0.415643	
	0.389252	
	0.391763	
	0.325376	
	0.310756	
	0.380814	
	0.453946	
	0.499914	
	0.446777	
	0.402206	
	0.342359	
	0.347844	
	0.320312	
	0.304315	
	0.315057	
	0.333146	
	0.319270	
	0.278369	
	0.296075	
	0.390324	
	0.404813	
	0.418548	
	0.429957	
	0.367978	
	0.351871	
	0.389429	
	0.427352	
	0.404983	
	0.392181	
	0.378339	
	0.431960	
	0.467291	
	0.457009	
	0.439925	
	0.369511	
	0.375400	
	0.349866	
	0.362053	
	0.320420	
	0.367783	
	0.353637	
	0.321506	
	0.354679	
	0.379192	
	0.335843	
	0.415313	
	0.486285	
	0.454539	
	0.427321	
	0.418417	
	0.386616	
	0.363379	
	0.392280	
	0.418665	
	0.403491	
	0.352639	
	0.361372	
	0.441764	
	0.442434	
	0.479170	
	0.447242	
	0.481404	
	0.486720	
	0.461364	
	0.461308	
	0.478633	
	0.507858	
	0.459630	
	0.495341	
	0.490014	
	0.482222	
	0.458959	
	0.413432	
	0.395960	
	0.391265	
	0.403146	
	0.443063	
	0.430966	
	0.451852	
	0.429227	
	0.469759	
	0.474201	
	0.431405	
	0.495624	
	0.507392	
	0.532200	
	0.532558	
	0.543351	
	0.497112	
	0.461566	
	0.400978	
	0.355984	
	0.344957	
	0.319815	
	0.358914	
	0.365457	
	0.397495	
	0.420470	
	0.400025	
	0.403875	
	0.403418	
	0.327327	
	0.314489	
	0.279548	
	0.262812	
	0.227063	
	0.263150	
	0.289635	
	0.320202	
	0.420049	
	0.438489	
	0.396849	
	0.415690	
	0.468068	
	0.460329	
	0.416444	
	0.357641	
	0.353349	
	0.370770	
	0.338947	
	0.377890	
	0.336045	
	0.415995	
	0.510083	
	0.502436	
	0.450383	
	0.400145	
	0.430246	
	0.453217	
	0.485595	
	0.514900	
	0.495621	
	0.438918	
	0.421023	
	0.476857	
	0.567430	
	0.509826	
	0.509315	
	0.483613	
	0.482692	
	0.473381	
	0.512287	
	0.524390	
	0.535974	
	0.558411	
	0.516948	
	0.528173	
	0.508749	
	0.532012	
	0.523957	
	0.500922	
	0.413638	
	0.397363	
	0.430608	
	0.477583	
	0.416440	
	0.447384	
	0.426822	
	0.417553	
	0.435023	
	0.431095	
	0.506660	
	0.445570	
	0.402715	
	0.410621	
	0.394766	
	0.435388	
	0.540898	
	0.551381	
	0.512643	
	0.503170	
	0.522556	
	0.517418	
	0.484217	
	0.537120	
	0.500982	
	0.459568	
	0.455069	
	0.411307	
	0.392720	
	0.369594	
	0.414862	
	0.428908	
	0.462720	
	0.461880	
	0.386496	
	0.357360	
	0.351344	
	0.395956	
	0.425885	
	0.408614	
	0.376148	
	0.356601	
	0.372827	
	0.383367	
	0.437095	
	0.398905	
	0.440968	
	0.409003	
	0.414977	
	0.420749	
	0.452776	
	0.480296	
	0.454672	
	0.452011	
	0.467885	
	0.507260	
	0.476823	
	0.461609	
	0.399946	
	0.369048	
	0.401128	
	0.382283	
	0.412938	
	0.477615	
	0.441977	
	0.372597	
	0.390339	
	0.341782	
	0.361847	
	0.373109	
	0.340571	
	0.365250	
	0.378485	
	0.397126	
	0.362556	
	0.353483	
	0.350433	
	0.361972	
	0.346883	
	0.337178	
	0.292109	
	0.282441	
	0.296505	
	0.303486	
	0.281505	
	0.277663	
	0.302327	
	0.326708	
	0.340102	
	0.332125	
	0.371999	
	0.343790	
	0.306370	
	0.252234	
	0.284089	
	0.303898	
	0.347622	
	0.380363	
	0.391442	
	0.366607	
	0.393328	
	0.408477	
	0.401003	
	0.408720	
	0.361934	
	0.367585	
	0.357006	
	0.356055	
	0.358236	
	0.339093	
	0.353768	
	0.340712	
	0.282134	
	0.304475	
	0.285226	
	0.299833	
	0.330344	
	0.293541	
	0.312798	
	0.256223	
	0.264322	
	0.305968	
	0.323526	
	0.284863	
	0.234234	
	0.285463	
	0.264745	
	0.283887	
	0.282780	
	0.274469	
	0.268990	
	0.248808	
	0.263414	
	0.281808	
	0.287368	
	0.261184	
	0.254881	
	0.271346	
	0.271158	
	0.267917	
	0.337662	
	0.363063	
	0.386093	
	0.277447	
	0.314575	
	0.265179	
	0.254099	
	0.292206	
	0.324064	
	0.302979	
	0.289296	
	0.303080	
	0.295550	
	0.243094	
	0.256568	
	0.295516	
	0.264969	
	0.294439	
	0.280677	
	0.250300	
	0.233881	
	0.237757	
	0.273079	
	0.267925	
	0.290170	
	0.320806	
	0.294295	
	0.297134	
	0.349275	
	0.382052	
	0.325675	
	0.287333	
	0.297634	
	0.312312	
	0.277506	
	0.292487	
	0.301966	
	0.280247	
	0.328769	
	0.338706	
	0.285438	
	0.250787	
	0.272222	
	0.253800	
	0.252065	
	0.263213	
	0.250211	
	0.230960	
	0.273796	
	0.261361	
	0.282748	
	0.309306	
	0.350957	
	0.354317	
	0.355708	
	0.359973	
	0.308746	
	0.335457	
	0.396521	
	0.361934	
	0.358583	
	0.416929	
	0.415206	
	0.377942	
	0.350587	
	0.374963	
	0.357461	
	0.353782	
	0.365257	
	0.365259	
	0.331684	
	0.308475	
	0.282057	
	0.292841	
	0.288917	
	0.318100	
	0.339817	
	0.363189	
	0.351869	
	0.388841	
	0.353212	
	0.338138	
	0.296511	
	0.314983	
	0.305962	
	0.270064	
	0.296784	
	0.323853	
	0.375542	
	0.396669	
	0.400867	
	0.399290	
	0.391784	
	0.411569	
	0.404583	
	0.420610	
	0.419920	
	0.388299	
	0.386838	
	0.391626	
	0.446481	
	0.402440	
	0.427175	
	0.422411	
	0.427724	
	0.438924	
	0.378883	
	0.423709	
	0.404584	
	0.354785	
	0.396829	
	0.403181	
	0.403033	
	0.361118	
	0.325403	
	0.336756	
	0.379317	
	0.349593	
	0.350523	
	0.325282	
	0.338743	
	0.356200	
	0.375329	
	0.418543	
	0.365258	
	0.363922	
	0.336375	
	0.338390	
	0.379389	
	0.407025	
	0.370299	
	0.323663	
	0.280417	
	0.306380	
	0.318511	
	0.279584	
	0.282753	
	0.266812	
	0.262594	
	0.252765	
	0.253023	
	0.252586	
	0.219807	
	0.187490	
	0.227726	
	0.198274	
	0.202760	
	0.168670	
	0.170777	
	0.150271	
	0.160491	
	0.178531	
	0.148298	
	0.148514	
	0.169431	
	0.253426	
	0.315207	
	0.297660	
	0.299106	
	0.318671	
	0.405982	
	0.392624	
	0.457020	
	0.482426	
	0.463167	
	0.389264	
	0.429497	
	0.414916	
	0.358584	
	0.437926	
	0.433335	
	0.403279	
	0.449367	
	0.468708	
	0.436684	
	0.468668	
	0.448473	
	0.440914	
	0.456622	
	0.466389	
	0.359307	
	0.407001	
	0.478529	
	0.494885	
	0.479716	
	0.444307	
	0.469826	
	0.407289	
	0.385732	
	0.356199	
	0.368094	
	0.389492	
	0.403492	
	0.367885	
	0.382972	
	0.354461	
	0.353887	
	0.339986	
	0.335785	
	0.375032	
	0.406586	
	0.340158	
	0.348138	
	0.348076	
	0.321803	
	0.351903	
	0.348578	
	0.377814	
	0.356649	
	0.408649	
	0.421088	
	0.390443	
	0.412863	
	0.420434	
	0.383257	
	0.407567	
	0.397468	
	0.398642	
	0.415208	
	0.406498	
	0.411362	
	0.364028	
	0.351475	
	0.394149	
	0.392488	
	0.318685	
	0.327134	
	0.339542	
	0.359939	
	0.323122	
	0.339708	
	0.327613	
	0.388392	
	0.317012	
	0.362772	
	0.390453	
	0.360153	
	0.367989	
	0.312116	
	0.300930	
	0.326114	
	0.361940	
	0.299105	
	0.268458	
	0.210276	
	0.242702	
	0.264121	
	0.274574	
	0.252888	
	0.281689	
	0.284878	
	0.276083	
	0.235072	
	0.239417	
	0.219570	
	0.236311	
	0.254618	
	0.249392	
	0.256367	
	0.248276	
	0.310884	
	0.293488	
	0.313281	
	0.349670	
	0.350274	
	0.349056	
	0.330564	
	0.312763	
	0.271855	
	0.271141	
	0.286048	
	0.283301	
	0.270862	
	0.298158	
	0.293172	
	0.286111	
	0.329466	
	0.325261	
	0.330255	
	0.321420	
	0.324148	
	0.314602	
	0.294917	
	0.286734	
	0.283747	
	0.284173	
	0.277406	
	0.273593	
	0.278833	
	0.266191	
	0.249501	
	0.284146	
	0.286315	
	0.280445	
	0.306203	
	0.288598	
	0.251954	
	0.243108	
	0.248371	
	0.268146	
	0.269184	
	0.299306	
	0.276937	
	0.279167	
	0.280620	
	0.278685	
	0.303680	
	0.277827	
	0.284917	
	0.297930	
	0.259125	
	0.252435	
	0.276907	
	0.293351	
	0.294264	
	0.328773	
	0.303792	
	0.334986	
	0.340611	
	0.343987	
	0.287205	
	0.281283	
	0.306397	
	0.273246	
	0.266557	
	0.252758	
	0.280135	
	0.288273	
	0.315507	
	0.345597	
	0.312146	
	0.328707	
	0.267263	
	0.289934	
	0.321367	
	0.287639	
	0.322206	
	0.298635	
	0.255259	
	0.272322	
	0.307062	
	0.331896	
	0.288487	
	0.325202	
	0.347231	
	0.296558	
	0.273663	
	0.278918	
	0.306437	
	0.296246	
	0.308201	
	0.288085	
	0.288768	
	0.311425	
	0.316099	
	0.295822	
	0.314205	
	0.303188	
	0.266679	
	0.280334	
	0.311494	
	0.280895	
	0.301633	
	0.278089	
	0.267032	
	0.272083	
	0.275063	
	0.263499	
	0.266230	
	0.232473	
	0.272856	
	0.325189	
	0.310501	
	0.265028	
	0.264181	
	0.256248	
	0.260582	
	0.250714	
	0.269061	
	0.242954	
	0.259665	
	0.284673	
	0.236172	
	0.271825	
	0.280332	
	0.270625	
	0.281783	
	0.314191	
	0.277638	
	0.252031	
	0.256037	
	0.229542	
	0.263902	
	0.260687	
	0.259219	
	0.300228	
	0.291923	
	0.266190	
	0.253162	
	0.259490	
	0.255533	
	0.247504	
	0.230194	
	0.218827	
	0.223765	
	0.232245	
	0.233447	
	0.245437	
	0.232582	
	0.230844	
	0.217480	
	0.192720	
	0.206403	
	0.224827	
	0.250713	
	0.206484	
	0.202793	
	0.216666	
	0.200984	
	0.208504	
	0.175914	
	0.198133	
	0.231475	
	0.241443	
	0.257625	
	0.282295	
	0.281742	
	0.256567	
	0.243402	
	0.205225	
	0.211733	
	0.247723	
	0.221026	
	0.275748	
	0.262541	
	0.244652	
	0.286514	
	0.266433	
	0.290403	
	0.241741	
	0.270375	
	0.268255	
	0.267092	
	0.280041	
	0.289635	
	0.404227	
	0.362021	
	0.369305	
	0.345185	
	0.362550	
	0.352888	
	0.366555	
	0.356448	
	0.303382	
	0.342756	
	0.317411	
	0.361228	
	0.332812	
	0.342819	
	0.303804	
	0.411595	
	0.369590	
	0.367848	
	0.436394	
	0.388979	
	0.353794	
	0.353040	
	0.348241	
	0.337043	
	0.319148	
	0.281187	
	0.293424	
	0.300148	
	0.314864	
	0.303194	
	0.324133	
	0.297678	
	0.288275	
	0.337255	
	0.351749	
	0.344980	
	0.349803	
	0.379954	
	0.392969	
	0.349667	
	0.327663	
	0.298657	
	0.275371	
	0.327692	
	0.304793	
	0.315220	
	0.281230	
	0.275807	
	0.286007	
	0.319624	
	0.304871	
	0.279806	
	0.326795	
	0.335053	
	0.337490	
	0.340828	
	0.345656	
	0.346752	
	0.332713	
	0.378592	
	0.384886	
	0.344646	
	0.343498	
	0.357109	
	0.358912	
	0.387236	
	0.393492	
	0.354025	
	0.375387	
	0.381032	
	0.372447	
	0.320563	
	0.334301	
	0.365349	
	0.399559	
	0.413230	
	0.367810	
	0.365427	
	0.421892	
	0.376042	
	0.339629	
	0.365221	
	0.396776	
	0.347657	
	0.387136	
	0.374843	
	0.376680	
	0.413045	
	0.391005	
	0.376330	
	0.353048	
	0.381639	
	0.372755	
	0.351060	
	0.298947	
	0.349850	
	0.334683	
	0.353700	
	0.337228	
	0.329072	
	0.321496	
	0.377774	
	0.313360	
	0.309905	
	0.337341	
	0.337228	
	0.351036	
	0.353017	
	0.349051	
	0.391891	
	0.363709	
	0.390652	
	0.383597	
	0.343831	
	0.325728	
	0.324302	
	0.334384	
	0.381744	
	0.351210	
	0.347515	
	0.367960	
	0.347834	
	0.371496	
	0.310005	
	0.350355	
	0.369572	
	0.344203	
	0.366198	
	0.355579	
	0.361005	
	0.338589	
	0.331085	
	0.268106	
	0.293401	
	0.276453	
	0.257900	
	0.253102	
	0.227548	
	0.238506	
	0.263807	
	0.263558	
	0.268246	
	0.273476	
	0.268403	
	0.258697	
	0.250378	
	0.267173	
	0.264690	
	0.242942	
	0.282420	
	0.281389	
	0.330862	
	0.368204	
	0.423604	
	0.417722	
	0.397585	
	0.378086	
	0.349280	
	0.339438	
	0.363355	
	0.383867	
	0.342970	
	0.352357	
	0.318124	
	0.323128	
	0.342901	
	0.351094	
	0.331579	
	0.250465	
	0.234424	
	0.230213	
	0.263191	
	0.254403	
	0.260999	
	0.251247	
	0.259980	
	0.259639	
	0.250831	
	0.272896	
	0.250153	
	0.267790	
	0.275117	
	0.273888	
	0.259268	
	0.252640	
	0.269680	
	0.235637	
	0.254833	
	0.270142	
	0.299638	
	0.310151	
	0.276274	
	0.276035	
	0.313387	
	0.336041	
	0.329015	
	0.327101	
	0.271858	
	0.246021	
	0.271681	
	0.304525	
	0.314563	
	0.266565	
	0.287323	
	0.312256	
	0.318806	
	0.293602	
	0.311862	
	0.293361	
	0.297426	
	0.263212	
	0.249516	
	0.272950	
	0.292514	
	0.244270	
	0.249284	
	0.261951	
	0.293563	
	0.307908	
	0.294670	
	0.279241	
	0.329721	
	0.301915	
	0.292712	
	0.283816	
	0.326040	
	0.291882	
	0.295064	
	0.269356	
	0.298737	
	0.294613	
	0.282901	
	0.319526	
	0.324197	
	0.370157	
	0.296564	
	0.291611	
	0.296221	
	0.310898	
	0.302612	
	0.284972	
	0.310039	
	0.319772	
	0.262407	
	0.275116	
	0.254146	
	0.270521	
	0.248905	
	0.245652	
	0.258329	
	0.216147	
	0.209683	
	0.234119	
	0.228580	
	0.221682	
	0.227533	
	0.231736	
	0.248659	
	0.228651	
	0.232777	
	0.209005	
	0.208755	
	0.265598	
	0.259808	
	0.313969	
	0.283811	
	0.251509	
	0.250103	
	0.231018	
	0.224506	
	0.269854	
	0.274039	
	0.266579	
	0.279340	
	0.273152	
	0.292078	
	0.275809	
	0.270519	
	0.261646	
	0.256664	
	0.248310	
	0.238270	
	0.253693	
	0.242407	
	0.244001	
	0.254704	
	0.293083	
	0.252937	
	0.299293	
	0.298091	
	0.306211	
	0.265597	
	0.269370	
	0.246205	
	0.254799	
	0.273200	
	0.265552	
	0.278334	
	0.256255	
	0.268075	
	0.242400	
	0.274402	
	0.261061	
	0.257411	
	0.254769	
	0.237151	
	0.228859	
	0.218955	
	0.233049	
	0.259569	
	0.232352	
	0.241144	
	0.240900	
	0.246292	
	0.231595	
	0.247863	
	0.262266	
	0.285574	
	0.289021	
	0.299896	
	0.297175	
	0.289217	
	0.282950	
	0.298375	
	0.247247	
	0.247179	
	0.236121	
	0.247082	
	0.252768	
	0.222520	
	0.225044	
	0.207055	
	0.203564	
	0.207506	
	0.191856	
	0.198435	
	0.214610	
	0.196415	
	0.216659	
	0.236221	
	0.204790	
	0.194627	
	0.181583	
	0.181611	
	0.187083	
	0.220272	
	0.220872	
	0.203158	
	0.204154	
	0.204880	
	0.199109	
	0.178361	
	0.179791	
	0.188390	
	0.206246	
	0.208878	
	0.189851	
	0.193041	
	0.188017	
	0.183611	
	0.201785	
	0.211670	
	0.215272	
	0.236021	
	0.219730	
	0.175355	
	0.222180	
	0.227037	
	0.235788	
	0.235062	
	0.199977	
	0.188590	
	0.196132	
	0.227308	
	0.228318	
	0.210643	
	0.196802	
	0.187712	
	0.209848	
	0.206547	
	0.183729	
	0.201788	
	0.213182	
	0.205142	
	0.199047	
	0.200971	
	0.191050	
	0.190698	
	0.199342	
	0.223767	
	0.209787	
	0.202538	
	0.199974	
	0.207831	
	0.201378	
	0.192936	
	0.184105	
	0.194093	
	0.194791	
	0.204354	
	0.210499	
	0.221542	
	0.210567	
	0.213394	
	0.187654	
	0.210361	
	0.218733	
	0.216952	
	0.213704	
	0.232692	
	0.216151	
	0.183586	
	0.205028	
	0.195661	
	0.208382	
	0.215797	
	0.219236	
	0.225756	
	0.236442	
	0.230408	
	0.239594	
	0.225771	
	0.221108	
	0.225337	
	0.238573	
	0.240384	
	0.255105	
	0.252122	
	0.230820	
	0.215748	
	0.213558	
	0.214157	
	0.196054	
	0.220669	
	0.194315	
	0.198224	
	0.211892	
	0.193561	
	0.213849	
	0.201655	
	0.251462	
	0.221360	
	0.195269	
	0.204685	
	0.230281	
	0.250401	
	0.274461	
	0.230347	
	0.224618	
	0.234511	
	0.238012	
	0.289718	
	0.345103	
	0.323206	
	0.320698	
	0.255689	
	0.241198	
	0.286223	
	0.277635	
	0.332609	
	0.321718	
	0.227421	
	0.216204	
	0.230839	
	0.144817	
	0.087092	
	0.085125	
	0.086066	
	0.083953	
	0.092114	
	0.111294	
	0.145362	
	0.146235	
	0.134133	
	0.139589	
	0.160267	
	0.165861	
	0.173525	
	0.146488	
	0.156015	
	0.167336	
	0.173982	
	0.168673	
	0.158677	
	0.177046	
	0.163097	
	0.169531	
	0.195449	
	0.205809	
	0.183983	
	0.176110	
	0.217703	
	0.207489	
	0.210103	
	0.202236	
	0.217883	
	0.312124	
	0.268896	
	0.269799	
	0.239509	
	0.216005	
	0.224641	
	0.234710	
	0.252712	
	0.311829	
	0.300074	
	0.284779	
	0.291488	
	0.266930	
	0.266615	
	0.239787	
	0.230121	
	0.242875	
	0.238828	
	0.271722	
	0.248731	
	0.268077	
	0.278101	
	0.227706	
	0.248142	
	0.276890	
	0.244727	
	0.297883	
	0.358940	
	0.343146	
	0.318836	
	0.343637	
	0.333231	
	0.286377	
	0.323968	
	0.300058	
	0.279020	
	0.320998	
	0.361092	
	0.379741	
	0.351122	
	0.292618	
	0.271716	
	0.291633	
	0.276352	
	0.267222	
	0.239048	
	0.214638	
	0.228352	
	0.233208	
	0.305829	
	0.262222	
	0.282781	
	0.283454	
	0.266361	
	0.266389	
	0.278732	
	0.325982	
	0.268392	
	0.315054	
	0.293800	
	0.269073	
	0.277927	
	0.271950	
	0.242910	
	0.239343	
	0.267510	
	0.263871	
	0.272767	
	0.304152	
	0.340684	
	0.325655	
	0.299303	
	0.288676	
	0.333968	
	0.318849	
	0.326428	
	0.325505	
	0.326395	
	0.335718	
	0.323363	
	0.323621	
	0.345650	
	0.325803	
	0.303666	
	0.293096	
	0.306462	
	0.310044	
	0.246983	
	0.284776	
	0.279076	
	0.347683	
	0.288295	
	0.279647	
	0.277255	
	0.280098	
	0.266774	
	0.292559	
	0.284742	
	0.291838	
	0.301730	
	0.251807	
	0.286273	
	0.242029	
	0.252681	
	0.257400	
	0.299622	
	0.289098	
	0.268993	
	0.288337	
	0.328099	
	0.328434	
	0.304407	
	0.283480	
	0.281717	
	0.288547	
	0.291235	
	0.272899	
	0.264956	
	0.285882	
	0.295173	
	0.318677	
	0.343329	
	0.309894	
	0.272293	
	0.283318	
	0.268423	
	0.252693	
	0.232716	
	0.243286	
	0.224773	
	0.226139	
	0.219021	
	0.202238	
	0.261173	
	0.241879	
	0.222921	
	0.211913	
	0.221792	
	0.228927	
	0.203478	
	0.225075	
	0.221775	
	0.197789	
	0.199229	
	0.211323	
	0.220300	
	0.199471	
	0.198110	
	0.190629	
	0.183251	
	0.181270	
	0.184675	
	0.159120	
	0.193722	
	0.193611	
	0.219223	
	0.212877	
	0.190757	
	0.197706	
	0.200317	
	0.210459	
	0.206339	
	0.203363	
	0.219495	
	0.232932	
	0.220759	
	0.242267	
	0.239755	
	0.219052	
	0.198240	
	0.210416	
	0.278632	
	0.246028	
	0.238422	
	0.249872	
	0.236267	
	0.205316	
	0.232679	
	0.217030	
	0.226320	
	0.232985	
	0.234092	
	0.249898	
	0.237080	
	0.241839	
	0.259404	
	0.251208	
	0.218521	
	0.225414	
	0.226289	
	0.251838	
	0.218241	
	0.206145	
	0.210155	
	0.216866	
	0.205052	
	0.214986	
	0.207328	
	0.185639	
	0.189685	
	0.188739	
	0.183070	
	0.204185	
	0.191515	
	0.221030	
	0.199492	
	0.215519	
	0.194897	
	0.190750	
	0.207204	
	0.194159	
	0.209933	
	0.193578	
	0.195230	
	0.194667	
	0.214279	
	0.216062	
	0.226750	
	0.212945	
	0.238693	
	0.231546	
	0.253232	
	0.246637	
	0.217378	
	0.218908	
	0.234543	
	0.206811	
	0.280217	
	0.285069	
	0.278676	
	0.323954	
	0.302562	
	0.276930	
	0.249414	
	0.272296	
	0.254446	
	0.287885	
	0.360366	
	0.339487	
	0.350038	
	0.353680	
	0.314197	
	0.314237	
	0.306130	
	0.306630	
	0.281698	
	0.273656	
	0.286172	
	0.261925	
	0.269274	
	0.250203	
	0.278341	
	0.228865	
	0.248713	
	0.247136	
	0.263047	
	0.283990	
	0.286366	
	0.321392	
	0.278212	
	0.309661	
	0.314322	
	0.334212	
	0.294848	
	0.284466	
	0.293758	
	0.278188	
	0.278305	
	0.325589	
	0.323635	
	0.277835	
	0.261493	
	0.275219	
	0.244300	
	0.287854	
	0.294877	
	0.240350	
	0.245715	
	0.289073	
	0.286495	
	0.268433	
	0.266631	
	0.282681	
	0.224541	
	0.244984	
	0.230639	
	0.249641	
	0.261976	
	0.285273	
	0.302669	
	0.278631	
	0.254672	
	0.255293	
	0.244189	
	0.261183	
	0.267019	
	0.269249	
	0.263740	
	0.276246	
	0.260275	
	0.246134	
	0.249166	
	0.257540	
	0.266736	
	0.254935	
	0.314060	
	0.285600	
	0.258464	
	0.283729	
	0.303673	
	0.297127	
	0.337592	
	0.322464	
	0.322915	
	0.336854	
	0.319153	
	0.316706	
	0.297272	
	0.286116	
	0.277734	
	0.304692	
	0.274897	
	0.293796	
	0.304285	
	0.277579	
	0.275715	
	0.285064	
	0.326141	
	0.304796	
	0.318453	
	0.287669	
	0.295419	
	0.285762	
	0.275668	
	0.300463	
	0.308052	
	0.277139	
	0.278636	
	0.270719	
	0.263959	
	0.253320	
	0.285042	
	0.292350	
	0.298714	
	0.283385	
	0.256945	
	0.293728	
	0.288068	
	0.271191	
	0.277466	
	0.266608	
	0.282903	
	0.269997	
	0.267856	
	0.257293	
	0.262956	
	0.268470	
	0.270841	
	0.277366	
	0.287066	
	0.271716	
	0.324603	
	0.336097	
	0.296027	
	0.321006	
	0.295218	
	0.284802	
	0.293938	
	0.316614	
	0.354518	
	0.311863	
	0.330644	
	0.299958	
	0.320742	
	0.278565	
	0.298181	
	0.292339	
	0.280201	
	0.270036	
	0.261375	
	0.325940	
	0.307662	
	0.247111	
	0.247308	
	0.245236	
	0.280625	
	0.251932	
	0.242600	
	0.251975	
	0.289434	
	0.259104	
	0.250107	
	0.221260	
	0.241127	
	0.229373	
	0.226262	
	0.235967	
	0.288743	
	0.283019	
	0.253330	
	0.308586	
	0.306051	
	0.249937	
	0.264723	
	0.253370	
	0.246401	
	0.290263	
	0.257923	
	0.294796	
	0.287521	
	0.260297	
	0.254557	
	0.293678	
	0.290738	
	0.262580	
	0.239964	
	0.200557	
	0.222407	
	0.229218	
	0.231511	
	0.223994	
	0.229222	
	0.220989	
	0.208801	
	0.232639	
	0.227644	
	0.248453	
	0.246760	
	0.243206	
	0.248193	
	0.257831	
	0.235490	
	0.239096	
	0.248536	
	0.250716	
	0.238342	
	0.239128	
	0.232691	
	0.255586	
	0.239196	
	0.232588	
	0.241865	
	0.219637	
	0.228478	
	0.234191	
	0.222643	
	0.188008	
	0.227674	
	0.231803	
	0.213484	
	0.225950	
	0.186492	
	0.183699	
	0.194479	
	0.208347	
	0.241897	
	0.220638	
	0.207439	
	0.220098	
	0.218081	
	0.219932	
	0.231300	
	0.230421	
	0.211077	
	0.199038	
	0.200805	
	0.207794	
	0.188723	
	0.213628	
	0.209584	
	0.246477	
	0.255884	
	0.218582	
	0.221441	
	0.198484	
	0.190824	
	0.208056	
	0.230902	
	0.204641	
	0.236823	
	0.212637	
	0.212243	
	0.201192	
	0.210174	
	0.222697	
	0.221434	
	0.211331	
	0.211856	
	0.225237	
	0.211068	
	0.223130	
	0.195063	
	0.206969	
	0.219765	
	0.208007	
	0.234855	
	0.223906	
	0.225211	
	0.173153	
	0.194458	
	0.193354	
	0.173093	
	0.162804	
	0.175655	
	0.172969	
	0.167894	
	0.177305	
	0.149744	
	0.161088	
	0.153627	
	0.136971	
	0.130776	
	0.144897	
	0.137582	
	0.133512	
	0.107015	
	0.099493	
	0.089532	
	0.099316	
	0.091672	
	0.091617	
	0.085077	
	0.088797	
	0.090770	
	0.090402	
	0.101404	
	0.096388	
	0.126041	
	0.136413	
	0.149491	
	0.148350	
	0.153993	
	0.150136	
	0.170307	
	0.154384	
	0.163974	
	0.179701	
	0.166645	
	0.159515	
	0.154628	
	0.148380	
	0.168411	
	0.198623	
	0.180294	
	0.202670	
	0.184169	
	0.223526	
	0.222847	
	0.234977	
	0.270981	
	0.240621	
	0.196098	
	0.224351	
	0.229314	
	NaN	
	0.284680	
	NaN	
	0.201568	
	0.210939	
	0.221004	
	0.254863	
	NaN	
	NaN	
	0.229784	
	0.266979	
	0.224810	
	0.292199	
	0.265943	
	0.282481	
	0.274986	
	0.214150	
	0.223523	
	NaN	
	0.283946	
	NaN	
	NaN	
	0.202870	
	0.263738	
	0.199390	
	NaN	
	NaN	
	NaN	
	NaN	
	NaN	
	0.272454	
	0.283522	
	0.331396	
	NaN	
	NaN	
	NaN	
	0.313192	
	NaN	
	0.301880	
	NaN	
	NaN	
	0.306626	
	NaN	
	NaN	
	NaN	
	NaN	
	NaN	
	0.302906	
	NaN	
	NaN	
	NaN	
	NaN	
	NaN	
	NaN	
	NaN	
	NaN	
	NaN	
	NaN	
	NaN	
	NaN	
	NaN	
	NaN	
	NaN	
	NaN	
	NaN	
	NaN	
	NaN	
	NaN	
	NaN	
	NaN	
	NaN	
	NaN	
	NaN	
	NaN	
	NaN	
	NaN	
	NaN	
	NaN	
	NaN	
	NaN	
	NaN	
	NaN	
	NaN	
	NaN	
	NaN	
	NaN	
	NaN	
	NaN	
	NaN	
	NaN	
	NaN	
	NaN	
	NaN	
	NaN	
	NaN	
	NaN	
	NaN	
	NaN	
	NaN	
	NaN	
	NaN	
	NaN	
	NaN	
	NaN	
	NaN	
	NaN	
	NaN	
	NaN	
	NaN	
	NaN	
	NaN	
	NaN	
	NaN	
	NaN	
	NaN	
	NaN	
	NaN	
	NaN	
	NaN	
	NaN	
	NaN	
	NaN	
	NaN	
	NaN	
	NaN	
	NaN	
	NaN	
	NaN	
	NaN	
	NaN	
	NaN	
	NaN	
	NaN	
	NaN	
	NaN	
	NaN	
	NaN	
	NaN	
	NaN	
	NaN	
	NaN	
	NaN	
	NaN	
	NaN	
	NaN	
	NaN	
	NaN	
	NaN	
	NaN	
	NaN	
	NaN	
	NaN	
	NaN	
	NaN	
	NaN	
	NaN	
	NaN	
	NaN	
	NaN	
	NaN	
	NaN	
	NaN	
	NaN	
	NaN	
	NaN	
	NaN	
	NaN	
	NaN	
	NaN	
	NaN	
	NaN	
	NaN	
	NaN	
	NaN	
	NaN	
	NaN	
	NaN	
	NaN	
	NaN	
	NaN	
	NaN	
	NaN	
	NaN	
	NaN	
	NaN	
	NaN	
	NaN	
	NaN	
	NaN	
	NaN	
	NaN	
	NaN	
