_Brightness		
	NaN	
	NaN	
	NaN	
	NaN	
	NaN	
	NaN	
	NaN	
	NaN	
	NaN	
	0.469517	
	0.384735	
	0.292193	
	0.327176	
	0.330360	
	0.357822	
	0.452664	
	0.459817	
	0.414658	
	0.351940	
	0.352913	
	0.356493	
	0.433137	
	0.410528	
	0.412830	
	0.459362	
	0.442696	
	0.407822	
	0.427918	
	0.404924	
	0.454066	
	0.438623	
	0.443899	
	0.453520	
	0.451478	
	0.490706	
	0.461917	
	0.445963	
	0.425379	
	0.440742	
	0.444649	
	0.422491	
	0.398564	
	0.380127	
	0.453226	
	0.453773	
	0.485319	
	0.455548	
	0.447355	
	0.403109	
	0.469661	
	0.459494	
	0.505303	
	0.423442	
	0.386034	
	0.451782	
	0.466257	
	0.426360	
	0.431147	
	0.427323	
	0.451079	
	0.417521	
	0.430471	
	0.444999	
	0.464427	
	0.455257	
	0.404460	
	0.432717	
	0.382447	
	0.378278	
	0.390745	
	0.375174	
	0.382421	
	0.364370	
	0.404847	
	0.429594	
	0.442814	
	0.433646	
	0.386761	
	0.355331	
	0.397398	
	0.389797	
	0.465465	
	0.539595	
	0.530497	
	0.392487	
	0.335117	
	0.371397	
	0.354283	
	0.353259	
	0.369600	
	0.344884	
	0.446731	
	0.572769	
	0.559205	
	0.460045	
	0.326622	
	0.355470	
	0.316455	
	0.335476	
	0.346617	
	0.380747	
	0.457932	
	0.468182	
	0.454034	
	0.442919	
	0.495845	
	0.504299	
	0.509076	
	0.511851	
	0.511509	
	0.544520	
	0.529988	
	0.540594	
	0.538569	
	0.496681	
	0.545873	
	0.579192	
	0.596073	
	0.572746	
	0.352149	
	0.177455	
	0.277905	
	0.317089	
	0.270659	
	0.202307	
	0.176385	
	0.171412	
	0.203050	
	0.199419	
	0.226909	
	0.228168	
	0.269094	
	0.389106	
	0.351710	
	0.344560	
	0.238600	
	0.195663	
	0.210822	
	0.241446	
	0.281694	
	0.269423	
	0.275580	
	0.311990	
	0.317696	
	0.266109	
	0.248514	
	0.305402	
	0.311966	
	0.353224	
	0.288105	
	0.291561	
	0.301118	
	0.201565	
	0.164354	
	0.131476	
	0.179491	
	0.186862	
	0.135079	
	0.205801	
	0.244933	
	0.216423	
	0.205388	
	0.169318	
	0.096818	
	0.078721	
	0.068089	
	0.072672	
	0.078802	
	0.073399	
	0.084788	
	0.087012	
	0.096258	
	0.146692	
	0.114473	
	0.121328	
	0.092664	
	0.081417	
	0.082229	
	0.107174	
	0.121170	
	0.108278	
	0.136304	
	0.159667	
	0.200318	
	0.180917	
	0.198064	
	0.204330	
	0.207310	
	0.264776	
	0.304153	
	0.260001	
	0.292831	
	0.275149	
	0.339342	
	0.314972	
	0.285110	
	0.296069	
	0.255714	
	0.251257	
	0.274057	
	0.316420	
	0.335577	
	0.238946	
	0.113412	
	0.166691	
	0.180070	
	0.177559	
	0.216038	
	0.211337	
	0.279003	
	0.327109	
	0.335544	
	0.298799	
	0.257241	
	0.239864	
	0.244118	
	0.241338	
	0.275404	
	0.283387	
	0.309292	
	0.281511	
	0.414971	
	0.304820	
	0.300161	
	0.272023	
	0.305188	
	0.289635	
	0.284250	
	0.260298	
	0.258787	
	0.258635	
	0.257014	
	0.187047	
	0.175323	
	0.123606	
	0.121787	
	0.191816	
	0.276199	
	0.220913	
	0.279469	
	0.341252	
	0.216703	
	0.251304	
	0.189308	
	0.169374	
	0.235569	
	0.238192	
	0.247198	
	0.256025	
	0.275661	
	0.345461	
	0.362501	
	0.292841	
	0.269361	
	0.293233	
	0.316217	
	0.326878	
	0.358113	
	0.332239	
	0.348892	
	0.299678	
	0.311559	
	0.295462	
	0.253791	
	0.270266	
	0.299711	
	0.304417	
	0.302436	
	0.306335	
	0.309541	
	0.313274	
	0.318113	
	0.323375	
	0.342211	
	0.362405	
	0.339522	
	0.313635	
	0.384666	
	0.345910	
	0.368807	
	0.382582	
	0.298817	
	0.306172	
	0.229694	
	0.199349	
	0.207284	
	0.274366	
	0.233279	
	0.247389	
	0.287095	
	0.324243	
	0.295869	
	0.463900	
	0.330046	
	0.260298	
	0.235866	
	0.259169	
	0.270129	
	0.270349	
	0.328461	
	0.304522	
	0.355997	
	0.279699	
	0.255398	
	0.254882	
	0.223710	
	0.246327	
	0.259241	
	0.299002	
	0.258423	
	0.274510	
	0.412397	
	0.292827	
	0.275247	
	0.275552	
	0.300138	
	0.295570	
	0.278785	
	0.287928	
	0.238317	
	0.253495	
	0.293314	
	0.298503	
	0.258811	
	0.228566	
	0.255067	
	0.280479	
	0.296443	
	0.375827	
	0.354445	
	0.332658	
	0.332612	
	0.293797	
	0.228681	
	0.189026	
	0.181353	
	0.156882	
	0.140178	
	0.142349	
	0.149666	
	0.146233	
	0.135835	
	0.250120	
	0.223750	
	0.208759	
	0.182031	
	0.183722	
	0.179519	
	0.189845	
	0.204398	
	0.215623	
	0.220838	
	0.261319	
	0.363093	
	0.334593	
	0.336657	
	0.285257	
	0.237358	
	0.231465	
	0.257037	
	0.269437	
	0.244430	
	0.160270	
	0.195379	
	0.199857	
	0.188043	
	0.159456	
	0.194942	
	0.210410	
	0.194245	
	0.171649	
	0.177069	
	0.186404	
	0.269841	
	0.213301	
	0.188399	
	0.188745	
	0.165987	
	0.148841	
	0.178365	
	0.159505	
	0.165225	
	0.149992	
	0.188758	
	0.147121	
	0.138292	
	0.149516	
	0.136565	
	0.153496	
	0.151757	
	0.184966	
	0.289363	
	0.349144	
	0.376485	
	0.340450	
	0.353889	
	0.331175	
	0.268580	
	0.274918	
	0.248776	
	0.284818	
	0.343679	
	0.327337	
	0.377325	
	0.366474	
	0.285017	
	0.282647	
	0.266857	
	0.275473	
	0.273048	
	0.275295	
	0.233484	
	0.181970	
	0.164563	
	0.161178	
	0.138400	
	0.140650	
	0.132703	
	0.133205	
	0.134174	
	0.201537	
	0.236646	
	0.208239	
	0.203245	
	0.171183	
	0.189750	
	0.178441	
	0.174490	
	0.203482	
	0.242140	
	0.335286	
	0.408901	
	0.381389	
	0.346845	
	0.307745	
	0.259842	
	0.234736	
	0.240347	
	0.218167	
	0.247194	
	0.199755	
	0.159548	
	0.181019	
	0.152112	
	0.150826	
	0.185222	
	0.160875	
	0.168274	
	0.146251	
	0.196681	
	0.272666	
	0.220017	
	0.181277	
	0.169647	
	0.172689	
	0.142193	
	0.177919	
	0.164420	
	0.182474	
	0.208886	
	0.176333	
	0.161244	
	0.126751	
	0.123972	
	0.109343	
	0.121951	
	0.115395	
	0.146086	
	0.298015	
	0.364623	
	0.377644	
	0.350395	
	0.297303	
	0.238488	
	0.224260	
	0.243559	
	0.227153	
	0.238500	
	0.337403	
	0.337045	
	0.354075	
	0.320296	
	0.277359	
	0.271247	
	0.317241	
	0.298793	
	0.294990	
	0.247984	
	0.204758	
	0.196274	
	0.227149	
	0.140768	
	0.136709	
	0.140174	
	0.120592	
	0.099600	
	0.101330	
	0.136219	
	0.295020	
	0.250627	
	0.234695	
	0.174618	
	0.142123	
	0.119678	
	0.129557	
	0.143040	
	0.150562	
	0.305712	
	0.350236	
	0.366652	
	0.348834	
	0.311055	
	0.250288	
	0.245578	
	0.256144	
	0.256143	
	0.248423	
	0.210789	
	0.221031	
	0.181660	
	0.227821	
	0.190612	
	0.225273	
	0.257971	
	0.234961	
	0.171761	
	0.162645	
	0.156566	
	0.281134	
	0.251956	
	0.197292	
	0.199437	
	0.230739	
	0.245651	
	0.242768	
	0.263153	
	0.262434	
	0.186047	
	0.242987	
	0.192120	
	0.155007	
	0.169397	
	0.149364	
	0.174472	
	0.152953	
	0.197623	
	0.254095	
	0.349630	
	0.408085	
	0.362847	
	0.314520	
	0.257032	
	0.239776	
	0.304161	
	0.292985	
	0.262574	
	0.284729	
	0.337962	
	0.395726	
	0.394365	
	0.369721	
	0.337896	
	0.323387	
	0.305882	
	0.305377	
	0.233347	
	0.147570	
	0.240588	
	0.208648	
	0.164624	
	0.132119	
	0.140871	
	0.137660	
	0.150209	
	0.150707	
	0.158421	
	0.205898	
	0.277189	
	0.224986	
	0.211605	
	0.217527	
	0.218458	
	0.186756	
	0.181835	
	0.194782	
	0.218294	
	0.339354	
	0.418083	
	0.334281	
	0.271286	
	0.261967	
	0.273007	
	0.279447	
	0.242850	
	0.250310	
	0.220537	
	0.185089	
	0.175432	
	0.188890	
	0.165799	
	0.148865	
	0.166685	
	0.164556	
	0.137259	
	0.152552	
	0.124790	
	0.242172	
	0.337681	
	0.227724	
	0.209715	
	0.193560	
	0.190706	
	0.192922	
	0.191913	
	0.211482	
	0.143049	
	0.276482	
	0.218558	
	0.171130	
	0.205736	
	0.165195	
	0.173928	
	0.178107	
	0.186495	
	0.218709	
	0.331209	
	0.368651	
	0.393079	
	0.370405	
	0.308709	
	0.310246	
	0.273657	
	0.264750	
	0.245295	
	0.264524	
	0.379735	
	0.430994	
	0.415425	
	0.374744	
	0.329915	
	0.322779	
	0.323668	
	0.283450	
	0.268581	
	0.196235	
	0.219432	
	0.176432	
	0.160790	
	0.134752	
	0.129907	
	0.142269	
	0.128026	
	0.130571	
	0.147788	
	0.426066	
	0.360034	
	0.278084	
	0.230963	
	0.172779	
	0.196191	
	0.175171	
	0.167185	
	0.161747	
	0.281275	
	0.386175	
	0.409296	
	0.308980	
	0.335130	
	0.284800	
	0.294389	
	0.314762	
	0.314005	
	0.285420	
	0.222641	
	0.241362	
	0.194866	
	0.191714	
	0.171451	
	0.182034	
	0.200661	
	0.164468	
	0.159633	
	0.176368	
	0.141464	
	0.311251	
	0.302295	
	0.222023	
	0.205787	
	0.178625	
	0.178968	
	0.203793	
	0.146100	
	0.183706	
	0.134927	
	0.265423	
	0.212045	
	0.164998	
	0.171723	
	0.164602	
	0.155558	
	0.156125	
	0.283952	
	0.330866	
	0.402243	
	0.447968	
	0.404487	
	0.327295	
	0.329542	
	0.308555	
	0.337811	
	0.303725	
	0.259144	
	0.321358	
	0.404589	
	0.364781	
	0.344640	
	0.372253	
	0.345573	
	0.333741	
	0.296124	
	0.287863	
	0.265144	
	0.245345	
	0.182881	
	0.170295	
	0.148969	
	0.120373	
	0.111051	
	0.122453	
	0.144694	
	0.130545	
	0.134699	
	0.157474	
	0.151698	
	0.152281	
	0.149039	
	0.116025	
	0.083364	
	0.100562	
	0.125028	
	0.156074	
	0.334356	
	0.437718	
	0.417237	
	0.362458	
	0.340006	
	0.367961	
	0.313235	
	0.183217	
	0.192094	
	0.229210	
	0.279470	
	0.235460	
	0.250699	
	0.299578	
	0.362678	
	0.360221	
	0.259918	
	0.296085	
	0.271347	
	0.219662	
	0.286382	
	0.249034	
	0.202383	
	0.169816	
	0.142887	
	0.136415	
	0.121521	
	0.122656	
	0.149362	
	0.212642	
	0.184779	
	0.154287	
	0.151887	
	0.143623	
	0.239921	
	0.278128	
	0.201607	
	0.440399	
	0.760807	
	0.665296	
	0.619333	
	0.414278	
	0.350155	
	0.323641	
	0.302747	
	0.332471	
	0.345231	
	0.358999	
	0.373803	
	0.330730	
	0.393659	
	0.393479	
	0.374911	
	0.307866	
	0.287549	
	0.287930	
	0.276587	
	0.299608	
	0.208611	
	0.238721	
	0.213806	
	0.155657	
	0.127677	
	0.108824	
	0.119118	
	0.103137	
	0.114808	
	0.093420	
	0.148498	
	0.276776	
	0.191567	
	0.169403	
	0.161044	
	0.145260	
	0.105509	
	0.080608	
	0.091318	
	0.092035	
	0.271937	
	0.435533	
	0.366703	
	0.327053	
	0.327478	
	0.287155	
	0.284394	
	0.251885	
	0.194267	
	0.181511	
	0.229220	
	0.256470	
	0.278743	
	0.310051	
	0.335620	
	0.289428	
	0.266681	
	0.256341	
	0.552526	
	0.713826	
	0.703336	
	0.662216	
	0.443186	
	0.294553	
	0.312485	
	0.290216	
	0.249554	
	0.296165	
	0.294036	
	0.319113	
	0.316913	
	0.337079	
	0.283622	
	0.293443	
	0.229960	
	0.150771	
	0.143088	
	0.193198	
	0.140629	
	0.219237	
	0.372058	
	0.446693	
	0.429259	
	0.362660	
	0.296916	
	0.279713	
	0.289161	
	0.310278	
	0.299248	
	0.374593	
	0.398591	
	0.393588	
	0.366000	
	0.356983	
	0.408741	
	0.353407	
	0.313350	
	0.310356	
	0.791023	
	0.808445	
	0.419250	
	0.251789	
	0.235950	
	0.211736	
	0.232511	
	0.262986	
	0.271375	
	0.287904	
	0.316042	
	0.372537	
	0.272219	
	0.168479	
	0.159260	
	0.177655	
	0.156109	
	0.163949	
	0.193477	
	0.135652	
	0.249548	
	0.279071	
	0.317703	
	0.267408	
	0.244947	
	0.248546	
	0.268251	
	0.228703	
	0.187257	
	0.164908	
	0.180689	
	0.177696	
	0.157363	
	0.147165	
	0.136903	
	0.167122	
	0.199992	
	0.269360	
	0.223659	
	0.129038	
	0.114387	
	0.182073	
	0.243435	
	0.237433	
	0.211884	
	0.244914	
	0.248362	
	0.221331	
	0.220510	
	0.247346	
	0.227713	
	0.249298	
	0.175943	
	0.167424	
	0.152321	
	0.127656	
	0.102420	
	0.150918	
	0.123420	
	0.239997	
	0.400680	
	0.357440	
	0.325943	
	0.318995	
	0.329448	
	0.319312	
	0.276333	
	0.238235	
	0.200105	
	0.314011	
	0.333866	
	0.300244	
	0.292100	
	0.279822	
	0.228199	
	0.208282	
	0.177957	
	0.175738	
	0.184893	
	0.384865	
	0.585087	
	0.531324	
	0.295038	
	0.229493	
	0.273322	
	0.280707	
	0.258872	
	0.273545	
	0.281294	
	0.321639	
	0.345661	
	0.375326	
	0.331429	
	0.365412	
	0.367399	
	0.420531	
	0.502389	
	0.401510	
	0.352006	
	0.397410	
	0.421988	
	0.449681	
	0.350836	
	0.449511	
	0.361472	
	0.377396	
	0.320122	
	0.411432	
	0.341714	
	0.286278	
	0.306009	
	0.358061	
	0.322294	
	0.344353	
	0.385199	
	0.419727	
	0.327038	
	0.275851	
	0.295287	
	0.370704	
	0.319673	
	0.332955	
	0.265579	
	0.211703	
	0.238122	
	0.214301	
	0.253302	
	0.241135	
	0.231003	
	0.307744	
	0.247997	
	0.211994	
	0.206075	
	0.191906	
	0.198279	
	0.172992	
	0.177762	
	0.289847	
	0.387350	
	0.421084	
	0.366657	
	0.351516	
	0.345740	
	0.342830	
	0.380513	
	0.378622	
	0.379177	
	0.320773	
	0.384262	
	0.432767	
	0.411383	
	0.405443	
	0.361325	
	0.319907	
	0.322288	
	0.323115	
	0.311215	
	0.106089	
	0.155927	
	0.211360	
	0.213058	
	0.218705	
	0.232860	
	0.252882	
	0.265883	
	0.311188	
	0.359414	
	0.370991	
	0.364220	
	0.318501	
	0.251991	
	0.215712	
	0.205893	
	0.209882	
	0.200150	
	0.199921	
	0.196142	
	0.370723	
	0.431809	
	0.469666	
	0.457747	
	0.412155	
	0.412956	
	0.430615	
	0.464532	
	0.371183	
	0.310844	
	0.357206	
	0.318831	
	0.350479	
	0.289810	
	0.398478	
	0.366414	
	0.413554	
	0.406962	
	0.520727	
	0.710526	
	0.664554	
	0.368859	
	0.314279	
	0.327148	
	0.361869	
	0.378442	
	0.341527	
	0.372367	
	0.333654	
	0.307125	
	0.333244	
	0.294104	
	0.290763	
	0.282779	
	0.285522	
	0.330631	
	0.329285	
	0.329815	
	0.311653	
	0.372776	
	0.405276	
	0.366400	
	0.324799	
	0.360787	
	0.325388	
	0.296506	
	0.356772	
	0.390371	
	0.297767	
	0.320379	
	0.386858	
	0.383809	
	0.369513	
	0.380000	
	0.369988	
	0.354737	
	0.272874	
	0.221550	
	0.332683	
	0.496255	
	0.264994	
	0.234689	
	0.196327	
	0.220954	
	0.221218	
	0.223605	
	0.204820	
	0.217945	
	0.213592	
	0.272856	
	0.213459	
	0.230984	
	0.237751	
	0.305433	
	0.325031	
	0.364572	
	0.355444	
	0.357242	
	0.350415	
	0.395878	
	0.321361	
	0.330814	
	0.356112	
	0.311906	
	0.303402	
	0.348244	
	0.355616	
	0.351151	
	0.297234	
	0.256649	
	0.255747	
	0.281276	
	0.325608	
	0.332035	
	0.336154	
	0.299469	
	0.327128	
	0.360337	
	0.396918	
	0.386728	
	0.323518	
	0.331144	
	0.373522	
	0.417550	
	0.453478	
	0.430249	
	0.426439	
	0.341859	
	0.331938	
	0.314664	
	0.301523	
	0.375545	
	0.332735	
	0.360841	
	0.300335	
	0.594468	
	0.718099	
	0.674296	
	0.546242	
	0.401407	
	0.344584	
	0.364970	
	0.335923	
	0.361518	
	0.378200	
	0.373008	
	0.333231	
	0.412740	
	0.452203	
	0.426539	
	0.405918	
	0.419009	
	0.343618	
	0.336699	
	0.329870	
	0.557085	
	0.669926	
	0.553532	
	0.335228	
	0.223291	
	0.237585	
	0.253792	
	0.256215	
	0.214551	
	0.205809	
	0.218391	
	0.327173	
	0.335653	
	0.273837	
	0.231332	
	0.190625	
	0.152261	
	0.176523	
	0.207599	
	0.525091	
	0.542422	
	0.470008	
	0.397527	
	0.360779	
	0.387704	
	0.399855	
	0.350347	
	0.296649	
	0.261485	
	0.275895	
	0.258035	
	0.310429	
	0.284633	
	0.295998	
	0.340730	
	0.320662	
	0.305998	
	0.308213	
	0.388055	
	0.460849	
	0.686084	
	0.516523	
	0.279315	
	0.283534	
	0.321788	
	0.286447	
	0.278351	
	0.299760	
	0.340386	
	0.319365	
	0.294725	
	0.270432	
	0.179764	
	0.180850	
	0.194507	
	0.211390	
	0.253419	
	0.329601	
	0.238967	
	0.275983	
	0.355610	
	0.404859	
	0.353831	
	0.323196	
	0.251236	
	0.283327	
	0.297025	
	0.366824	
	0.391569	
	0.396532	
	0.413463	
	0.391839	
	0.331770	
	0.409371	
	0.343283	
	0.376355	
	0.408064	
	0.776866	
	0.862123	
	0.833596	
	0.617077	
	0.486865	
	0.284186	
	0.322609	
	0.285436	
	0.329198	
	0.377688	
	0.402470	
	0.432750	
	0.493110	
	0.402641	
	0.392215	
	0.491707	
	0.403015	
	0.473808	
	0.360458	
	0.352292	
	0.387923	
	0.367416	
	0.476145	
	0.406865	
	0.396566	
	0.345719	
	0.372505	
	0.390976	
	0.380377	
	0.413557	
	0.450723	
	0.365552	
	0.284294	
	0.305366	
	0.338608	
	0.357421	
	0.348770	
	0.443508	
	0.430209	
	0.453891	
	0.407113	
	0.328369	
	0.403177	
	0.384073	
	0.299523	
	0.387505	
	0.320525	
	0.306750	
	0.342818	
	0.334050	
	0.343628	
	0.238087	
	0.355368	
	0.299714	
	0.335003	
	0.368335	
	0.348672	
	0.359382	
	0.336499	
	0.371248	
	0.379280	
	0.420235	
	0.449079	
	0.375637	
	0.381878	
	0.391426	
	0.448140	
	0.488516	
	0.462092	
	0.374788	
	0.401989	
	0.402911	
	0.424124	
	0.421849	
	0.447814	
	0.429815	
	0.424511	
	0.421008	
	0.414122	
	0.352482	
	0.245531	
	0.281460	
	0.215170	
	0.238753	
	0.269994	
	0.296982	
	0.315458	
	0.278441	
	0.309634	
	0.305556	
	0.240100	
	0.265462	
	0.321609	
	0.317789	
	0.286064	
	0.321677	
	0.294618	
	0.345795	
	0.407277	
	0.442806	
	0.442338	
	0.378631	
	0.329278	
	0.292554	
	0.294775	
	0.330682	
	0.309070	
	0.290885	
	0.272359	
	0.213050	
	0.271835	
	0.317947	
	0.318874	
	0.351390	
	0.282359	
	0.358639	
	0.385605	
	0.633047	
	0.710690	
	0.675100	
	0.627600	
	0.372027	
	0.307291	
	0.348451	
	0.407121	
	0.389334	
	0.379315	
	0.345263	
	0.353874	
	0.339261	
	0.398242	
	0.318660	
	0.327364	
	0.266281	
	0.235871	
	0.275115	
	0.319662	
	0.684362	
	0.779207	
	0.628578	
	0.529690	
	0.390219	
	0.367547	
	0.372699	
	0.324203	
	0.404004	
	0.428575	
	0.394820	
	0.386736	
	0.346742	
	0.324865	
	0.317793	
	0.283613	
	0.296435	
	0.310769	
	0.312604	
	0.331186	
	0.639165	
	0.741659	
	0.502406	
	0.321286	
	0.294664	
	0.317233	
	0.283222	
	0.263523	
	0.245779	
	0.228441	
	0.303482	
	0.261810	
	0.294719	
	0.259541	
	0.251152	
	0.267630	
	0.197687	
	0.218226	
	0.270621	
	0.247851	
	0.437957	
	0.661271	
	0.597525	
	0.467726	
	0.414877	
	0.417130	
	0.428868	
	0.393868	
	0.363589	
	0.420858	
	0.515278	
	0.578616	
	0.569473	
	0.427257	
	0.409297	
	0.337064	
	0.285155	
	0.268339	
	0.258336	
	0.252623	
	0.258432	
	0.298698	
	0.336898	
	0.344414	
	0.336470	
	0.310855	
	0.320229	
	0.299246	
	0.309527	
	0.332410	
	0.373464	
	0.450621	
	0.482479	
	0.395296	
	0.569665	
	0.658462	
	0.515970	
	0.448087	
	0.443362	
	0.501736	
	0.459924	
	0.391420	
	0.370953	
	0.385236	
	0.355562	
	0.345101	
	0.379988	
	0.364135	
	0.400150	
	0.406326	
	0.346329	
	0.327466	
	0.345069	
	0.303705	
	0.295857	
	0.290012	
	0.300383	
	0.325796	
	0.323102	
	0.285933	
	0.272499	
	0.305955	
	0.423018	
	0.397410	
	0.363239	
	0.353125	
	0.393497	
	0.474760	
	0.411940	
	0.352917	
	0.348242	
	0.467070	
	0.435111	
	0.402325	
	0.406711	
	0.351691	
	0.335440	
	0.337841	
	0.286726	
	0.256813	
	0.291214	
	0.393595	
	0.296248	
	0.318168	
	0.274956	
	0.206778	
	0.198559	
	0.179316	
	0.173343	
	0.128111	
	0.181213	
	0.245397	
	0.244937	
	0.249408	
	0.260546	
	0.193723	
	0.202506	
	0.224040	
	0.216516	
	0.212898	
	0.158222	
	0.263524	
	0.269771	
	0.212998	
	0.264087	
	0.281861	
	0.288472	
	0.370738	
	0.308137	
	0.321882	
	0.407922	
	0.434423	
	0.452874	
	0.401581	
	0.458782	
	0.443961	
	0.375176	
	0.412158	
	0.449578	
	0.428031	
	0.441552	
	0.389288	
	0.359360	
	0.295570	
	0.317460	
	0.297995	
	0.336603	
	0.319837	
	0.317043	
	0.267513	
	0.327728	
	0.275640	
	0.228848	
	0.209955	
	0.205517	
	0.211745	
	0.280153	
	0.232310	
	0.257594	
	0.294797	
	0.419789	
	0.526480	
	0.326389	
	0.261480	
	0.254722	
	0.285870	
	0.351655	
	0.293420	
	0.343280	
	0.393294	
	0.482051	
	0.468708	
	0.454092	
	0.448332	
	0.436045	
	0.356215	
	0.359667	
	0.399414	
	0.362545	
	0.371797	
	0.411044	
	0.379239	
	0.354871	
	0.283039	
	0.263879	
	0.261736	
	0.222921	
	0.164201	
	0.159058	
	0.226843	
	0.273572	
	0.266837	
	0.320885	
	0.323238	
	0.274324	
	0.277062	
	0.279678	
	0.307607	
	0.183411	
	0.235304	
	0.246718	
	0.227549	
	0.159718	
	0.191198	
	0.220825	
	0.231090	
	0.207505	
	0.217431	
	0.265354	
	0.324714	
	0.287476	
	0.311992	
	0.296310	
	0.299406	
	0.265811	
	0.344530	
	0.353429	
	0.384661	
	0.437720	
	0.427434	
	0.383747	
	0.405672	
	0.378874	
	0.430389	
	0.500367	
	0.486264	
	0.340259	
	0.343494	
	0.418971	
	0.386739	
	0.442255	
	0.449501	
	0.438013	
	0.375106	
	0.372034	
	0.441379	
	0.382655	
	0.568870	
	0.712065	
	0.417622	
	0.364700	
	0.364141	
	0.316538	
	0.305758	
	0.294383	
	0.317678	
	0.389065	
	0.376869	
	0.328696	
	0.370090	
	0.345033	
	0.279367	
	0.309028	
	0.346876	
	0.373474	
	0.415587	
	0.364125	
	0.336350	
	0.367797	
	0.349481	
	0.379418	
	0.322406	
	0.339500	
	0.266166	
	0.264538	
	0.293020	
	0.258578	
	0.267157	
	0.257730	
	0.255154	
	0.267001	
	0.263552	
	0.263664	
	0.280830	
	0.242760	
	0.350372	
	0.361792	
	0.227602	
	0.278876	
	0.330865	
	0.364992	
	0.380516	
	0.330488	
	0.336733	
	0.287813	
	0.268720	
	0.281625	
	0.250029	
	0.220971	
	0.213749	
	0.247361	
	0.303608	
	0.275533	
	0.338480	
	0.623903	
	0.751816	
	0.521242	
	0.434648	
	0.449111	
	0.378590	
	0.300129	
	0.327846	
	0.349620	
	0.297698	
	0.293766	
	0.324853	
	0.349809	
	0.318126	
	0.309957	
	0.309661	
	0.295607	
	0.308375	
	0.328349	
	0.367806	
	0.453638	
	0.739812	
	0.720099	
	0.456328	
	0.312501	
	0.335073	
	0.343873	
	0.348198	
	0.386070	
	0.440430	
	0.449458	
	0.478728	
	0.423993	
	0.436257	
	0.447449	
	0.370270	
	0.415582	
	0.337261	
	0.267246	
	0.317306	
	0.721214	
	0.707743	
	0.353491	
	0.390910	
	0.346521	
	0.349289	
	0.347166	
	0.372118	
	0.343707	
	0.340954	
	0.437065	
	0.523820	
	0.373589	
	0.342246	
	0.304529	
	0.320142	
	0.360577	
	0.337649	
	0.420208	
	0.698583	
	0.756984	
	0.782800	
	0.751584	
	0.521403	
	0.324817	
	0.295456	
	0.324698	
	0.329186	
	0.312138	
	0.302620	
	0.316110	
	0.407644	
	0.302910	
	0.334068	
	0.266212	
	0.244544	
	0.335116	
	0.290091	
	0.300060	
	0.292957	
	0.277018	
	0.376113	
	0.338159	
	0.366888	
	0.342315	
	0.363055	
	0.297175	
	0.301359	
	0.235537	
	0.175536	
	0.216231	
	0.248806	
	0.231920	
	0.230058	
	0.214270	
	0.265690	
	0.313732	
	0.344638	
	0.545752	
	0.668089	
	0.560561	
	0.436074	
	0.352420	
	0.295380	
	0.254639	
	0.299899	
	0.320375	
	0.345677	
	0.307095	
	0.326364	
	0.338909	
	0.291849	
	0.351520	
	0.382742	
	0.313775	
	0.332837	
	0.371963	
	0.298331	
	0.276495	
	0.323083	
	0.281469	
	0.329289	
	0.267112	
	0.277797	
	0.290878	
	0.339007	
	0.370679	
	0.588444	
	0.722161	
	0.533060	
	0.443505	
	0.295065	
	0.291770	
	0.344545	
	0.260718	
	0.214471	
	0.257043	
	0.238340	
	0.350114	
	0.814012	
	0.806288	
	0.380694	
	0.375783	
	0.373177	
	0.329290	
	0.381586	
	0.368948	
	0.377079	
	0.394504	
	0.364346	
	0.372519	
	0.426925	
	0.396449	
	0.377428	
	0.349656	
	0.388094	
	0.291490	
	0.327888	
	0.415742	
	0.463286	
	0.398290	
	0.256390	
	0.147213	
	0.174380	
	0.196488	
	0.268865	
	0.433546	
	0.367747	
	0.428196	
	0.411464	
	0.454078	
	0.407561	
	0.395408	
	0.442804	
	0.464329	
	0.528846	
	0.453520	
	0.418862	
	0.435386	
	0.378789	
	0.450568	
	0.312127	
	0.293256	
	0.330635	
	0.327695	
	0.331207	
	0.339752	
	0.322440	
	0.327039	
	0.317305	
	0.380446	
	0.394442	
	0.344154	
	0.346003	
	0.381250	
	0.331194	
	0.338910	
	0.398546	
	0.361815	
	0.349319	
	0.399460	
	0.424920	
	0.356331	
	0.397336	
	0.418533	
	0.446308	
	0.415758	
	0.367485	
	0.400583	
	0.388280	
	0.379410	
	0.432103	
	0.483229	
	0.411165	
	0.368995	
	0.376577	
	0.375893	
	0.347976	
	0.371525	
	0.350326	
	0.327967	
	0.298739	
	0.255202	
	0.250946	
	0.271140	
	0.293609	
	0.341379	
	0.404643	
	0.374088	
	0.378805	
	0.328163	
	0.394033	
	0.370524	
	0.330185	
	0.362567	
	0.394395	
	0.352608	
	0.307233	
	0.304619	
	0.480656	
	0.420921	
	0.377343	
	0.382743	
	0.367946	
	0.404128	
	0.423212	
	0.403633	
	0.372650	
	0.368318	
	0.344689	
	0.300555	
	0.339394	
	0.379467	
	0.419384	
	0.441638	
	0.428197	
	0.388182	
	0.320539	
	0.335392	
	0.336760	
	0.297828	
	0.283630	
	0.308637	
	0.352464	
	0.390258	
	0.343114	
	0.311284	
	0.276569	
	0.278920	
	0.311281	
	0.345989	
	0.360168	
	0.327969	
	0.337597	
	0.287580	
	0.320352	
	0.364769	
	0.343468	
	0.334760	
	0.369486	
	0.383525	
	0.378842	
	0.399158	
	0.445075	
	0.382444	
	0.401499	
	0.382006	
	0.364932	
	0.294780	
	0.329359	
	0.289301	
	0.352314	
	0.510184	
	0.300744	
	0.204702	
	0.268924	
	0.287696	
	0.281141	
	0.293454	
	0.268787	
	0.240467	
	0.193201	
	0.437471	
	0.330184	
	0.331221	
	0.442705	
	0.453325	
	0.417702	
	0.455251	
	0.508790	
	0.473853	
	0.431839	
	0.402171	
	0.379008	
	0.367893	
	0.360838	
	0.343029	
	0.351188	
	0.379523	
	0.422596	
	0.462915	
	0.380995	
	0.421538	
	0.401892	
	0.405350	
	0.425686	
	0.389453	
	0.414241	
	0.436962	
	0.468192	
	0.433131	
	0.446262	
	0.433374	
	0.441342	
	0.467900	
	0.459407	
	0.411108	
	0.429661	
	0.341091	
	0.339251	
	0.335883	
	0.367237	
	0.359464	
	0.318599	
	0.294636	
	0.270789	
	0.274900	
	0.321182	
	0.325897	
	0.298653	
	0.246476	
	0.245241	
	0.363192	
	0.408941	
	0.392657	
	0.346757	
	0.309606	
	0.274395	
	0.259831	
	0.268455	
	0.256632	
	0.310899	
	0.357308	
	0.389394	
	0.371018	
	0.311228	
	0.289605	
	0.291922	
	0.296821	
	0.383676	
	0.351361	
	0.343846	
	0.348484	
	0.345262	
	0.371539	
	0.324714	
	0.237631	
	0.246116	
	0.251556	
	0.202122	
	0.201635	
	0.249006	
	0.335376	
	0.513104	
	0.448269	
	0.394873	
	0.522697	
	0.479085	
	0.413863	
	0.411794	
	0.453665	
	0.516843	
	0.344118	
	0.411854	
	0.322222	
	0.281711	
	0.297852	
	0.331221	
	0.366923	
	0.355784	
	0.351295	
	0.340850	
	0.400080	
	0.426893	
	0.387963	
	0.339785	
	0.336933	
	0.324178	
	0.307830	
	0.319129	
	0.340559	
	0.347669	
	0.421549	
	0.411766	
	0.390836	
	0.337151	
	0.323294	
	0.329478	
	0.324755	
	0.300238	
	0.314113	
	0.206091	
	0.301716	
	0.381893	
	0.357257	
	0.251387	
	0.243698	
	0.305905	
	0.325321	
	0.277604	
	0.254711	
	0.225885	
	0.372701	
	0.371700	
	0.365083	
	0.342019	
	0.306546	
	0.309178	
	0.328949	
	0.331058	
	0.393510	
	0.356374	
	0.442202	
	0.367195	
	0.324601	
	0.312859	
	0.263481	
	0.269097	
	0.310101	
	0.353974	
	0.326259	
	0.249114	
	0.350552	
	0.376711	
	0.353380	
	0.275555	
	0.252739	
	0.288333	
	0.230263	
	0.238971	
	0.294071	
	0.282724	
	0.507236	
	0.496751	
	0.438625	
	0.501095	
	0.455420	
	0.524075	
	0.439170	
	0.436361	
	0.471893	
	0.419156	
	0.429733	
	0.403296	
	0.331587	
	0.312757	
	0.354759	
	0.414747	
	0.378969	
	0.382424	
	0.383706	
	0.409767	
	0.418065	
	0.352647	
	0.300611	
	0.300456	
	0.255615	
	0.285978	
	0.319658	
	0.356326	
	0.363929	
	0.345206	
	0.363971	
	0.397370	
	0.355882	
	0.350244	
	0.314111	
	0.320056	
	0.305817	
	0.303957	
	0.225798	
	0.292385	
	0.367569	
	0.362095	
	0.365728	
	0.364128	
	0.389036	
	0.381957	
	0.350867	
	0.353777	
	0.394432	
	0.434123	
	0.461948	
	0.433562	
	0.352432	
	0.329762	
	0.384488	
	0.337190	
	0.342092	
	0.385014	
	0.354198	
	0.335060	
	0.353832	
	0.357577	
	0.356504	
	0.301786	
	0.336207	
	0.406836	
	0.389468	
	0.423315	
	0.338406	
	0.312972	
	0.336818	
	0.306148	
	0.249584	
	0.237428	
	0.283116	
	0.282052	
	0.238840	
	0.269732	
	0.224735	
	0.399264	
	0.448111	
	0.326726	
	0.365519	
	0.368395	
	0.339028	
	0.334513	
	0.290189	
	0.317263	
	0.294323	
	0.353267	
	0.329558	
	0.272025	
	0.264447	
	0.287050	
	0.324385	
	0.363870	
	0.355800	
	0.357847	
	0.271569	
	0.286603	
	0.259614	
	0.323181	
	0.319900	
	0.274344	
	0.342772	
	0.370544	
	0.388488	
	0.366443	
	0.336749	
	0.325989	
	0.287958	
	0.315250	
	0.312915	
	0.316174	
	0.242407	
	0.253523	
	0.381672	
	0.361160	
	0.274100	
	0.260752	
	0.307435	
	0.383624	
	0.432420	
	0.402353	
	0.346468	
	0.400300	
	0.419292	
	0.496251	
	0.467919	
	0.396031	
	0.360057	
	0.331778	
	0.323236	
	0.299911	
	0.344636	
	0.372321	
	0.377309	
	0.402223	
	0.349646	
	0.346942	
	0.341898	
	0.354435	
	0.358129	
	0.372574	
	0.316858	
	0.313436	
	0.280236	
	0.265283	
	0.231309	
	0.198076	
	0.249795	
	0.262430	
	0.219315	
	0.207821	
	0.228202	
	0.217750	
	0.341638	
	0.305288	
	0.246640	
	0.209552	
	0.254656	
	0.265989	
	0.246239	
	0.303476	
	0.228315	
	0.252874	
	0.265350	
	0.243577	
	0.206781	
	0.175981	
	0.205511	
	0.200498	
	0.190848	
	0.199931	
	0.303589	
	0.344724	
	0.364504	
	0.366309	
	0.323297	
	0.274197	
	0.306119	
	0.311919	
	0.267417	
	0.305273	
	0.310455	
	0.353490	
	0.405758	
	0.389783	
	0.369909	
	0.373049	
	0.375916	
	0.371332	
	0.321382	
	0.314540	
	0.274423	
	0.246570	
	0.330920	
	0.324370	
	0.243996	
	0.214697	
	0.246049	
	0.242219	
	0.271422	
	0.212689	
	0.230896	
	0.350438	
	0.319196	
	0.311162	
	0.287700	
	0.272589	
	0.255276	
	0.233541	
	0.220657	
	0.299953	
	0.333321	
	0.366329	
	0.395263	
	0.366262	
	0.341407	
	0.333414	
	0.319862	
	0.321976	
	0.321312	
	0.321206	
	0.327056	
	0.351224	
	0.350221	
	0.322851	
	0.317807	
	0.308193	
	0.272642	
	0.225853	
	0.197645	
	0.240343	
	0.213763	
	0.470471	
	0.417773	
	0.336910	
	0.311351	
	0.304188	
	0.381444	
	0.402644	
	0.374849	
	0.385433	
	0.365847	
	0.401450	
	0.348978	
	0.339691	
	0.310524	
	0.308264	
	0.358508	
	0.319809	
	0.283178	
	0.351763	
	0.393825	
	0.359696	
	0.382543	
	0.382434	
	0.378650	
	0.412314	
	0.434356	
	0.388431	
	0.363125	
	0.395759	
	0.434334	
	0.412875	
	0.340447	
	0.316039	
	0.299272	
	0.363601	
	0.403341	
	0.384500	
	0.376069	
	0.394248	
	0.241720	
	0.346642	
	0.390680	
	0.368939	
	0.379926	
	0.298901	
	0.291409	
	0.318996	
	0.355432	
	0.372100	
	0.464469	
	0.481029	
	0.414570	
	0.332764	
	0.334090	
	0.344240	
	0.301553	
	0.320659	
	0.379408	
	0.368660	
	0.393769	
	0.374018	
	0.363583	
	0.359574	
	0.323143	
	0.295057	
	0.300918	
	0.348808	
	0.347900	
	0.349166	
	0.275672	
	0.286935	
	0.303268	
	0.341892	
	0.283739	
	0.235174	
	0.251302	
	0.273009	
	0.236306	
	0.256259	
	0.313457	
	0.342366	
	0.414650	
	0.377894	
	0.391900	
	0.360756	
	0.438835	
	0.424818	
	0.385017	
	0.420906	
	0.397192	
	0.335935	
	0.255618	
	0.240175	
	0.228245	
	0.291059	
	0.265640	
	0.224888	
	0.249289	
	0.332135	
	0.354881	
	0.351842	
	0.320953	
	0.242745	
	0.225491	
	0.191064	
	0.231167	
	0.259466	
	0.320023	
	0.358458	
	0.391656	
	0.333364	
	0.314153	
	0.294275	
	0.288968	
	0.278434	
	0.272710	
	0.277689	
	0.282517	
	0.352825	
	0.371526	
	0.353517	
	0.391884	
	0.394425	
	0.391321	
	0.402103	
	0.358736	
	0.331237	
	0.318925	
	0.452393	
	0.407812	
	0.364932	
	0.362725	
	0.321492	
	0.304596	
	0.297536	
	0.300154	
	0.284589	
	0.261469	
	0.374668	
	0.368594	
	0.361585	
	0.338170	
	0.336418	
	0.317379	
	0.299352	
	0.288014	
	0.264390	
	0.240092	
	0.249839	
	0.298168	
	0.326580	
	0.244290	
	0.236255	
	0.242708	
	0.216293	
	0.239059	
	0.220071	
	0.236655	
	0.179065	
	0.354460	
	0.432668	
	0.326898	
	0.257303	
	0.221167	
	0.263809	
	0.232082	
	0.266776	
	0.224688	
	0.180748	
	0.369714	
	0.324698	
	0.349367	
	0.254185	
	0.236329	
	0.256182	
	0.237224	
	0.231193	
	0.295393	
	0.352206	
	0.364586	
	0.338714	
	0.299992	
	0.268660	
	0.233774	
	0.265687	
	0.291270	
	0.255902	
	0.363589	
	0.393694	
	0.481865	
	0.442536	
	0.381993	
	0.329495	
	0.340795	
	0.347254	
	0.307039	
	0.298627	
	0.314363	
	0.365983	
	0.414907	
	0.333842	
	0.410627	
	0.380514	
	0.424780	
	0.412404	
	0.326517	
	0.334115	
	0.356628	
	0.349797	
	0.425916	
	0.456010	
	0.524668	
	0.517640	
	0.539405	
	0.492484	
	0.533867	
	0.582990	
	0.593273	
	0.566865	
	0.600883	
	0.635241	
	0.594070	
	0.539141	
	0.543995	
	0.541423	
	0.452875	
	0.454447	
	0.595738	
	0.540913	
	0.494178	
	0.468441	
	0.466132	
	0.507056	
	0.508269	
	0.538405	
	0.530500	
	0.561142	
	0.541542	
	0.503897	
	0.455082	
	0.436641	
	0.386222	
	0.400903	
	0.414024	
	0.405229	
	0.440118	
	0.432057	
	0.471003	
	0.546057	
	0.584715	
	0.595868	
	0.607300	
	0.606687	
	0.571484	
	0.564938	
	0.566312	
	0.313853	
	0.404826	
	0.421959	
	0.410237	
	0.359525	
	0.319380	
	0.271910	
	0.292320	
	0.309962	
	0.347731	
	0.323241	
	0.269484	
	0.271458	
	0.230545	
	0.237280	
	0.208143	
	0.193539	
	0.235142	
	0.233973	
	0.237356	
	0.261192	
	0.350276	
	0.425522	
	0.345978	
	0.330035	
	0.354962	
	0.345627	
	0.320883	
	0.352173	
	0.288563	
	0.265936	
	0.290544	
	0.268658	
	0.304039	
	0.375588	
	0.393767	
	0.443465	
	0.434143	
	0.396009	
	0.412371	
	0.413927	
	0.414417	
	0.492895	
	0.550538	
	0.487159	
	0.454118	
	0.427261	
	0.353313	
	0.340121	
	0.353525	
	0.348178	
	0.377108	
	0.478824	
	0.419656	
	0.359965	
	0.327604	
	0.327732	
	0.344971	
	0.388406	
	0.315353	
	0.385561	
	0.362889	
	0.451496	
	0.399976	
	0.309779	
	0.341314	
	0.309542	
	0.301588	
	0.271723	
	0.296095	
	0.317883	
	0.330706	
	0.296268	
	0.267593	
	0.281407	
	0.323863	
	0.319682	
	0.370356	
	0.361906	
	0.394991	
	0.383589	
	0.415251	
	0.382730	
	0.399008	
	0.375339	
	0.376448	
	0.316037	
	0.321178	
	0.251456	
	0.235094	
	0.255120	
	0.264542	
	0.234182	
	0.241266	
	0.268885	
	0.247190	
	0.282411	
	0.247024	
	0.226776	
	0.265189	
	0.316033	
	0.322111	
	0.325672	
	0.301799	
	0.336852	
	0.392405	
	0.386893	
	0.373514	
	0.365975	
	0.358479	
	0.392549	
	0.349046	
	0.337747	
	0.353190	
	0.367038	
	0.325486	
	0.348825	
	0.366410	
	0.351042	
	0.367809	
	0.420629	
	0.425851	
	0.419379	
	0.407410	
	0.391273	
	0.404491	
	0.357456	
	0.377758	
	0.342833	
	0.341922	
	0.312172	
	0.323548	
	0.375145	
	0.433281	
	0.420407	
	0.390199	
	0.368807	
	0.365087	
	0.357962	
	0.355088	
	0.356480	
	0.397141	
	0.413653	
	0.453527	
	0.467405	
	0.439334	
	0.363789	
	0.358000	
	0.410904	
	0.459723	
	0.504553	
	0.516618	
	0.504113	
	0.479171	
	0.422876	
	0.351410	
	0.353812	
	0.394992	
	0.404453	
	0.368021	
	0.428160	
	0.376679	
	0.369752	
	0.388154	
	0.388921	
	0.378933	
	0.359718	
	0.322346	
	0.324132	
	0.341713	
	0.414197	
	0.340062	
	0.309944	
	0.312182	
	0.301357	
	0.297124	
	0.303717	
	0.312551	
	0.298453	
	0.324688	
	0.329502	
	0.363785	
	0.310829	
	0.342510	
	0.303772	
	0.261466	
	0.281205	
	0.318292	
	0.296578	
	0.306535	
	0.291595	
	0.284313	
	0.320720	
	0.339680	
	0.334418	
	0.300316	
	0.338152	
	0.343546	
	0.346811	
	0.368530	
	0.434724	
	0.397240	
	0.378554	
	0.364078	
	0.417121	
	0.434841	
	0.430806	
	0.478216	
	0.436466	
	0.440284	
	0.392894	
	0.382829	
	0.424923	
	0.438946	
	0.357192	
	0.349075	
	0.380099	
	0.339934	
	0.331525	
	0.344036	
	0.247128	
	0.170757	
	0.228969	
	0.308140	
	0.279570	
	0.229585	
	0.222337	
	0.305967	
	0.314696	
	0.279912	
	0.286781	
	0.322857	
	0.356941	
	0.339843	
	0.307687	
	0.324287	
	0.408827	
	0.360296	
	0.354581	
	0.291891	
	0.339849	
	0.339417	
	0.291195	
	0.294807	
	0.257607	
	0.228689	
	0.232226	
	0.259951	
	0.299217	
	0.351661	
	0.422399	
	0.356180	
	0.330607	
	0.329079	
	0.374503	
	0.353626	
	0.274637	
	0.333323	
	0.374842	
	0.413160	
	0.358337	
	0.363093	
	0.335104	
	0.343115	
	0.382661	
	0.340031	
	0.446319	
	0.471102	
	0.486167	
	0.460098	
	0.534820	
	0.478432	
	0.458417	
	0.416373	
	0.352029	
	0.461728	
	0.468452	
	0.448019	
	0.389948	
	0.378561	
	0.381691	
	0.390915	
	0.404141	
	0.413146	
	0.475596	
	0.454661	
	0.485567	
	0.501255	
	0.382143	
	0.430857	
	0.404004	
	0.411796	
	0.422789	
	0.408513	
	0.447355	
	0.403332	
	0.385309	
	0.419620	
	0.402538	
	0.332824	
	0.381866	
	0.420664	
	0.413078	
	0.416219	
	0.475680	
	0.532586	
	0.573682	
	0.549334	
	0.545312	
	0.419201	
	0.479593	
	0.448441	
	0.450338	
	0.510890	
	0.501905	
	0.505137	
	0.453941	
	0.423244	
	0.441459	
	0.444793	
	0.399201	
	0.373413	
	0.377259	
	0.380997	
	0.432943	
	0.466888	
	0.444956	
	0.392267	
	0.459666	
	0.381244	
	0.367862	
	0.419858	
	0.374705	
	0.380746	
	0.396384	
	0.462447	
	0.401934	
	0.445201	
	0.335578	
	0.281098	
	0.329203	
	0.348755	
	0.346279	
	0.420815	
	0.468176	
	0.469024	
	0.481103	
	0.482497	
	0.553172	
	0.512552	
	0.432083	
	0.493827	
	0.556320	
	0.469632	
	0.501109	
	0.448627	
	0.459279	
	0.411857	
	0.397349	
	0.434868	
	0.405194	
	0.358521	
	0.391322	
	0.391963	
	0.411099	
	0.427066	
	0.392522	
	0.441012	
	0.340928	
	0.378230	
	0.403344	
	0.365200	
	0.414895	
	0.493094	
	0.512490	
	0.441533	
	0.456593	
	0.402607	
	0.354219	
	0.430190	
	0.399390	
	0.419934	
	0.386941	
	0.404668	
	0.463016	
	0.443585	
	0.406192	
	0.420709	
	0.365789	
	0.312398	
	0.261063	
	0.337790	
	0.317607	
	0.295738	
	0.240786	
	0.258985	
	0.265463	
	0.316651	
	0.377331	
	0.488736	
	0.417081	
	0.421999	
	0.400156	
	0.390016	
	0.403323	
	0.366485	
	0.322708	
	0.406849	
	0.437779	
	0.485466	
	0.484131	
	0.420683	
	0.387463	
	0.358621	
	0.311120	
	0.299382	
	0.308017	
	0.340993	
	0.344665	
	0.432498	
	0.412599	
	0.396820	
	0.384134	
	0.325753	
	0.325155	
	0.375597	
	0.360964	
	0.304029	
	0.354842	
	0.382202	
	0.357165	
	0.369951	
	0.395857	
	0.414126	
	0.404791	
	0.322711	
	0.312043	
	0.141692	
	0.137220	
	0.156970	
	0.167296	
	0.168617	
	0.199577	
	0.229567	
	0.202806	
	0.201405	
	0.164092	
	0.096522	
	0.090960	
	0.147436	
	0.150593	
	0.187502	
	0.158221	
	0.155582	
	0.186719	
	0.156378	
	0.171974	
	0.120497	
	0.110664	
	0.129936	
	0.109969	
	0.126275	
	0.105017	
	0.137062	
	0.131350	
	0.133801	
	0.123246	
	0.131803	
	0.272377	
	0.260801	
	0.260958	
	0.234492	
	0.187544	
	0.199339	
	0.209667	
	0.244413	
	0.228081	
	0.142025	
	0.127971	
	0.115244	
	0.102111	
	0.089678	
	0.130458	
	0.163306	
	0.187019	
	0.165382	
	0.133490	
	0.101480	
	0.087780	
	0.107208	
	0.092167	
	0.104987	
	0.091829	
	0.112999	
	0.155774	
	0.158163	
	0.198374	
	0.196631	
	0.161382	
	0.152632	
	0.166290	
	0.173606	
	0.201126	
	0.213221	
	0.192834	
	0.207197	
	0.201016	
	0.179280	
	0.180727	
	0.177105	
	0.170856	
	0.199488	
	0.181372	
	0.189026	
	0.187060	
	0.219724	
	0.289299	
	0.334185	
	0.328489	
	0.359359	
	0.364370	
	0.347728	
	0.314262	
	0.284559	
	0.255343	
	0.263990	
	0.292075	
	0.332133	
	0.380837	
	0.323847	
	0.309488	
	0.283447	
	0.253400	
	0.242219	
	0.253317	
	0.271916	
	0.295177	
	0.263351	
	0.342597	
	0.386137	
	0.400810	
	0.382833	
	0.392528	
	0.327955	
	0.405723	
	0.389660	
	0.385662	
	0.336356	
	0.419310	
	0.426251	
	0.365223	
	0.346009	
	0.403927	
	0.429658	
	0.398946	
	0.419600	
	0.374354	
	0.416933	
	0.454448	
	0.427265	
	0.393850	
	0.371650	
	0.382740	
	0.365708	
	0.339724	
	0.352881	
	0.397655	
	0.434040	
	0.465868	
	0.413827	
	0.412914	
	0.371148	
	0.313646	
	0.299270	
	0.338051	
	0.369538	
	0.208842	
	0.270142	
	0.262751	
	0.263893	
	0.226027	
	0.246425	
	0.233379	
	0.206637	
	0.204597	
	0.199170	
	0.228254	
	0.258329	
	0.302698	
	0.290806	
	0.261033	
	0.351116	
	0.330355	
	0.386508	
	0.356249	
	0.299792	
	0.322597	
	0.374733	
	0.436775	
	0.310497	
	0.269791	
	0.270274	
	0.284755	
	0.335846	
	0.330093	
	0.309496	
	0.284539	
	0.248647	
	0.243644	
	0.261829	
	0.274300	
	0.336559	
	0.332751	
	0.266782	
	0.433713	
	0.732429	
	0.822954	
	0.666526	
	0.456799	
	0.273168	
	0.320630	
	0.292168	
	0.304189	
	0.314458	
	0.291142	
	0.364636	
	0.256406	
	0.246967	
	0.223004	
	0.159942	
	0.146635	
	0.184054	
	0.211248	
	0.357111	
	0.730015	
	0.686736	
	0.489003	
	0.432733	
	0.390664	
	0.355031	
	0.384256	
	0.353629	
	0.386635	
	0.386393	
	0.312540	
	0.336505	
	0.396304	
	0.352283	
	0.361203	
	0.296922	
	0.258981	
	0.207373	
	0.256075	
	0.221430	
	0.217720	
	0.276208	
	0.238164	
	0.148539	
	0.211736	
	0.229418	
	0.233205	
	0.213234	
	0.213137	
	0.194963	
	0.185593	
	0.235428	
	0.278243	
	0.223891	
	0.209238	
	0.152131	
	0.172865	
	0.155300	
	0.213082	
	0.270059	
	0.218136	
	0.310060	
	0.410597	
	0.423083	
	0.405156	
	0.336425	
	0.279928	
	0.245677	
	0.313318	
	0.305655	
	0.254217	
	0.251004	
	0.326770	
	0.239112	
	0.233447	
	0.282082	
	0.306768	
	0.368436	
	0.367195	
	0.296491	
	0.178490	
	0.196207	
	0.257967	
	0.250648	
	0.260277	
	0.251814	
	0.235619	
	0.215586	
	0.254240	
	0.291023	
	0.310929	
	0.241208	
	0.264742	
	0.309321	
	0.293626	
	0.189331	
	0.262551	
	0.243183	
	0.259856	
	0.607848	
	0.518666	
	0.532995	
	0.435055	
	0.351376	
	0.313767	
	0.276505	
	0.281066	
	0.270950	
	0.261562	
	0.270299	
	0.374151	
	0.418625	
	0.381350	
	0.381897	
	0.351682	
	0.284577	
	0.298571	
	0.319315	
	0.301486	
	0.332160	
	0.481358	
	0.620698	
	0.522679	
	0.289207	
	0.240827	
	0.225646	
	0.248920	
	0.259008	
	0.261168	
	0.327375	
	0.319229	
	0.258817	
	0.243891	
	0.284886	
	0.357965	
	0.365797	
	0.371513	
	0.384047	
	0.511921	
	0.441444	
	0.432297	
	0.416500	
	0.428603	
	0.487617	
	0.401917	
	0.307945	
	0.245123	
	0.242769	
	0.229965	
	0.238184	
	0.252946	
	0.182944	
	0.190406	
	0.193076	
	0.194722	
	0.203906	
	0.205667	
	0.194183	
	0.159401	
	0.134024	
	0.137370	
	0.228677	
	0.204266	
	0.161743	
	0.148132	
	0.122209	
	0.103299	
	0.118522	
	0.135710	
	0.091766	
	0.184699	
	0.175315	
	0.149323	
	0.142471	
	0.156777	
	0.143187	
	0.161590	
	0.205793	
	0.441430	
	0.441971	
	0.469545	
	0.419616	
	0.320508	
	0.313156	
	0.317723	
	0.323529	
	0.311476	
	0.311264	
	0.317469	
	0.389935	
	0.348838	
	0.322680	
	0.318810	
	0.273307	
	0.263937	
	0.317147	
	0.296963	
	0.316739	
	0.314255	
	0.246031	
	0.146111	
	0.172019	
	0.184521	
	0.166879	
	0.176149	
	0.182549	
	0.192270	
	0.191774	
	0.206137	
	0.251475	
	0.223160	
	0.185602	
	0.204244	
	0.231925	
	0.321262	
	0.296178	
	0.336793	
	0.294599	
	0.310565	
	0.415439	
	0.444335	
	0.413653	
	0.352302	
	0.357758	
	0.383799	
	0.313154	
	0.398246	
	0.443335	
	0.401983	
	0.414857	
	0.354975	
	0.361605	
	0.348048	
	0.362428	
	0.426361	
	0.380290	
	0.360524	
	0.308666	
	0.345930	
	0.284452	
	0.262237	
	0.282719	
	0.217173	
	0.244366	
	0.231264	
	0.281603	
	0.302024	
	0.337807	
	0.186835	
	0.224875	
	0.172295	
	0.156290	
	0.162145	
	0.210003	
	0.190716	
	0.218201	
	0.242987	
	0.300013	
	0.451477	
	0.398148	
	0.428241	
	0.338420	
	0.384627	
	0.417969	
	0.402507	
	0.389241	
	0.437892	
	0.383203	
	0.472817	
	0.410288	
	0.427790	
	0.416641	
	0.364409	
	0.336417	
	0.340884	
	0.325877	
	0.338937	
	0.175575	
	0.183733	
	0.155041	
	0.193295	
	0.198626	
	0.207386	
	0.234566	
	0.294187	
	0.362913	
	0.309079	
	0.263102	
	0.376467	
	0.309591	
	0.186310	
	0.166457	
	0.152206	
	0.152755	
	0.193749	
	0.249177	
	0.264126	
	0.298530	
	0.401121	
	0.398965	
	0.378328	
	0.320668	
	0.366188	
	0.406646	
	0.399782	
	0.462096	
	0.481179	
	0.385193	
	0.447991	
	0.388504	
	0.365153	
	0.345339	
	0.368873	
	0.427388	
	0.428522	
	0.371235	
	0.628808	
	0.568412	
	0.454458	
	0.327629	
	0.300485	
	0.304801	
	0.294206	
	0.331667	
	0.364738	
	0.397300	
	0.339348	
	0.356070	
	0.250494	
	0.261160	
	0.337351	
	0.346208	
	0.374267	
	0.343300	
	0.328990	
	0.710683	
	0.687269	
	0.410072	
	0.433513	
	0.350918	
	0.291624	
	0.281022	
	0.320697	
	0.369413	
	0.402198	
	0.339922	
	0.333669	
	0.341852	
	0.357579	
	0.365917	
	0.418215	
	0.384636	
	0.265913	
	0.240060	
	0.228376	
	0.164610	
	0.148535	
	0.181824	
	0.170014	
	0.149782	
	0.129769	
	0.139236	
	0.137660	
	0.118457	
	0.130234	
	0.135308	
	0.170858	
	0.214453	
	0.196302	
	0.169356	
	0.164839	
	0.186580	
	0.165152	
	0.135045	
	0.121019	
	0.106904	
	0.221139	
	0.301525	
	0.336801	
	0.307503	
	0.332148	
	0.387501	
	0.334961	
	0.375177	
	0.382376	
	0.246714	
	0.227416	
	0.286614	
	0.267802	
	0.269792	
	0.308659	
	0.336423	
	0.360741	
	0.340724	
	0.514095	
	0.765660	
	0.693678	
	0.699892	
	0.664823	
	0.390749	
	0.368307	
	0.355072	
	0.327718	
	0.335473	
	0.369974	
	0.364362	
	0.316706	
	0.349066	
	0.296547	
	0.325703	
	0.348216	
	0.329743	
	0.325259	
	0.308850	
	0.561682	
	0.634520	
	0.404168	
	0.465493	
	0.331136	
	0.337665	
	0.352480	
	0.351419	
	0.361888	
	0.342394	
	0.341114	
	0.353231	
	0.464071	
	0.441057	
	0.378535	
	0.383332	
	0.378985	
	0.368129	
	0.380664	
	0.347340	
	0.374719	
	0.276813	
	0.243989	
	0.220901	
	0.159016	
	0.173715	
	0.186263	
	0.170125	
	0.160210	
	0.158471	
	0.204396	
	0.270531	
	0.296659	
	0.239016	
	0.221074	
	0.217946	
	0.215560	
	0.209735	
	0.229401	
	0.246495	
	0.236320	
	0.412044	
	0.432146	
	0.332914	
	0.294131	
	0.275348	
	0.308055	
	0.278632	
	0.278272	
	0.271593	
	0.335410	
	0.294072	
	0.250128	
	0.222060	
	0.224869	
	0.257958	
	0.288279	
	0.290024	
	0.411424	
	0.356958	
	0.750347	
	0.759898	
	0.407456	
	0.292580	
	0.333449	
	0.322978	
	0.316354	
	0.387795	
	0.395379	
	0.395708	
	0.359133	
	0.273946	
	0.234173	
	0.251251	
	0.248839	
	0.215569	
	0.243606	
	0.333236	
	0.365524	
	0.316646	
	0.338709	
	0.364070	
	0.327210	
	0.313538	
	0.248848	
	0.264299	
	0.328172	
	0.287734	
	0.269848	
	0.285316	
	0.396077	
	0.397230	
	0.310674	
	0.330773	
	0.298055	
	0.378050	
	0.275976	
	0.664341	
	0.868155	
	0.712459	
	0.711946	
	0.572355	
	0.389001	
	0.375628	
	0.345658	
	0.351127	
	0.324197	
	0.357577	
	0.424552	
	0.397345	
	0.502163	
	0.412345	
	0.370361	
	0.329230	
	0.383675	
	0.384128	
	0.322173	
	0.377609	
	0.413033	
	0.366253	
	0.380841	
	0.384088	
	0.341870	
	0.349734	
	0.325054	
	0.298007	
	0.320335	
	0.270012	
	0.262152	
	0.260532	
	0.274836	
	0.298541	
	0.245048	
	0.302951	
	0.264811	
	0.352149	
	0.372176	
	0.357122	
	0.267519	
	0.286693	
	0.333444	
	0.312553	
	0.285652	
	0.270301	
	0.377415	
	0.332789	
	0.289535	
	0.357944	
	0.319663	
	0.312758	
	0.280670	
	0.333850	
	0.323026	
	0.289546	
	0.353246	
	0.408011	
	0.317455	
	0.358368	
	0.344695	
	0.400930	
	0.446680	
	0.397209	
	0.393243	
	0.375606	
	0.362919	
	0.406930	
	0.413395	
	0.414448	
	0.395592	
	0.436380	
	0.410369	
	0.425368	
	0.387701	
	0.360062	
	0.381587	
	0.352955	
	0.371523	
	0.254085	
	0.228562	
	0.200698	
	0.191968	
	0.175241	
	0.219579	
	0.221361	
	0.247351	
	0.238379	
	0.274009	
	0.260264	
	0.292347	
	0.273926	
	0.318326	
	0.286322	
	0.316638	
	0.313046	
	0.315568	
	0.389017	
	0.493174	
	0.396235	
	0.405831	
	0.359993	
	0.378194	
	0.329931	
	0.348951	
	0.355806	
	0.280578	
	0.299601	
	0.284597	
	0.223671	
	0.266837	
	0.269229	
	0.284954	
	0.277119	
	0.273166	
	0.374977	
	0.496729	
	0.715395	
	0.740635	
	0.724547	
	0.479427	
	0.301457	
	0.369167	
	0.407654	
	0.391967	
	0.344520	
	0.389741	
	0.342411	
	0.348424	
	0.360756	
	0.356216	
	0.322082	
	0.286499	
	0.229065	
	0.268788	
	0.284665	
	0.308720	
	0.733479	
	0.784939	
	0.574973	
	0.435010	
	0.382550	
	0.373617	
	0.341407	
	0.351886	
	0.353362	
	0.402165	
	0.450216	
	0.439174	
	0.332290	
	0.343248	
	0.270373	
	0.249956	
	0.230605	
	0.256088	
	0.247831	
	0.247052	
	0.232233	
	0.539026	
	0.722025	
	0.371992	
	0.331498	
	0.344038	
	0.419439	
	0.375502	
	0.332680	
	0.374936	
	0.362847	
	0.391147	
	0.420436	
	0.347131	
	0.300652	
	0.255405	
	0.286721	
	0.310906	
	0.279043	
	0.236079	
	0.290855	
	0.418181	
	0.460886	
	0.394943	
	0.377813	
	0.345899	
	0.370634	
	0.405788	
	0.370866	
	0.358694	
	0.362457	
	0.354529	
	0.282945	
	0.272559	
	0.259754	
	0.256647	
	0.233567	
	0.178225	
	0.202558	
	0.165745	
	0.168265	
	0.191493	
	0.225589	
	0.264377	
	0.265124	
	0.216547	
	0.278170	
	0.301932	
	0.229849	
	0.201542	
	0.198101	
	0.229214	
	0.248365	
	0.231120	
	0.232257	
	0.239431	
	0.262412	
	0.233702	
	0.215631	
	0.201693	
	0.296083	
	0.332141	
	0.395276	
	0.461107	
	0.387122	
	0.342581	
	0.410109	
	0.480473	
	0.439182	
	0.415086	
	0.374377	
	0.342235	
	0.345078	
	0.317842	
	0.312989	
	0.370388	
	0.313216	
	0.314815	
	0.310395	
	0.255368	
	0.242172	
	0.325879	
	0.289266	
	0.267923	
	0.245127	
	0.283610	
	0.266669	
	0.327703	
	0.296984	
	0.292190	
	0.333870	
	0.445145	
	0.421247	
	0.363909	
	0.385905	
	0.300682	
	0.282484	
	0.259558	
	0.197878	
	0.206665	
	0.262974	
	0.316082	
	0.281567	
	0.228381	
	0.230423	
	0.209227	
	0.171202	
	0.212574	
	0.257553	
	0.228006	
	0.167249	
	0.215039	
	0.176027	
	0.184444	
	0.165005	
	0.160960	
	0.147128	
	0.112971	
	0.126973	
	0.142080	
	0.163942	
	0.281462	
	0.275073	
	0.247805	
	0.245350	
	0.219092	
	0.223681	
	0.273000	
	0.276404	
	0.342967	
	0.407065	
	0.320698	
	0.319425	
	0.339831	
	0.373581	
	0.331477	
	0.347704	
	0.364392	
	0.415888	
	0.369103	
	0.466403	
	0.370571	
	0.404712	
	0.342649	
	0.341333	
	0.316264	
	0.276479	
	0.275165	
	0.322851	
	0.342846	
	0.322599	
	0.278525	
	0.235357	
	0.198776	
	0.180636	
	0.236009	
	0.208113	
	0.243427	
	0.267552	
	0.331264	
	0.511589	
	0.479168	
	0.332365	
	0.237737	
	0.213545	
	0.280444	
	0.289157	
	0.363696	
	0.308657	
	0.288300	
	0.394634	
	0.326461	
	0.291463	
	0.245466	
	0.224240	
	0.208644	
	0.209909	
	0.207452	
	0.209236	
	0.233453	
	0.342076	
	0.344703	
	0.276765	
	0.236536	
	0.245140	
	0.244170	
	0.183375	
	0.161501	
	0.195723	
	0.198480	
	0.219689	
	0.245068	
	0.297991	
	0.294422	
	0.265918	
	0.260460	
	0.309588	
	0.282477	
	0.354320	
	0.190761	
	0.224698	
	0.209063	
	0.198439	
	0.181765	
	0.174627	
	0.165835	
	0.170834	
	0.166855	
	0.205634	
	0.209770	
	0.309837	
	0.270771	
	0.291338	
	0.286960	
	0.288323	
	0.311040	
	0.339200	
	0.387499	
	0.389985	
	0.343344	
	0.424870	
	0.416429	
	0.392256	
	0.374279	
	0.428344	
	0.436399	
	0.486663	
	0.481224	
	0.296254	
	0.294863	
	0.350147	
	0.344362	
	0.354828	
	0.406447	
	0.346083	
	0.282415	
	0.350621	
	0.433899	
	0.585147	
	0.640748	
	0.467856	
	0.354560	
	0.323028	
	0.300610	
	0.334768	
	0.327454	
	0.321653	
	0.291943	
	0.302579	
	0.297497	
	0.325234	
	0.283734	
	0.326531	
	0.337786	
	0.352722	
	0.384757	
	0.389050	
	0.380479	
	0.331349	
	0.348791	
	0.397025	
	0.384039	
	0.355414	
	0.323219	
	0.289687	
	0.258628	
	0.274381	
	0.327450	
	0.268721	
	0.244057	
	0.284903	
	0.236418	
	0.239088	
	0.249541	
	0.290123	
	0.283163	
	0.699471	
	0.831158	
	0.847100	
	0.808590	
	0.774131	
	0.490626	
	0.348080	
	0.333161	
	0.325674	
	0.391524	
	0.363775	
	0.384564	
	0.352678	
	0.326873	
	0.310424	
	0.331781	
	0.310940	
	0.314208	
	0.315602	
	0.317103	
	0.214940	
	0.244449	
	0.247012	
	0.339717	
	0.412343	
	0.509147	
	0.429374	
	0.321922	
	0.346451	
	0.290643	
	0.290840	
	0.329806	
	0.518546	
	0.419796	
	0.447465	
	0.417853	
	0.371472	
	0.389187	
	0.420878	
	0.419702	
	0.351022	
	0.400016	
	0.364068	
	0.235563	
	0.180774	
	0.213531	
	0.194105	
	0.222904	
	0.247610	
	0.261237	
	0.235280	
	0.267641	
	0.271153	
	0.225588	
	0.273545	
	0.265268	
	0.303413	
	0.364418	
	0.328882	
	0.258947	
	0.254681	
	0.577197	
	0.503594	
	0.361111	
	0.332720	
	0.299470	
	0.263743	
	0.255680	
	0.247587	
	0.273110	
	0.230773	
	0.259212	
	0.272951	
	0.249389	
	0.284528	
	0.270752	
	0.308035	
	0.353948	
	0.467003	
	0.653391	
	0.774129	
	0.767268	
	0.739453	
	0.505226	
	0.287199	
	0.274231	
	0.295358	
	0.309573	
	0.295043	
	0.287229	
	0.297438	
	0.320314	
	0.310752	
	0.260316	
	0.284838	
	0.256605	
	0.307978	
	0.281101	
	0.295509	
	0.268605	
	0.297256	
	0.288189	
	0.402271	
	0.374695	
	0.322835	
	0.367357	
	0.356287	
	0.307184	
	0.319188	
	0.533094	
	0.522603	
	0.403576	
	0.371041	
	0.298010	
	0.274542	
	0.255220	
	0.207432	
	0.202208	
	0.229109	
	0.197334	
	0.274796	
	0.270302	
	0.302654	
	0.340327	
	0.279701	
	0.289501	
	0.311761	
	0.287162	
	0.291888	
	0.290059	
	0.331614	
	0.297933	
	0.292088	
	0.308088	
	0.342042	
	0.289320	
	0.261131	
	0.321805	
	0.227263	
	0.301098	
	0.248201	
	0.224429	
	0.247209	
	0.220137	
	0.208786	
	0.218216	
	0.204392	
	0.204013	
	0.198816	
	0.187186	
	0.219468	
	0.256433	
	0.362309	
	0.197227	
	0.218484	
	0.229285	
	0.218618	
	0.235669	
	0.185192	
	0.168338	
	0.448700	
	0.641861	
	0.607651	
	0.515803	
	0.361702	
	0.321997	
	0.360957	
	0.337783	
	0.323405	
	0.346542	
	0.332582	
	0.352402	
	0.386605	
	0.401425	
	0.354160	
	0.287867	
	0.317545	
	0.295523	
	0.284915	
	0.254343	
	0.341713	
	0.724350	
	0.628355	
	0.451115	
	0.420613	
	0.445150	
	0.445787	
	0.447214	
	0.470015	
	0.490928	
	0.512801	
	0.505643	
	0.434475	
	0.456789	
	0.413590	
	0.364643	
	0.339729	
	0.278775	
	0.261465	
	0.276892	
	0.186942	
	0.162981	
	0.159149	
	0.360786	
	0.263174	
	0.166640	
	0.190693	
	0.173635	
	0.138706	
	0.160343	
	0.189933	
	0.184699	
	0.212381	
	0.257394	
	0.284562	
	0.258055	
	0.240330	
	0.277308	
	0.276419	
	0.341031	
	0.229182	
	0.233467	
	0.249056	
	0.337444	
	0.450109	
	0.380912	
	0.323683	
	0.348878	
	0.249700	
	0.332737	
	0.333397	
	0.275150	
	0.335046	
	0.306861	
	0.292789	
	0.242723	
	0.222799	
	0.228923	
	0.223381	
	0.251643	
	0.308752	
	0.303410	
	0.265752	
	0.264450	
	0.322723	
	0.281695	
	0.238356	
	0.247547	
	0.325013	
	0.262716	
	0.250290	
	0.333253	
	0.295778	
	0.174095	
	0.250130	
	0.237740	
	0.213780	
	0.247699	
	0.231539	
	0.186167	
	0.230114	
	0.372424	
	0.362038	
	0.368546	
	0.410970	
	0.358673	
	0.340237	
	0.333927	
	0.338877	
	0.283719	
	0.308436	
	0.287323	
	0.294291	
	0.377741	
	0.388874	
	0.318104	
	0.261323	
	0.282331	
	0.255792	
	0.249070	
	0.248937	
	0.258481	
	0.249221	
	0.190106	
	0.213064	
	0.163359	
	0.135436	
	0.127080	
	0.117143	
	0.132361	
	0.127341	
	0.131426	
	0.153440	
	0.204632	
	0.340330	
	0.249025	
	0.229676	
	0.199718	
	0.182141	
	0.206139	
	0.215915	
	0.220253	
	0.358735	
	0.456517	
	0.433197	
	0.315726	
	0.273670	
	0.285989	
	0.295270	
	0.290024	
	0.262612	
	0.283071	
	0.310841	
	0.206520	
	0.168033	
	0.251308	
	0.196532	
	0.156532	
	0.157420	
	0.169044	
	0.206310	
	0.158222	
	0.146381	
	0.164738	
	0.145750	
	0.377341	
	0.275368	
	0.210442	
	0.195085	
	0.213195	
	0.206745	
	0.195771	
	0.186791	
	0.116555	
	0.264150	
	0.261509	
	0.196087	
	0.195592	
	0.163367	
	0.177565	
	0.152140	
	0.204108	
	0.227578	
	0.314581	
	0.346269	
	0.362342	
	0.287410	
	0.254730	
	0.252983	
	0.262045	
	0.300731	
	0.267968	
	0.234651	
	0.309716	
	0.365626	
	0.336172	
	0.340789	
	0.333314	
	0.319874	
	0.299607	
	0.305318	
	0.292051	
	0.184528	
	0.161821	
	0.246017	
	0.196282	
	0.143641	
	0.133849	
	0.143500	
	0.117834	
	0.114603	
	0.112658	
	0.130451	
	0.226508	
	0.340704	
	0.275199	
	0.231037	
	0.205052	
	0.196521	
	0.195239	
	0.193355	
	0.249896	
	0.312296	
	0.369999	
	0.380671	
	0.289387	
	0.264906	
	0.241833	
	0.230777	
	0.271857	
	0.239760	
	0.227895	
	0.251396	
	0.211986	
	0.191881	
	0.182979	
	0.160413	
	0.154828	
	0.157070	
	0.163862	
	0.153518	
	0.180883	
	0.173679	
	0.256861	
	0.244687	
	0.172681	
	0.148620	
	0.164234	
	0.155183	
	0.164955	
	0.179821	
	0.120429	
	0.243605	
	0.202149	
	0.145496	
	0.146125	
	0.161476	
	0.136647	
	0.133518	
	0.152180	
	0.178909	
	0.355716	
	0.370144	
	0.321872	
	0.304476	
	0.302946	
	0.307759	
	0.295527	
	0.296048	
	0.278496	
	0.287893	
	0.272114	
	0.342599	
	0.357779	
	0.366286	
	0.313021	
	0.291860	
	0.258331	
	0.263913	
	0.250260	
	0.290949	
	0.221604	
	0.192663	
	0.154580	
	0.130983	
	0.124108	
	0.128281	
	0.125493	
	0.107812	
	0.124478	
	0.169745	
	0.367702	
	0.321458	
	0.253080	
	0.229556	
	0.205923	
	0.211912	
	0.182290	
	0.172272	
	0.206961	
	0.403054	
	0.404710	
	0.350340	
	0.315228	
	0.289001	
	0.309736	
	0.262255	
	0.304391	
	0.313826	
	0.184939	
	0.145522	
	0.233569	
	0.229898	
	0.189829	
	0.180471	
	0.198786	
	0.206577	
	0.215196	
	0.190753	
	0.199327	
	0.150540	
	0.321951	
	0.237036	
	0.216644	
	0.164947	
	0.184368	
	0.168854	
	0.157904	
	0.150372	
	0.144071	
	0.244672	
	0.259052	
	0.186043	
	0.171657	
	0.146286	
	0.142842	
	0.158103	
	0.163409	
	0.170000	
	0.285570	
	0.437690	
	0.414317	
	0.310884	
	0.259662	
	0.282480	
	0.319854	
	0.245138	
	0.280780	
	0.248239	
	0.380997	
	0.440845	
	0.469029	
	0.426906	
	0.429955	
	0.367343	
	0.339959	
	0.381474	
	0.324545	
	0.299939	
	0.202713	
	0.242096	
	0.201793	
	0.153262	
	0.116710	
	0.119363	
	0.122374	
	0.144006	
	0.136422	
	0.135623	
	0.172967	
	0.330388	
	0.262428	
	0.223821	
	0.187501	
	0.194191	
	0.192577	
	0.203734	
	0.204253	
	0.314958	
	0.361385	
	0.359102	
	0.309906	
	0.272950	
	0.248116	
	0.251172	
	0.286480	
	0.321387	
	0.276109	
	0.316783	
	0.253378	
	0.181165	
	0.169960	
	0.136976	
	0.129384	
	0.139076	
	0.133575	
	0.138822	
	0.146107	
	0.158070	
	0.252193	
	0.298214	
	0.171800	
	0.146154	
	0.164571	
	0.158069	
	0.150066	
	0.137541	
	0.143461	
	0.133961	
	0.273291	
	0.196503	
	0.163712	
	0.145173	
	0.152960	
	0.172435	
	0.170016	
	0.212071	
	0.345638	
	0.387808	
	0.369305	
	0.300089	
	0.242113	
	0.239294	
	0.241329	
	0.271218	
	0.283148	
	0.257081	
	0.292010	
	0.343918	
	0.379263	
	0.401645	
	0.344539	
	0.340197	
	0.316587	
	0.292892	
	0.277261	
	0.296145	
	0.205811	
	0.219091	
	0.187130	
	0.150050	
	0.124295	
	0.122013	
	0.133084	
	0.116923	
	0.121701	
	0.133903	
	0.209986	
	0.375359	
	0.306621	
	0.235168	
	0.215309	
	0.210270	
	0.212311	
	0.215901	
	0.237348	
	0.219936	
	0.344477	
	0.369740	
	0.352052	
	0.309754	
	0.322132	
	0.299903	
	0.307171	
	0.325914	
	0.283498	
	0.155857	
	0.213269	
	0.217057	
	0.156461	
	0.134671	
	0.163266	
	0.170483	
	0.173255	
	0.143014	
	0.149379	
	0.153486	
	0.278657	
	0.232230	
	0.190155	
	0.157875	
	0.166015	
	0.182903	
	0.172594	
	0.157673	
	0.141704	
	0.157016	
	0.234931	
	0.185467	
	0.183114	
	0.167336	
	0.173328	
	0.195332	
	0.179486	
	0.173456	
	0.287124	
	0.442577	
	0.423327	
	0.307701	
	0.280796	
	0.252432	
	0.274968	
	0.289051	
	0.288160	
	0.326643	
	0.310122	
	0.328642	
	0.354030	
	0.386263	
	0.363166	
	0.334727	
	0.356115	
	0.392209	
	0.369044	
	0.367337	
	0.235529	
	0.250354	
	0.206736	
	0.159384	
	0.124398	
	0.140384	
	0.152960	
	0.160464	
	0.161875	
	0.171117	
	0.366808	
	0.341025	
	0.265266	
	0.225258	
	0.228644	
	0.244012	
	0.247752	
	0.236905	
	0.295507	
	0.367186	
	0.363945	
	0.365888	
	0.308005	
	0.280765	
	0.248586	
	0.229153	
	0.287916	
	0.303769	
	0.291901	
	0.210889	
	0.231223	
	0.211623	
	0.194867	
	0.180282	
	0.180777	
	0.193983	
	0.196750	
	0.183020	
	0.222376	
	0.156006	
	0.265866	
	0.216607	
	0.180235	
	0.189366	
	0.196288	
	0.232112	
	0.231560	
	0.229905	
	0.226705	
	0.217129	
	0.250741	
	0.189853	
	0.160138	
	0.169615	
	0.185968	
	0.225341	
	0.241995	
	0.306789	
	0.301304	
	0.431727	
	0.312874	
	0.262528	
	0.261391	
	0.236420	
	0.260580	
	0.306720	
	0.290965	
	0.316591	
	0.386391	
	0.394676	
	0.398052	
	0.344128	
	0.307148	
	0.309681	
	0.332860	
	0.370173	
	0.392348	
	0.378900	
	0.188170	
	0.229002	
	0.201278	
	0.171292	
	0.150480	
	0.186857	
	0.185417	
	0.180336	
	0.206275	
	0.254231	
	0.371293	
	0.397916	
	0.340886	
	0.318177	
	0.334712	
	0.372273	
	0.409953	
	0.418860	
	0.397364	
	0.322752	
	0.368086	
	0.315995	
	0.346736	
	0.315317	
	0.326382	
	0.336867	
	0.380493	
	0.360719	
	0.367085	
	0.202127	
	0.301626	
	0.311344	
	0.277737	
	0.273903	
	0.284901	
	0.335459	
	0.325846	
	0.365285	
	0.368745	
	0.306535	
	0.335480	
	0.288716	
	0.265815	
	0.309091	
	0.348440	
	NaN	
	NaN	
	0.414132	
	0.401435	
	0.362233	
	0.365986	
	0.342093	
	NaN	
	NaN	
	NaN	
	NaN	
	NaN	
	NaN	
	0.423692	
	0.431745	
	0.482881	
	0.446187	
	0.405875	
	NaN	
	NaN	
	NaN	
	NaN	
	NaN	
	NaN	
	0.465125	
	NaN	
	NaN	
	NaN	
	NaN	
	NaN	
	NaN	
	NaN	
	NaN	
	NaN	
	NaN	
	NaN	
	NaN	
	NaN	
	NaN	
	NaN	
	NaN	
	NaN	
	NaN	
	NaN	
	NaN	
	NaN	
	NaN	
	NaN	
	NaN	
	NaN	
	NaN	
	NaN	
	NaN	
	NaN	
	NaN	
	NaN	
	NaN	
	NaN	
	NaN	
	NaN	
	NaN	
	NaN	
	NaN	
	NaN	
	NaN	
	NaN	
	NaN	
	NaN	
	NaN	
	NaN	
	NaN	
	NaN	
	NaN	
	NaN	
	NaN	
	NaN	
	NaN	
	NaN	
	NaN	
	NaN	
	NaN	
	NaN	
	NaN	
	NaN	
	NaN	
	NaN	
	NaN	
	NaN	
	NaN	
	NaN	
	NaN	
	NaN	
	NaN	
	NaN	
	NaN	
	NaN	
	NaN	
	NaN	
	NaN	
	NaN	
	NaN	
	NaN	
	NaN	
	NaN	
	NaN	
	NaN	
	NaN	
	NaN	
	NaN	
	NaN	
	NaN	
	NaN	
	NaN	
	NaN	
	NaN	
	NaN	
	NaN	
	NaN	
	NaN	
	NaN	
	NaN	
	NaN	
	NaN	
	NaN	
	NaN	
	NaN	
	NaN	
	NaN	
	NaN	
	NaN	
	NaN	
	NaN	
	NaN	
	NaN	
	NaN	
	NaN	
	NaN	
	NaN	
	NaN	
	NaN	
	NaN	
	NaN	
	NaN	
	NaN	
	NaN	
	NaN	
	NaN	
	NaN	
	NaN	
	NaN	
	NaN	
	NaN	
	NaN	
	NaN	
	NaN	
	NaN	
	NaN	
	NaN	
