_Mode		
	0.029260	
	0.048792	
	-0.028811	
	0.001932	
	0.013522	
	0.001878	
	0.178675	
	0.116099	
	0.165863	
	0.047312	
	0.038871	
	-0.098465	
	-0.080165	
	-0.054329	
	-0.149616	
	-0.067617	
	0.237343	
	0.136846	
	0.068698	
	-0.009827	
	0.212353	
	0.131491	
	0.028880	
	-0.071390	
	-0.057524	
	0.141211	
	0.080774	
	-0.072936	
	-0.008516	
	0.031166	
	0.118470	
	0.146388	
	0.209658	
	0.106335	
	0.219299	
	0.125759	
	0.151270	
	0.132637	
	0.028984	
	-0.064427	
	-0.083763	
	-0.001128	
	-0.027133	
	-0.039066	
	-0.172184	
	0.032095	
	-0.016151	
	-0.012902	
	0.151650	
	0.109266	
	-0.125466	
	-0.067017	
	0.038800	
	-0.093710	
	0.054380	
	-0.035652	
	-0.028391	
	0.053140	
	0.067648	
	0.023688	
	-0.034342	
	0.102966	
	-0.149078	
	-0.118844	
	-0.135606	
	-0.009108	
	0.046401	
	0.139538	
	-0.046538	
	-0.074513	
	-0.119213	
	-0.127814	
	-0.068049	
	0.073579	
	0.158019	
	0.050947	
	-0.212731	
	0.144901	
	-0.005776	
	0.079197	
	0.190092	
	0.052415	
	0.094761	
	-0.006540	
	0.075621	
	-0.103459	
	0.099813	
	0.119494	
	0.192233	
	0.084396	
	-0.017759	
	-0.154702	
	0.018108	
	0.197712	
	0.146207	
	0.049025	
	0.079309	
	-0.076176	
	0.097735	
	0.078074	
	0.054264	
	0.080180	
	0.159208	
	0.042069	
	0.027022	
	-0.132764	
	0.062747	
	-0.156070	
	-0.133739	
	-0.161908	
	-0.087863	
	-0.005418	
	0.089546	
	0.066094	
	-0.110059	
	-0.079088	
	0.081433	
	0.014708	
	-0.021423	
	-0.032849	
	-0.110064	
	-0.105322	
	-0.026769	
	-0.089023	
	0.016155	
	-0.110003	
	-0.120739	
	-0.275391	
	0.001496	
	0.049937	
	-0.000303	
	0.057683	
	0.177475	
	0.102601	
	0.143514	
	0.031784	
	0.189534	
	-0.138123	
	0.077079	
	-0.007295	
	0.075656	
	-0.046364	
	0.019014	
	0.096352	
	0.180987	
	0.125243	
	0.014472	
	-0.008676	
	-0.161570	
	-0.096567	
	-0.063126	
	0.050982	
	-0.034631	
	-0.082794	
	-0.146012	
	0.097804	
	-0.048156	
	-0.027395	
	0.042651	
	0.034037	
	-0.054378	
	-0.077377	
	-0.143328	
	0.024877	
	0.100280	
	0.095208	
	0.068391	
	-0.033017	
	-0.080035	
	-0.045437	
	0.008067	
	0.081222	
	0.011944	
	0.230653	
	-0.025419	
	0.062295	
	-0.328980	
	-0.129354	
	-0.133681	
	0.024328	
	0.042999	
	-0.012323	
	0.052002	
	0.000897	
	-0.037993	
	-0.037414	
	-0.077042	
	-0.013555	
	-0.018440	
	-0.064842	
	0.035987	
	0.083895	
	0.050810	
	0.128590	
	0.075622	
	0.079328	
	-0.049211	
	0.072414	
	-0.110148	
	-0.024949	
	-0.082950	
	-0.024974	
	0.026558	
	-0.014873	
	0.064421	
	0.036192	
	-0.121640	
	-0.144071	
	-0.069689	
	-0.017693	
	0.089826	
	0.003749	
	-0.068043	
	-0.227897	
	0.165841	
	0.026275	
	0.110739	
	-0.123552	
	0.122216	
	-0.041852	
	0.023001	
	0.088854	
	0.118494	
	0.093984	
	-0.020927	
	-0.002619	
	0.131942	
	-0.090239	
	-0.053125	
	0.024500	
	-0.046081	
	-0.047549	
	0.105486	
	-0.077206	
	0.027679	
	0.048108	
	0.163205	
	-0.042310	
	0.190211	
	-0.071752	
	0.004832	
	-0.091167	
	-0.175992	
	-0.113378	
	-0.016197	
	-0.147939	
	0.022745	
	0.097861	
	0.009597	
	0.221518	
	0.148527	
	0.188341	
	0.125206	
	0.085872	
	-0.066436	
	-0.089874	
	-0.035470	
	-0.064925	
	0.040486	
	0.148314	
	0.008171	
	-0.005262	
	0.167799	
	0.083842	
	0.057108	
	0.031126	
	0.040547	
	-0.050113	
	-0.161539	
	-0.035626	
	-0.109955	
	-0.026110	
	0.046544	
	-0.083041	
	-0.061699	
	0.098464	
	0.139143	
	0.023077	
	0.047743	
	0.335837	
	0.019886	
	0.020791	
	-0.083947	
	-0.061941	
	-0.026456	
	-0.108710	
	0.023705	
	-0.031893	
	-0.062033	
	-0.045354	
	-0.132354	
	0.074016	
	-0.004672	
	-0.085380	
	-0.106497	
	0.087043	
	-0.139465	
	0.042035	
	0.032020	
	-0.072262	
	0.014104	
	0.102848	
	0.013613	
	0.157145	
	-0.075615	
	-0.046020	
	0.053472	
	-0.211610	
	-0.150416	
	-0.212419	
	0.168142	
	0.068815	
	-0.108220	
	-0.107798	
	-0.074141	
	0.075761	
	0.062352	
	0.127505	
	0.134612	
	-0.231836	
	0.249346	
	0.098689	
	0.024999	
	0.101881	
	-0.068998	
	0.260776	
	-0.123408	
	-0.048182	
	0.060731	
	0.010911	
	0.117700	
	-0.039464	
	0.181148	
	-0.033166	
	-0.100435	
	-0.155878	
	0.190695	
	0.111192	
	-0.012961	
	-0.000443	
	0.153502	
	0.080286	
	-0.044311	
	0.054248	
	0.033175	
	0.091500	
	0.018402	
	-0.001783	
	-0.196951	
	0.116450	
	-0.148880	
	0.053430	
	0.089752	
	-0.024225	
	0.028413	
	-0.203474	
	-0.053450	
	0.139472	
	0.058831	
	0.010531	
	-0.049654	
	0.029973	
	-0.066048	
	-0.063420	
	-0.084486	
	-0.026000	
	-0.054155	
	-0.147487	
	-0.029989	
	0.034997	
	0.080256	
	0.186682	
	0.127048	
	0.336935	
	0.088410	
	-0.024460	
	0.047731	
	0.159336	
	-0.031892	
	0.087823	
	0.065016	
	0.158150	
	0.045664	
	0.081875	
	-0.101114	
	-0.203788	
	0.002012	
	0.018070	
	-0.063009	
	0.000000	
	0.000000	
