_Brightness		
	NaN	
	NaN	
	NaN	
	NaN	
	NaN	
	NaN	
	NaN	
	NaN	
	NaN	
	NaN	
	NaN	
	NaN	
	NaN	
	NaN	
	NaN	
	NaN	
	NaN	
	NaN	
	NaN	
	NaN	
	NaN	
	NaN	
	NaN	
	NaN	
	NaN	
	0.819026	
	0.668561	
	0.699134	
	0.691299	
	0.682364	
	0.707969	
	0.713735	
	0.704733	
	0.692522	
	0.705981	
	0.725642	
	0.803994	
	0.816440	
	0.829680	
	0.818330	
	0.814339	
	0.821579	
	0.812508	
	0.821008	
	0.820172	
	0.826544	
	0.828721	
	0.817470	
	0.801576	
	0.798185	
	0.809197	
	0.816737	
	0.794554	
	0.851329	
	0.864260	
	0.914199	
	0.936460	
	0.898292	
	0.867029	
	0.867857	
	0.866110	
	0.873075	
	0.873227	
	0.880468	
	0.884069	
	0.885472	
	0.904012	
	0.886212	
	0.899644	
	0.890193	
	0.885650	
	0.880205	
	0.857617	
	0.879000	
	0.883857	
	0.887380	
	0.887968	
	0.883944	
	0.872906	
	0.888868	
	0.861496	
	0.844739	
	0.833775	
	0.837296	
	0.856433	
	0.846611	
	0.834682	
	0.836799	
	0.857979	
	0.854181	
	0.840584	
	0.844068	
	0.810356	
	0.860899	
	0.843743	
	0.838775	
	0.852874	
	0.862124	
	0.825872	
	0.849814	
	0.837374	
	0.862488	
	0.817192	
	0.807793	
	0.787094	
	0.786120	
	0.815343	
	0.814404	
	0.828193	
	0.808744	
	0.809271	
	0.804935	
	0.856718	
	0.844372	
	0.841527	
	0.850829	
	0.832931	
	0.822373	
	0.826577	
	0.823835	
	0.824651	
	0.840326	
	0.833967	
	0.811417	
	0.769108	
	0.778633	
	0.792403	
	0.815860	
	0.845375	
	0.838011	
	0.804342	
	0.791878	
	0.794022	
	0.778158	
	0.817567	
	0.863609	
	0.875136	
	0.838206	
	0.828937	
	0.797298	
	0.795085	
	0.776209	
	0.790774	
	0.781449	
	0.806712	
	0.807596	
	0.845427	
	0.818586	
	0.815383	
	0.822478	
	0.800161	
	0.812370	
	0.790015	
	0.767477	
	0.772186	
	0.788097	
	0.748596	
	0.749173	
	0.767773	
	0.782542	
	0.819639	
	0.844716	
	0.808838	
	0.794098	
	0.779097	
	0.794183	
	0.786212	
	0.794214	
	0.797536	
	0.786627	
	0.782181	
	0.799810	
	0.818877	
	0.799027	
	0.824977	
	0.840860	
	0.821994	
	0.817843	
	0.832601	
	0.825480	
	0.829096	
	0.821942	
	0.805647	
	0.785093	
	0.784220	
	0.789858	
	0.795683	
	0.791278	
	0.784155	
	0.789513	
	0.799491	
	0.782711	
	0.781619	
	0.781227	
	0.797265	
	0.755136	
	0.729608	
	0.727500	
	0.737617	
	0.762054	
	0.797146	
	0.784065	
	0.806190	
	0.806480	
	0.805794	
	0.817645	
	0.791226	
	0.792155	
	0.779761	
	0.782222	
	0.763021	
	0.741261	
	0.720787	
	0.723507	
	0.712963	
	0.745133	
	0.767090	
	0.798092	
	0.798361	
	0.806660	
	0.763689	
	0.768021	
	0.771123	
	0.774018	
	0.792292	
	0.716571	
	0.748422	
	0.759241	
	0.777100	
	0.746926	
	0.746484	
	0.789369	
	0.767609	
	0.774594	
	0.756807	
	0.697338	
	0.772386	
	0.763197	
	0.708623	
	0.654193	
	0.651243	
	0.690209	
	0.677459	
	0.692482	
	0.721070	
	0.703315	
	0.653924	
	0.628758	
	0.664505	
	0.678092	
	0.698758	
	0.686926	
	0.602994	
	0.592766	
	0.610882	
	0.596262	
	0.648762	
	0.671130	
	0.653883	
	0.667844	
	0.637762	
	0.677154	
	0.655212	
	0.634359	
	0.775607	
	0.649295	
	0.571348	
	0.683226	
	0.421399	
	0.570488	
	0.620871	
	0.549439	
	0.682125	
	0.667154	
	0.649038	
	0.634211	
	0.599793	
	0.573020	
	0.538325	
	0.497398	
	0.515207	
	0.507700	
	0.498261	
	0.502416	
	0.495350	
	0.471738	
	0.496556	
	0.488092	
	0.482164	
	0.483337	
	0.514084	
	0.510595	
	0.473178	
	0.483027	
	0.459818	
	0.491141	
	0.480363	
	0.474461	
	0.469812	
	0.429213	
	0.441827	
	0.398050	
	0.422579	
	0.405280	
	0.368785	
	0.396789	
	0.418988	
	0.386564	
	0.382480	
	0.363005	
	0.344746	
	0.350202	
	0.340380	
	0.440033	
	0.468860	
	0.493223	
	0.526122	
	0.537646	
	0.531005	
	0.498458	
	0.718120	
	0.600844	
	0.760518	
	0.635151	
	0.634437	
	0.649449	
	0.740080	
	0.688571	
	0.679409	
	0.661447	
	0.658044	
	0.648961	
	0.650828	
	0.658552	
	0.646077	
	0.635675	
	0.625378	
	0.620907	
	0.590058	
	0.578586	
	0.552586	
	0.569460	
	0.583937	
	0.624770	
	0.600634	
	0.570679	
	0.614630	
	0.604726	
	0.596171	
	0.538889	
	0.565609	
	0.533253	
	0.534353	
	0.540680	
	0.521225	
	0.528287	
	0.497037	
	0.523343	
	0.488109	
	0.462847	
	0.457981	
	0.465493	
	0.456547	
	0.434183	
	0.473173	
	0.467344	
	0.444460	
	0.442423	
	0.508540	
	0.527143	
	0.497922	
	0.501678	
	0.580771	
	0.555647	
	0.617080	
	0.741320	
	0.763307	
	0.626141	
	0.641184	
	0.624190	
	0.598067	
	0.584386	
	0.555874	
	0.559550	
	0.569782	
	0.560587	
	0.569449	
	0.601085	
	0.609690	
	0.596801	
	0.568069	
	0.569020	
	0.554057	
	0.572028	
	0.580988	
	0.562777	
	0.555190	
	0.540702	
	0.537710	
	0.508038	
	0.536718	
	0.511870	
	0.516180	
	0.476382	
	0.448130	
	0.466698	
	0.498653	
	0.471463	
	0.484979	
	0.483034	
	0.514697	
	0.464549	
	0.428829	
	0.483476	
	0.486016	
	0.431932	
	0.475684	
	0.455502	
	0.431256	
	0.410301	
	0.412485	
	0.421122	
	0.400249	
	0.394748	
	0.372206	
	0.352594	
	0.375001	
	0.385549	
	0.354416	
	0.360400	
	0.358197	
	0.313091	
	0.316991	
	0.281900	
	0.318471	
	0.292272	
	0.301080	
	0.301751	
	0.259217	
	0.281081	
	0.282763	
	0.273111	
	0.298825	
	0.259684	
	0.275027	
	0.280948	
	0.268738	
	0.286824	
	0.325289	
	0.296864	
	0.312102	
	0.321082	
	0.317961	
	0.314473	
	0.313781	
	0.323183	
	0.309626	
	0.333562	
	0.324020	
	0.323868	
	0.320059	
	0.475704	
	0.509533	
	0.557536	
	0.586953	
	0.537879	
	0.595906	
	0.628751	
	0.652118	
	0.688770	
	0.704487	
	0.688936	
	0.719177	
	0.720075	
	0.733559	
	0.685651	
	0.762069	
	0.711090	
	0.717459	
	0.709799	
	0.738276	
	0.746534	
	0.763403	
	0.726605	
	0.568547	
	0.608983	
	0.649501	
	0.633776	
	0.602521	
	0.537035	
	0.530140	
	0.509150	
	0.538186	
	0.551983	
	0.526394	
	0.567101	
	0.593707	
	0.570499	
	0.561392	
	0.617019	
	0.655416	
	0.619310	
	0.637938	
	0.687146	
	0.677972	
	0.654624	
	0.630237	
	0.631723	
	0.639380	
	0.652091	
	0.663302	
	0.705368	
	0.734945	
	0.754820	
	0.806577	
	0.840638	
	0.868687	
	0.832644	
	0.774971	
	0.767561	
	0.751720	
	0.768165	
	0.764369	
	0.747342	
	0.715053	
	0.682424	
	0.759303	
	0.666676	
	0.550597	
	0.609813	
	0.563989	
	0.536905	
	0.566324	
	0.568069	
	0.581233	
	0.604384	
	0.563978	
	0.581224	
	0.516054	
	0.596645	
	0.650736	
	0.601212	
	0.554105	
	0.547349	
	0.521441	
	0.539995	
	0.518221	
	0.461218	
	0.442773	
	0.468291	
	0.475861	
	0.464957	
	0.483277	
	0.645737	
	0.613826	
	0.588735	
	0.539868	
	0.544566	
	0.538421	
	0.557284	
	0.595096	
	0.547157	
	0.565400	
	0.571916	
	0.611114	
	0.599226	
	0.666977	
	0.700571	
	0.802955	
	0.820488	
	0.782855	
	0.769650	
	0.713110	
	0.682999	
	0.694792	
	0.711177	
	0.717121	
	0.648212	
	0.657988	
	0.629915	
	0.791064	
	0.612135	
	0.492857	
	0.475005	
	0.462853	
	0.455971	
	0.444788	
	0.451757	
	0.460214	
	0.459304	
	0.452497	
	0.393176	
	0.415312	
	0.622371	
	0.771207	
	0.647463	
	0.515523	
	0.581322	
	0.549247	
	0.554890	
	0.553166	
	0.606809	
	0.610705	
	0.579701	
	0.577589	
	0.561597	
	0.573148	
	0.587315	
	0.578618	
	0.560071	
	0.582688	
	0.592472	
	0.599450	
	0.606108	
	0.617715	
	0.597984	
	0.571842	
	0.560875	
	0.555266	
	0.517922	
	0.748636	
	0.768636	
	0.802838	
	0.815111	
	0.792195	
	0.780425	
	0.731697	
	0.674178	
	0.755441	
	0.719200	
	0.732330	
	0.727257	
	0.713004	
	0.707426	
	0.683117	
	0.559145	
	0.545242	
	0.546816	
	0.572349	
	0.566533	
	0.549612	
	0.548729	
	0.558477	
	0.589704	
	0.623005	
	0.658177	
	0.652874	
	0.751027	
	0.696210	
	0.567345	
	0.543247	
	0.523181	
	0.536626	
	0.575940	
	0.595829	
	0.636959	
	0.634562	
	0.638404	
	0.625687	
	0.605885	
	0.640644	
	0.669322	
	0.648055	
	0.621814	
	0.588771	
	0.612998	
	0.613159	
	0.610948	
	0.614008	
	0.627987	
	0.635117	
	0.621708	
	0.626059	
	0.576403	
	0.742345	
	0.796708	
	0.809559	
	0.845026	
	0.822589	
	0.819695	
	0.779582	
	0.775320	
	0.775668	
	0.791442	
	0.724850	
	0.746913	
	0.742246	
	0.703867	
	0.705164	
	0.652728	
	0.635869	
	0.648150	
	0.635288	
	0.591117	
	0.564414	
	0.569929	
	0.584137	
	0.531240	
	0.516602	
	0.487837	
	0.638465	
	0.756863	
	0.698612	
	0.636205	
	0.558108	
	0.503559	
	0.476444	
	0.490958	
	0.457989	
	0.502058	
	0.480834	
	0.465979	
	0.456984	
	0.398664	
	0.463039	
	0.689387	
	0.549156	
	0.473455	
	0.436910	
	0.445427	
	0.466407	
	0.462156	
	0.450903	
	0.481516	
	0.500892	
	0.479718	
	0.433099	
	0.449154	
	0.612112	
	0.710929	
	0.827181	
	0.841286	
	0.852638	
	0.816134	
	0.758909	
	0.730808	
	0.729967	
	0.700878	
	0.677131	
	0.706204	
	0.662842	
	0.620199	
	0.701050	
	0.619881	
	0.535804	
	0.505313	
	0.451812	
	0.400373	
	0.407646	
	0.443010	
	0.399501	
	0.384611	
	0.378973	
	0.349452	
	0.339200	
	0.548598	
	0.675831	
	0.603592	
	0.508635	
	0.444098	
	0.399229	
	0.416994	
	0.343883	
	0.359524	
	0.344091	
	0.316333	
	0.309964	
	0.299268	
	0.425554	
	0.765932	
	0.664740	
	0.583691	
	0.486872	
	0.477958	
	0.496139	
	0.483199	
	0.757053	
	0.668381	
	0.662358	
	0.610038	
	0.610748	
	0.639602	
	0.728799	
	0.789441	
	0.828797	
	0.819155	
	0.800803	
	0.780223	
	0.695738	
	0.723425	
	0.813635	
	0.775698	
	0.779977	
	0.772571	
	0.734593	
	0.727636	
	0.703034	
	0.661525	
	0.571571	
	0.538477	
	0.515694	
	0.555395	
	0.564408	
	0.591898	
	0.499580	
	0.535963	
	0.489252	
	0.495701	
	0.450036	
	0.625505	
	0.710203	
	0.616947	
	0.553724	
	0.510237	
	0.504924	
	0.508684	
	0.485706	
	0.458233	
	0.462978	
	0.479190	
	0.431760	
	0.423454	
	0.394934	
	0.620300	
	0.500354	
	0.483176	
	0.541022	
	0.537432	
	0.545819	
	0.633476	
	0.611088	
	0.601782	
	0.651012	
	0.647795	
	0.654455	
	0.647243	
	0.778515	
	0.838245	
	0.838152	
	0.869803	
	0.850747	
	0.868464	
	0.791312	
	0.786602	
	0.774112	
	0.726928	
	0.692262	
	0.777118	
	0.754461	
	0.736912	
	0.732145	
	0.630140	
	0.607904	
	0.594300	
	0.630066	
	0.637651	
	0.621245	
	0.631240	
	0.635052	
	0.629848	
	0.607368	
	0.637926	
	0.614301	
	0.729925	
	0.709770	
	0.661997	
	0.613771	
	0.541013	
	0.581441	
	0.574772	
	0.568354	
	0.557364	
	0.514110	
	0.471429	
	0.467426	
	0.533969	
	0.683371	
	0.710749	
	0.622140	
	0.587803	
	0.587058	
	0.545060	
	0.550949	
	0.546174	
	0.573950	
	0.599286	
	0.605860	
	0.563657	
	0.554487	
	0.614482	
	0.595698	
	0.732418	
	0.782882	
	0.805161	
	0.780334	
	0.761283	
	0.720627	
	0.743401	
	0.730220	
	0.652908	
	0.675467	
	0.715993	
	0.704220	
	0.724757	
	0.727925	
	0.671200	
	0.574774	
	0.538132	
	0.529626	
	0.503197	
	0.514000	
	0.559441	
	0.504867	
	0.468554	
	0.467018	
	0.502379	
	0.437628	
	0.527050	
	0.546156	
	0.514229	
	0.478583	
	0.444170	
	0.430106	
	0.418242	
	0.389867	
	0.363908	
	0.366517	
	0.340037	
	0.334864	
	0.348475	
	0.660677	
	0.696247	
	0.657580	
	0.665730	
	0.683231	
	0.664093	
	0.667456	
	0.660056	
	0.688592	
	0.669315	
	0.713350	
	0.723830	
	0.735335	
	0.752472	
	0.809952	
	0.824788	
	0.829937	
	0.818194	
	0.807705	
	0.813584	
	0.827897	
	0.804290	
	0.785147	
	0.804271	
	0.798735	
	0.806086	
	0.816632	
	0.818319	
	0.730635	
	0.650500	
	0.662343	
	0.638143	
	0.643274	
	0.618883	
	0.611673	
	0.622486	
	0.614332	
	0.596728	
	0.608966	
	0.582198	
	0.648479	
	0.730999	
	0.678957	
	0.552311	
	0.540007	
	0.548657	
	0.557922	
	0.561608	
	0.569712	
	0.493461	
	0.470275	
	0.563821	
	0.598346	
	0.577033	
	0.577459	
	0.643822	
	0.599159	
	0.564582	
	0.551100	
	0.507434	
	0.459865	
	0.430423	
	0.383476	
	0.382040	
	0.389205	
	0.383774	
	0.406606	
	0.423648	
	0.819197	
	0.775198	
	0.736787	
	0.670535	
	0.704246	
	0.695019	
	0.730247	
	0.691762	
	0.678767	
	0.695855	
	0.690779	
	0.662256	
	0.659670	
	0.620356	
	0.567369	
	0.417287	
	0.382779	
	0.329646	
	0.340766	
	0.299948	
	0.292338	
	0.266714	
	0.266849	
	0.259920	
	0.258159	
	0.241163	
	0.222497	
	0.623730	
	0.494953	
	0.356136	
	0.293862	
	0.242773	
	0.237575	
	0.224710	
	0.181204	
	0.176365	
	0.186106	
	0.151170	
	0.173965	
	0.327176	
	0.599654	
	0.574652	
	0.514000	
	0.494372	
	0.554939	
	0.555279	
	0.560075	
	0.593956	
	0.601730	
	0.608420	
	0.589707	
	0.606615	
	0.615042	
	0.609179	
	0.755894	
	0.821371	
	0.841401	
	0.761995	
	0.741869	
	0.733676	
	0.728925	
	0.721068	
	0.700851	
	0.682614	
	0.687221	
	0.674733	
	0.682220	
	0.732874	
	0.602828	
	0.602752	
	0.501652	
	0.488243	
	0.452555	
	0.436135	
	0.473501	
	0.479594	
	0.436443	
	0.442884	
	0.405061	
	0.430517	
	0.476936	
	0.625160	
	0.613647	
	0.494603	
	0.477651	
	0.388397	
	0.386138	
	0.360636	
	0.362479	
	0.363585	
	0.368797	
	0.333759	
	0.338131	
	0.338709	
	0.336373	
	0.618691	
	0.568647	
	0.423909	
	0.382346	
	0.320410	
	0.278214	
	0.277641	
	0.319361	
	0.336580	
	0.336552	
	0.280661	
	0.266274	
	0.304972	
	0.746853	
	0.775096	
	0.687428	
	0.602385	
	0.574712	
	0.592564	
	0.565033	
	0.513165	
	0.511503	
	0.530317	
	0.519239	
	0.504071	
	0.511467	
	0.667545	
	0.523502	
	0.416336	
	0.322078	
	0.287119	
	0.253826	
	0.266485	
	0.259708	
	0.250709	
	0.233329	
	0.232504	
	0.228439	
	0.190325	
	0.246659	
	0.477490	
	0.491273	
	0.399924	
	0.377815	
	0.274862	
	0.272928	
	0.279911	
	0.254953	
	0.257089	
	0.265519	
	0.273320	
	0.279387	
	0.321802	
	0.539288	
	0.529016	
	0.491115	
	0.479954	
	0.451240	
	0.460879	
	0.442427	
	0.464831	
	0.467151	
	0.500355	
	0.510642	
	0.542821	
	0.552317	
	0.622331	
	0.650991	
	0.835252	
	0.830607	
	0.781206	
	0.776812	
	0.775900	
	0.760463	
	0.746886	
	0.755421	
	0.774089	
	0.773053	
	0.744112	
	0.775681	
	0.762470	
	0.705677	
	0.616162	
	0.628960	
	0.645440	
	0.596559	
	0.612602	
	0.626275	
	0.635736	
	0.631547	
	0.619940	
	0.613965	
	0.652061	
	0.640000	
	0.750462	
	0.614969	
	0.555579	
	0.556233	
	0.588214	
	0.600637	
	0.596096	
	0.610053	
	0.588215	
	0.573137	
	0.580376	
	0.613615	
	0.641332	
	0.705702	
	0.686730	
	0.646445	
	0.709889	
	0.673839	
	0.689284	
	0.631328	
	0.637903	
	0.671981	
	0.744992	
	0.787252	
	0.801838	
	0.765623	
	0.795272	
	0.780395	
	0.658845	
	0.630130	
	0.560448	
	0.548052	
	0.558948	
	0.600210	
	0.609613	
	0.598896	
	0.585563	
	0.567339	
	0.569379	
	0.582342	
	0.649682	
	0.681732	
	0.647324	
	0.604314	
	0.512165	
	0.527192	
	0.579481	
	0.566817	
	0.590290	
	0.610614	
	0.588370	
	0.591236	
	0.598773	
	0.614072	
	0.710369	
	0.507036	
	0.484563	
	0.504339	
	0.506422	
	0.501063	
	0.487353	
	0.496437	
	0.517452	
	0.527294	
	0.545056	
	0.532002	
	0.530439	
	0.690020	
	0.663228	
	0.669719	
	0.652834	
	0.631343	
	0.620840	
	0.622914	
	0.589262	
	0.585921	
	0.592534	
	0.592182	
	0.592873	
	0.584942	
	0.619773	
	0.798994	
	0.841956	
	0.822335	
	0.798364	
	0.752892	
	0.728852	
	0.725397	
	0.724156	
	0.745037	
	0.763130	
	0.727909	
	0.703777	
	0.686195	
	0.729146	
	0.725234	
	0.525363	
	0.490569	
	0.443769	
	0.462145	
	0.499680	
	0.530779	
	0.500840	
	0.508708	
	0.495965	
	0.477739	
	0.457127	
	0.469975	
	0.677766	
	0.630382	
	0.597223	
	0.573813	
	0.563687	
	0.584034	
	0.542055	
	0.513769	
	0.476508	
	0.490628	
	0.461977	
	0.486129	
	0.500394	
	0.680412	
	0.626039	
	0.487444	
	0.453950	
	0.434729	
	0.408861	
	0.388831	
	0.361176	
	0.363803	
	0.333631	
	0.327502	
	0.319649	
	0.329966	
	0.445000	
	0.805805	
	0.734741	
	0.680844	
	0.539519	
	0.491570	
	0.497318	
	0.532371	
	0.497507	
	0.427207	
	0.396263	
	0.325621	
	0.336632	
	0.421214	
	0.618173	
	0.730922	
	0.668083	
	0.641281	
	0.595531	
	0.586267	
	0.527822	
	0.491634	
	0.421909	
	0.416885	
	0.390675	
	0.389009	
	0.375932	
	0.448667	
	0.685345	
	0.468524	
	0.417802	
	0.314946	
	0.341580	
	0.322525	
	0.273306	
	0.270628	
	0.320944	
	0.349415	
	0.342231	
	0.348440	
	0.356554	
	0.615848	
	0.629499	
	0.622391	
	0.593412	
	0.608351	
	0.630996	
	0.631984	
	0.618317	
	0.593711	
	0.608800	
	0.628011	
	0.638382	
	0.616113	
	0.640811	
	0.754288	
	0.736221	
	0.773439	
	0.721048	
	0.732082	
	0.733976	
	0.764059	
	0.750243	
	0.739880	
	0.759630	
	0.743207	
	0.779504	
	0.781888	
	0.802289	
	0.681565	
	0.573720	
	0.614463	
	0.657449	
	0.612566	
	0.599602	
	0.595707	
	0.604563	
	0.603777	
	0.600554	
	0.598750	
	0.629853	
	0.651980	
	0.752545	
	0.622858	
	0.632047	
	0.586234	
	0.584328	
	0.603236	
	0.577897	
	0.542555	
	0.507975	
	0.560449	
	0.474584	
	0.418838	
	0.457546	
	0.689165	
	0.634643	
	0.595320	
	0.555903	
	0.514399	
	0.476713	
	0.456908	
	0.462330	
	0.457560	
	0.490930	
	0.528534	
	0.519193	
	0.503816	
	0.580334	
	0.760241	
	0.810432	
	0.760115	
	0.756054	
	0.737336	
	0.702358	
	0.694572	
	0.697203	
	0.653273	
	0.676710	
	0.702281	
	0.726612	
	0.768239	
	0.781846	
	0.691281	
	0.558487	
	0.541328	
	0.502756	
	0.493625	
	0.518801	
	0.498780	
	0.520599	
	0.488215	
	0.563145	
	0.571108	
	0.517340	
	0.632875	
	0.649730	
	0.517913	
	0.431472	
	0.463846	
	0.412504	
	0.442813	
	0.427592	
	0.440306	
	0.442847	
	0.425989	
	0.452089	
	0.453382	
	0.426298	
	0.614133	
	0.650616	
	0.637441	
	0.668702	
	0.712658	
	0.635868	
	0.678255	
	0.682532	
	0.681185	
	0.684811	
	0.695640	
	0.688790	
	0.671587	
	0.697246	
	0.820465	
	0.816731	
	0.764956	
	0.763997	
	0.756785	
	0.751445	
	0.755523	
	0.719884	
	0.727476	
	0.706293	
	0.721521	
	0.690213	
	0.731970	
	0.726086	
	0.696011	
	0.543389	
	0.527096	
	0.529280	
	0.509961	
	0.472162	
	0.546106	
	0.531289	
	0.497324	
	0.513173	
	0.542683	
	0.520628	
	0.543632	
	0.706547	
	0.572940	
	0.552685	
	0.457199	
	0.487687	
	0.453423	
	0.443714	
	0.462512	
	0.489201	
	0.465049	
	0.477143	
	0.480093	
	0.497508	
	0.548107	
	0.546017	
	0.607739	
	0.568105	
	0.535143	
	0.550505	
	0.570810	
	0.579037	
	0.622439	
	0.639221	
	0.639142	
	0.602008	
	0.610392	
	0.626609	
	0.696289	
	0.835608	
	0.784337	
	0.724246	
	0.742612	
	0.773163	
	0.764419	
	0.786747	
	0.751782	
	0.738755	
	0.762514	
	0.734527	
	0.726299	
	0.739348	
	0.674162	
	0.555141	
	0.532363	
	0.517474	
	0.521662	
	0.509402	
	0.517134	
	0.541291	
	0.537023	
	0.533167	
	0.517605	
	0.513836	
	0.512270	
	0.775591	
	0.668781	
	0.518246	
	0.504054	
	0.416207	
	0.380422	
	0.359129	
	0.387881	
	0.373560	
	0.385382	
	0.353822	
	0.340314	
	0.333078	
	0.560555	
	0.481546	
	0.427350	
	0.365182	
	0.368338	
	0.351536	
	0.336753	
	0.357655	
	0.368306	
	0.320112	
	0.282483	
	0.302920	
	0.323360	
	0.681786	
	0.710992	
	0.762192	
	0.743404	
	0.650542	
	0.670251	
	0.661862	
	0.664559	
	0.680667	
	0.686687	
	0.715167	
	0.712055	
	0.683399	
	0.712698	
	0.760149	
	0.665860	
	0.529380	
	0.516139	
	0.499701	
	0.497865	
	0.530583	
	0.491175	
	0.492768	
	0.512468	
	0.496477	
	0.506741	
	0.529975	
	0.554985	
	0.683098	
	0.671914	
	0.585694	
	0.585129	
	0.572958	
	0.556730	
	0.572746	
	0.628312	
	0.670588	
	0.596728	
	0.589896	
	0.579835	
	0.556279	
	0.602830	
	0.701984	
	0.663233	
	0.674894	
	0.665129	
	0.618420	
	0.568257	
	0.568212	
	0.572081	
	0.564231	
	0.610930	
	0.631043	
	0.673031	
	0.697797	
	0.837487	
	0.802748	
	0.737976	
	0.682332	
	0.599817	
	0.611102	
	0.583526	
	0.567959	
	0.546077	
	0.501708	
	0.514425	
	0.509835	
	0.502135	
	0.538500	
	0.605541	
	0.490948	
	0.435190	
	0.403270	
	0.378416	
	0.385670	
	0.369142	
	0.359897	
	0.338628	
	0.349028	
	0.354519	
	0.347709	
	0.380904	
	0.591293	
	0.489705	
	0.413830	
	0.331838	
	0.352328	
	0.329067	
	0.313398	
	0.324262	
	0.326547	
	0.325951	
	0.327457	
	0.352379	
	0.358173	
	0.632695	
	0.746333	
	0.649535	
	0.595817	
	0.559965	
	0.514083	
	0.491977	
	0.515620	
	0.516454	
	0.500023	
	0.548165	
	0.510559	
	0.584591	
	0.600166	
	0.847917	
	0.826853	
	0.779669	
	0.727530	
	0.724270	
	0.716524	
	0.704756	
	0.687454	
	0.713426	
	0.677765	
	0.654991	
	0.662232	
	0.692432	
	0.713567	
	0.636241	
	0.560325	
	0.543107	
	0.479540	
	0.463985	
	0.465389	
	0.447243	
	0.459801	
	0.487132	
	0.452597	
	0.457201	
	0.452746	
	0.570165	
	0.686315	
	0.614056	
	0.595751	
	0.509538	
	0.542203	
	0.533442	
	0.522438	
	0.518408	
	0.521556	
	0.537837	
	0.535755	
	0.520194	
	0.531709	
	0.734549	
	0.631244	
	0.525048	
	0.492718	
	0.484689	
	0.457558	
	0.443938	
	0.485451	
	0.450045	
	0.476042	
	0.434479	
	0.384557	
	0.403298	
	0.738909	
	0.650240	
	0.607901	
	0.528154	
	0.478021	
	0.460483	
	0.477805	
	0.512625	
	0.433975	
	0.360459	
	0.394878	
	0.364636	
	0.426250	
	0.595578	
	0.739236	
	0.613206	
	0.497816	
	0.388730	
	0.417265	
	0.388564	
	0.326870	
	0.346417	
	0.449554	
	0.351613	
	0.340027	
	0.426916	
	0.592367	
	0.701291	
	0.535676	
	0.441047	
	0.347986	
	0.365753	
	0.328289	
	0.386665	
	0.374468	
	0.394051	
	0.399741	
	0.382238	
	0.406353	
	0.450603	
	0.484668	
	0.773604	
	0.736820	
	0.629706	
	0.562543	
	0.508115	
	0.582507	
	0.723015	
	0.587091	
	0.567115	
	0.584024	
	0.508252	
	0.537542	
	0.562968	
	0.646817	
	0.733615	
	0.769555	
	0.779666	
	0.811979	
	0.801108	
	0.731151	
	0.686632	
	0.693392	
	0.716318	
	0.653005	
	0.617526	
	0.605002	
	0.675276	
	0.690654	
	0.622165	
	0.554425	
	0.490691	
	0.469127	
	0.451886	
	0.447914	
	0.478187	
	0.492843	
	0.468405	
	0.451417	
	0.427856	
	0.472692	
	0.503098	
	0.723103	
	0.564317	
	0.508688	
	0.460418	
	0.453482	
	0.453358	
	0.505994	
	0.501470	
	0.481787	
	0.480885	
	0.537642	
	0.550552	
	0.566770	
	0.731094	
	0.669024	
	0.596442	
	0.578662	
	0.563102	
	0.573722	
	0.547061	
	0.594333	
	0.595348	
	0.549110	
	0.560823	
	0.594101	
	0.652287	
	0.669383	
	0.706429	
	0.803246	
	0.816629	
	0.795164	
	0.788611	
	0.770329	
	0.706163	
	0.745674	
	0.743184	
	0.722867	
	0.687368	
	0.678123	
	0.678551	
	0.602965	
	0.652684	
	0.624170	
	0.579491	
	0.544809	
	0.542576	
	0.522652	
	0.475237	
	0.492655	
	0.487917	
	0.456710	
	0.421199	
	0.436825	
	0.555966	
	0.778459	
	0.628773	
	0.548629	
	0.450462	
	0.434091	
	0.431899	
	0.398463	
	0.415800	
	0.411895	
	0.409352	
	0.407758	
	0.394353	
	0.427293	
	0.645845	
	0.586906	
	0.545187	
	0.487293	
	0.479019	
	0.553366	
	0.615135	
	0.658576	
	0.608872	
	0.579768	
	0.568797	
	0.603195	
	0.613143	
	0.679786	
	0.718030	
	0.772555	
	0.757418	
	0.764929	
	0.689395	
	0.608071	
	0.591852	
	0.585469	
	0.604089	
	0.635251	
	0.576882	
	0.565946	
	0.626420	
	0.708542	
	0.697425	
	0.641687	
	0.597044	
	0.525728	
	0.524041	
	0.511648	
	0.499461	
	0.507938	
	0.536109	
	0.488152	
	0.501672	
	0.486880	
	0.528678	
	0.696729	
	0.706705	
	0.724238	
	0.688481	
	0.649008	
	0.691601	
	0.699463	
	0.699791	
	0.697870	
	0.734999	
	0.785680	
	0.720878	
	0.671508	
	0.662559	
	0.619024	
	0.629722	
	0.657415	
	0.652424	
	0.598909	
	0.591037	
	0.541072	
	0.593733	
	0.623691	
	0.610302	
	0.659045	
	0.667763	
	0.695665	
	0.611456	
	0.688690	
	0.697759	
	0.689135	
	0.691409	
	0.696978	
	0.695181	
	0.696100	
	0.690883	
	0.713352	
	0.708080	
	0.775907	
	0.836794	
	0.826486	
	0.827202	
	0.814415	
	0.818062	
	0.813731	
	0.807162	
	0.808488	
	0.802342	
	0.820856	
	0.821689	
	0.823447	
	0.814520	
	0.817164	
	0.830359	
	0.809501	
	0.740960	
	0.667403	
	0.720640	
	0.771289	
	0.841789	
	0.823601	
	0.795925	
	0.776051	
	0.774852	
	0.774163	
	0.760604	
	0.744410	
	0.757845	
	0.802274	
	0.786527	
	0.772336	
	0.759413	
	0.778495	
	0.755796	
	0.739989	
	0.749440	
	0.743074	
	0.731739	
	0.739406	
	0.741362	
	0.737487	
	0.750046	
	0.734282	
	0.842841	
	0.861634	
	0.879836	
	0.886891	
	0.847524	
	0.848772	
	0.841502	
	0.842700	
	0.801095	
	0.812480	
	0.797711	
	0.809454	
	0.806987	
	0.720507	
	0.700084	
	0.708265	
	0.698749	
	0.677913	
	0.710893	
	0.690486	
	0.706231	
	0.687694	
	0.675191	
	0.696943	
	0.680496	
	0.772197	
	0.691898	
	0.684416	
	0.638990	
	0.675953	
	0.693578	
	0.702638	
	0.679416	
	0.676563	
	0.677202	
	0.714860	
	0.699587	
	0.707068	
	0.732139	
	0.750309	
	0.697662	
	0.712999	
	0.682051	
	0.658834	
	0.661169	
	0.649402	
	0.701898	
	0.724597	
	0.744715	
	0.746035	
	0.800642	
	0.746561	
	0.739586	
	0.725633	
	0.785440	
	0.801066	
	0.783016	
	0.764212	
	0.700535	
	0.674011	
	0.666627	
	0.683229	
	0.676526	
	0.653058	
	0.663343	
	0.720311	
	0.709074	
	0.672172	
	0.633837	
	0.624191	
	0.624666	
	0.566601	
	0.564813	
	0.551064	
	0.623231	
	0.631193	
	0.623333	
	0.636857	
	0.575790	
	0.662330	
	0.640024	
	0.632064	
	0.624846	
	0.635533	
	0.633737	
	0.620251	
	0.617825	
	0.663465	
	0.670916	
	0.655992	
	0.665371	
	0.655053	
	0.716261	
	0.731549	
	0.720473	
	0.688651	
	0.670877	
	0.659306	
	0.638965	
	0.648545	
	0.679042	
	0.685667	
	0.665869	
	0.675286	
	0.645520	
	0.635040	
	0.721633	
	0.771765	
	0.810847	
	0.813383	
	0.815856	
	0.761576	
	0.733148	
	0.763648	
	0.768993	
	0.745576	
	0.739826	
	0.715923	
	0.704121	
	0.660191	
	0.655790	
	0.572605	
	0.571277	
	0.539671	
	0.516364	
	0.529969	
	0.549503	
	0.555921	
	0.550833	
	0.566655	
	0.567151	
	0.553919	
	0.536698	
	0.709233	
	0.636079	
	0.604975	
	0.567042	
	0.536729	
	0.504020	
	0.500927	
	0.527988	
	0.519720	
	0.526554	
	0.524007	
	0.537775	
	0.543852	
	0.639833	
	0.618917	
	0.660178	
	0.593917	
	0.575453	
	0.565966	
	0.554215	
	0.514196	
	0.524586	
	0.519856	
	0.531962	
	0.528817	
	0.555884	
	0.610937	
	0.700114	
	0.752704	
	0.802213	
	0.808328	
	0.810111	
	0.861582	
	0.844763	
	0.883778	
	0.892344	
	0.872065	
	0.846974	
	0.830171	
	0.829047	
	0.825293	
	0.747959	
	0.725474	
	0.773582	
	0.776409	
	0.787706	
	0.782882	
	0.785772	
	0.762568	
	0.801122	
	0.774098	
	0.774317	
	0.742152	
	0.721712	
	0.727637	
	0.697974	
	0.687749	
	0.732626	
	0.697684	
	0.670875	
	0.691759	
	0.649185	
	0.622128	
	0.574130	
	0.548876	
	0.577735	
	0.614714	
	0.607726	
	0.723601	
	0.633857	
	0.593367	
	0.593624	
	0.599114	
	0.605971	
	0.602660	
	0.599509	
	0.586915	
	0.583695	
	0.637219	
	0.654889	
	0.665729	
	0.753951	
	0.784154	
	0.818540	
	0.835385	
	0.827263	
	0.825283	
	0.765019	
	0.771460	
	0.762846	
	0.780466	
	0.749962	
	0.759590	
	0.783690	
	0.751104	
	0.739779	
	0.682607	
	0.646695	
	0.675413	
	0.689709	
	0.661222	
	0.691219	
	0.681211	
	0.696305	
	0.690385	
	0.661161	
	0.674054	
	0.717212	
	0.659358	
	0.670805	
	0.612378	
	0.597845	
	0.602014	
	0.573558	
	0.575497	
	0.612438	
	0.596959	
	0.620192	
	0.638402	
	0.696065	
	0.606104	
	0.613920	
	0.618772	
	0.630001	
	0.659955	
	0.646182	
	0.622888	
	0.621947	
	0.613269	
	0.642099	
	0.631352	
	0.715446	
	0.689239	
	0.796013	
	0.801651	
	0.826262	
	0.826285	
	0.804836	
	0.758976	
	0.730539	
	0.752189	
	0.753991	
	0.696988	
	0.665159	
	0.694867	
	0.780299	
	0.685645	
	0.644071	
	0.672422	
	0.685085	
	0.684447	
	0.667711	
	0.668939	
	0.681228	
	0.647910	
	0.674311	
	0.643977	
	0.656705	
	0.653453	
	0.784622	
	0.658608	
	0.672316	
	0.708557	
	0.678656	
	0.680098	
	0.705595	
	0.699385	
	0.701526	
	0.707775	
	0.677477	
	0.673202	
	0.676645	
	0.736642	
	0.775732	
	0.745585	
	0.725012	
	0.735287	
	0.733914	
	0.707575	
	0.700693	
	0.700083	
	0.715877	
	0.696044	
	0.672559	
	0.684027	
	0.743440	
	0.719239	
	0.790099	
	0.795568	
	0.803304	
	0.787255	
	0.734123	
	0.707777	
	0.684698	
	0.661916	
	0.655295	
	0.681563	
	0.679585	
	0.674379	
	0.710460	
	0.696584	
	0.587571	
	0.593862	
	0.597073	
	0.629424	
	0.637941	
	0.606808	
	0.568541	
	0.571565	
	0.568793	
	0.550090	
	0.566414	
	0.656144	
	0.779575	
	0.773159	
	0.767891	
	0.699612	
	0.655472	
	0.607573	
	0.614463	
	0.649282	
	0.678862	
	0.701141	
	0.675221	
	0.674897	
	0.690797	
	0.679376	
	0.649156	
	0.621764	
	0.663126	
	0.650523	
	0.646144	
	0.648450	
	0.603726	
	0.661724	
	0.629348	
	0.660074	
	0.669773	
	0.645904	
	0.637535	
	0.674746	
	0.752900	
	0.831197	
	0.818674	
	0.833927	
	0.836604	
	0.860829	
	0.919862	
	0.930896	
	0.928196	
	0.911085	
	0.894641	
	0.875603	
	0.856537	
	0.834485	
	0.855990	
	0.853342	
	0.874845	
	0.888477	
	0.887548	
	0.894512	
	0.924931	
	0.930899	
	0.907767	
	0.905665	
	0.913060	
	0.919943	
	0.892536	
	0.847051	
	0.860370	
	0.879563	
	0.864531	
	0.843787	
	0.840693	
	0.836892	
	0.818678	
	0.817353	
	0.801861	
	0.798284	
	0.791407	
	0.787942	
	0.786202	
	0.792462	
	0.791474	
	0.791834	
	0.777779	
	0.746107	
	0.763576	
	0.741344	
	0.768757	
	0.758436	
	0.740636	
	0.697013	
	0.727177	
	0.749479	
	0.761760	
	0.777497	
	0.786469	
	0.785357	
	0.779237	
	0.779330	
	0.783214	
	0.796069	
	0.806653	
	0.801162	
	0.799959	
	0.782861	
	0.803298	
	0.826254	
	0.771735	
	0.764387	
	0.759294	
	0.745508	
	0.752874	
	0.763560	
	0.749533	
	0.763781	
	0.763641	
	0.745273	
	0.753821	
	0.802101	
	0.690616	
	0.620699	
	0.541264	
	0.592521	
	0.577131	
	0.542607	
	0.538759	
	0.537403	
	0.548954	
	0.548621	
	0.544054	
	0.524645	
	0.545180	
	0.621569	
	0.563410	
	0.582503	
	0.538001	
	0.466296	
	0.558420	
	0.576728	
	0.570833	
	0.579958	
	0.586478	
	0.598738	
	0.626449	
	0.634512	
	0.713509	
	0.822419	
	0.843934	
	0.783995	
	0.743651	
	0.761677	
	0.748768	
	0.743729	
	0.709986	
	0.715133	
	0.721239	
	0.707225	
	0.709008	
	0.716927	
	0.757838	
	0.666375	
	0.571208	
	0.496270	
	0.494203	
	0.510445	
	0.472043	
	0.458888	
	0.479225	
	0.506736	
	0.528355	
	0.528884	
	0.483852	
	0.587743	
	0.686215	
	0.528586	
	0.521319	
	0.482080	
	0.497852	
	0.506424	
	0.492821	
	0.498715	
	0.489880	
	0.493613	
	0.461249	
	0.483928	
	0.522729	
	0.613022	
	0.588089	
	0.586676	
	0.543848	
	0.536543	
	0.554112	
	0.577949	
	0.563779	
	0.481789	
	0.425965	
	0.365423	
	0.370217	
	0.358600	
	0.521216	
	0.822770	
	0.830006	
	0.820795	
	0.723309	
	0.715779	
	0.729196	
	0.705428	
	0.670894	
	0.651534	
	0.651644	
	0.621616	
	0.612790	
	0.622642	
	0.614973	
	0.568451	
	0.450090	
	0.389816	
	0.349254	
	0.373279	
	0.379699	
	0.369058	
	0.365132	
	0.348156	
	0.364003	
	0.326649	
	0.371647	
	0.468072	
	0.720282	
	0.550837	
	0.497104	
	0.438866	
	0.417086	
	0.385463	
	0.388853	
	0.428790	
	0.428654	
	0.403805	
	0.392695	
	0.428290	
	0.422901	
	0.585573	
	0.656192	
	0.538391	
	0.514638	
	0.496952	
	0.487448	
	0.472934	
	0.481730	
	0.499513	
	0.508053	
	0.533316	
	0.519592	
	0.522924	
	0.594439	
	0.861546	
	0.834147	
	0.804430	
	0.771116	
	0.750598	
	0.746795	
	0.746728	
	0.766864	
	0.730912	
	0.723102	
	0.733804	
	0.662423	
	0.668568	
	0.711769	
	0.539960	
	0.542494	
	0.496115	
	0.519087	
	0.517429	
	0.505292	
	0.517611	
	0.505895	
	0.525090	
	0.549578	
	0.488014	
	0.455795	
	0.493201	
	0.690676	
	0.598430	
	0.578042	
	0.531500	
	0.488033	
	0.437262	
	0.441229	
	0.416926	
	0.353032	
	0.358703	
	0.394103	
	0.365519	
	0.330080	
	0.700476	
	0.675678	
	0.528743	
	0.432758	
	0.393648	
	0.333936	
	0.325988	
	0.300404	
	0.296605	
	0.326602	
	0.284239	
	0.279934	
	0.328904	
	0.708525	
	0.869983	
	0.783713	
	0.713536	
	0.673514	
	0.658250	
	0.674792	
	0.693714	
	0.736867	
	0.702606	
	0.714060	
	0.731516	
	0.703766	
	0.715958	
	0.732047	
	0.661638	
	0.595325	
	0.598167	
	0.569300	
	0.517457	
	0.497869	
	0.515012	
	0.522713	
	0.536578	
	0.524247	
	0.528100	
	0.556886	
	0.546898	
	0.674665	
	0.522209	
	0.523625	
	0.455266	
	0.412870	
	0.414345	
	0.428007	
	0.417878	
	0.444640	
	0.473422	
	0.470656	
	0.452397	
	0.447063	
	0.602483	
	0.637926	
	0.560175	
	0.505666	
	0.480215	
	0.472506	
	0.451795	
	0.462789	
	0.473044	
	0.491780	
	0.491796	
	0.520091	
	0.511247	
	0.678856	
	0.797800	
	0.773059	
	0.776378	
	0.694689	
	0.674535	
	0.669309	
	0.678297	
	0.646964	
	0.638750	
	0.615268	
	0.591264	
	0.597779	
	0.640629	
	0.587803	
	0.688724	
	0.550375	
	0.521945	
	0.556517	
	0.521464	
	0.496237	
	0.521237	
	0.494766	
	0.504613	
	0.527607	
	0.516965	
	0.547965	
	0.642250	
	0.693671	
	0.602098	
	0.611893	
	0.517144	
	0.546264	
	0.560434	
	0.553412	
	0.533591	
	0.536528	
	0.535971	
	0.536503	
	0.559529	
	0.562852	
	0.551532	
	0.683250	
	0.646276	
	0.624009	
	0.647952	
	0.635423	
	0.599541	
	0.631856	
	0.683854	
	0.741697	
	0.711118	
	0.707948	
	0.695488	
	0.673393	
	0.754546	
	0.722363	
	0.709215	
	0.682775	
	0.690109	
	0.637822	
	0.619538	
	0.615728	
	0.632763	
	0.659940	
	0.650139	
	0.653693	
	0.638718	
	0.644195	
	0.633516	
	0.660145	
	0.620878	
	0.691558	
	0.653486	
	0.618181	
	0.588109	
	0.626765	
	0.615019	
	0.599906	
	0.604812	
	0.606309	
	0.653649	
	0.712837	
	0.619271	
	0.578538	
	0.549194	
	0.531987	
	0.545448	
	0.528989	
	0.502078	
	0.517672	
	0.506131	
	0.512428	
	0.527291	
	0.532727	
	0.615781	
	0.556652	
	0.510455	
	0.509451	
	0.517201	
	0.548823	
	0.491664	
	0.547437	
	0.541312	
	0.505285	
	0.514617	
	0.508374	
	0.531326	
	0.688707	
	0.862697	
	0.809959	
	0.767676	
	0.723933	
	0.673728	
	0.688837	
	0.689129	
	0.687259	
	0.696872	
	0.742007	
	0.713261	
	0.690253	
	0.687086	
	0.695268	
	0.615928	
	0.562800	
	0.564755	
	0.510677	
	0.525463	
	0.530530	
	0.537022	
	0.552432	
	0.574444	
	0.553471	
	0.557582	
	0.573860	
	0.700466	
	0.725748	
	0.627925	
	0.564951	
	0.541604	
	0.520003	
	0.519487	
	0.510805	
	0.511246	
	0.518800	
	0.494440	
	0.500291	
	0.523937	
	0.517851	
	0.659895	
	0.629898	
	0.504283	
	0.476388	
	0.433868	
	0.402738	
	0.406599	
	0.432412	
	0.432938	
	0.426062	
	0.402296	
	0.401150	
	0.422106	
	0.695825	
	0.830360	
	0.766691	
	0.699987	
	0.657701	
	0.632794	
	0.632673	
	0.715848	
	0.674992	
	0.642976	
	0.623576	
	0.573005	
	0.565184	
	0.686763	
	0.685600	
	0.546367	
	0.514134	
	0.483298	
	0.500031	
	0.456342	
	0.447784	
	0.423763	
	0.386176	
	0.383401	
	0.338225	
	0.326537	
	0.300791	
	0.379760	
	0.614896	
	0.523928	
	0.506585	
	0.483061	
	0.448036	
	0.479241	
	0.473581	
	0.449120	
	0.470030	
	0.465137	
	0.427697	
	0.422409	
	0.418180	
	0.615426	
	0.561057	
	0.440025	
	0.411757	
	0.392550	
	0.356964	
	0.340585	
	0.318719	
	0.329005	
	0.359058	
	0.322375	
	0.333040	
	0.322179	
	0.516404	
	0.730879	
	0.793160	
	0.811956	
	0.814536	
	0.819018	
	0.800447	
	0.711070	
	0.715047	
	0.689782	
	0.731768	
	0.675948	
	0.627782	
	0.651855	
	0.726510	
	0.673333	
	0.564318	
	0.528743	
	0.441937	
	0.436387	
	0.405187	
	0.366301	
	0.335625	
	0.350229	
	0.343269	
	0.317020	
	0.341607	
	0.444719	
	0.777717	
	0.600085	
	0.593874	
	0.480627	
	0.440972	
	0.435862	
	0.368244	
	0.323158	
	0.333601	
	0.389782	
	0.326202	
	0.306164	
	0.303553	
	0.395471	
	0.739642	
	0.664481	
	0.611506	
	0.583444	
	0.536122	
	0.502452	
	0.498058	
	0.463714	
	0.464059	
	0.498194	
	0.462924	
	0.520007	
	0.646827	
	0.721763	
	0.790962	
	0.820976	
	0.819236	
	0.810987	
	0.786757	
	0.729980	
	0.752100	
	0.737480	
	0.727742	
	0.711200	
	0.700893	
	0.703562	
	0.775462	
	0.680524	
	0.656631	
	0.664841	
	0.612156	
	0.602683	
	0.578858	
	0.577265	
	0.579052	
	0.564608	
	0.546085	
	0.534248	
	0.559004	
	0.821659	
	0.780084	
	0.732225	
	0.661507	
	0.620979	
	0.618297	
	0.589247	
	0.571516	
	0.556606	
	0.559528	
	0.547430	
	0.497382	
	0.510220	
	0.536702	
	0.741915	
	0.711318	
	0.606935	
	0.527121	
	0.504737	
	0.493546	
	0.471558	
	0.433295	
	0.423835	
	0.402720	
	0.358618	
	0.350138	
	0.344826	
	0.716148	
	0.738753	
	0.834568	
	0.847857	
	0.870277	
	0.877151	
	0.801611	
	0.753156	
	0.731280	
	0.738737	
	0.762311	
	0.731908	
	0.702239	
	0.812336	
	0.810881	
	0.709258	
	0.643716	
	0.580560	
	0.660604	
	0.672409	
	0.609246	
	0.641994	
	0.632714	
	0.600315	
	0.579589	
	0.540874	
	0.507559	
	0.670894	
	0.808882	
	0.732128	
	0.648996	
	0.616352	
	0.613201	
	0.651089	
	0.600560	
	0.543693	
	0.574006	
	0.605920	
	0.588875	
	0.521643	
	0.473115	
	0.665194	
	0.645715	
	0.622770	
	0.599284	
	0.576962	
	0.554535	
	0.502826	
	0.652576	
	0.700552	
	0.727195	
	0.767631	
	0.777878	
	0.780173	
	0.827622	
	0.732983	
	0.769160	
	0.786679	
	0.777076	
	0.760020	
	0.721049	
	0.724376	
	0.733241	
	0.716481	
	0.725209	
	0.711791	
	0.693599	
	0.719630	
	0.764336	
	0.711263	
	0.726234	
	0.703574	
	0.702441	
	0.677402	
	0.651858	
	0.680572	
	0.671604	
	0.676324	
	0.665889	
	0.669047	
	0.651248	
	0.639953	
	0.708056	
	0.633817	
	0.671164	
	0.612462	
	0.606563	
	0.623265	
	0.604274	
	0.599416	
	0.616407	
	0.633578	
	0.620291	
	0.610997	
	0.583410	
	0.659519	
	0.695565	
	0.639365	
	0.606530	
	0.611218	
	0.605526	
	0.623165	
	0.667614	
	0.647719	
	0.668501	
	0.628404	
	0.595698	
	0.591440	
	0.667072	
	0.709397	
	0.789707	
	0.815809	
	0.813227	
	0.787900	
	0.770486	
	0.755871	
	0.746778	
	0.726528	
	0.752664	
	0.738201	
	0.705543	
	0.697175	
	0.680478	
	0.689513	
	0.613582	
	0.629443	
	0.568888	
	0.625470	
	0.621089	
	0.639976	
	0.631828	
	0.602297	
	0.605183	
	0.537374	
	0.519106	
	0.571050	
	0.818090	
	0.651970	
	0.601896	
	0.616747	
	0.626655	
	0.618314	
	0.576303	
	0.588783	
	0.581814	
	0.580668	
	0.566628	
	0.529187	
	0.505274	
	0.613848	
	0.700032	
	0.619810	
	0.578625	
	0.549274	
	0.576279	
	0.549484	
	0.586263	
	0.567314	
	0.566083	
	0.547237	
	0.526614	
	0.514215	
	0.511509	
	0.778503	
	0.791118	
	0.818773	
	0.823978	
	0.816542	
	0.796017	
	0.730199	
	0.740422	
	0.751900	
	0.746541	
	0.744771	
	0.694175	
	0.673209	
	0.695622	
	0.766012	
	0.603686	
	0.536878	
	0.490796	
	0.510460	
	0.514246	
	0.499830	
	0.476522	
	0.499808	
	0.487338	
	0.469180	
	0.425629	
	0.473877	
	0.553708	
	0.703838	
	0.591900	
	0.575230	
	0.501670	
	0.450322	
	0.496312	
	0.453431	
	0.451491	
	0.472815	
	0.472140	
	0.444959	
	0.464971	
	0.612690	
	0.785052	
	0.741051	
	0.661473	
	0.603302	
	0.575282	
	0.562959	
	0.574034	
	0.608370	
	0.585628	
	0.583556	
	0.563620	
	0.561565	
	0.666458	
	0.742951	
	0.789886	
	0.846215	
	0.850537	
	0.846282	
	0.790113	
	0.746206	
	0.733885	
	0.726251	
	0.720572	
	0.672824	
	0.679917	
	0.662514	
	0.703333	
	0.714877	
	0.574921	
	0.574462	
	0.596530	
	0.629086	
	0.606189	
	0.696710	
	0.625078	
	0.626943	
	0.559751	
	0.607543	
	0.561350	
	0.748300	
	0.777901	
	0.633513	
	0.614791	
	0.623736	
	0.574416	
	0.546586	
	0.503748	
	0.497792	
	0.518267	
	0.493402	
	0.470276	
	0.469109	
	0.541793	
	0.724138	
	0.798890	
	0.744788	
	0.591447	
	0.499036	
	0.437285	
	0.479398	
	0.619172	
	0.624948	
	0.596180	
	0.584593	
	0.506957	
	0.470516	
	0.594669	
	0.691582	
	0.781339	
	0.817952	
	0.834963	
	0.837696	
	0.819240	
	0.760117	
	0.795220	
	0.752768	
	0.768272	
	0.759349	
	0.681195	
	0.648045	
	0.805698	
	0.757149	
	0.665685	
	0.577780	
	0.535190	
	0.476592	
	0.462613	
	0.508971	
	0.569415	
	0.481684	
	0.426107	
	0.401260	
	0.437092	
	0.433706	
	0.605110	
	0.550943	
	0.489304	
	0.405082	
	0.372277	
	0.350382	
	0.370626	
	0.362364	
	0.334224	
	0.297475	
	0.293366	
	0.302621	
	0.289395	
	0.558162	
	0.671664	
	0.425364	
	0.386953	
	0.319344	
	0.381857	
	0.370534	
	0.420051	
	0.360298	
	0.426674	
	0.461431	
	0.515098	
	0.488154	
	0.574986	
	0.902522	
	0.850830	
	0.808273	
	0.786721	
	0.759344	
	0.768386	
	0.727313	
	0.720562	
	0.727875	
	0.724477	
	0.726336	
	0.711575	
	0.723077	
	0.784441	
	0.556224	
	0.549890	
	0.489902	
	0.502517	
	0.525197	
	0.496573	
	0.435789	
	0.509455	
	0.501233	
	0.436598	
	0.426037	
	0.455257	
	0.545949	
	0.776695	
	0.536405	
	0.485493	
	0.394948	
	0.440708	
	0.391001	
	0.430630	
	0.449463	
	0.428547	
	0.421202	
	0.433224	
	0.433434	
	0.440385	
	0.654909	
	0.631246	
	0.617199	
	0.548459	
	0.564255	
	0.523144	
	0.507958	
	0.528533	
	0.540175	
	0.459046	
	0.468373	
	0.548027	
	0.577585	
	0.578641	
	0.770745	
	0.850651	
	0.825909	
	0.775767	
	0.751199	
	0.726114	
	0.718473	
	0.710572	
	0.719232	
	0.801826	
	0.758369	
	0.717682	
	0.699165	
	0.718119	
	0.709085	
	0.593116	
	0.541619	
	0.496882	
	0.481816	
	0.444918	
	0.409167	
	0.390889	
	0.396104	
	0.405686	
	0.358457	
	0.336739	
	0.379958	
	0.761751	
	0.512766	
	0.428184	
	0.360261	
	0.277895	
	0.252697	
	0.250405	
	0.239784	
	0.225384	
	0.231217	
	0.201553	
	0.173429	
	0.179216	
	0.311352	
	0.605220	
	0.417262	
	0.379018	
	0.338446	
	0.332542	
	0.320037	
	0.370697	
	0.391571	
	0.455489	
	0.491466	
	0.487268	
	0.549966	
	0.643122	
	0.812228	
	0.820283	
	0.804527	
	0.749683	
	0.720555	
	0.691480	
	0.696637	
	0.722344	
	0.749750	
	0.751197	
	0.672823	
	0.692925	
	0.664217	
	0.733192	
	0.616101	
	0.496307	
	0.492859	
	0.469445	
	0.455864	
	0.452991	
	0.445144	
	0.462548	
	0.427022	
	0.410720	
	0.399870	
	0.414078	
	0.446145	
	0.757813	
	0.642147	
	0.489119	
	0.470791	
	0.417068	
	0.366733	
	0.347387	
	0.339920	
	0.329274	
	0.379904	
	0.366737	
	0.377518	
	0.388781	
	0.414314	
	0.665075	
	0.558047	
	0.493244	
	0.451579	
	0.462723	
	0.458303	
	0.415655	
	0.452100	
	0.430913	
	0.406552	
	0.433304	
	0.413949	
	0.432277	
	0.672502	
	0.800080	
	0.759665	
	0.690091	
	0.603345	
	0.606906	
	0.606893	
	0.562657	
	0.566756	
	0.579859	
	0.550180	
	0.509555	
	0.535405	
	0.529974	
	0.548699	
	0.431142	
	0.376738	
	0.348882	
	0.338958	
	0.321707	
	0.308581	
	0.302885	
	0.305982	
	0.289552	
	0.284002	
	0.237034	
	0.210333	
	0.585304	
	0.499101	
	0.454716	
	0.331979	
	0.311771	
	0.306205	
	0.311999	
	0.285059	
	0.267110	
	0.257388	
	0.258821	
	0.250664	
	0.219959	
	0.228423	
	0.476656	
	0.494168	
	0.337027	
	0.315982	
	0.296597	
	0.320723	
	0.323768	
	0.354082	
	0.370778	
	0.325083	
	0.344631	
	0.387039	
	0.370271	
	0.742528	
	0.824489	
	0.803395	
	0.753467	
	0.673835	
	0.620059	
	0.603571	
	0.605613	
	0.548267	
	0.575235	
	0.603728	
	0.566218	
	0.540231	
	0.596810	
	0.525905	
	0.485019	
	0.437608	
	0.410890	
	0.443451	
	0.421037	
	0.447971	
	0.442136	
	0.411960	
	0.422019	
	0.447872	
	0.428976	
	0.527684	
	0.715591	
	0.613183	
	0.503703	
	0.410644	
	0.352473	
	0.385745	
	0.390692	
	0.400915	
	0.416822	
	0.391866	
	0.388312	
	0.405677	
	0.386900	
	0.550662	
	0.606272	
	0.515471	
	0.480070	
	0.462454	
	0.421001	
	0.391291	
	0.454280	
	0.486769	
	0.524190	
	0.509660	
	0.495427	
	0.504908	
	0.485758	
	0.664070	
	0.768326	
	0.593804	
	0.526037	
	0.441274	
	0.431556	
	0.458740	
	0.432045	
	0.460890	
	0.420868	
	0.414883	
	0.462606	
	0.434621	
	0.434977	
	0.589099	
	0.509268	
	0.488502	
	0.457241	
	0.420112	
	0.408728	
	0.396132	
	0.459161	
	0.502656	
	0.504004	
	0.509680	
	0.546247	
	0.571910	
	0.722252	
	0.549667	
	0.471796	
	0.442781	
	0.436840	
	0.381644	
	0.372356	
	0.391273	
	0.411395	
	0.410748	
	0.430389	
	0.452115	
	0.455551	
	0.609159	
	0.771501	
	0.675624	
	0.649619	
	0.627958	
	0.605732	
	0.536577	
	0.539325	
	0.548950	
	0.559176	
	0.578015	
	0.550428	
	0.520017	
	0.567219	
	0.814053	
	0.814956	
	0.771638	
	0.768863	
	0.763256	
	0.726502	
	0.713760	
	0.702633	
	0.674614	
	0.705632	
	0.692803	
	0.660594	
	0.618327	
	0.752734	
	0.710752	
	0.589767	
	0.549592	
	0.532677	
	0.515712	
	0.516380	
	0.491160	
	0.529623	
	0.529598	
	0.484779	
	0.469496	
	0.482097	
	0.469284	
	0.780247	
	0.649207	
	0.618482	
	0.543069	
	0.534063	
	0.562000	
	0.486019	
	0.483317	
	0.517738	
	0.510965	
	0.520185	
	0.494765	
	0.539403	
	0.620754	
	0.703700	
	0.572479	
	0.505768	
	0.493494	
	0.457546	
	0.425955	
	0.389544	
	0.367219	
	0.392222	
	0.361213	
	0.339935	
	0.363716	
	0.511256	
	0.811168	
	0.711672	
	0.645796	
	0.558118	
	0.534736	
	0.502023	
	0.549822	
	0.662649	
	0.489661	
	0.391304	
	0.332156	
	0.362114	
	0.470913	
	0.670045	
	0.660017	
	0.591142	
	0.541518	
	0.482591	
	0.465815	
	0.467394	
	0.429286	
	0.410067	
	0.413912	
	0.422193	
	0.370937	
	0.356020	
	0.435035	
	0.721857	
	0.532393	
	0.385734	
	0.344323	
	0.388583	
	0.382266	
	0.361546	
	0.338721	
	0.359205	
	0.371449	
	0.365721	
	0.402386	
	0.414956	
	0.567711	
	0.670927	
	0.581763	
	0.563732	
	0.561064	
	0.596250	
	0.570172	
	0.560045	
	0.596837	
	0.587748	
	0.649501	
	0.667238	
	0.695230	
	0.679165	
	0.831556	
	0.812281	
	0.777422	
	0.803730	
	0.801177	
	0.863084	
	0.832509	
	0.818330	
	0.819518	
	0.815553	
	0.848768	
	0.854882	
	0.834776	
	0.682223	
	0.624915	
	0.596668	
	0.611369	
	0.664291	
	0.693804	
	0.678782	
	0.683868	
	0.649652	
	0.700669	
	0.691844	
	0.677766	
	0.658706	
	0.691524	
	0.759795	
	0.608025	
	0.576893	
	0.567801	
	0.574934	
	0.571576	
	0.629072	
	0.609020	
	0.611709	
	0.609028	
	0.642195	
	0.634121	
	0.626186	
	0.717560	
	0.651308	
	0.635218	
	0.627391	
	0.653590	
	0.653915	
	0.639939	
	0.641611	
	0.670310	
	0.702616	
	0.704942	
	0.714770	
	0.670353	
	0.653495	
	0.751503	
	0.748597	
	0.716538	
	0.700915	
	0.688919	
	0.718713	
	0.768838	
	0.745435	
	0.686907	
	0.708540	
	0.703266	
	0.740786	
	0.712152	
	0.720244	
	0.651809	
	0.616413	
	0.590303	
	0.585624	
	0.614658	
	0.631050	
	0.625659	
	0.614924	
	0.647100	
	0.609763	
	0.589948	
	0.648785	
	0.710678	
	0.744346	
	0.544274	
	0.531337	
	0.470188	
	0.510554	
	0.531618	
	0.551618	
	0.563372	
	0.535187	
	0.588399	
	0.580857	
	0.593327	
	0.653933	
	0.688434	
	0.648808	
	0.628288	
	0.625192	
	0.653343	
	0.649208	
	0.643788	
	0.686904	
	0.729685	
	0.705161	
	0.731643	
	0.751504	
	0.756326	
	0.716837	
	0.817926	
	0.770116	
	0.775782	
	0.783501	
	0.767639	
	0.753458	
	0.802485	
	0.808886	
	0.821963	
	0.782914	
	0.776187	
	0.783884	
	0.774631	
	0.785818	
	0.740218	
	0.657227	
	0.558884	
	0.567550	
	0.594020	
	0.524989	
	0.577015	
	0.547858	
	0.583816	
	0.599869	
	0.548841	
	0.531755	
	0.540527	
	0.698642	
	0.647810	
	0.595967	
	0.485767	
	0.476702	
	0.473421	
	0.456071	
	0.459190	
	0.451783	
	0.434043	
	0.466286	
	0.442538	
	0.455033	
	0.461349	
	0.675579	
	0.590453	
	0.543500	
	0.549029	
	0.518674	
	0.531074	
	0.589747	
	0.574335	
	0.582922	
	0.534406	
	0.579811	
	0.638864	
	0.626303	
	0.696179	
	0.834094	
	0.784722	
	0.761670	
	0.713092	
	0.729764	
	0.734096	
	0.752276	
	0.754841	
	0.767859	
	0.798544	
	0.776445	
	0.736830	
	0.756986	
	0.725492	
	0.631544	
	0.591739	
	0.556535	
	0.524447	
	0.558097	
	0.565467	
	0.563376	
	0.612777	
	0.641202	
	0.582145	
	0.557115	
	0.577467	
	0.755979	
	0.547088	
	0.470094	
	0.447423	
	0.484699	
	0.471424	
	0.467968	
	0.447819	
	0.413783	
	0.407698	
	0.391503	
	0.345866	
	0.386434	
	0.358146	
	0.618042	
	0.461867	
	0.428650	
	0.395726	
	0.359905	
	0.374918	
	0.379888	
	0.389821	
	0.394064	
	0.364692	
	0.377712	
	0.410453	
	0.377101	
	0.725507	
	0.810951	
	0.745860	
	0.705252	
	0.653857	
	0.670478	
	0.681356	
	0.697605	
	0.682570	
	0.678525	
	0.680356	
	0.693800	
	0.741255	
	0.704778	
	0.630676	
	0.541575	
	0.573352	
	0.587455	
	0.574370	
	0.619005	
	0.602120	
	0.631079	
	0.633968	
	0.645205	
	0.671699	
	0.625896	
	0.630526	
	0.649550	
	0.593655	
	0.646613	
	0.568702	
	0.599808	
	0.590839	
	0.629849	
	0.635401	
	0.573320	
	0.550601	
	0.562124	
	0.536427	
	0.587373	
	0.624648	
	0.670163	
	0.604407	
	0.544329	
	0.493449	
	0.483343	
	0.492255	
	0.505500	
	0.461413	
	0.470971	
	0.480463	
	0.484226	
	0.471355	
	0.471543	
	0.798680	
	0.825697	
	0.797326	
	0.714558	
	0.648578	
	0.647810	
	0.605291	
	0.588548	
	0.618513	
	0.579964	
	0.593381	
	0.632045	
	0.691989	
	0.668679	
	0.561659	
	0.510209	
	0.447669	
	0.450718	
	0.437521	
	0.451304	
	0.409908	
	0.427444	
	0.381908	
	0.400195	
	0.413475	
	0.396840	
	0.357314	
	0.563423	
	0.649964	
	0.564068	
	0.440771	
	0.411288	
	0.405866	
	0.421515	
	0.442313	
	0.396568	
	0.397573	
	0.384760	
	0.380904	
	0.390821	
	0.555387	
	0.655550	
	0.698652	
	0.687805	
	0.621424	
	0.582951	
	0.515213	
	0.536282	
	0.593180	
	0.553888	
	0.577562	
	0.588622	
	0.598532	
	0.606755	
	0.787102	
	0.837034	
	0.751518	
	0.750884	
	0.737472	
	0.652160	
	0.704185	
	0.740269	
	0.718908	
	0.700552	
	0.695190	
	0.700652	
	0.740146	
	0.749186	
	0.721697	
	0.582840	
	0.568098	
	0.538989	
	0.531167	
	0.487583	
	0.546406	
	0.584024	
	0.628936	
	0.550420	
	0.573843	
	0.617984	
	0.643921	
	0.716490	
	0.678976	
	0.635586	
	0.592870	
	0.505147	
	0.540207	
	0.582295	
	0.598523	
	0.556057	
	0.574145	
	0.608337	
	0.586979	
	0.654820	
	0.715971	
	0.672138	
	0.582304	
	0.505350	
	0.520926	
	0.449489	
	0.482416	
	0.514020	
	0.551678	
	0.541906	
	0.572920	
	0.548877	
	0.552683	
	0.616657	
	0.638791	
	0.691292	
	0.674968	
	0.675193	
	0.598995	
	0.512736	
	0.467364	
	0.457884	
	0.507764	
	0.580128	
	0.561254	
	0.445153	
	0.592632	
	0.656206	
	0.686755	
	0.616980	
	0.562893	
	0.575243	
	0.526737	
	0.510965	
	0.430835	
	0.464335	
	0.498346	
	0.476692	
	0.417202	
	0.477888	
	0.574485	
	0.614291	
	0.480947	
	0.535000	
	0.622715	
	0.712530	
	0.688575	
	0.774254	
	0.708799	
	0.676985	
	0.687906	
	0.726675	
	0.712378	
	0.720152	
	0.769089	
	0.707898	
	0.691606	
	0.684796	
	0.646435	
	0.652766	
	0.641512	
	0.649130	
	0.696198	
	0.637775	
	0.676948	
	0.678851	
	0.661402	
	0.663564	
	0.790411	
	0.768968	
	0.807666	
	0.795242	
	0.788196	
	0.793848	
	0.706121	
	0.592085	
	0.579884	
	0.594321	
	0.602439	
	0.580785	
	0.562959	
	0.569475	
	0.701393	
	0.517229	
	0.554610	
	0.542573	
	0.505841	
	0.505143	
	0.536526	
	0.520388	
	0.541584	
	0.519361	
	0.495719	
	0.482135	
	0.535556	
	0.692081	
	0.632469	
	0.559544	
	0.542173	
	0.602921	
	0.620706	
	0.620888	
	0.668315	
	0.679266	
	0.675199	
	0.693484	
	0.714226	
	0.677758	
	0.695353	
	0.698415	
	0.691261	
	0.642032	
	0.604474	
	0.593469	
	0.615685	
	0.671959	
	0.616653	
	0.572236	
	0.610437	
	0.569433	
	0.532109	
	0.617827	
	0.742477	
	0.789253	
	0.793177	
	0.800903	
	0.793272	
	0.777310	
	0.730433	
	0.699480	
	0.661837	
	0.672190	
	0.688561	
	0.643234	
	0.614908	
	0.632794	
	0.728569	
	0.701705	
	0.664647	
	0.628254	
	0.628235	
	0.627897	
	0.636400	
	0.613578	
	0.641730	
	0.593790	
	0.564852	
	0.541831	
	0.548128	
	0.689444	
	0.766431	
	0.722143	
	0.597545	
	0.612842	
	0.569084	
	0.491816	
	0.539701	
	0.567229	
	0.503866	
	0.514223	
	0.501320	
	0.495187	
	0.633493	
	0.695093	
	0.711935	
	0.631691	
	0.590874	
	0.574888	
	0.591651	
	0.733496	
	0.713980	
	0.669411	
	0.652740	
	0.645688	
	0.698766	
	0.729094	
	0.745363	
	0.783913	
	0.788515	
	0.757772	
	0.728842	
	0.711718	
	0.650974	
	0.611259	
	0.643696	
	0.645319	
	0.626941	
	0.625175	
	0.598085	
	0.731501	
	0.684660	
	0.666671	
	0.644898	
	0.634278	
	0.663540	
	0.622360	
	0.604744	
	0.568923	
	0.549416	
	0.573169	
	0.569081	
	0.558609	
	0.631222	
	0.782129	
	0.724796	
	0.775287	
	0.744009	
	0.704135	
	0.647680	
	0.575512	
	0.519690	
	0.542923	
	0.542750	
	0.542174	
	0.531222	
	0.590675	
	0.634114	
	0.581702	
	0.579344	
	0.587342	
	0.614498	
	0.585477	
	0.561800	
	0.612075	
	0.651433	
	0.693416	
	0.723471	
	0.729150	
	0.710159	
	0.712329	
	0.714758	
	0.732133	
	0.700254	
	0.709175	
	0.736638	
	0.713718	
	0.707794	
	0.702780	
	0.713181	
	0.726529	
	0.761262	
	0.785861	
	0.856878	
	0.846494	
	0.835094	
	0.832898	
	0.837165	
	0.852785	
	0.852824	
	0.873414	
	0.850471	
	0.825270	
	0.862191	
	0.844473	
	0.846504	
	0.843769	
	0.844568	
	0.830291	
	0.730122	
	0.716698	
	0.637281	
	0.752657	
	0.765332	
	0.783318	
	0.842100	
	0.814175	
	0.767933	
	0.774984	
	0.759150	
	0.749825	
	0.739163	
	0.750521	
	0.769230	
	0.752336	
	0.767944	
	0.777951	
	0.772774	
	0.751620	
	0.757199	
	0.751761	
	0.747059	
	0.751995	
	0.749793	
	0.760723	
	0.771086	
	0.728581	
	0.834706	
	0.853481	
	0.884287	
	0.835168	
	0.843732	
	0.837617	
	0.822492	
	0.849014	
	0.851666	
	0.843142	
	0.824132	
	0.828324	
	0.836943	
	0.717302	
	0.681091	
	0.690438	
	0.602532	
	0.633779	
	0.742078	
	0.735642	
	0.670544	
	0.678866	
	0.725320	
	0.716361	
	0.727523	
	0.732958	
	0.799276	
	0.623081	
	0.657050	
	0.624955	
	0.584079	
	0.626453	
	0.607481	
	0.660006	
	0.634256	
	0.648314	
	0.624878	
	0.653218	
	0.656180	
	0.652643	
	0.752209	
	0.728924	
	0.669050	
	0.649025	
	0.655246	
	0.702504	
	0.784283	
	0.782787	
	0.761564	
	0.739862	
	0.729443	
	0.708666	
	0.747562	
	0.710670	
	0.812298	
	0.806134	
	0.835986	
	0.821636	
	0.831571	
	0.802630	
	0.767810	
	0.739253	
	0.756346	
	0.741809	
	0.738979	
	0.752045	
	0.744506	
	0.759096	
	0.774604	
	0.729060	
	0.754914	
	0.738752	
	0.754752	
	0.695508	
	0.703363	
	0.713206	
	0.680060	
	0.716152	
	0.687677	
	0.699300	
	0.737937	
	0.677521	
	0.635924	
	0.662167	
	0.715578	
	0.738755	
	0.728335	
	0.737656	
	0.771635	
	0.787581	
	0.750857	
	0.745964	
	0.719470	
	0.731485	
	0.730460	
	0.748756	
	0.786076	
	0.771228	
	0.758488	
	0.748595	
	0.738565	
	0.722652	
	0.787398	
	0.794997	
	0.820969	
	0.823582	
	0.838064	
	0.793064	
	0.740218	
	0.751674	
	0.760530	
	0.753100	
	0.719494	
	0.680268	
	0.713795	
	0.662582	
	0.597418	
	0.567710	
	0.592845	
	0.572423	
	0.524304	
	0.571549	
	0.579311	
	0.558824	
	0.565211	
	0.566559	
	0.582330	
	0.583578	
	0.579166	
	0.793762	
	0.711899	
	0.640034	
	0.599986	
	0.574514	
	0.532527	
	0.560058	
	0.561788	
	0.568839	
	0.626483	
	0.630163	
	0.624340	
	0.627445	
	0.706911	
	0.555553	
	0.548481	
	0.524000	
	0.544546	
	0.567196	
	0.556395	
	0.547409	
	0.554862	
	0.553100	
	0.553360	
	0.559221	
	0.532464	
	0.671026	
	0.744172	
	0.798563	
	0.811769	
	0.809104	
	0.798886	
	0.817062	
	0.855446	
	0.860422	
	0.869510	
	0.855458	
	0.852747	
	0.837623	
	0.811798	
	0.779225	
	0.730048	
	0.780030	
	0.770236	
	0.813917	
	0.830284	
	0.858095	
	0.853871	
	0.849632	
	0.821609	
	0.822952	
	0.823738	
	0.845590	
	0.820070	
	0.770153	
	0.728092	
	0.756214	
	0.728374	
	0.739000	
	0.716034	
	0.726878	
	0.714965	
	0.717868	
	0.736961	
	0.748965	
	0.748546	
	0.754305	
	0.737433	
	0.719157	
	0.700276	
	0.710565	
	0.688908	
	0.678842	
	0.668066	
	0.713734	
	0.713015	
	0.720032	
	0.737174	
	0.714608	
	0.699464	
	0.747013	
	0.717978	
	0.820714	
	0.820619	
	0.839368	
	0.830401	
	0.803595	
	0.787924	
	0.795115	
	0.791521	
	0.798787	
	0.795009	
	0.737155	
	0.773544	
	0.746914	
	0.722006	
	0.687805	
	0.691518	
	0.686530	
	0.705830	
	0.707416	
	0.714734	
	0.683056	
	0.684487	
	0.664876	
	0.700211	
	0.697579	
	0.753790	
	0.768147	
	0.656318	
	0.651725	
	0.613677	
	0.634236	
	0.620413	
	0.626130	
	0.640396	
	0.659781	
	0.681014	
	0.682972	
	0.673947	
	0.647569	
	0.689401	
	0.720117	
	0.671592	
	0.643907	
	0.634833	
	0.647400	
	0.675117	
	0.687509	
	0.634991	
	0.662031	
	0.699056	
	0.719710	
	0.745831	
	0.750990	
	0.721578	
	0.806581	
	0.827513	
	0.842282	
	0.803899	
	0.804174	
	0.780734	
	0.790970	
	0.796210	
	0.791151	
	0.770717	
	0.773986	
	0.787703	
	0.773479	
	0.775502	
	0.742750	
	0.707547	
	0.714438	
	0.645080	
	0.639473	
	0.637941	
	0.655913	
	0.642126	
	0.642972	
	0.649080	
	0.629064	
	0.718544	
	0.687156	
	0.702517	
	0.681077	
	0.668908	
	0.677821	
	0.686807	
	0.689941	
	0.713577	
	0.705350	
	0.692141	
	0.673677	
	0.679150	
	0.721187	
	0.757845	
	0.768141	
	0.758860	
	0.734218	
	0.720711	
	0.752745	
	0.735945	
	0.751427	
	0.759993	
	0.736643	
	0.733086	
	0.732473	
	0.723549	
	0.738231	
	0.725929	
	0.821146	
	0.820063	
	0.812209	
	0.778308	
	0.752867	
	0.753127	
	0.778727	
	0.755407	
	0.743301	
	0.716120	
	0.750861	
	0.757799	
	0.740318	
	0.694241	
	0.686356	
	0.676879	
	0.653713	
	0.683712	
	0.685676	
	0.716809	
	0.708971	
	0.686837	
	0.724352	
	0.752661	
	0.735245	
	0.755763	
	0.734051	
	0.770073	
	0.807298	
	0.795376	
	0.777869	
	0.746494	
	0.760371	
	0.747059	
	0.756944	
	0.778292	
	0.764164	
	0.806437	
	0.792404	
	0.772349	
	0.790990	
	0.793425	
	0.799980	
	0.805910	
	0.756095	
	0.791990	
	0.809617	
	0.782169	
	0.757622	
	0.775710	
	0.781098	
	0.763722	
	0.776845	
	0.709378	
	0.736987	
	0.776155	
	0.790748	
	0.790661	
	0.736962	
	0.773882	
	0.715256	
	0.701122	
	0.692718	
	0.736975	
	0.777914	
	0.745662	
	0.712738	
	0.710952	
	0.799350	
	0.790785	
	0.781093	
	0.766161	
	0.694366	
	0.698145	
	0.713777	
	0.730930	
	0.716164	
	0.671710	
	0.760961	
	0.753295	
	0.741252	
	0.760652	
	0.750164	
	0.702943	
	0.709355	
	0.699165	
	0.699647	
	0.684786	
	0.701494	
	0.736978	
	0.750534	
	0.728906	
	0.746527	
	0.740966	
	0.756068	
	0.750992	
	0.737974	
	0.773377	
	0.748814	
	0.745400	
	0.742781	
	0.769001	
	0.741902	
	0.789493	
	0.789235	
	0.746990	
	0.708139	
	0.679126	
	0.711035	
	0.763013	
	0.808370	
	0.817475	
	0.739762	
	0.684588	
	0.773318	
	0.804876	
	0.805603	
	0.734003	
	0.744762	
	0.692806	
	0.645501	
	0.708775	
	0.697037	
	0.693168	
	0.665169	
	0.687300	
	0.680587	
	0.684130	
	0.682568	
	0.672182	
	0.670683	
	0.670329	
	0.720080	
	0.631209	
	0.527466	
	0.514227	
	0.419380	
	0.442884	
	0.362060	
	0.380205	
	0.396142	
	0.412830	
	0.402620	
	0.390317	
	0.411159	
	0.433859	
	0.473141	
	0.572998	
	0.490007	
	0.470318	
	0.453564	
	0.448820	
	0.434435	
	0.473029	
	0.480736	
	0.472105	
	0.487705	
	0.495297	
	0.497890	
	0.472032	
	0.444973	
	0.699388	
	0.839371	
	0.760780	
	0.719291	
	0.676321	
	0.697634	
	0.693095	
	0.683118	
	0.647015	
	0.647568	
	0.678258	
	0.693837	
	0.684010	
	0.647946	
	0.551356	
	0.479893	
	0.505313	
	0.485810	
	0.447141	
	0.458133	
	0.442691	
	0.458039	
	0.460861	
	0.458651	
	0.406109	
	0.315182	
	0.341753	
	0.639009	
	0.593464	
	0.449958	
	0.402085	
	0.393106	
	0.387572	
	0.372221	
	0.376095	
	0.372052	
	0.377207	
	0.340581	
	0.356416	
	0.376899	
	0.381434	
	0.562188	
	0.501877	
	0.393462	
	0.368381	
	0.330516	
	0.365348	
	0.394855	
	0.358039	
	0.395276	
	0.409032	
	0.390791	
	0.421484	
	0.435922	
	0.830017	
	0.760794	
	0.737096	
	0.723159	
	0.701602	
	0.675048	
	0.640297	
	0.629431	
	0.644902	
	0.623009	
	0.609658	
	0.615480	
	0.617531	
	0.696803	
	0.674216	
	0.476963	
	0.410888	
	0.376101	
	0.359350	
	0.359614	
	0.352974	
	0.342815	
	0.349457	
	0.372618	
	0.385931	
	0.435773	
	0.470454	
	0.747722	
	0.587183	
	0.500212	
	0.427116	
	0.381191	
	0.365933	
	0.338381	
	0.319016	
	0.338802	
	0.335767	
	0.308506	
	0.318268	
	0.318713	
	0.443504	
	0.621985	
	0.495902	
	0.429414	
	0.376223	
	0.390058	
	0.391836	
	0.379839	
	0.392230	
	0.395310	
	0.345756	
	0.323608	
	0.346782	
	0.449148	
	0.801422	
	0.733399	
	0.664958	
	0.622592	
	0.617351	
	0.628836	
	0.602981	
	0.593990	
	0.564135	
	0.567785	
	0.536887	
	0.496094	
	0.522097	
	0.481897	
	0.609186	
	0.430162	
	0.405665	
	0.380944	
	0.347907	
	0.333753	
	0.340694	
	0.339333	
	0.333082	
	0.330206	
	0.312432	
	0.331057	
	0.378707	
	0.682768	
	0.538527	
	0.460412	
	0.392808	
	0.322001	
	0.290901	
	0.280450	
	0.292989	
	0.285207	
	0.293650	
	0.263916	
	0.257091	
	0.223000	
	0.513460	
	0.609761	
	0.478118	
	0.385495	
	0.333579	
	0.300122	
	0.278859	
	0.257366	
	0.273699	
	0.275602	
	0.260706	
	0.250772	
	0.285414	
	0.381035	
	0.833286	
	0.755214	
	0.710420	
	0.535376	
	0.486422	
	0.482535	
	0.475938	
	0.409219	
	0.459626	
	0.439460	
	0.433397	
	0.416806	
	0.400030	
	0.566565	
	0.603519	
	0.431139	
	0.349089	
	0.333043	
	0.315302	
	0.321973	
	0.313767	
	0.298333	
	0.332291	
	0.334400	
	0.330290	
	0.268711	
	0.348117	
	0.584895	
	0.526869	
	0.472298	
	0.372883	
	0.335383	
	0.328667	
	0.345038	
	0.336193	
	0.331138	
	0.335455	
	0.318668	
	0.326451	
	0.345236	
	0.488727	
	0.593776	
	0.406774	
	0.361872	
	0.340699	
	0.327574	
	0.336585	
	0.334347	
	0.361871	
	0.360086	
	0.364507	
	0.365311	
	0.386955	
	0.524695	
	0.769520	
	0.716843	
	0.703331	
	0.686572	
	0.649613	
	0.648331	
	0.625847	
	0.621032	
	0.597174	
	0.599295	
	0.560666	
	0.572231	
	0.606247	
	0.635371	
	0.586190	
	0.545165	
	0.513947	
	0.443486	
	0.475745	
	0.474919	
	0.450976	
	0.506651	
	0.496357	
	0.532626	
	0.488158	
	0.437347	
	0.594612	
	0.606776	
	0.536041	
	0.491096	
	0.413785	
	0.442899	
	0.401842	
	0.450844	
	0.453039	
	0.473287	
	0.474804	
	0.480441	
	0.472958	
	0.500717	
	0.575128	
	0.618331	
	0.595764	
	0.487763	
	0.432900	
	0.452928	
	0.485038	
	0.514692	
	0.571968	
	0.586580	
	0.553231	
	0.556924	
	0.531420	
	0.617693	
	0.740802	
	0.648307	
	0.557372	
	0.467236	
	0.488793	
	0.480110	
	0.454804	
	0.515986	
	0.490996	
	0.473526	
	0.475522	
	0.465170	
	0.476689	
	0.659640	
	0.643732	
	0.603311	
	0.589684	
	0.551161	
	0.548675	
	0.530907	
	0.520086	
	0.503957	
	0.499490	
	0.542264	
	0.577681	
	0.554824	
	0.671655	
	0.614420	
	0.545826	
	0.454027	
	0.404276	
	0.401233	
	0.404018	
	0.452123	
	0.482314	
	0.483973	
	0.481910	
	0.470231	
	0.433085	
	0.440196	
	0.577905	
	0.459835	
	0.457346	
	0.444380	
	0.433261	
	0.411225	
	0.433992	
	0.488866	
	0.509710	
	0.509469	
	0.500499	
	0.494941	
	0.536208	
	0.688644	
	0.841675	
	0.813792	
	0.794853	
	0.806290	
	0.780131	
	0.759174	
	0.719711	
	0.733686	
	0.693002	
	0.707986	
	0.707904	
	0.736843	
	0.650464	
	0.619132	
	0.531078	
	0.520925	
	0.494516	
	0.485304	
	0.428545	
	0.403101	
	0.410827	
	0.406146	
	0.432615	
	0.437566	
	0.459643	
	0.490271	
	0.658812	
	0.683597	
	0.601840	
	0.532056	
	0.479951	
	0.425235	
	0.417924	
	0.460638	
	0.448010	
	0.423878	
	0.416717	
	0.438282	
	0.439492	
	0.434361	
	0.653676	
	0.680976	
	0.552315	
	0.510906	
	0.452054	
	0.435221	
	0.385671	
	0.336620	
	0.338595	
	0.328352	
	0.314486	
	0.308250	
	0.307240	
	0.589091	
	0.695612	
	0.734149	
	0.763095	
	0.756679	
	0.712719	
	0.599136	
	0.580766	
	0.550828	
	0.496877	
	0.499614	
	0.453084	
	0.423130	
	0.418319	
	0.669072	
	0.464152	
	0.453818	
	0.327673	
	0.326836	
	0.343284	
	0.328509	
	0.269159	
	0.219043	
	0.237871	
	0.251399	
	0.205649	
	0.176843	
	0.302755	
	0.626315	
	0.557337	
	0.416279	
	0.431690	
	0.354776	
	0.294123	
	0.324567	
	0.248547	
	0.258461	
	0.239705	
	0.222463	
	0.196484	
	0.257210	
	0.677810	
	0.789300	
	0.720069	
	0.752157	
	0.750132	
	0.778045	
	0.777131	
	0.761293	
	0.769515	
	0.772961	
	0.757992	
	0.772932	
	0.757728	
	0.776985	
	0.737172	
	0.831600	
	0.849557	
	0.869834	
	0.884019	
	0.852357	
	0.822330	
	0.825808	
	0.840450	
	0.842388	
	0.842884	
	0.835116	
	0.835326	
	0.824523	
	0.782548	
	0.742609	
	0.767861	
	0.759073	
	0.756618	
	0.757142	
	0.792586	
	0.771783	
	0.740139	
	0.776975	
	0.775691	
	0.780079	
	0.817664	
	0.822420	
	0.745402	
	0.759464	
	0.747275	
	0.766883	
	0.741815	
	0.713665	
	0.674613	
	0.701671	
	0.689770	
	0.652757	
	0.622626	
	0.636437	
	0.614751	
	0.721168	
	0.701925	
	0.654560	
	0.606258	
	0.615772	
	0.623543	
	0.580579	
	0.541741	
	0.576742	
	0.546077	
	0.464268	
	0.479563	
	0.603399	
	0.707273	
	0.819160	
	0.838680	
	0.871297	
	0.855951	
	0.827783	
	0.754958	
	0.807097	
	0.789978	
	0.796645	
	0.728691	
	0.734313	
	0.697986	
	0.721736	
	0.633532	
	0.494503	
	0.427720	
	0.409434	
	0.389887	
	0.360506	
	0.354800	
	0.336921	
	0.344993	
	0.328096	
	0.301547	
	0.308850	
	0.319503	
	0.774935	
	0.679699	
	0.531091	
	0.460956	
	0.412174	
	0.381925	
	0.320708	
	0.315623	
	0.281638	
	0.296733	
	0.268794	
	0.262247	
	0.423640	
	0.670101	
	0.716911	
	0.669067	
	0.698094	
	0.699930	
	0.653506	
	0.629121	
	0.632008	
	0.656641	
	0.672071	
	0.678400	
	0.696010	
	0.693251	
	0.728201	
	0.775870	
	0.796740	
	0.818540	
	0.845613	
	0.847588	
	0.809959	
	0.779297	
	0.770553	
	0.766241	
	0.753767	
	0.758688	
	0.729284	
	0.735266	
	0.717779	
	0.663351	
	0.680517	
	0.647491	
	0.622731	
	0.577480	
	0.572863	
	0.501061	
	0.569055	
	0.596214	
	0.596763	
	0.605979	
	0.582573	
	0.593882	
	0.697419	
	0.724305	
	0.633405	
	0.562997	
	0.541606	
	0.563784	
	0.525207	
	0.548053	
	0.509770	
	0.531023	
	0.444084	
	0.420270	
	0.436919	
	0.507364	
	0.663360	
	0.750237	
	0.646084	
	0.560719	
	0.494817	
	0.474550	
	0.440961	
	0.433763	
	0.466348	
	0.446199	
	0.448640	
	0.455143	
	0.469894	
	0.758627	
	0.824126	
	0.843275	
	0.835091	
	0.847520	
	0.839435	
	0.769381	
	0.722763	
	0.706864	
	0.692473	
	0.699841	
	0.683327	
	0.647543	
	0.567375	
	0.649575	
	0.545461	
	0.524994	
	0.428315	
	0.371961	
	0.346430	
	0.370357	
	0.368920	
	0.357837	
	0.342762	
	0.330789	
	0.318812	
	0.337856	
	0.658766	
	0.708099	
	0.541115	
	0.514169	
	0.420008	
	0.396868	
	0.389381	
	0.373160	
	0.339792	
	0.352449	
	0.351151	
	0.335566	
	0.363044	
	0.389021	
	0.621180	
	0.642542	
	0.578115	
	0.548568	
	0.599144	
	0.562497	
	0.560687	
	0.544718	
	0.565318	
	0.585980	
	0.591417	
	0.578405	
	0.553233	
	0.706217	
	0.765426	
	0.803263	
	0.837895	
	0.840269	
	0.830030	
	0.783952	
	0.766452	
	0.761479	
	0.793400	
	0.769198	
	0.775372	
	0.764713	
	0.694156	
	0.633474	
	0.679503	
	0.653721	
	0.672879	
	0.672846	
	0.684714	
	0.674482	
	0.663727	
	0.671654	
	0.659161	
	0.668398	
	0.658679	
	0.687240	
	0.739592	
	0.670780	
	0.699247	
	0.696781	
	0.699454	
	0.743641	
	0.773768	
	0.775982	
	0.745663	
	0.714966	
	0.733292	
	0.718931	
	0.705824	
	0.720677	
	0.776202	
	0.780829	
	0.782721	
	0.763630	
	0.740223	
	0.722701	
	0.725107	
	0.766107	
	0.790086	
	0.798403	
	0.823585	
	0.821413	
	0.794891	
	0.672153	
	0.703953	
	0.782688	
	0.764615	
	0.758155	
	0.769067	
	0.698324	
	0.692537	
	0.674501	
	0.680081	
	0.687829	
	0.660939	
	0.663992	
	0.670636	
	0.753142	
	0.739510	
	0.666247	
	0.634352	
	0.626121	
	0.602218	
	0.588545	
	0.611851	
	0.620835	
	0.624793	
	0.608893	
	0.628538	
	0.638072	
	0.718138	
	0.640166	
	0.648945	
	0.565576	
	0.543065	
	0.505658	
	0.530221	
	0.622021	
	0.595924	
	0.608028	
	0.575459	
	0.567615	
	0.599538	
	0.606202	
	0.788754	
	0.737494	
	0.698675	
	0.690547	
	0.672564	
	0.680800	
	0.668289	
	0.628483	
	0.608140	
	0.604329	
	0.640681	
	0.657716	
	0.711364	
	0.745423	
	0.831324	
	0.823064	
	0.850494	
	0.827946	
	0.802699	
	0.773027	
	0.778971	
	0.775041	
	0.798108	
	0.780435	
	0.780754	
	0.773330	
	0.756604	
	0.722380	
	0.696678	
	0.624128	
	0.570307	
	0.573485	
	0.557867	
	0.570330	
	0.552677	
	0.565436	
	0.559924	
	0.561207	
	0.585553	
	0.562976	
	0.802025	
	0.687552	
	0.704836	
	0.587343	
	0.565641	
	0.531700	
	0.535097	
	0.504793	
	0.495652	
	0.501894	
	0.475301	
	0.462447	
	0.562618	
	0.698546	
	0.710142	
	0.610065	
	0.529797	
	0.471829	
	0.459439	
	0.406459	
	0.407252	
	0.366584	
	0.385957	
	0.361909	
	0.328751	
	0.365889	
	0.746586	
	0.757592	
	0.785203	
	0.821602	
	0.840758	
	0.805699	
	0.769250	
	0.734517	
	0.705670	
	0.711502	
	0.695995	
	0.663730	
	0.622341	
	0.617949	
	0.679438	
	0.678349	
	0.644140	
	0.532177	
	0.452365	
	0.423077	
	0.419453	
	0.401312	
	0.370065	
	0.386123	
	0.343881	
	0.351654	
	0.299506	
	0.361067	
	0.737138	
	0.555272	
	0.491436	
	0.413413	
	0.350309	
	0.347206	
	0.379558	
	0.413197	
	0.416162	
	0.413744	
	0.455836	
	0.424579	
	0.436289	
	0.601754	
	0.727693	
	0.701021	
	0.686718	
	0.695237	
	0.720781	
	0.699235	
	0.683910	
	0.708227	
	0.712884	
	0.715976	
	0.705898	
	0.726922	
	0.747105	
	0.709859	
	0.812507	
	0.829770	
	0.822218	
	0.811046	
	0.811986	
	0.762777	
	0.768373	
	0.773991	
	0.773118	
	0.755194	
	0.747181	
	0.770020	
	0.770859	
	0.717339	
	0.690626	
	0.716919	
	0.674364	
	0.705984	
	0.705097	
	0.686730	
	0.708891	
	0.698150	
	0.700754	
	0.698793	
	0.734185	
	0.749297	
	0.814922	
	0.724930	
	0.696328	
	0.678912	
	0.705570	
	0.689331	
	0.682906	
	0.669706	
	0.691716	
	0.699582	
	0.700668	
	0.677120	
	0.665036	
	0.667551	
	0.660284	
	0.683655	
	0.674984	
	0.669426	
	0.642844	
	0.646352	
	0.645819	
	0.667195	
	0.664790	
	0.679919	
	0.684520	
	0.689806	
	0.719717	
	0.730750	
	0.796914	
	0.781963	
	0.798496	
	0.792689	
	0.766501	
	0.732539	
	0.745021	
	0.723104	
	0.737941	
	0.712142	
	0.700000	
	0.699922	
	0.727929	
	0.652096	
	0.622239	
	0.624398	
	0.568153	
	0.583005	
	0.568117	
	0.570193	
	0.617697	
	0.620394	
	0.606912	
	0.606878	
	0.614979	
	0.556615	
	0.780688	
	0.702311	
	0.547407	
	0.541647	
	0.523269	
	0.457932	
	0.500044	
	0.504007	
	0.491867	
	0.508978	
	0.507022	
	0.513575	
	0.555075	
	0.633008	
	0.731163	
	0.672649	
	0.645281	
	0.738693	
	0.736391	
	0.716948	
	0.719212	
	0.714396	
	0.724983	
	0.734460	
	0.727341	
	0.731982	
	0.747338	
	0.716759	
	0.830642	
	0.817756	
	0.816605	
	0.824419	
	0.818563	
	0.762055	
	0.760851	
	0.783901	
	0.808749	
	0.776578	
	0.723243	
	0.751136	
	0.767772	
	0.715985	
	0.683263	
	0.665029	
	0.649511	
	0.641025	
	0.643729	
	0.644115	
	0.662628	
	0.644786	
	0.603281	
	0.645084	
	0.642126	
	0.659750	
	0.717301	
	0.741926	
	0.628618	
	0.608729	
	0.627514	
	0.645262	
	0.626467	
	0.605466	
	0.626413	
	0.614955	
	0.643432	
	0.625204	
	0.627956	
	0.619020	
	0.726299	
	0.728633	
	0.687529	
	0.694032	
	0.686568	
	0.697570	
	0.685936	
	0.659235	
	0.686887	
	0.695111	
	0.675299	
	0.695864	
	0.696645	
	0.768549	
	0.714118	
	0.819824	
	0.859421	
	0.856962	
	0.858940	
	0.830953	
	0.764670	
	0.791265	
	0.739618	
	0.760135	
	0.751998	
	0.757844	
	0.730365	
	0.737204	
	0.684277	
	0.637040	
	0.591556	
	0.572922	
	0.570328	
	0.630668	
	0.600030	
	0.577581	
	0.587151	
	0.575469	
	0.549187	
	0.567661	
	0.622737	
	0.764115	
	0.694929	
	0.596157	
	0.521582	
	0.474854	
	0.456016	
	0.427011	
	0.423889	
	0.407725	
	0.390907	
	0.349116	
	0.335855	
	0.397143	
	0.671845	
	0.569763	
	0.559970	
	0.583325	
	0.603742	
	0.622819	
	0.633429	
	0.637403	
	0.626110	
	0.522438	
	0.471294	
	0.496533	
	0.526419	
	0.695404	
	0.833181	
	0.835796	
	0.850435	
	0.835089	
	0.843104	
	0.800688	
	0.798415	
	0.787574	
	0.780073	
	0.800186	
	0.810550	
	0.797169	
	0.783616	
	0.704737	
	0.610575	
	0.665534	
	0.644912	
	0.668175	
	0.661881	
	0.686960	
	0.661456	
	0.680566	
	0.664031	
	0.655529	
	0.680944	
	0.675301	
	0.709374	
	0.731645	
	0.731809	
	0.746194	
	0.751079	
	0.772005	
	0.735217	
	0.707196	
	0.707258	
	0.714308	
	0.754223	
	0.758173	
	0.752457	
	0.754187	
	0.774327	
	0.772361	
	0.709614	
	0.694710	
	0.702800	
	0.722007	
	0.747367	
	0.718209	
	0.704526	
	0.683542	
	0.687520	
	0.709477	
	0.745578	
	0.765901	
	0.833244	
	0.835860	
	0.842890	
	0.852650	
	0.842116	
	0.774848	
	0.772160	
	0.775783	
	0.814641	
	0.804625	
	0.772784	
	0.749624	
	0.800368	
	0.676531	
	0.590624	
	0.597490	
	0.574637	
	0.552574	
	0.571397	
	0.512275	
	0.497373	
	0.518054	
	0.504762	
	0.485269	
	0.516695	
	0.573838	
	0.678532	
	0.645955	
	0.682871	
	0.629766	
	0.615551	
	0.620949	
	0.632378	
	0.630284	
	0.616242	
	0.587899	
	0.555558	
	0.549953	
	0.529825	
	0.686751	
	0.800679	
	0.770139	
	0.701115	
	0.636791	
	0.601107	
	0.569710	
	0.562056	
	0.558491	
	0.564371	
	0.560173	
	0.533803	
	0.591687	
	0.658369	
	0.724925	
	0.817254	
	0.831529	
	0.835701	
	0.825384	
	0.799548	
	0.742177	
	0.700425	
	0.713928	
	0.752471	
	0.729183	
	0.654800	
	0.641203	
	0.777168	
	0.679909	
	0.562494	
	0.551259	
	0.534821	
	0.481001	
	0.492054	
	0.585473	
	0.675207	
	0.703571	
	0.666446	
	0.625615	
	0.543531	
	0.664502	
	0.822164	
	0.677705	
	0.623866	
	0.585167	
	0.524648	
	0.527355	
	0.533702	
	0.508963	
	0.477010	
	0.472892	
	0.491624	
	0.498045	
	0.569938	
	0.703893	
	0.715769	
	0.651500	
	0.589435	
	0.502851	
	0.451856	
	0.458324	
	0.458851	
	0.526809	
	0.548607	
	0.611323	
	0.563693	
	0.582628	
	0.660964	
	0.683325	
	0.772873	
	0.791621	
	0.804549	
	0.781893	
	0.664822	
	0.611233	
	0.586942	
	0.608211	
	0.593637	
	0.570567	
	0.560556	
	0.487194	
	0.629739	
	0.651084	
	0.667951	
	0.618514	
	0.646832	
	0.654679	
	0.663258	
	0.630964	
	0.658812	
	0.631049	
	0.687818	
	0.695529	
	0.649557	
	0.747907	
	0.621440	
	0.676738	
	0.689435	
	0.720349	
	0.703781	
	0.658318	
	0.633829	
	0.641038	
	0.651044	
	0.676524	
	0.655033	
	0.671532	
	0.611117	
	0.740563	
	0.731802	
	0.619718	
	0.608702	
	0.601716	
	0.597002	
	0.657603	
	0.706890	
	0.638541	
	0.640893	
	0.575916	
	0.580679	
	0.627621	
	0.715714	
	0.725434	
	0.780331	
	0.772260	
	0.766950	
	0.756265	
	0.723981	
	0.587850	
	0.537419	
	0.546600	
	0.532159	
	0.521556	
	0.495220	
	0.559874	
	0.739663	
	0.676362	
	0.595868	
	0.563603	
	0.553673	
	0.503099	
	0.478091	
	0.580079	
	0.563868	
	0.551164	
	0.516814	
	0.535454	
	0.596377	
	0.566755	
	0.737424	
	0.610289	
	0.577688	
	0.570423	
	0.584530	
	0.617455	
	0.674932	
	0.687153	
	0.690587	
	0.654613	
	0.694136	
	0.728166	
	0.695455	
	0.825083	
	0.701627	
	0.645248	
	0.602958	
	0.612086	
	0.602780	
	0.630707	
	0.600785	
	0.583381	
	0.603567	
	0.580582	
	0.569069	
	0.566231	
	0.658458	
	0.745621	
	0.805678	
	0.805025	
	0.801577	
	0.802557	
	0.782413	
	0.736763	
	0.714663	
	0.692487	
	0.710864	
	0.668709	
	0.635728	
	0.647771	
	0.660323	
	0.737403	
	0.656019	
	0.632839	
	0.584113	
	0.548066	
	0.536250	
	0.539377	
	0.503045	
	0.535263	
	0.525169	
	0.494526	
	0.481068	
	0.649355	
	0.792264	
	0.715295	
	0.719952	
	0.705569	
	0.677869	
	0.651453	
	0.609209	
	0.583904	
	0.608157	
	0.574175	
	0.546545	
	0.576825	
	0.651893	
	0.829565	
	0.798409	
	0.693830	
	0.593672	
	0.599055	
	0.568511	
	0.555898	
	0.720717	
	0.715336	
	0.662090	
	0.621924	
	0.622685	
	0.654979	
	0.743568	
	0.737811	
	0.764300	
	0.780422	
	0.760688	
	0.721650	
	0.635168	
	0.610611	
	0.605013	
	0.650635	
	0.580970	
	0.507493	
	0.553661	
	0.588024	
	0.658186	
	0.652670	
	0.694462	
	0.569541	
	0.556062	
	0.607987	
	0.564909	
	0.552618	
	0.501666	
	0.460027	
	0.542768	
	0.461630	
	0.501447	
	0.500689	
	0.700169	
	0.652037	
	0.717887	
	0.693470	
	0.641317	
	0.608768	
	0.597320	
	0.567949	
	0.592231	
	0.647190	
	0.643903	
	0.644315	
	0.646780	
	0.640943	
	0.634900	
	0.665410	
	0.711289	
	0.723907	
	0.704961	
	0.692883	
	0.711817	
	0.715458	
	0.729380	
	0.690830	
	0.637048	
	0.662204	
	0.732363	
	0.744173	
	0.723730	
	0.752841	
	0.809759	
	0.781832	
	0.777080	
	0.772311	
	0.771163	
	0.779853	
	0.680960	
	0.676121	
	0.678583	
	0.752933	
	0.801138	
	0.842388	
	0.862569	
	0.844297	
	0.836817	
	0.839003	
	0.839468	
	0.807281	
	0.737783	
	0.784589	
	0.824458	
	0.822271	
	0.855092	
	0.853603	
	0.826268	
	0.772676	
	0.751927	
	0.744597	
	0.764846	
	0.606163	
	0.563075	
	0.583735	
	0.638065	
	0.634826	
	0.693463	
	0.813927	
	0.861503	
	0.876448	
	0.847974	
	0.829674	
	0.800358	
	0.786104	
	0.774977	
	0.762474	
	0.760575	
	0.781064	
	0.773718	
	0.802190	
	0.800643	
	0.785166	
	0.775075	
	0.776281	
	0.741899	
	0.819962	
	0.847157	
	0.862073	
	0.865007	
	0.850153	
	0.820276	
	0.832764	
	0.823708	
	0.867410	
	0.862573	
	0.824256	
	0.830090	
	0.692899	
	0.640147	
	0.666505	
	0.660359	
	0.595499	
	0.640341	
	0.682156	
	0.653935	
	0.652942	
	0.660423	
	0.623350	
	0.659736	
	0.628918	
	0.711167	
	0.728281	
	0.720447	
	0.635148	
	0.576610	
	0.555286	
	0.562573	
	0.573647	
	0.566788	
	0.523406	
	0.535958	
	0.562895	
	0.573793	
	0.544719	
	0.600886	
	0.709303	
	0.650964	
	0.614263	
	0.708839	
	0.700934	
	0.757660	
	0.833326	
	0.795625	
	0.793796	
	0.801661	
	0.778330	
	0.760325	
	0.778745	
	0.749895	
	0.778816	
	0.797469	
	0.780209	
	0.740564	
	0.758490	
	0.810586	
	0.828738	
	0.834196	
	0.802945	
	0.776969	
	0.770597	
	0.765723	
	0.787031	
	0.718564	
	0.745418	
	0.685030	
	0.748492	
	0.763579	
	0.769035	
	0.760654	
	0.763956	
	0.747772	
	0.715533	
	0.734620	
	0.760108	
	0.699138	
	0.736062	
	0.682376	
	0.625005	
	0.618935	
	0.709513	
	0.775761	
	0.762769	
	0.759866	
	0.744776	
	0.716563	
	0.721225	
	0.725839	
	0.713710	
	0.784261	
	0.772708	
	0.771298	
	0.754601	
	0.733572	
	0.730723	
	0.719848	
	0.742777	
	0.750199	
	0.760734	
	0.725369	
	0.771640	
	0.761132	
	0.747070	
	0.797380	
	0.830416	
	0.814089	
	0.809777	
	0.804487	
	0.786221	
	0.762275	
	0.745933	
	0.740834	
	0.728008	
	0.745013	
	0.723739	
	0.689133	
	0.708960	
	0.665436	
	0.614318	
	0.624599	
	0.617843	
	0.574274	
	0.564765	
	0.507307	
	0.551054	
	0.542558	
	0.519164	
	0.549760	
	0.588925	
	0.753543	
	0.681060	
	0.612139	
	0.598630	
	0.579312	
	0.544519	
	0.534179	
	0.530202	
	0.526965	
	0.557531	
	0.505183	
	0.498550	
	0.536121	
	0.619568	
	0.645100	
	0.600944	
	0.582510	
	0.520060	
	0.559007	
	0.578467	
	0.505599	
	0.513241	
	0.624947	
	0.726854	
	0.689859	
	0.699284	
	0.733385	
	0.795142	
	0.726005	
	0.815564	
	0.840307	
	0.863855	
	0.874444	
	0.881382	
	0.869563	
	0.845827	
	0.851873	
	0.856478	
	0.810440	
	0.827266	
	0.826730	
	0.780903	
	0.789933	
	0.817053	
	0.815201	
	0.828711	
	0.817262	
	0.842133	
	0.834577	
	0.848619	
	0.850158	
	0.805620	
	0.816045	
	0.829110	
	0.803461	
	0.759276	
	0.759783	
	0.729103	
	0.733773	
	0.715154	
	0.736595	
	0.714925	
	0.710669	
	0.698206	
	0.690579	
	0.667836	
	0.645984	
	0.645746	
	0.681681	
	0.729982	
	0.670346	
	0.661847	
	0.659285	
	0.628888	
	0.622550	
	0.651222	
	0.658242	
	0.689582	
	0.693592	
	0.700272	
	0.732401	
	0.727423	
	0.712818	
	0.808154	
	0.827099	
	0.837284	
	0.839845	
	0.830678	
	0.786649	
	0.790929	
	0.808579	
	0.779496	
	0.766482	
	0.770550	
	0.802769	
	0.767198	
	0.794882	
	0.768643	
	0.697769	
	0.719226	
	0.716564	
	0.705589	
	0.690384	
	0.723348	
	0.687881	
	0.698122	
	0.688546	
	0.703970	
	0.733388	
	0.779593	
	0.674339	
	0.661362	
	0.614885	
	0.591971	
	0.632069	
	0.616596	
	0.653102	
	0.662890	
	0.650696	
	0.662851	
	0.669373	
	0.681807	
	0.707647	
	0.759671	
	0.678161	
	0.685614	
	0.671949	
	0.669041	
	0.661520	
	0.686243	
	0.671331	
	0.641620	
	0.654641	
	0.630052	
	0.625819	
	0.649275	
	0.704174	
	0.780998	
	0.800963	
	0.812432	
	0.849069	
	0.831945	
	0.819222	
	0.797764	
	0.793796	
	0.802736	
	0.804647	
	0.807124	
	0.805930	
	0.823299	
	0.700032	
	0.675772	
	0.658162	
	0.664288	
	0.660157	
	0.658217	
	0.671683	
	0.744094	
	0.756625	
	0.729652	
	0.746103	
	0.756608	
	0.789461	
	0.771947	
	0.743128	
	0.732514	
	0.738992	
	0.745050	
	0.741207	
	0.732963	
	0.695795	
	0.773964	
	0.758935	
	0.715749	
	0.714549	
	0.720687	
	0.767264	
	0.788892	
	0.750010	
	0.729883	
	0.724212	
	0.752868	
	0.750003	
	0.752640	
	0.730391	
	0.735235	
	0.745574	
	0.761397	
	0.754429	
	0.764332	
	0.687368	
	0.793131	
	0.817167	
	0.829911	
	0.829425	
	0.827026	
	0.840495	
	0.810025	
	0.797750	
	0.800742	
	0.757419	
	0.755779	
	0.782250	
	0.784017	
	0.705686	
	0.708096	
	0.722980	
	0.701546	
	0.688030	
	0.670376	
	0.689407	
	0.670733	
	0.695161	
	0.691488	
	0.656646	
	0.625363	
	0.682496	
	0.675316	
	0.674906	
	0.799188	
	0.819940	
	0.746786	
	0.695948	
	0.676503	
	0.738563	
	0.720164	
	0.701973	
	0.661650	
	0.836234	
	0.898500	
	0.892244	
	0.888665	
	0.920791	
	0.921504	
	0.926999	
	0.929884	
	0.928511	
	0.929419	
	0.931706	
	0.935190	
	0.935284	
	0.929189	
	0.930406	
	0.941160	
	0.937511	
	0.946691	
	0.940078	
	0.938534	
	0.927585	
	0.927739	
	0.919503	
	0.918212	
	0.922361	
	0.916117	
	0.916137	
	0.926106	
	0.925421	
	0.925919	
	0.915776	
	0.903931	
	0.914939	
	0.915422	
	0.932390	
	0.932452	
	0.916307	
	0.915304	
	0.916375	
	0.897609	
	0.890004	
	0.820693	
	0.826103	
	0.833184	
	0.816550	
	0.818521	
	0.817870	
	0.794865	
	0.783504	
	0.775831	
	0.764129	
	0.773978	
	0.750835	
	0.755124	
	0.763730	
	0.732945	
	0.752701	
	0.730657	
	0.696808	
	0.698116	
	0.700729	
	0.731632	
	0.732846	
	0.720430	
	0.725399	
	0.705307	
	0.673900	
	0.706687	
	0.722866	
	0.716021	
	0.706244	
	0.732271	
	0.762806	
	0.785878	
	0.765982	
	0.770353	
	0.770706	
	0.774455	
	0.779472	
	0.796406	
	0.792050	
	0.771058	
	0.786152	
	0.773413	
	0.762697	
	0.758722	
	0.776404	
	0.779814	
	0.765446	
	0.773689	
	0.768277	
	0.785575	
	0.850514	
	0.700737	
	0.687076	
	0.685008	
	0.721909	
	0.686389	
	0.649083	
	0.655873	
	0.656133	
	0.654834	
	0.666163	
	0.667947	
	0.654065	
	0.664692	
	0.664852	
	0.706154	
	0.706998	
	0.661322	
	0.675221	
	0.655336	
	0.647700	
	0.646367	
	0.660007	
	0.659477	
	0.671308	
	0.687298	
	0.657003	
	0.669478	
	0.731663	
	0.785428	
	0.825249	
	0.829914	
	0.817878	
	0.811613	
	0.787266	
	0.774095	
	0.778828	
	0.782841	
	0.777240	
	0.772114	
	0.764980	
	0.777122	
	0.737267	
	0.685055	
	0.634430	
	0.570068	
	0.573583	
	0.586027	
	0.575482	
	0.599429	
	0.583574	
	0.578610	
	0.589540	
	0.625331	
	0.606279	
	0.675481	
	0.637702	
	0.619282	
	0.642448	
	0.599050	
	0.592764	
	0.618594	
	0.606048	
	0.590525	
	0.576119	
	0.571567	
	0.539294	
	0.561852	
	0.544888	
	0.703472	
	0.731620	
	0.679500	
	0.653322	
	0.561406	
	0.493805	
	0.484223	
	0.471257	
	0.473545	
	0.480631	
	0.507779	
	0.540369	
	0.566038	
	0.824548	
	0.823921	
	0.838105	
	0.845249	
	0.859502	
	0.850442	
	0.741549	
	0.615409	
	0.585317	
	0.595893	
	0.568629	
	0.526803	
	0.489062	
	0.491021	
	0.648792	
	0.554474	
	0.442759	
	0.560448	
	0.522107	
	0.538420	
	0.533134	
	0.572362	
	0.626984	
	0.608373	
	0.644944	
	0.632805	
	0.685498	
	0.782224	
	0.669270	
	0.628433	
	0.601748	
	0.584237	
	0.570352	
	0.492099	
	0.504907	
	0.600861	
	0.610568	
	0.608695	
	0.640510	
	0.610649	
	0.665791	
	0.756374	
	0.760664	
	0.707928	
	0.685126	
	0.638568	
	0.669101	
	0.635552	
	0.640535	
	0.626272	
	0.630641	
	0.667592	
	0.692585	
	0.698641	
	0.729724	
	0.777765	
	0.816413	
	0.843799	
	0.847335	
	0.820176	
	0.791687	
	0.788152	
	0.777608	
	0.766816	
	0.777470	
	0.786433	
	0.796538	
	0.758189	
	0.748876	
	0.677885	
	0.716633	
	0.601548	
	0.642473	
	0.636072	
	0.632402	
	0.596739	
	0.616921	
	0.641347	
	0.622707	
	0.605088	
	0.624522	
	0.651616	
	0.774563	
	0.703389	
	0.616548	
	0.626227	
	0.647923	
	0.634248	
	0.609156	
	0.588080	
	0.575732	
	0.490967	
	0.482054	
	0.521379	
	0.647286	
	0.651185	
	0.604331	
	0.488757	
	0.429340	
	0.371249	
	0.341019	
	0.317270	
	0.299515	
	0.278579	
	0.281786	
	0.272074	
	0.281647	
	0.484123	
	0.705745	
	0.752449	
	0.781807	
	0.775376	
	0.766274	
	0.761621	
	0.738008	
	0.754158	
	0.771648	
	0.788666	
	0.800470	
	0.772103	
	0.789863	
	0.814859	
	0.840004	
	0.741238	
	0.696704	
	0.735260	
	0.714970	
	0.724812	
	0.670058	
	0.668480	
	0.661208	
	0.668736	
	0.673290	
	0.664469	
	0.741521	
	0.737243	
	0.730199	
	0.717756	
	0.674287	
	0.645972	
	0.632352	
	0.618697	
	0.587127	
	0.561504	
	0.554055	
	0.584100	
	0.559343	
	0.603303	
	0.603306	
	0.701294	
	0.692819	
	0.608976	
	0.568373	
	0.554106	
	0.574780	
	0.584133	
	0.581185	
	0.588743	
	0.561425	
	0.534228	
	0.556775	
	0.539302	
	0.715525	
	0.769647	
	0.821284	
	0.804120	
	0.839047	
	0.800890	
	0.713270	
	0.715362	
	0.655691	
	0.656016	
	0.629101	
	0.632257	
	0.634681	
	0.648118	
	0.693297	
	0.558395	
	0.569198	
	0.541257	
	0.595768	
	0.591726	
	0.578813	
	0.609050	
	0.583067	
	0.581693	
	0.591700	
	0.604343	
	0.639540	
	0.790817	
	0.703004	
	0.612401	
	0.589407	
	0.598409	
	0.603212	
	0.583011	
	0.606808	
	0.612813	
	0.597600	
	0.606015	
	0.575046	
	0.612079	
	0.640738	
	0.715605	
	0.675035	
	0.651204	
	0.621366	
	0.590535	
	0.626231	
	0.635419	
	0.680543	
	0.668779	
	0.712620	
	0.702263	
	0.698297	
	0.734483	
	0.738703	
	0.747546	
	0.802333	
	0.814356	
	0.827466	
	0.783764	
	0.731350	
	0.762067	
	0.741404	
	0.737135	
	0.731545	
	0.724747	
	0.705814	
	0.740919	
	0.767145	
	0.745132	
	0.755838	
	0.732343	
	0.721959	
	0.732078	
	0.707994	
	0.735803	
	0.738974	
	0.756762	
	0.778695	
	0.794331	
	0.798406	
	0.746498	
	0.735737	
	0.718362	
	0.718248	
	0.711493	
	0.747500	
	0.708160	
	0.726595	
	0.734890	
	0.745012	
	0.739752	
	0.736115	
	0.731247	
	0.725410	
	0.750944	
	0.723466	
	0.721411	
	0.719847	
	0.706210	
	0.686248	
	0.693559	
	0.693710	
	0.695875	
	0.679900	
	0.678242	
	0.699700	
	0.746006	
	0.721972	
	0.714950	
	0.700002	
	0.718054	
	0.699862	
	0.706335	
	0.667659	
	0.656392	
	0.668176	
	0.685594	
	0.685172	
	0.691338	
	0.665228	
	0.664032	
	0.639931	
	0.618043	
	0.634464	
	0.632744	
	0.681652	
	0.670095	
	0.647290	
	0.589805	
	0.595114	
	0.571419	
	0.551277	
	0.551679	
	0.541861	
	0.591392	
	0.628783	
	0.640976	
	0.655058	
	0.600967	
	0.596002	
	0.624192	
	0.654329	
	0.661971	
	0.636874	
	0.581103	
	0.477328	
	0.706819	
	0.639383	
	0.680042	
	0.661594	
	0.670985	
	0.713753	
	0.717170	
	0.715079	
	0.735162	
	0.746373	
	0.745853	
	0.735090	
	0.719751	
	0.723498	
	0.732586	
	0.704521	
	0.685266	
	0.669713	
	0.642284	
	0.620576	
	0.637185	
	0.645492	
	0.647786	
	0.639786	
	0.655991	
	0.652151	
	0.643294	
	0.642269	
	0.644985	
	0.634418	
	0.637231	
	0.610641	
	0.592800	
	0.553708	
	0.573925	
	0.544529	
	0.574577	
	0.597606	
	0.570867	
	0.544521	
	0.510073	
	0.517350	
	0.498807	
	0.507658	
	0.484311	
	0.465826	
	0.485963	
	0.463079	
	0.459799	
	0.467442	
	0.452150	
	0.432439	
	0.438458	
	0.429578	
	0.429083	
	0.423995	
	0.430462	
	0.420272	
	0.391779	
	0.370080	
	0.374148	
	0.372201	
	0.367787	
	0.467950	
	0.562900	
	0.568019	
	0.597338	
	0.745014	
	0.554517	
	0.603997	
	0.650337	
	0.720296	
	0.671538	
	0.759914	
	0.752763	
	0.726243	
	0.716262	
	0.683474	
	0.686067	
	0.683031	
	0.724187	
	0.727500	
	0.711012	
	0.699359	
	0.688273	
	0.682836	
	0.685380	
	0.674424	
	0.663095	
	0.632304	
	0.647096	
	0.635078	
	0.647518	
	0.622774	
	0.591362	
	0.541270	
	0.573194	
	0.598803	
	0.618101	
	0.650860	
	0.676379	
	0.741811	
	0.715322	
	0.732138	
	0.761610	
	0.795360	
	0.739357	
	0.742669	
	0.749592	
	0.750007	
	0.626865	
	0.612052	
	0.624267	
	0.636178	
	0.626045	
	0.656961	
	0.720177	
	0.733816	
	0.723199	
	0.621528	
	0.613639	
	0.586999	
	0.587856	
	0.673787	
	0.709134	
	0.718416	
	0.639105	
	0.648284	
	0.617407	
	0.630682	
	0.685207	
	0.682710	
	0.589821	
	0.564295	
	0.599014	
	0.621892	
	0.562082	
	0.648340	
	0.680370	
	0.721560	
	0.732723	
	0.731961	
	0.699629	
	0.748205	
	0.648811	
	0.646922	
	0.593540	
	0.582272	
	0.625706	
	0.643474	
	0.640131	
	0.653101	
	0.662185	
	0.678952	
	0.677469	
	0.668203	
	0.636447	
	0.589674	
	0.550864	
	0.533063	
	0.528138	
	0.585505	
	0.540938	
	0.528562	
	0.551092	
	0.541243	
	0.687004	
	0.786341	
	0.733749	
	0.698992	
	0.643731	
	0.646314	
	0.609773	
	0.540437	
	0.566055	
	0.592841	
	0.596978	
	0.644922	
	0.665332	
	0.602317	
	0.615041	
	0.582549	
	0.581476	
	0.538043	
	0.540158	
	0.519647	
	0.511622	
	0.551520	
	0.563060	
	0.576022	
	0.522108	
	0.519606	
	0.546294	
	0.655480	
	0.644799	
	0.620497	
	0.510129	
	0.481374	
	0.488972	
	0.521753	
	0.542715	
	0.542620	
	0.507871	
	0.537967	
	0.561791	
	0.546568	
	0.531604	
	0.508361	
	0.474138	
	0.515167	
	0.517690	
	0.534190	
	0.553545	
	0.505611	
	0.497786	
	0.494908	
	0.488711	
	0.483616	
	0.481613	
	0.514337	
	0.496749	
	0.480041	
	0.482441	
	0.452492	
	0.444665	
	0.455329	
	0.499695	
	0.536584	
	0.525772	
	0.494180	
	0.526253	
	0.499465	
	0.465746	
	0.454695	
	0.474043	
	0.461109	
	0.474945	
	0.494308	
	0.478547	
	0.446067	
	0.432207	
	0.438866	
	0.495144	
	0.521558	
	0.469928	
	0.469347	
	0.482739	
	0.507810	
	0.473306	
	0.481773	
	0.475041	
	0.515637	
	0.444891	
	0.453685	
	0.477553	
	0.486085	
	0.482009	
	0.471232	
	0.485062	
	0.484347	
	0.487126	
	0.455490	
	0.426375	
	0.432571	
	0.475782	
	0.465690	
	0.430109	
	0.454909	
	0.514778	
	0.534694	
	0.496827	
	0.447954	
	0.439323	
	0.418514	
	0.407875	
	0.414502	
	0.428924	
	0.416688	
	0.441048	
	0.447632	
	0.462086	
	0.460420	
	0.490129	
	0.474089	
	0.448478	
	0.445234	
	0.429647	
	0.448224	
	0.417614	
	0.404874	
	0.426442	
	0.417238	
	0.409626	
	0.395713	
	0.392085	
	0.408941	
	0.400870	
	0.386879	
	0.362078	
	0.354309	
	0.364725	
	0.359730	
	0.342971	
	0.351854	
	0.347307	
	0.372435	
	0.350635	
	0.350214	
	0.375227	
	0.362384	
	0.355229	
	0.389018	
	0.375394	
	0.401681	
	0.402711	
	0.393778	
	0.406526	
	0.414994	
	0.411917	
	0.383890	
	0.403079	
	0.397800	
	0.397096	
	0.400146	
	0.391081	
	0.401310	
	0.405707	
	0.423610	
	0.385267	
	0.353853	
	0.366712	
	0.394269	
	0.390029	
	0.398180	
	0.401198	
	0.419328	
	0.421311	
	0.390858	
	0.380869	
	0.397351	
	0.399160	
	0.408170	
	0.406976	
	0.405622	
	0.402777	
	0.411264	
	0.390295	
	0.367007	
	0.391551	
	0.404955	
	0.409802	
	0.417756	
	0.439560	
	0.433107	
	0.416596	
	0.413128	
	0.393766	
	0.395569	
	0.399868	
	0.419822	
	0.445615	
	0.449022	
	0.432638	
	0.422174	
	0.424331	
	0.422964	
	0.426554	
	0.432994	
	0.453678	
	0.460660	
	0.460956	
	0.486833	
	0.475168	
	0.447008	
	0.457299	
	0.453298	
	0.470112	
	0.492519	
	0.491538	
	0.481125	
	0.482523	
	0.488533	
	0.494507	
	0.498874	
	0.484230	
	0.514592	
	0.543443	
	0.523471	
	0.495192	
	0.496289	
	0.520627	
	0.520214	
	0.527340	
	0.547666	
	0.571553	
	0.565700	
	0.548239	
	0.531426	
	0.550924	
	0.554786	
	0.565585	
	0.541276	
	0.576866	
	0.592218	
	0.596457	
	0.570340	
	0.573136	
	0.581314	
	0.590064	
	0.587912	
	0.623125	
	0.621413	
	0.647145	
	NaN	
	NaN	
	NaN	
	NaN	
	NaN	
	NaN	
	NaN	
	NaN	
	NaN	
	NaN	
	NaN	
	NaN	
	NaN	
	NaN	
	NaN	
	NaN	
	NaN	
	NaN	
	NaN	
	NaN	
	NaN	
	NaN	
	NaN	
	NaN	
	NaN	
	NaN	
	NaN	
	NaN	
	NaN	
	NaN	
	NaN	
	NaN	
	NaN	
	NaN	
	NaN	
	NaN	
	NaN	
	NaN	
	NaN	
	NaN	
	NaN	
	NaN	
	NaN	
	NaN	
	NaN	
	NaN	
	NaN	
	NaN	
	NaN	
	NaN	
	NaN	
	NaN	
	NaN	
	NaN	
	NaN	
	NaN	
	NaN	
	NaN	
	NaN	
	NaN	
	NaN	
	NaN	
	NaN	
	NaN	
	NaN	
	NaN	
	NaN	
	NaN	
	NaN	
	NaN	
	NaN	
	NaN	
	NaN	
	NaN	
	NaN	
	NaN	
	NaN	
	NaN	
	NaN	
	NaN	
	NaN	
	NaN	
	NaN	
	NaN	
	NaN	
	NaN	
	NaN	
	NaN	
	NaN	
	NaN	
	NaN	
	NaN	
	NaN	
	NaN	
	NaN	
	NaN	
	NaN	
	NaN	
	NaN	
	NaN	
	NaN	
	NaN	
	NaN	
	NaN	
	NaN	
	NaN	
	NaN	
	NaN	
	NaN	
	NaN	
	NaN	
	NaN	
	NaN	
	NaN	
	NaN	
	NaN	
	NaN	
	NaN	
	NaN	
	NaN	
	NaN	
	NaN	
	NaN	
	NaN	
	NaN	
	NaN	
	NaN	
	NaN	
	NaN	
	NaN	
	NaN	
	NaN	
	NaN	
	NaN	
	NaN	
	NaN	
	NaN	
	NaN	
	NaN	
	NaN	
	NaN	
