_Mode		
	-0.171656	
	0.102831	
	0.001476	
	0.079677	
	0.139312	
	-0.175464	
	-0.080403	
	0.140704	
	0.126900	
	-0.217471	
	-0.118442	
	-0.126512	
	-0.169484	
	-0.162456	
	-0.164541	
	-0.312223	
	-0.174511	
	0.004126	
	-0.285444	
	-0.200323	
	-0.083797	
	0.083407	
	0.123278	
	0.124598	
	-0.037787	
	0.001158	
	0.002968	
	-0.075856	
	-0.105884	
	0.147894	
	0.080348	
	-0.100558	
	-0.104522	
	-0.048356	
	0.053227	
	-0.039520	
	0.020543	
	0.014268	
	-0.013100	
	0.025690	
	0.039494	
	0.064871	
	-0.004354	
	-0.152677	
	-0.126058	
	-0.127761	
	-0.148225	
	-0.091026	
	0.103054	
	-0.135205	
	-0.104522	
	-0.104522	
	-0.110859	
	0.208634	
	-0.136037	
	-0.135540	
	0.057632	
	-0.168043	
	-0.178888	
	-0.180813	
	-0.094696	
	-0.098215	
	-0.095796	
	-0.105127	
	-0.104180	
	-0.069545	
	-0.108212	
	-0.106232	
	-0.100170	
	-0.153091	
	-0.110427	
	-0.221523	
	0.002276	
	0.006301	
	0.072817	
	-0.102047	
	-0.109101	
	-0.058570	
	-0.070833	
	-0.145776	
	-0.212073	
	-0.061301	
	-0.066483	
	0.006639	
	-0.036983	
	-0.065632	
	-0.172900	
	-0.069613	
	-0.041534	
	-0.035548	
	-0.072557	
	0.056640	
	-0.048816	
	0.025407	
	0.007641	
	-0.160472	
	-0.267973	
	-0.090416	
	-0.294441	
	0.146345	
	0.197378	
	-0.078780	
	-0.095123	
	-0.122791	
	-0.241391	
	-0.085690	
	-0.128278	
	-0.213846	
	-0.280100	
	-0.127577	
	-0.129655	
	-0.085393	
	-0.288677	
	-0.050763	
	-0.066727	
	-0.136421	
	-0.163699	
	-0.366107	
	0.164197	
	0.045551	
	-0.038761	
	0.212515	
	0.212404	
	0.203980	
	0.067985	
	-0.092805	
	-0.048984	
	-0.086065	
	0.077152	
	0.014867	
	0.030104	
	-0.072796	
	-0.210595	
	0.023359	
	0.175526	
	0.028906	
	0.014390	
	0.058820	
	0.078972	
	0.231955	
	0.057078	
	0.113637	
	-0.220160	
	-0.232013	
	-0.222837	
	-0.058635	
	-0.209829	
	-0.231971	
	-0.112373	
	-0.160240	
	0.066588	
	0.258985	
	0.225328	
	0.049258	
	0.230304	
	0.309877	
	0.264224	
	0.185618	
	-0.039000	
	-0.110051	
	-0.228272	
	-0.180580	
	-0.266690	
	0.002106	
	-0.068963	
	-0.015111	
	0.023045	
	-0.028508	
	-0.033565	
	0.029119	
	0.125109	
	0.024818	
	0.151257	
	0.144993	
	0.238441	
	-0.348128	
	-0.185370	
	-0.171389	
	-0.233864	
	-0.329798	
	-0.170792	
	-0.274518	
	0.124927	
	-0.007178	
	-0.007389	
	0.080688	
	0.129345	
	-0.066769	
	-0.122412	
	0.029765	
	-0.103653	
	0.121682	
	-0.028971	
	0.100318	
	0.060985	
	-0.055634	
	0.000024	
	0.050719	
	0.039190	
	0.033022	
	0.040882	
	-0.007495	
	-0.339409	
	-0.130211	
	0.035775	
	-0.193146	
	-0.330985	
	-0.184053	
	-0.158610	
	-0.095755	
	-0.116408	
	-0.206623	
	-0.101175	
	-0.083020	
	-0.074464	
	-0.114755	
	-0.010830	
	0.087660	
	-0.010188	
	-0.010469	
	0.026436	
	0.200518	
	0.131106	
	0.221692	
	0.147344	
	0.146005	
	0.029264	
	0.050462	
	-0.015325	
	0.092957	
	-0.240184	
	0.195033	
	0.267149	
	0.109284	
	0.015390	
	0.234557	
	0.195591	
	0.074599	
	0.051770	
	0.069023	
	-0.063971	
	-0.287290	
	-0.130803	
	-0.239842	
	-0.071268	
	0.280015	
	0.205737	
	0.174503	
	-0.276812	
	-0.264241	
	-0.287909	
	-0.349000	
	-0.268941	
	-0.035275	
	-0.098087	
	0.118765	
	-0.020044	
	-0.124327	
	-0.001481	
	0.160301	
	0.190980	
	0.069767	
	-0.028186	
	-0.051391	
	0.098201	
	0.235380	
	0.001527	
	-0.195600	
	-0.265845	
	-0.317856	
	-0.235077	
	-0.294848	
	-0.225902	
	-0.356371	
	-0.261518	
	-0.310080	
	0.114996	
	0.174433	
	0.273302	
	0.276926	
	0.170946	
	0.152151	
	0.259777	
	0.285571	
	0.301255	
	0.057981	
	-0.243538	
	-0.201019	
	-0.265915	
	-0.280528	
	-0.262516	
	-0.128713	
	-0.148004	
	-0.254434	
	-0.351207	
	-0.004675	
	0.231692	
	-0.018877	
	0.144312	
	0.023539	
	0.042375	
	0.109722	
	0.135141	
	0.207382	
	0.149611	
	0.079737	
	-0.147027	
	-0.134059	
	-0.178230	
	-0.149302	
	-0.133372	
	-0.108076	
	-0.153144	
	-0.210986	
	-0.128866	
	0.183820	
	0.225501	
	0.071344	
	0.131033	
	0.122972	
	0.293539	
	0.088794	
	0.265861	
	0.317309	
	-0.232119	
	-0.144656	
	-0.127112	
	-0.111337	
	-0.114754	
	-0.019375	
	0.177253	
	-0.030425	
	0.024431	
	0.156250	
	-0.102787	
	-0.135246	
	-0.254644	
	-0.127379	
	0.048475	
	-0.082412	
	-0.096899	
	-0.014325	
	-0.018956	
	0.133303	
	-0.049993	
	0.141222	
	0.044680	
	0.188391	
	0.093642	
	0.134797	
	0.153665	
	-0.107323	
	-0.093288	
	-0.175176	
	-0.274991	
	-0.283075	
	-0.322839	
	-0.078260	
	-0.036159	
	0.075377	
	0.192202	
	-0.005783	
	-0.026582	
	-0.127270	
	0.019267	
	-0.219211	
	-0.075680	
	-0.077774	
	0.135534	
	0.128846	
	0.004738	
	-0.054818	
	0.026364	
	-0.048593	
	-0.010281	
	0.094237	
	0.046304	
	-0.299732	
	-0.199146	
	-0.005386	
	-0.099478	
	0.057026	
	-0.269988	
	-0.043588	
	-0.107214	
	-0.100554	
	-0.343410	
	-0.074839	
	-0.133022	
	-0.055642	
	-0.209509	
	-0.282402	
	0.138159	
	0.119446	
	0.059127	
	-0.066176	
	0.309931	
	0.170860	
	0.075264	
	0.094822	
	-0.083266	
	-0.054795	
	0.077523	
	-0.133673	
	0.102491	
	-0.110359	
	0.224164	
	0.013894	
	0.154205	
	0.155090	
	0.052676	
	0.167022	
	0.212847	
	0.095383	
	0.045572	
	0.137540	
	-0.184542	
	-0.353625	
	-0.237555	
	-0.247693	
	-0.149732	
	-0.184458	
	-0.212896	
	-0.253588	
	-0.046469	
	-0.222948	
	-0.242096	
	-0.190218	
	-0.295121	
	-0.353512	
	-0.367855	
	-0.148838	
	-0.096201	
	-0.200381	
	-0.288213	
	0.081108	
	0.028352	
	0.176861	
	0.069642	
	0.101791	
	0.070213	
	0.186203	
	0.305633	
	0.142927	
	-0.197108	
	-0.285858	
	-0.041963	
	0.051864	
	-0.217141	
	-0.240341	
	-0.117103	
	-0.137825	
	-0.322457	
	-0.299123	
	0.046852	
	-0.064175	
	-0.066611	
	0.091735	
	-0.018798	
	0.210865	
	0.030432	
	0.088169	
	0.011596	
	0.185225	
	-0.213306	
	-0.282840	
	-0.319271	
	-0.121263	
	-0.363367	
	-0.283529	
	-0.163259	
	-0.232192	
	-0.342419	
	-0.125544	
	-0.080205	
	0.153444	
	0.065425	
	0.003379	
	0.031566	
	-0.012205	
	0.176233	
	0.076875	
	-0.020681	
	-0.315299	
	-0.045149	
	-0.079835	
	-0.296078	
	-0.307665	
	-0.324454	
	-0.105550	
	-0.314510	
	-0.376224	
	-0.110752	
	0.072948	
	0.050017	
	0.139922	
	-0.062936	
	0.102128	
	0.038750	
	-0.048267	
	0.233137	
	-0.107774	
	-0.334208	
	-0.128197	
	-0.282094	
	-0.270503	
	-0.205916	
	-0.176121	
	-0.185822	
	-0.222046	
	-0.268558	
	-0.266590	
	0.003625	
	0.173427	
	0.164982	
	0.207361	
	0.000000	
	0.000000	
	0.000000	
