_Mode		
	-0.043305	
	-0.215668	
	-0.128323	
	0.033542	
	-0.173447	
	-0.130603	
	-0.077245	
	0.033871	
	0.109371	
	0.159405	
	0.038971	
	-0.158720	
	-0.149075	
	-0.044880	
	-0.081020	
	-0.323718	
	-0.099068	
	0.095452	
	-0.050527	
	-0.017206	
	0.034722	
	0.116967	
	-0.128817	
	-0.138527	
	0.036369	
	-0.134137	
	-0.009046	
	-0.018018	
	-0.046432	
	0.122134	
	-0.164727	
	0.107114	
	-0.071328	
	0.009205	
	-0.183773	
	-0.097457	
	-0.214297	
	0.198989	
	0.227250	
	-0.109231	
	-0.147503	
	0.163568	
	0.134153	
	-0.139994	
	-0.072211	
	-0.079636	
	-0.079652	
	0.261217	
	-0.171775	
	-0.119245	
	-0.061495	
	-0.081876	
	0.054194	
	-0.143364	
	0.096684	
	-0.000163	
	-0.004374	
	-0.047742	
	-0.111769	
	0.017134	
	-0.297074	
	-0.086287	
	-0.114065	
	-0.030325	
	-0.012841	
	-0.036869	
	-0.192524	
	0.029561	
	0.088628	
	0.026681	
	0.051372	
	-0.162058	
	-0.188610	
	-0.069212	
	-0.051987	
	-0.066680	
	-0.176378	
	-0.000485	
	-0.003721	
	0.008602	
	0.045352	
	0.034218	
	0.063313	
	0.002630	
	-0.101945	
	-0.021056	
	-0.009613	
	-0.035231	
	0.023523	
	0.064963	
	-0.174833	
	0.006401	
	-0.020993	
	-0.200555	
	-0.174802	
	-0.176915	
	-0.118756	
	0.010076	
	-0.034467	
	-0.080471	
	-0.241054	
	0.015626	
	-0.054571	
	-0.066453	
	-0.088086	
	-0.084824	
	-0.089469	
	0.008895	
	0.137399	
	0.057199	
	-0.009589	
	-0.068059	
	-0.257184	
	0.024569	
	-0.123216	
	-0.048359	
	-0.090329	
	-0.025331	
	0.148348	
	-0.037767	
	0.049171	
	0.016294	
	-0.138425	
	-0.133639	
	-0.018368	
	-0.115173	
	0.076326	
	0.147756	
	0.093431	
	0.057842	
	-0.088006	
	0.095668	
	-0.108427	
	0.057459	
	-0.090471	
	-0.127863	
	0.029298	
	0.086790	
	0.134815	
	0.058957	
	-0.084279	
	0.029866	
	-0.049971	
	-0.079650	
	-0.089266	
	-0.076199	
	0.141473	
	0.064259	
	-0.017024	
	0.003612	
	0.132429	
	-0.046463	
	0.113705	
	-0.087174	
	-0.116007	
	-0.038710	
	0.194784	
	-0.000108	
	-0.095184	
	-0.091440	
	-0.043165	
	0.073338	
	0.052406	
	-0.086768	
	-0.035974	
	-0.138816	
	-0.050092	
	-0.003187	
	-0.088436	
	-0.055239	
	-0.073384	
	-0.135751	
	-0.039099	
	-0.201648	
	0.106670	
	-0.135747	
	0.047494	
	-0.120130	
	-0.087138	
	-0.207815	
	-0.085726	
	-0.130569	
	0.078795	
	-0.094951	
	0.063432	
	-0.007149	
	-0.064178	
	0.010898	
	-0.068270	
	-0.026154	
	-0.032851	
	-0.029973	
	0.105105	
	-0.212612	
	-0.041519	
	-0.080619	
	-0.058937	
	0.082662	
	0.102089	
	0.210379	
	-0.017914	
	0.205716	
	-0.028439	
	-0.010588	
	-0.259103	
	-0.153842	
	-0.079974	
	-0.094281	
	0.017410	
	-0.194233	
	-0.037692	
	-0.089934	
	0.080491	
	0.114027	
	0.101715	
	0.061598	
	-0.040534	
	-0.210760	
	0.075504	
	0.041673	
	-0.017661	
	-0.093790	
	-0.030307	
	-0.081155	
	-0.173558	
	0.003236	
	-0.228467	
	-0.000212	
	-0.241727	
	-0.221202	
	-0.063805	
	-0.114696	
	-0.103817	
	-0.175501	
	-0.026497	
	0.029671	
	-0.289240	
	-0.068911	
	-0.080679	
	-0.027724	
	0.141162	
	-0.011775	
	0.188001	
	0.002776	
	-0.073420	
	-0.137859	
	-0.063806	
	-0.135183	
	-0.049700	
	0.142493	
	0.193895	
	0.009767	
	-0.045339	
	-0.097598	
	-0.066533	
	-0.060219	
	-0.101768	
	-0.048912	
	-0.057543	
	0.069894	
	0.196178	
	0.091807	
	0.056884	
	0.128137	
	0.067687	
	0.058349	
	-0.013781	
	-0.173558	
	-0.052686	
	0.090966	
	0.193436	
	-0.025886	
	0.030995	
	-0.068305	
	-0.066608	
	-0.062357	
	-0.005341	
	-0.161457	
	-0.034774	
	-0.036973	
	0.087629	
	0.033754	
	0.086306	
	0.029996	
	-0.051528	
	0.076256	
	-0.015650	
	-0.060110	
	-0.089695	
	0.043802	
	-0.185276	
	-0.110404	
	-0.086237	
	-0.098746	
	-0.034089	
	0.105830	
	-0.094325	
	-0.137324	
	-0.214339	
	-0.125551	
	-0.024871	
	-0.058541	
	-0.065722	
	-0.018165	
	0.013209	
	-0.153586	
	-0.052855	
	0.070223	
	-0.092562	
	-0.141851	
	-0.006387	
	-0.037891	
	-0.053388	
	0.001048	
	-0.059498	
	0.060074	
	0.152701	
	-0.287806	
	-0.066127	
	-0.044987	
	-0.006034	
	-0.023333	
	0.033634	
	0.037760	
	0.009043	
	0.121937	
	-0.027194	
	-0.098035	
	-0.125976	
	-0.167494	
	-0.059872	
	0.065148	
	-0.012657	
	-0.120085	
	-0.131250	
	-0.181710	
	-0.042794	
	-0.079644	
	-0.106882	
	0.001202	
	-0.023910	
	0.050089	
	-0.003325	
	-0.019398	
	-0.034811	
	-0.017163	
	-0.061360	
	-0.089240	
	-0.079366	
	0.022315	
	-0.115858	
	-0.258878	
	-0.124010	
	0.071970	
	-0.192688	
	-0.083764	
	0.113950	
	-0.008457	
	0.008572	
	-0.103934	
	-0.080719	
	-0.078750	
	-0.085617	
	0.104994	
	0.013148	
	-0.066946	
	-0.006423	
	-0.116141	
	-0.015027	
	0.049214	
	-0.147428	
	-0.103238	
	-0.039277	
	0.126645	
	-0.024490	
	-0.077333	
	0.198242	
	-0.095767	
	-0.071235	
	-0.117813	
	-0.034638	
	-0.006594	
	0.097053	
	0.132807	
	0.080124	
	0.019203	
	-0.012846	
	0.124074	
	-0.050647	
	-0.030738	
	0.034378	
	-0.047550	
	0.071800	
	0.124663	
	0.001253	
	-0.048779	
	-0.025199	
	0.004025	
	-0.058362	
	-0.056660	
	-0.003183	
	0.046166	
	0.040211	
	-0.017902	
	0.027923	
	0.038064	
	-0.035303	
	-0.055483	
	-0.002702	
	-0.062996	
	-0.044530	
	-0.005628	
	-0.050398	
	-0.005174	
	-0.078764	
	-0.085164	
	-0.082178	
	0.008422	
	-0.101714	
	-0.005637	
	0.161344	
	0.148679	
	0.047516	
	-0.003441	
	-0.019826	
