_Brightness		
	NaN	
	NaN	
	NaN	
	NaN	
	NaN	
	NaN	
	NaN	
	NaN	
	NaN	
	NaN	
	NaN	
	NaN	
	NaN	
	0.428740	
	0.326260	
	0.143929	
	0.073301	
	0.071820	
	0.079117	
	0.079378	
	0.096361	
	0.092912	
	0.108237	
	0.120637	
	0.126659	
	0.124262	
	0.136378	
	0.151409	
	0.137943	
	0.156119	
	0.135806	
	0.134564	
	0.140191	
	0.126741	
	0.182674	
	0.230445	
	0.230579	
	0.093129	
	0.100408	
	0.136112	
	0.108046	
	0.111707	
	0.115607	
	0.128550	
	0.102595	
	0.079636	
	0.124747	
	0.109022	
	0.077576	
	0.080179	
	0.084217	
	0.088501	
	0.112938	
	0.106540	
	0.102470	
	0.129711	
	0.130084	
	0.139619	
	0.130898	
	0.134889	
	0.132002	
	0.132429	
	0.146899	
	0.138426	
	0.135687	
	0.135261	
	0.176445	
	0.246209	
	0.218287	
	0.066302	
	0.059181	
	0.061849	
	0.061570	
	0.070017	
	0.063676	
	0.058665	
	0.096927	
	0.129629	
	0.131238	
	0.057462	
	0.093497	
	0.074934	
	0.088507	
	0.063620	
	0.073698	
	0.090706	
	0.117773	
	0.128010	
	0.139531	
	0.144789	
	0.142023	
	0.144988	
	0.150838	
	0.143840	
	0.143498	
	0.145878	
	0.139498	
	0.137453	
	0.140175	
	0.141101	
	0.148938	
	0.153326	
	0.165368	
	0.150897	
	0.156889	
	0.154321	
	0.161352	
	0.159748	
	0.149122	
	0.182928	
	0.318329	
	0.720342	
	0.592133	
	0.599726	
	0.562131	
	0.577445	
	0.564474	
	0.546660	
	0.522655	
	0.508141	
	0.495285	
	0.533739	
	0.538633	
	0.482798	
	0.455267	
	0.346939	
	0.172633	
	0.093504	
	0.117955	
	0.109477	
	0.112767	
	0.109044	
	0.138110	
	0.219696	
	0.213530	
	0.086886	
	0.075948	
	0.079701	
	0.079920	
	0.084179	
	0.072523	
	0.113788	
	0.162774	
	0.162929	
	0.119380	
	0.098659	
	0.081484	
	0.085966	
	0.098089	
	0.100807	
	0.115052	
	0.093450	
	0.128018	
	0.111318	
	0.109878	
	0.113728	
	0.114640	
	0.115426	
	0.116619	
	0.123156	
	0.117260	
	0.127472	
	0.122644	
	0.142346	
	0.175222	
	0.111378	
	0.050074	
	0.069672	
	0.066001	
	0.072780	
	0.080982	
	0.089180	
	0.089564	
	0.128624	
	0.164583	
	0.087397	
	0.062575	
	0.068081	
	0.069039	
	0.088384	
	0.072077	
	0.083302	
	0.093356	
	0.094515	
	0.099451	
	0.099592	
	0.125712	
	0.119780	
	0.120319	
	0.123730	
	0.121777	
	0.115087	
	0.164779	
	0.195089	
	0.211855	
	0.171925	
	0.094902	
	0.065912	
	0.055570	
	0.069938	
	0.056233	
	0.067415	
	0.060003	
	0.078841	
	0.163382	
	0.093860	
	0.106226	
	0.066772	
	0.085244	
	0.064987	
	0.063042	
	0.068349	
	0.097939	
	0.115517	
	0.116886	
	0.126286	
	0.121108	
	0.127519	
	0.123218	
	0.124276	
	0.123975	
	0.119138	
	0.123022	
	0.116248	
	0.114367	
	0.128344	
	0.137504	
	0.147378	
	0.155210	
	0.155066	
	0.160956	
	0.167530	
	0.172187	
	0.178166	
	0.184482	
	0.189156	
	0.195903	
	0.240724	
	0.587748	
	0.521357	
	0.665836	
	0.684315	
	0.659397	
	0.662437	
	0.618458	
	0.609947	
	0.600917	
	0.548775	
	0.556642	
	0.476284	
	0.539097	
	0.428122	
	0.163937	
	0.141473	
	0.108206	
	0.114927	
	0.114922	
	0.130954	
	0.153637	
	0.158392	
	0.105252	
	0.123397	
	0.094031	
	0.073599	
	0.078597	
	0.077013	
	0.077306	
	0.102350	
	0.078359	
	0.159035	
	0.150296	
	0.152777	
	0.180997	
	0.206923	
	0.199257	
	0.196575	
	0.212224	
	0.218071	
	0.223611	
	0.249013	
	0.240961	
	0.298776	
	0.257657	
	0.256164	
	0.273356	
	0.282173	
	0.321026	
	0.389238	
	0.452181	
	0.456154	
	0.256723	
	0.198592	
	0.232182	
	0.322162	
	0.371741	
	0.359420	
	0.357048	
	0.323624	
	0.361549	
	0.320641	
	0.262344	
	0.282447	
	0.252042	
	0.281785	
	0.261396	
	0.242307	
	0.253923	
	0.265907	
	0.298806	
	0.356171	
	0.375637	
	0.386901	
	0.343458	
	0.270856	
	0.309720	
	0.327358	
	0.346529	
	0.413914	
	0.466206	
	0.412450	
	0.291027	
	0.184878	
	0.135507	
	0.155806	
	0.197520	
	0.255123	
	0.282681	
	0.267904	
	0.225532	
	0.308668	
	0.301911	
	0.203184	
	0.197906	
	0.194203	
	0.188022	
	0.209485	
	0.220296	
	0.205856	
	0.237106	
	0.221304	
	0.260122	
	0.327303	
	0.326830	
	0.245232	
	0.280489	
	0.296419	
	0.297900	
	0.255791	
	0.240342	
	0.292717	
	0.260748	
	0.276546	
	0.289508	
	0.274089	
	0.260527	
	0.279750	
	0.347888	
	0.335604	
	0.281611	
	0.303266	
	0.336964	
	0.361794	
	0.547856	
	0.499138	
	0.507995	
	0.465031	
	0.405619	
	0.386682	
	0.477908	
	0.413016	
	0.334574	
	0.357180	
	0.384203	
	0.385440	
	0.404525	
	0.417723	
	0.418333	
	0.227511	
	0.232284	
	0.258671	
	0.274701	
	0.242544	
	0.239125	
	0.292394	
	0.249174	
	0.215815	
	0.178089	
	0.168579	
	0.148223	
	0.150505	
	0.154393	
	0.147236	
	0.175259	
	0.210625	
	0.232509	
	0.174848	
	0.195677	
	0.181517	
	0.175587	
	0.204545	
	0.232232	
	0.203710	
	0.165268	
	0.199699	
	0.228988	
	0.253857	
	0.286147	
	0.272658	
	0.229620	
	0.211558	
	0.223009	
	0.218396	
	0.210169	
	0.241560	
	0.312385	
	0.327858	
	0.226963	
	0.150787	
	0.156981	
	0.143107	
	0.131640	
	0.176084	
	0.220633	
	0.285864	
	0.276520	
	0.236655	
	0.188905	
	0.157387	
	0.185528	
	0.241474	
	0.260708	
	0.255495	
	0.241368	
	0.211247	
	0.202785	
	0.215291	
	0.265928	
	0.314051	
	0.369591	
	0.364864	
	0.320025	
	0.283818	
	0.280052	
	0.261966	
	0.186602	
	0.166761	
	0.131626	
	0.165068	
	0.099336	
	0.084686	
	0.082677	
	0.084425	
	0.106661	
	0.095909	
	0.121346	
	0.120343	
	0.122914	
	0.119430	
	0.130840	
	0.110499	
	0.108173	
	0.113042	
	0.098146	
	0.122042	
	0.114160	
	0.122073	
	0.114089	
	0.108866	
	0.137366	
	0.129414	
	0.126810	
	0.116007	
	0.116273	
	0.121298	
	0.127126	
	0.155403	
	0.196692	
	0.183324	
	0.169481	
	0.184237	
	0.186980	
	0.192172	
	0.210253	
	0.171650	
	0.159982	
	0.165868	
	0.164615	
	0.144581	
	0.145142	
	0.271353	
	0.350440	
	0.311524	
	0.333735	
	0.309663	
	0.274918	
	0.237405	
	0.248630	
	0.255109	
	0.239096	
	0.241337	
	0.228463	
	0.226409	
	0.214799	
	0.267038	
	0.231351	
	0.232149	
	0.227446	
	0.226483	
	0.229974	
	0.170788	
	0.137593	
	0.122055	
	0.138985	
	0.148114	
	0.179914	
	0.156603	
	0.120464	
	0.119664	
	0.109396	
	0.104737	
	0.095017	
	0.111741	
	0.105123	
	0.103591	
	0.090366	
	0.083797	
	0.103248	
	0.088049	
	0.094576	
	0.093743	
	0.118844	
	0.125144	
	0.136660	
	0.130881	
	0.122658	
	0.134126	
	0.130183	
	0.133146	
	0.145927	
	0.163232	
	0.127319	
	0.126441	
	0.159508	
	0.120106	
	0.125809	
	0.135934	
	0.143018	
	0.131694	
	0.112142	
	0.116677	
	0.123611	
	0.145682	
	0.139597	
	0.126527	
	0.125173	
	0.131467	
	0.103033	
	0.165579	
	0.187898	
	0.154052	
	0.164206	
	0.142065	
	0.113077	
	0.118699	
	0.093468	
	0.157256	
	0.131395	
	0.114455	
	0.114801	
	0.119109	
	0.132882	
	0.165696	
	0.140735	
	0.126534	
	0.120672	
	0.124489	
	0.113646	
	0.112426	
	0.095357	
	0.114974	
	0.102774	
	0.108904	
	0.110466	
	0.122186	
	0.107383	
	0.084669	
	0.107601	
	0.118327	
	0.122387	
	0.117696	
	0.117953	
	0.114026	
	0.094683	
	0.108886	
	0.114735	
	0.101347	
	0.091018	
	0.106171	
	0.106322	
	0.182117	
	0.146910	
	0.133447	
	0.113262	
	0.100004	
	0.130466	
	0.116514	
	0.148918	
	0.108580	
	0.112357	
	0.111098	
	0.109192	
	0.130088	
	0.098995	
	0.176835	
	0.182207	
	0.253664	
	0.180647	
	0.201447	
	0.225651	
	0.276278	
	0.289478	
	0.198938	
	0.167051	
	0.159875	
	0.128139	
	0.122235	
	0.137135	
	0.272874	
	0.240947	
	0.179984	
	0.137919	
	0.110014	
	0.117796	
	0.108074	
	0.115152	
	0.093238	
	0.136458	
	0.184572	
	0.116668	
	0.098332	
	0.073384	
	0.060727	
	0.050950	
	0.054687	
	0.063613	
	0.077912	
	0.098334	
	0.190183	
	0.154066	
	0.082248	
	0.079904	
	0.104791	
	0.082520	
	0.101631	
	0.100981	
	0.114260	
	0.087260	
	0.085170	
	0.088769	
	0.085518	
	0.099641	
	0.092368	
	0.102748	
	0.201728	
	0.172330	
	0.111660	
	0.106112	
	0.109430	
	0.128160	
	0.141454	
	0.125235	
	0.104172	
	0.096721	
	0.101872	
	0.098955	
	0.092668	
	0.108605	
	0.118417	
	0.107577	
	0.102018	
	0.088497	
	0.092299	
	0.124262	
	0.177611	
	0.169395	
	0.148625	
	0.177207	
	0.197492	
	0.179558	
	0.144950	
	0.126712	
	0.120408	
	0.131033	
	0.128860	
	0.132786	
	0.137060	
	0.200645	
	0.200213	
	0.228396	
	0.243855	
	0.151238	
	0.147195	
	0.169036	
	0.118548	
	0.103964	
	0.100922	
	0.104857	
	0.104223	
	0.139099	
	0.127941	
	0.123449	
	0.085207	
	0.089996	
	0.082739	
	0.088845	
	0.093433	
	0.088609	
	0.103440	
	0.121377	
	0.117425	
	0.099904	
	0.114461	
	0.090394	
	0.097684	
	0.097287	
	0.121159	
	0.115675	
	0.134852	
	0.109676	
	0.115393	
	0.109929	
	0.118458	
	0.139296	
	0.117899	
	0.130067	
	0.125599	
	0.120441	
	0.118493	
	0.128490	
	0.153862	
	0.198384	
	0.241196	
	0.422604	
	0.337937	
	0.365522	
	0.361168	
	0.331988	
	0.304681	
	0.276939	
	0.261859	
	0.242100	
	0.230218	
	0.206709	
	0.219863	
	0.316639	
	0.289742	
	0.194847	
	0.209836	
	0.222547	
	0.220332	
	0.197824	
	0.195056	
	0.147375	
	0.133968	
	0.108654	
	0.096525	
	0.108504	
	0.117119	
	0.114188	
	0.097337	
	0.086422	
	0.092737	
	0.091035	
	0.090568	
	0.126989	
	0.108963	
	0.085131	
	0.104243	
	0.117049	
	0.108113	
	0.108580	
	0.099964	
	0.086316	
	0.098639	
	0.102166	
	0.104708	
	0.101633	
	0.113214	
	0.103149	
	0.136513	
	0.134599	
	0.110290	
	0.120788	
	0.104760	
	0.115276	
	0.163060	
	0.105293	
	0.114920	
	0.100967	
	0.114180	
	0.111241	
	0.140273	
	0.126788	
	0.116262	
	0.137421	
	0.125390	
	0.130855	
	0.113204	
	0.129224	
	0.118887	
	0.109733	
	0.107883	
	0.115470	
	0.108015	
	0.120901	
	0.128028	
	0.118914	
	0.112705	
	0.107561	
	0.114859	
	0.124565	
	0.112991	
	0.110745	
	0.111813	
	0.112447	
	0.122046	
	0.135964	
	0.125253	
	0.127067	
	0.104281	
	0.121238	
	0.103117	
	0.109778	
	0.109586	
	0.094452	
	0.116524	
	0.096977	
	0.116007	
	0.110133	
	0.111837	
	0.106022	
	0.101325	
	0.100927	
	0.108939	
	0.102677	
	0.110922	
	0.103858	
	0.141245	
	0.119147	
	0.119018	
	0.114753	
	0.137877	
	0.148417	
	0.131836	
	0.140883	
	0.136872	
	0.126158	
	0.133712	
	0.127973	
	0.150564	
	0.145359	
	0.147834	
	0.127042	
	0.101813	
	0.099747	
	0.106369	
	0.108344	
	0.122659	
	0.190106	
	0.429009	
	0.302386	
	0.322429	
	0.407556	
	0.414408	
	0.394270	
	0.388074	
	0.385907	
	0.385969	
	0.411733	
	0.368254	
	0.335910	
	0.351240	
	0.413247	
	0.232341	
	0.131792	
	0.148849	
	0.155048	
	0.225122	
	0.182037	
	0.194552	
	0.186999	
	0.144992	
	0.120038	
	0.095931	
	0.098371	
	0.088621	
	0.095361	
	0.113379	
	0.121384	
	0.122554	
	0.097738	
	0.134650	
	0.131589	
	0.079239	
	0.083272	
	0.102151	
	0.122040	
	0.127083	
	0.129544	
	0.138821	
	0.137737	
	0.146395	
	0.139597	
	0.169357	
	0.176428	
	0.169535	
	0.166947	
	0.147936	
	0.148526	
	0.152891	
	0.153368	
	0.210369	
	0.213214	
	0.130814	
	0.143744	
	0.144433	
	0.144996	
	0.163548	
	0.153801	
	0.185233	
	0.159173	
	0.152423	
	0.165200	
	0.137881	
	0.103751	
	0.125635	
	0.145523	
	0.180245	
	0.168654	
	0.156169	
	0.162610	
	0.136288	
	0.132524	
	0.152828	
	0.188378	
	0.185823	
	0.169821	
	0.174899	
	0.183730	
	0.160250	
	0.191333	
	0.247707	
	0.185529	
	0.116137	
	0.124689	
	0.130982	
	0.080255	
	0.113020	
	0.137081	
	0.122861	
	0.135530	
	0.128485	
	0.092494	
	0.303094	
	0.255505	
	0.234954	
	0.194524	
	0.176619	
	0.174683	
	0.169207	
	0.157881	
	0.168047	
	0.189922	
	0.204666	
	0.187224	
	0.189335	
	0.136231	
	0.162844	
	0.142297	
	0.141044	
	0.150142	
	0.186797	
	0.164976	
	0.146898	
	0.168918	
	0.163441	
	0.212452	
	0.282394	
	0.267492	
	0.246599	
	0.406431	
	0.630641	
	0.715600	
	0.631963	
	0.438595	
	0.237809	
	0.204858	
	0.250564	
	0.301947	
	0.322489	
	0.350460	
	0.286295	
	0.267196	
	0.340468	
	0.293141	
	0.329261	
	0.255817	
	0.290370	
	0.281065	
	0.285762	
	0.325952	
	0.338055	
	0.365025	
	0.395479	
	0.314923	
	0.157902	
	0.128303	
	0.126918	
	0.126799	
	0.162593	
	0.128701	
	0.142428	
	0.129215	
	0.155514	
	0.161169	
	0.185722	
	0.181413	
	0.197217	
	0.160417	
	0.107163	
	0.079300	
	0.104684	
	0.078693	
	0.069237	
	0.074260	
	0.074895	
	0.066744	
	0.082020	
	0.067626	
	0.066106	
	0.060697	
	0.069299	
	0.067521	
	0.052596	
	0.076298	
	0.068660	
	0.079363	
	0.088165	
	0.097499	
	0.108112	
	0.080487	
	0.060864	
	0.067878	
	0.073898	
	0.061945	
	0.070957	
	0.064325	
	0.076793	
	0.066831	
	0.098591	
	0.085289	
	0.071006	
	0.080700	
	0.083379	
	0.102475	
	0.077857	
	0.098749	
	0.102846	
	0.089704	
	0.098232	
	0.102049	
	0.102206	
	0.084826	
	0.085826	
	0.094295	
	0.074627	
	0.086683	
	0.083013	
	0.077293	
	0.072314	
	0.085837	
	0.068040	
	0.064811	
	0.075432	
	0.071184	
	0.080689	
	0.080649	
	0.073521	
	0.089944	
	0.091209	
	0.095996	
	0.090051	
	0.060618	
	0.069933	
	0.062169	
	0.096602	
	0.074217	
	0.091485	
	0.089824	
	0.084319	
	0.095213	
	0.075062	
	0.058126	
	0.070223	
	0.074628	
	0.068528	
	0.073555	
	0.070937	
	0.067574	
	0.066328	
	0.083809	
	0.062444	
	0.072906	
	0.071391	
	0.077439	
	0.091504	
	0.086793	
	0.089140	
	0.087256	
	0.088028	
	0.084868	
	0.073342	
	0.218419	
	0.295120	
	0.245921	
	0.323942	
	0.285881	
	0.247546	
	0.228252	
	0.231257	
	0.198672	
	0.213574	
	0.232430	
	0.202316	
	0.204488	
	0.184381	
	0.174788	
	0.140511	
	0.140451	
	0.118335	
	0.126885	
	0.106691	
	0.125140	
	0.135673	
	0.168947	
	0.105566	
	0.120552	
	0.093449	
	0.092393	
	0.085527	
	0.069281	
	0.087627	
	0.083584	
	0.083549	
	0.125765	
	0.125362	
	0.083055	
	0.072319	
	0.071203	
	0.068700	
	0.076543	
	0.064398	
	0.100357	
	0.078352	
	0.094093	
	0.073662	
	0.077314	
	0.089287	
	0.086721	
	0.089732	
	0.082340	
	0.089416	
	0.075028	
	0.148734	
	0.163329	
	0.095906	
	0.064474	
	0.077014	
	0.111780	
	0.137155	
	0.142820	
	0.150351	
	0.126505	
	0.130006	
	0.191803	
	0.126393	
	0.077634	
	0.120193	
	0.129694	
	0.138552	
	0.136737	
	0.122865	
	0.099166	
	0.089527	
	0.138499	
	0.176998	
	0.208754	
	0.184881	
	0.135884	
	0.130684	
	0.069823	
	0.087423	
	0.079057	
	0.100395	
	0.126987	
	0.123160	
	0.144347	
	0.160689	
	0.206359	
	0.197291	
	0.209068	
	0.271040	
	0.319599	
	0.314850	
	0.348725	
	0.181365	
	0.153546	
	0.265830	
	0.327134	
	0.325624	
	0.274108	
	0.264166	
	0.257677	
	0.303355	
	0.340576	
	0.355228	
	0.192419	
	0.123961	
	0.130345	
	0.108260	
	0.099269	
	0.125855	
	0.348638	
	0.435808	
	0.425294	
	0.388558	
	0.330239	
	0.116465	
	0.104063	
	0.111473	
	0.110591	
	0.103456	
	0.095516	
	0.101745	
	0.109414	
	0.094721	
	0.228794	
	0.289533	
	0.233012	
	0.249750	
	0.220055	
	0.176589	
	0.149922	
	0.146995	
	0.164068	
	0.153606	
	0.135013	
	0.134034	
	0.132987	
	0.143215	
	0.156417	
	0.133949	
	0.212507	
	0.204411	
	0.198031	
	0.204563	
	0.209895	
	0.204816	
	0.180427	
	0.187566	
	0.170694	
	0.130043	
	0.109907	
	0.099889	
	0.096945	
	0.098027	
	0.100350	
	0.103760	
	0.113297	
	0.091781	
	0.147922	
	0.220543	
	0.245485	
	0.240222	
	0.252417	
	0.264323	
	0.296043	
	0.283146	
	0.215464	
	0.163198	
	0.161526	
	0.154022	
	0.130141	
	0.129943	
	0.151349	
	0.134859	
	0.138865	
	0.148962	
	0.143267	
	0.119506	
	0.091438	
	0.100280	
	0.105539	
	0.110448	
	0.114608	
	0.130409	
	0.126838	
	0.157885	
	0.166434	
	0.127237	
	0.119924	
	0.124559	
	0.137190	
	0.144676	
	0.156769	
	0.165711	
	0.161128	
	0.150898	
	0.154102	
	0.175855	
	0.205154	
	0.182558	
	0.158951	
	0.167099	
	0.184218	
	0.210954	
	0.246669	
	0.281216	
	0.265158	
	0.201558	
	0.183861	
	0.177814	
	0.180645	
	0.172115	
	0.215794	
	0.202552	
	0.256828	
	0.319856	
	0.300688	
	0.203937	
	0.209425	
	0.236256	
	0.274099	
	0.273779	
	0.304183	
	0.318297	
	0.345387	
	0.342288	
	0.270144	
	0.285817	
	0.279710	
	0.321195	
	0.327481	
	0.378852	
	0.340666	
	0.329027	
	0.316086	
	0.278740	
	0.371868	
	0.371313	
	0.371358	
	0.335541	
	0.346428	
	0.303569	
	0.292628	
	0.342008	
	0.306529	
	0.372145	
	0.438767	
	0.444589	
	0.424232	
	0.416419	
	0.357032	
	0.368814	
	0.373249	
	0.480951	
	0.455200	
	0.455887	
	0.323767	
	0.392137	
	0.364632	
	0.440319	
	0.445734	
	0.441944	
	0.374901	
	0.331532	
	0.309951	
	0.301610	
	0.236682	
	0.285567	
	0.308619	
	0.410153	
	0.312925	
	0.245762	
	0.234227	
	0.176747	
	0.230480	
	0.229833	
	0.305838	
	0.275147	
	0.286222	
	0.227214	
	0.123029	
	0.142767	
	0.171573	
	0.220765	
	0.174851	
	0.195787	
	0.164101	
	0.186568	
	0.185436	
	0.160020	
	0.232894	
	0.195405	
	0.229633	
	0.189364	
	0.168662	
	0.168193	
	0.215941	
	0.205897	
	0.240787	
	0.240389	
	0.207334	
	0.135787	
	0.123632	
	0.128343	
	0.161467	
	0.138951	
	0.132173	
	0.122474	
	0.157721	
	0.141395	
	0.119236	
	0.088038	
	0.115904	
	0.096046	
	0.108533	
	0.118891	
	0.115296	
	0.102529	
	0.109195	
	0.124921	
	0.117757	
	0.099125	
	0.108933	
	0.112344	
	0.099789	
	0.092605	
	0.095210	
	0.114805	
	0.125850	
	0.179220	
	0.162254	
	0.108391	
	0.066312	
	0.074751	
	0.075297	
	0.081909	
	0.073629	
	0.080379	
	0.071678	
	0.088151	
	0.085090	
	0.091034	
	0.123799	
	0.085389	
	0.096520	
	0.128298	
	0.117924	
	0.134533	
	0.118118	
	0.140661	
	0.153090	
	0.181770	
	0.177440	
	0.159829	
	0.182294	
	0.182986	
	0.159546	
	0.162804	
	0.209357	
	0.241526	
	0.278991	
	0.290540	
	0.236857	
	0.177511	
	0.145228	
	0.139877	
	0.143080	
	0.163448	
	0.137316	
	0.189354	
	0.296893	
	0.277895	
	0.337574	
	0.338184	
	0.425165	
	0.370357	
	0.402817	
	0.372918	
	0.405781	
	0.407055	
	0.393599	
	0.418994	
	0.418115	
	0.392632	
	0.334205	
	0.356574	
	0.343751	
	0.307284	
	0.299886	
	0.323963	
	0.403078	
	0.414939	
	0.357320	
	0.417355	
	0.360656	
	0.381505	
	0.284584	
	0.306952	
	0.275872	
	0.283070	
	0.249263	
	0.198633	
	0.177960	
	0.157543	
	0.162089	
	0.125203	
	0.111437	
	0.140831	
	0.136422	
	0.128266	
	0.137372	
	0.133745	
	0.126185	
	0.098968	
	0.110227	
	0.096775	
	0.105110	
	0.107867	
	0.113053	
	0.128239	
	0.110853	
	0.127632	
	0.123809	
	0.151377	
	0.184171	
	0.140292	
	0.117608	
	0.119627	
	0.139150	
	0.149352	
	0.150887	
	0.145523	
	0.163079	
	0.154060	
	0.181016	
	0.172751	
	0.150942	
	0.142756	
	0.151570	
	0.149939	
	0.138835	
	0.144633	
	0.122903	
	0.149611	
	0.157309	
	0.160572	
	0.200480	
	0.182479	
	0.137189	
	0.180635	
	0.214469	
	0.212230	
	0.205220	
	0.215641	
	0.185527	
	0.167955	
	0.172647	
	0.189327	
	0.192131	
	0.197251	
	0.194218	
	0.179063	
	0.152730	
	0.189455	
	0.196824	
	0.198745	
	0.187593	
	0.158133	
	0.139489	
	0.118711	
	0.131460	
	0.157925	
	0.168479	
	0.182879	
	0.172096	
	0.134642	
	0.147886	
	0.174481	
	0.183900	
	0.185139	
	0.184535	
	0.162897	
	0.153627	
	0.151804	
	0.169880	
	0.181162	
	0.174753	
	0.173589	
	0.197508	
	0.199568	
	0.199711	
	0.234641	
	0.213902	
	0.199774	
	0.212922	
	0.208746	
	0.238340	
	0.220717	
	0.241907	
	0.263031	
	0.253477	
	0.261490	
	0.267823	
	0.240470	
	0.224585	
	0.260967	
	0.246457	
	0.221757	
	0.228198	
	0.237735	
	0.243558	
	0.225499	
	0.209582	
	0.208680	
	0.220754	
	0.219661	
	0.224838	
	0.248770	
	0.225893	
	0.190743	
	0.200188	
	0.175570	
	0.169526	
	0.164631	
	0.169174	
	0.159173	
	0.156948	
	0.181014	
	0.206511	
	0.214846	
	0.213819	
	0.157508	
	0.121140	
	0.116592	
	0.137013	
	0.156464	
	0.117217	
	0.113390	
	0.091823	
	0.089149	
	0.081233	
	0.082442	
	0.090879	
	0.091948	
	0.097276	
	0.082557	
	0.092187	
	0.077575	
	0.082373	
	0.117058	
	0.177194	
	0.101498	
	0.079351	
	0.076866	
	0.080137	
	0.069543	
	0.108356	
	0.149509	
	0.178833	
	0.194837	
	0.203243	
	0.151987	
	0.097795	
	0.133960	
	0.138025	
	0.134294	
	0.135863	
	0.144165	
	0.142229	
	0.132213	
	0.127682	
	0.103760	
	0.097010	
	0.131937	
	0.479037	
	0.617219	
	0.327021	
	0.334770	
	0.313030	
	0.276256	
	0.196863	
	0.171840	
	0.128235	
	0.101289	
	0.099104	
	0.095463	
	0.111397	
	0.132519	
	0.175073	
	0.109662	
	0.145585	
	0.349809	
	0.255457	
	0.124210	
	0.189625	
	0.174715	
	0.158109	
	0.160001	
	0.212154	
	0.245762	
	0.284364	
	0.268648	
	0.267463	
	0.260339	
	0.277150	
	0.270558	
	0.201696	
	0.159999	
	0.155863	
	0.161174	
	0.132312	
	0.133221	
	0.109495	
	0.139171	
	0.121487	
	0.089436	
	0.084116	
	0.093957	
	0.116491	
	0.100366	
	0.096235	
	0.307183	
	0.407791	
	0.399112	
	0.343441	
	0.310028	
	0.277444	
	0.294271	
	0.274739	
	0.252468	
	0.224626	
	0.213925	
	0.255639	
	0.314981	
	0.281884	
	0.216385	
	0.247050	
	0.182157	
	0.167253	
	0.189654	
	0.132374	
	0.125727	
	0.113749	
	0.127388	
	0.105859	
	0.086941	
	0.076518	
	0.067188	
	0.062695	
	0.068789	
	0.062627	
	0.063927	
	0.074213	
	0.093533	
	0.187026	
	0.190646	
	0.111477	
	0.102720	
	0.094209	
	0.096650	
	0.102385	
	0.109944	
	0.099671	
	0.097785	
	0.082602	
	0.102403	
	0.082575	
	0.094161	
	0.081256	
	0.097332	
	0.108263	
	0.100236	
	0.116694	
	0.122878	
	0.155496	
	0.172431	
	0.105865	
	0.109549	
	0.092526	
	0.098843	
	0.104258	
	0.089082	
	0.092604	
	0.116025	
	0.151244	
	0.170438	
	0.140624	
	0.092535	
	0.143966	
	0.134943	
	0.118939	
	0.109211	
	0.137021	
	0.156034	
	0.202777	
	0.215492	
	0.210787	
	0.162255	
	0.169306	
	0.159213	
	0.185939	
	0.227987	
	0.254598	
	0.234185	
	0.252227	
	0.215851	
	0.196541	
	0.119669	
	0.103502	
	0.114195	
	0.119803	
	0.128084	
	0.174602	
	0.161956	
	0.140047	
	0.198160	
	0.207977	
	0.148461	
	0.136578	
	0.128889	
	0.111138	
	0.138200	
	0.159519	
	0.173825	
	0.130679	
	0.169792	
	0.153966	
	0.154217	
	0.129324	
	0.142846	
	0.178615	
	0.200861	
	0.222074	
	0.229262	
	0.188757	
	0.190018	
	0.172275	
	0.193301	
	0.189585	
	0.211476	
	0.202281	
	0.238897	
	0.177307	
	0.182691	
	0.251700	
	0.265261	
	0.380821	
	0.467624	
	0.490837	
	0.414823	
	0.243110	
	0.307184	
	0.359897	
	0.352318	
	0.374242	
	0.409906	
	0.406384	
	0.355869	
	0.236169	
	0.225522	
	0.261109	
	0.267419	
	0.176653	
	0.186689	
	0.205302	
	0.162945	
	0.168653	
	0.137764	
	0.188810	
	0.158846	
	0.132221	
	0.113534	
	0.105328	
	0.090259	
	0.087080	
	0.096968	
	0.124073	
	0.138207	
	0.121331	
	0.204905	
	0.104849	
	0.106785	
	0.069072	
	0.107813	
	0.121833	
	0.159874	
	0.149039	
	0.135699	
	0.128754	
	0.097631	
	0.091005	
	0.098328	
	0.094154	
	0.079431	
	0.116478	
	0.087084	
	0.099458	
	0.116393	
	0.150282	
	0.180298	
	0.122768	
	0.067406	
	0.065950	
	0.064718	
	0.071375	
	0.073354	
	0.094790	
	0.131378	
	0.156115	
	0.144638	
	0.212328	
	0.151433	
	0.104699	
	0.089064	
	0.104610	
	0.090662	
	0.157276	
	0.128665	
	0.148181	
	0.117217	
	0.104014	
	0.121511	
	0.144753	
	0.159819	
	0.140466	
	0.177323	
	0.131953	
	0.139398	
	0.177107	
	0.236597	
	0.223710	
	0.134915	
	0.095007	
	0.091583	
	0.080202	
	0.079374	
	0.098748	
	0.105866	
	0.108492	
	0.143007	
	0.114287	
	0.113650	
	0.126628	
	0.100932	
	0.108773	
	0.088957	
	0.120919	
	0.113541	
	0.128754	
	0.101593	
	0.163398	
	0.181576	
	0.196892	
	0.215152	
	0.204076	
	0.151095	
	0.134745	
	0.232582	
	0.406246	
	0.498056	
	0.481676	
	0.485322	
	0.233037	
	0.214588	
	0.272242	
	0.208776	
	0.203884	
	0.197546	
	0.234436	
	0.215256	
	0.152147	
	0.136961	
	0.124832	
	0.122107	
	0.115488	
	0.327283	
	0.541815	
	0.588985	
	0.560643	
	0.550511	
	0.430725	
	0.285671	
	0.220247	
	0.238966	
	0.184809	
	0.179294	
	0.218402	
	0.233670	
	0.288495	
	0.378790	
	0.527303	
	0.500846	
	0.396900	
	0.438298	
	0.423156	
	0.390928	
	0.435441	
	0.425744	
	0.275790	
	0.271048	
	0.229771	
	0.226929	
	0.228175	
	0.242008	
	0.235687	
	0.195421	
	0.425830	
	0.327086	
	0.287716	
	0.136061	
	0.123451	
	0.161851	
	0.192927	
	0.185851	
	0.184827	
	0.191966	
	0.199583	
	0.175195	
	0.200936	
	0.188764	
	0.193263	
	0.206662	
	0.197777	
	0.352255	
	0.356530	
	0.231289	
	0.202765	
	0.197572	
	0.187913	
	0.195190	
	0.194591	
	0.213346	
	0.216216	
	0.209403	
	0.200976	
	0.192826	
	0.201915	
	0.240235	
	0.259340	
	0.453047	
	0.372954	
	0.290715	
	0.220666	
	0.221368	
	0.256483	
	0.259576	
	0.248210	
	0.246191	
	0.267483	
	0.250885	
	0.253299	
	0.232686	
	0.225382	
	0.184957	
	0.251460	
	0.239434	
	0.204456	
	0.215466	
	0.144345	
	0.179063	
	0.216175	
	0.205641	
	0.215530	
	0.227496	
	0.274847	
	0.250934	
	0.267658	
	0.238842	
	0.295900	
	0.434966	
	0.255698	
	0.209375	
	0.191494	
	0.177915	
	0.163661	
	0.152706	
	0.154103	
	0.161174	
	0.151870	
	0.184504	
	0.191010	
	0.202766	
	0.195597	
	0.196383	
	0.503202	
	0.410534	
	0.273334	
	0.259770	
	0.235063	
	0.249990	
	0.201930	
	0.226785	
	0.232824	
	0.245457	
	0.237486	
	0.253875	
	0.239557	
	0.260760	
	0.268592	
	0.503323	
	0.434606	
	0.376828	
	0.277436	
	0.284366	
	0.249049	
	0.235721	
	0.231900	
	0.223380	
	0.253125	
	0.249976	
	0.235521	
	0.216186	
	0.228598	
	0.351963	
	0.447745	
	0.273237	
	0.251795	
	0.206943	
	0.166792	
	0.145709	
	0.150341	
	0.169834	
	0.167858	
	0.154341	
	0.203897	
	0.217930	
	0.246428	
	0.238749	
	0.245759	
	0.459159	
	0.292258	
	0.221552	
	0.172530	
	0.170166	
	0.184025	
	0.167769	
	0.178708	
	0.163425	
	0.164962	
	0.197598	
	0.194763	
	0.180398	
	0.178525	
	0.238675	
	0.589109	
	0.412279	
	0.327306	
	0.306431	
	0.332677	
	0.346114	
	0.332090	
	0.304143	
	0.247005	
	0.264496	
	0.461888	
	0.557197	
	0.597150	
	0.617782	
	0.533556	
	0.602342	
	0.404287	
	0.329816	
	0.341663	
	0.261542	
	0.258648	
	0.275350	
	0.241243	
	0.312271	
	0.332336	
	0.351656	
	0.384741	
	0.336109	
	0.364003	
	0.337844	
	0.364915	
	0.287070	
	0.242806	
	0.227197	
	0.206762	
	0.172216	
	0.207055	
	0.280028	
	0.189700	
	0.157823	
	0.182607	
	0.177593	
	0.283243	
	0.515774	
	0.665964	
	0.611298	
	0.408091	
	0.363361	
	0.280590	
	0.193935	
	0.177647	
	0.164910	
	0.189108	
	0.177706	
	0.199048	
	0.192550	
	0.220849	
	0.227947	
	0.241920	
	0.387668	
	0.420522	
	0.311044	
	0.274529	
	0.273371	
	0.267286	
	0.302621	
	0.305463	
	0.373769	
	0.327471	
	0.348751	
	0.319997	
	0.312665	
	0.346557	
	0.384631	
	0.495821	
	0.495480	
	0.426795	
	0.441484	
	0.443250	
	0.438843	
	0.388916	
	0.287821	
	0.240512	
	0.214738	
	0.226142	
	0.246596	
	0.225273	
	0.247254	
	0.245114	
	0.439888	
	0.287000	
	0.261640	
	0.260311	
	0.272632	
	0.275132	
	0.323372	
	0.333446	
	0.343528	
	0.328355	
	0.324377	
	0.331120	
	0.345106	
	0.351074	
	0.399789	
	0.464180	
	0.289978	
	0.252581	
	0.153420	
	0.144181	
	0.137444	
	0.233543	
	0.290404	
	0.266878	
	0.234037	
	0.210865	
	0.220383	
	0.159359	
	0.130567	
	0.247280	
	0.355966	
	0.238339	
	0.192493	
	0.197510	
	0.187473	
	0.165512	
	0.178937	
	0.171500	
	0.179648	
	0.188181	
	0.184884	
	0.179612	
	0.166590	
	0.194787	
	0.306377	
	0.462063	
	0.346758	
	0.288067	
	0.228662	
	0.263674	
	0.242316	
	0.216485	
	0.260954	
	0.286901	
	0.253897	
	0.279563	
	0.304499	
	0.319430	
	0.355688	
	0.319324	
	0.354118	
	0.278511	
	0.225737	
	0.195171	
	0.236831	
	0.293695	
	0.367127	
	0.316530	
	0.364523	
	0.272164	
	0.399551	
	0.496319	
	0.517075	
	0.465741	
	0.537747	
	0.398875	
	0.388467	
	0.405109	
	0.408258	
	0.424787	
	0.401826	
	0.385635	
	0.345553	
	0.355672	
	0.447181	
	0.422824	
	0.433458	
	0.419334	
	0.367562	
	0.481359	
	0.461050	
	0.524627	
	0.487027	
	0.483053	
	0.491959	
	0.443056	
	0.387816	
	0.427722	
	0.452946	
	0.473667	
	0.465493	
	0.468305	
	0.446005	
	0.379389	
	0.543972	
	0.522612	
	0.516322	
	0.458443	
	0.536879	
	0.471950	
	0.460595	
	0.463346	
	0.507606	
	0.580816	
	0.523667	
	0.537307	
	0.493524	
	0.448220	
	0.556289	
	0.483133	
	0.437556	
	0.419022	
	0.432780	
	0.416924	
	0.349033	
	0.341523	
	0.350513	
	0.325590	
	0.331276	
	0.366695	
	0.435142	
	0.367892	
	0.326911	
	0.423116	
	0.323251	
	0.235276	
	0.193806	
	0.206388	
	0.199269	
	0.222522	
	0.211906	
	0.223165	
	0.148489	
	0.168849	
	0.174786	
	0.193020	
	0.178994	
	0.175170	
	0.386949	
	0.308996	
	0.238098	
	0.246022	
	0.265141	
	0.181289	
	0.163399	
	0.158049	
	0.195637	
	0.175638	
	0.169391	
	0.200026	
	0.160971	
	0.184966	
	0.199258	
	0.493258	
	0.463316	
	0.313931	
	0.244069	
	0.226002	
	0.180939	
	0.213669	
	0.197339	
	0.179700	
	0.168373	
	0.196514	
	0.169246	
	0.169424	
	0.167012	
	0.207057	
	0.578382	
	0.445309	
	0.304591	
	0.260591	
	0.203601	
	0.167528	
	0.172073	
	0.175116	
	0.164729	
	0.171106	
	0.206970	
	0.313547	
	0.379252	
	0.528116	
	0.488935	
	0.549979	
	0.432057	
	0.375411	
	0.317159	
	0.273610	
	0.313448	
	0.276591	
	0.346639	
	0.403676	
	0.366027	
	0.362225	
	0.401840	
	0.432012	
	0.462420	
	0.410456	
	0.417342	
	0.509318	
	0.531608	
	0.526973	
	0.520101	
	0.428624	
	0.420625	
	0.390626	
	0.389308	
	0.454360	
	0.478055	
	0.439444	
	0.422546	
	0.366123	
	0.379511	
	0.398144	
	0.410129	
	0.391130	
	0.376420	
	0.425898	
	0.444913	
	0.454216	
	0.451261	
	0.462825	
	0.374758	
	0.389484	
	0.426188	
	0.448214	
	0.461286	
	0.414410	
	0.403136	
	0.454844	
	0.464981	
	0.446978	
	0.413650	
	0.463541	
	0.440376	
	0.480509	
	0.534931	
	0.528220	
	0.503496	
	0.439128	
	0.431775	
	0.317151	
	0.369971	
	0.363183	
	0.328770	
	0.286792	
	0.302009	
	0.325552	
	0.357983	
	0.364823	
	0.340132	
	0.315818	
	0.295521	
	0.337069	
	0.372668	
	0.348656	
	0.353211	
	0.341848	
	0.374029	
	0.405847	
	0.396308	
	0.475644	
	0.466414	
	0.387184	
	0.367914	
	0.410691	
	0.371450	
	0.374367	
	0.412143	
	0.315730	
	0.361204	
	0.388149	
	0.385132	
	0.409823	
	0.501946	
	0.494843	
	0.400161	
	0.394185	
	0.425417	
	0.409149	
	0.384167	
	0.425714	
	0.392503	
	0.344991	
	0.348874	
	0.417197	
	0.330353	
	0.368592	
	0.449654	
	0.344653	
	0.309030	
	0.436854	
	0.328237	
	0.290255	
	0.334631	
	0.420352	
	0.324391	
	0.352470	
	0.428359	
	0.336692	
	0.261212	
	0.344310	
	0.461844	
	0.431699	
	0.345342	
	0.393949	
	0.351327	
	0.298291	
	0.409844	
	0.357933	
	0.324052	
	0.285039	
	0.333632	
	0.362405	
	0.366662	
	0.454196	
	0.307262	
	0.285323	
	0.362978	
	0.395375	
	0.338600	
	0.406596	
	0.423701	
	0.318828	
	0.270767	
	0.336451	
	0.412914	
	0.319173	
	0.371388	
	0.378904	
	0.290239	
	0.261801	
	0.385416	
	0.481857	
	0.350707	
	0.323856	
	0.379607	
	0.400014	
	0.377089	
	0.395122	
	0.418398	
	0.309125	
	0.316973	
	0.372061	
	0.360869	
	0.400865	
	0.382686	
	0.348608	
	0.293439	
	0.291533	
	0.374366	
	0.326448	
	0.352830	
	0.334670	
	0.399393	
	0.377813	
	0.417937	
	0.433073	
	0.383907	
	0.356759	
	0.378773	
	0.430679	
	0.384937	
	0.321332	
	0.373599	
	0.343913	
	0.294874	
	0.328130	
	0.343105	
	0.356492	
	0.406894	
	0.375489	
	0.371432	
	0.419434	
	0.384840	
	0.379877	
	0.402402	
	0.444222	
	0.437076	
	0.402791	
	0.443958	
	0.388954	
	0.414485	
	0.385848	
	0.377360	
	0.385275	
	0.421030	
	0.385737	
	0.351701	
	0.344893	
	0.317691	
	0.331151	
	0.299840	
	0.287437	
	0.365692	
	0.318574	
	0.261545	
	0.333098	
	0.604287	
	0.548870	
	0.251836	
	0.234218	
	0.209761	
	0.189979	
	0.228258	
	0.269184	
	0.232331	
	0.256529	
	0.231804	
	0.282197	
	0.231848	
	0.203362	
	0.188429	
	0.173988	
	0.241432	
	0.235595	
	0.188263	
	0.122685	
	0.152096	
	0.162784	
	0.146063	
	0.169704	
	0.171911	
	0.193593	
	0.196552	
	0.195357	
	0.224555	
	0.209871	
	0.115374	
	0.221624	
	0.211815	
	0.195087	
	0.161899	
	0.209039	
	0.194479	
	0.194598	
	0.208463	
	0.236981	
	0.232427	
	0.227404	
	0.245361	
	0.284446	
	0.229110	
	0.266317	
	0.229305	
	0.198606	
	0.330163	
	0.327937	
	0.326722	
	0.308407	
	0.323463	
	0.306324	
	0.285001	
	0.350051	
	0.386867	
	0.298519	
	0.288471	
	0.317305	
	0.291273	
	0.333767	
	0.351613	
	0.384807	
	0.345671	
	0.395869	
	0.349497	
	0.367103	
	0.347028	
	0.388983	
	0.448315	
	0.486129	
	0.453642	
	0.461104	
	0.472205	
	0.598225	
	0.649599	
	0.653485	
	0.528330	
	0.580555	
	0.557178	
	0.531059	
	0.483312	
	0.530616	
	0.586083	
	0.511976	
	0.502002	
	0.527413	
	0.561492	
	0.514601	
	0.317665	
	0.277847	
	0.263114	
	0.240815	
	0.247818	
	0.199662	
	0.236215	
	0.241597	
	0.188562	
	0.212868	
	0.211985	
	0.185744	
	0.265853	
	0.223741	
	0.216394	
	0.198237	
	0.230937	
	0.226186	
	0.214792	
	0.201056	
	0.156387	
	0.141085	
	0.151508	
	0.183162	
	0.205292	
	0.228059	
	0.243859	
	0.266566	
	0.247349	
	0.250657	
	0.240064	
	0.218274	
	0.200331	
	0.250167	
	0.210504	
	0.181455	
	0.173177	
	0.166624	
	0.253121	
	0.345799	
	0.468577	
	0.451440	
	0.293285	
	0.193339	
	0.166625	
	0.191123	
	0.204451	
	0.200281	
	0.216080	
	0.271381	
	0.341795	
	0.376586	
	0.447797	
	0.466815	
	0.398133	
	0.444120	
	0.418177	
	0.306308	
	0.230243	
	0.259384	
	0.207874	
	0.225221	
	0.208799	
	0.242140	
	0.252341	
	0.216508	
	0.239632	
	0.261773	
	0.242186	
	0.243921	
	0.243845	
	0.184514	
	0.207219	
	0.202570	
	0.195215	
	0.247473	
	0.240806	
	0.278566	
	0.282442	
	0.304251	
	0.223753	
	0.273925	
	0.292768	
	0.264503	
	0.306597	
	0.366862	
	0.251268	
	0.216955	
	0.158589	
	0.199763	
	0.255769	
	0.314645	
	0.258003	
	0.263193	
	0.314216	
	0.501416	
	0.438555	
	0.401614	
	0.313159	
	0.298970	
	0.350944	
	0.274760	
	0.269557	
	0.293924	
	0.310539	
	0.321237	
	0.321978	
	0.351475	
	0.413493	
	0.400489	
	0.262843	
	0.222886	
	0.195829	
	0.208088	
	0.203081	
	0.214813	
	0.207481	
	0.203454	
	0.196417	
	0.241151	
	0.188886	
	0.235948	
	0.218703	
	0.247916	
	0.219983	
	0.168256	
	0.143521	
	0.150798	
	0.133288	
	0.124355	
	0.119298	
	0.132303	
	0.107896	
	0.110114	
	0.088149	
	0.104897	
	0.121376	
	0.094821	
	0.090571	
	0.097849	
	0.097682	
	0.080701	
	0.092238	
	0.079472	
	0.088198	
	0.087192	
	0.099956	
	0.084621	
	0.094709	
	0.093799	
	0.100454	
	0.100447	
	0.098220	
	0.093849	
	0.092001	
	0.103210	
	0.094825	
	0.115236	
	0.097155	
	0.103153	
	0.098361	
	0.086239	
	0.093627	
	0.092435	
	0.100109	
	0.095658	
	0.109281	
	0.109549	
	0.178022	
	0.145223	
	0.167861	
	0.146606	
	0.130770	
	0.121621	
	0.112116	
	0.122902	
	0.119436	
	0.120110	
	0.140174	
	0.143080	
	0.139961	
	0.144833	
	0.150504	
	0.135055	
	0.145138	
	0.148357	
	0.159785	
	0.143017	
	0.164297	
	0.143044	
	0.176290	
	0.139290	
	0.148979	
	0.134854	
	0.158609	
	0.167968	
	0.195330	
	0.188665	
	0.173913	
	0.173087	
	0.197807	
	0.201206	
	0.220612	
	0.186294	
	0.154469	
	0.181097	
	0.194089	
	0.254180	
	0.252253	
	0.239515	
	0.202494	
	0.169453	
	0.185043	
	0.157636	
	0.196584	
	0.222138	
	0.206995	
	0.199986	
	0.196517	
	0.186359	
	0.193305	
	0.206461	
	0.182260	
	0.209446	
	0.222968	
	0.215021	
	0.285570	
	0.259775	
	0.149509	
	0.209760	
	0.226742	
	0.278774	
	0.415860	
	0.464323	
	0.300659	
	0.344183	
	0.406385	
	0.460626	
	0.377216	
	0.382339	
	0.336009	
	0.328263	
	0.327524	
	0.412140	
	0.447664	
	0.441054	
	0.375243	
	0.350457	
	0.512869	
	0.352734	
	0.253549	
	0.256846	
	0.266176	
	0.243831	
	0.281360	
	0.282099	
	0.227548	
	0.279955	
	0.311769	
	0.300479	
	0.328969	
	0.379302	
	0.421684	
	0.448540	
	0.452629	
	0.280694	
	0.198409	
	0.168077	
	0.168670	
	0.172989	
	0.115355	
	0.132741	
	0.140650	
	0.145679	
	0.166472	
	0.156981	
	0.154786	
	0.139064	
	0.121189	
	0.131141	
	0.188273	
	0.157246	
	0.186610	
	0.190488	
	0.197521	
	0.172694	
	0.163519	
	0.163845	
	0.169487	
	0.171826	
	0.139029	
	0.149031	
	0.112208	
	0.173693	
	0.163110	
	0.151354	
	0.188534	
	0.216628	
	0.181234	
	0.183277	
	0.177048	
	0.186172	
	0.154660	
	0.134890	
	0.115671	
	0.129236	
	0.151192	
	0.155011	
	0.153217	
	0.158501	
	0.179359	
	0.168090	
	0.190736	
	0.183596	
	0.221957	
	0.252834	
	0.192864	
	0.188582	
	0.173840	
	0.182833	
	0.186532	
	0.161715	
	0.191361	
	0.224606	
	0.251950	
	0.256994	
	0.196382	
	0.211661	
	0.215701	
	0.215694	
	0.212847	
	0.274106	
	0.254989	
	0.313412	
	0.295795	
	0.193025	
	0.221381	
	0.205276	
	0.232426	
	0.330870	
	0.253292	
	0.296408	
	0.381217	
	0.408379	
	0.448315	
	0.429102	
	0.364285	
	0.462277	
	0.497321	
	0.451698	
	0.454467	
	0.494412	
	0.477489	
	0.407254	
	0.345888	
	0.348264	
	0.431835	
	0.407260	
	0.433207	
	0.335534	
	0.179619	
	0.192237	
	0.189747	
	0.185625	
	0.188759	
	0.188913	
	0.201159	
	0.227870	
	0.252966	
	0.261997	
	0.239858	
	0.288973	
	0.228118	
	0.207812	
	0.211298	
	0.230201	
	0.272470	
	0.342428	
	0.294990	
	0.180231	
	0.176704	
	0.164132	
	0.155941	
	0.155857	
	0.155904	
	0.153226	
	0.184432	
	0.192535	
	0.183403	
	0.190006	
	0.204444	
	0.161341	
	0.162309	
	0.177261	
	0.193484	
	0.167357	
	0.172935	
	0.175891	
	0.170922	
	0.207130	
	0.184515	
	0.168197	
	0.196700	
	0.210060	
	0.222440	
	0.279429	
	0.248989	
	0.211284	
	0.185611	
	0.268440	
	0.188872	
	0.161339	
	0.159302	
	0.193959	
	0.199529	
	0.203140	
	0.181140	
	0.171550	
	0.154071	
	0.185086	
	0.191004	
	0.148758	
	0.307799	
	0.534615	
	0.398656	
	0.318173	
	0.263790	
	0.176015	
	0.119708	
	0.089442	
	0.096080	
	0.099165	
	0.078044	
	0.075245	
	0.069649	
	0.075351	
	0.074472	
	0.083983	
	0.355658	
	0.279806	
	0.237814	
	0.190038	
	0.147670	
	0.141953	
	0.122255	
	0.122647	
	0.140620	
	0.196686	
	0.193581	
	0.189531	
	0.198627	
	0.204659	
	0.183355	
	0.532578	
	0.453718	
	0.327719	
	0.289808	
	0.272217	
	0.285493	
	0.269233	
	0.259542	
	0.259352	
	0.280919	
	0.268914	
	0.286179	
	0.306498	
	0.350052	
	0.389991	
	0.461760	
	0.276091	
	0.264165	
	0.251663	
	0.258194	
	0.218819	
	0.181518	
	0.196588	
	0.224222	
	0.281686	
	0.305816	
	0.399322	
	0.343347	
	0.286637	
	0.346237	
	0.419314	
	0.323267	
	0.266986	
	0.253266	
	0.211004	
	0.196407	
	0.258684	
	0.260744	
	0.270640	
	0.288535	
	0.284731	
	0.243282	
	0.244193	
	0.298871	
	0.455431	
	0.391486	
	0.305558	
	0.296285	
	0.285104	
	0.241992	
	0.238816	
	0.234553	
	0.230503	
	0.259982	
	0.270872	
	0.267368	
	0.264708	
	0.219539	
	0.390944	
	0.497147	
	0.396448	
	0.319460	
	0.321688	
	0.337508	
	0.304372	
	0.301739	
	0.306469	
	0.319964	
	0.306304	
	0.222896	
	0.229353	
	0.253280	
	0.222501	
	0.385234	
	0.270712	
	0.223410	
	0.185304	
	0.169550	
	0.191985	
	0.218660	
	0.182312	
	0.222336	
	0.241032	
	0.208790	
	0.202046	
	0.205766	
	0.224244	
	0.224611	
	0.461244	
	0.286879	
	0.221626	
	0.180816	
	0.170158	
	0.157235	
	0.190856	
	0.205035	
	0.223336	
	0.220458	
	0.195285	
	0.200264	
	0.259025	
	0.208542	
	0.388320	
	0.438140	
	0.301081	
	0.245642	
	0.231908	
	0.168986	
	0.190982	
	0.180612	
	0.208643	
	0.217923	
	0.210475	
	0.178555	
	0.179717	
	0.194775	
	0.206487	
	0.272333	
	0.536879	
	0.392913	
	0.306164	
	0.221772	
	0.169523	
	0.192998	
	0.195503	
	0.174819	
	0.209001	
	0.185598	
	0.143032	
	0.162611	
	0.153518	
	0.186897	
	0.183214	
	0.286443	
	0.244587	
	0.156541	
	0.116387	
	0.122939	
	0.112007	
	0.091408	
	0.083763	
	0.072644	
	0.075841	
	0.112959	
	0.096330	
	0.095274	
	0.251018	
	0.573746	
	0.281531	
	0.238821	
	0.220186	
	0.231634	
	0.204950	
	0.208027	
	0.215278	
	0.233790	
	0.220908	
	0.222047	
	0.221866	
	0.208880	
	0.209469	
	0.209545	
	0.206445	
	0.214553	
	0.194361	
	0.177835	
	0.187967	
	0.199575	
	0.207830	
	0.192502	
	0.194026	
	0.189330	
	0.146904	
	0.180525	
	0.154371	
	0.138597	
	0.152154	
	0.331065	
	0.378071	
	0.226006	
	0.204082	
	0.183704	
	0.195871	
	0.187949	
	0.176161	
	0.184858	
	0.200687	
	0.198760	
	0.207293	
	0.230824	
	0.240092	
	0.257560	
	0.241499	
	0.223864	
	0.219343	
	0.248336	
	0.251968	
	0.301452	
	0.333807	
	0.284959	
	0.278880	
	0.284072	
	0.293450	
	0.321694	
	0.349918	
	0.355582	
	0.334264	
	0.294413	
	0.664693	
	0.346432	
	0.234904	
	0.238568	
	0.256548	
	0.260241	
	0.237537	
	0.244500	
	0.241316	
	0.267205	
	0.248392	
	0.219836	
	0.246730	
	0.227547	
	0.219557	
	0.207915	
	0.205086	
	0.227681	
	0.217527	
	0.298099	
	0.536766	
	0.563502	
	0.347101	
	0.289189	
	0.344682	
	0.321673	
	0.319323	
	0.350751	
	0.375921	
	0.340457	
	0.291046	
	0.236740	
	0.257161	
	0.216072	
	0.229849	
	0.172559	
	0.157125	
	0.156977	
	0.109820	
	0.116910	
	0.115432	
	0.131017	
	0.140489	
	0.184977	
	0.178953	
	0.140522	
	0.165574	
	0.150192	
	0.146738	
	0.172078	
	0.169108	
	0.171453	
	0.169023	
	0.155094	
	0.140751	
	0.163447	
	0.147052	
	0.165776	
	0.119130	
	0.102012	
	0.097313	
	0.078839	
	0.081208	
	0.148765	
	0.139568	
	0.202284	
	0.245115	
	0.234385	
	0.231190	
	0.234533	
	0.233145	
	0.229777	
	0.217067	
	0.243003	
	0.579255	
	0.791317	
	0.834626	
	0.735956	
	0.651716	
	0.506051	
	0.296759	
	0.244558	
	0.248210	
	0.256288	
	0.236036	
	0.221422	
	0.269399	
	0.179681	
	0.170711	
	0.206218	
	0.195175	
	0.177936	
	0.145623	
	0.150138	
	0.174494	
	0.113790	
	0.089316	
	0.094785	
	0.080783	
	0.101312	
	0.080820	
	0.070982	
	0.074615	
	0.076626	
	0.119012	
	0.183761	
	0.175721	
	0.233122	
	0.196894	
	0.218126	
	0.286693	
	0.280513	
	0.167659	
	0.199228	
	0.214800	
	0.178213	
	0.178353	
	0.197576	
	0.168560	
	0.190362	
	0.163330	
	0.107787	
	0.144474	
	0.136135	
	0.179691	
	0.185610	
	0.194614	
	0.193806	
	0.164120	
	0.203111	
	0.194503	
	0.230460	
	0.252283	
	0.327948	
	0.207662	
	0.335782	
	0.541618	
	0.586776	
	0.615412	
	0.597312	
	0.590797	
	0.533831	
	0.207052	
	0.172501	
	0.187989	
	0.175636	
	0.134076	
	0.133563	
	0.121601	
	0.132818	
	0.118134	
	0.128988	
	0.131143	
	0.140646	
	0.095265	
	0.098685	
	0.079407	
	0.107894	
	0.174290	
	0.198938	
	0.224260	
	0.271730	
	0.285699	
	0.292275	
	0.251501	
	0.149498	
	0.210544	
	0.196271	
	0.168096	
	0.134614	
	0.162033	
	0.181867	
	0.173946	
	0.107362	
	0.130360	
	0.123891	
	0.120350	
	0.133966	
	0.129699	
	0.132637	
	0.116631	
	0.161805	
	0.147047	
	0.196357	
	0.183379	
	0.200560	
	0.163828	
	0.191479	
	0.203103	
	0.418690	
	0.720057	
	0.848268	
	0.876065	
	0.852228	
	0.814235	
	0.602375	
	0.239998	
	0.259270	
	0.254887	
	0.228290	
	0.217942	
	0.192396	
	0.191002	
	0.188451	
	0.176213	
	0.195566	
	0.162688	
	0.163672	
	0.142059	
	0.141402	
	0.140123	
	0.136778	
	0.115846	
	0.116316	
	0.125473	
	0.091211	
	0.406234	
	0.601688	
	0.399465	
	0.293709	
	0.208520	
	0.185536	
	0.181177	
	0.204003	
	0.177287	
	0.168055	
	0.165396	
	0.171682	
	0.159090	
	0.164032	
	0.172824	
	0.173410	
	0.223877	
	0.252375	
	0.252487	
	0.241629	
	0.258801	
	0.245099	
	0.262860	
	0.254930	
	0.291360	
	0.311983	
	0.292000	
	0.274835	
	0.269932	
	0.295635	
	0.307047	
	0.357773	
	0.343544	
	0.525463	
	0.515952	
	0.372082	
	0.297076	
	0.223402	
	0.197810	
	0.198476	
	0.202243	
	0.191116	
	0.195710	
	0.193520	
	0.204582	
	0.191732	
	0.180809	
	0.191844	
	0.186253	
	0.200647	
	0.203566	
	0.259758	
	0.304753	
	0.281175	
	0.271121	
	0.220416	
	0.219490	
	0.252714	
	0.314858	
	0.322155	
	0.320004	
	0.290241	
	0.293805	
	0.328121	
	0.291147	
	0.310405	
	0.190703	
	0.167814	
	0.245151	
	0.243926	
	0.297884	
	0.270578	
	0.221555	
	0.199251	
	0.220107	
	0.217127	
	0.202567	
	0.153607	
	0.178821	
	0.171476	
	0.140513	
	0.108944	
	0.111478	
	0.112968	
	0.113502	
	0.094759	
	0.120608	
	0.140065	
	0.133972	
	0.137104	
	0.170293	
	0.136688	
	0.128242	
	0.119977	
	0.125322	
	0.476660	
	0.596370	
	0.318686	
	0.249332	
	0.288126	
	0.275537	
	0.281571	
	0.279405	
	0.285938	
	0.239258	
	0.203599	
	0.200663	
	0.180868	
	0.187531	
	0.160956	
	0.165401	
	0.158957	
	0.255273	
	0.557853	
	0.573191	
	0.265154	
	0.297016	
	0.227718	
	0.215789	
	0.163841	
	0.146389	
	0.134420	
	0.166735	
	0.147983	
	0.128227	
	0.136267	
	0.126441	
	0.107094	
	0.107745	
	0.081305	
	0.076381	
	0.080532	
	0.072269	
	0.071223	
	0.077164	
	0.077382	
	0.072183	
	0.080864	
	0.077909	
	0.085648	
	0.096056	
	0.085026	
	0.099608	
	0.081241	
	0.089566	
	0.083917	
	0.085053	
	0.098373	
	0.083153	
	0.103258	
	0.123513	
	0.100947	
	0.084221	
	0.080093	
	0.129284	
	0.114431	
	0.086112	
	0.070873	
	0.076965	
	0.068899	
	0.058565	
	0.075195	
	0.062193	
	0.077541	
	0.066047	
	0.056745	
	0.066350	
	0.067676	
	0.077343	
	0.076913	
	0.091995	
	0.087245	
	0.077090	
	0.076037	
	0.106417	
	0.089725	
	0.078087	
	0.104385	
	0.067220	
	0.109185	
	0.081399	
	0.100447	
	0.090839	
	0.101752	
	0.126969	
	0.162794	
	0.135435	
	0.113041	
	0.096250	
	0.096651	
	0.104303	
	0.123113	
	0.144337	
	0.150500	
	0.198446	
	0.168606	
	0.194003	
	0.135151	
	0.189107	
	0.174689	
	0.176226	
	0.175798	
	0.182018	
	0.164331	
	0.213358	
	0.306446	
	0.529036	
	0.615196	
	0.629166	
	0.693939	
	0.658754	
	0.539785	
	0.514571	
	0.423789	
	0.184667	
	0.163982	
	0.164044	
	0.152496	
	0.146033	
	0.139835	
	0.138806	
	0.131343	
	0.165648	
	0.146387	
	0.112553	
	0.134842	
	0.151399	
	0.176953	
	0.135563	
	0.141785	
	0.111568	
	0.115385	
	0.124956	
	0.123581	
	0.131055	
	0.126090	
	0.172333	
	0.161871	
	0.212718	
	0.251688	
	0.291959	
	0.297444	
	0.300603	
	0.365827	
	0.368997	
	0.330699	
	0.382259	
	0.380811	
	0.388067	
	0.371719	
	0.415942	
	0.446955	
	0.400425	
	0.409294	
	0.288832	
	0.215858	
	0.223434	
	0.497124	
	0.437178	
	0.291836	
	0.191249	
	0.155206	
	0.180388	
	0.211666	
	0.178776	
	0.187937	
	0.194690	
	0.194810	
	0.233302	
	0.259234	
	0.297338	
	0.454633	
	0.456337	
	0.454760	
	0.380994	
	0.304152	
	0.212153	
	0.128452	
	0.119029	
	0.117289	
	0.139511	
	0.105466	
	0.111871	
	0.103642	
	0.096844	
	0.103638	
	0.115708	
	0.094785	
	0.128715	
	0.089322	
	0.074957	
	0.098723	
	0.084853	
	0.076468	
	0.065018	
	0.063235	
	0.065758	
	0.062007	
	0.077147	
	0.053629	
	0.066291	
	0.051974	
	0.060037	
	0.059461	
	0.060874	
	0.121780	
	0.109038	
	0.088751	
	0.092871	
	0.058273	
	0.062596	
	0.073502	
	0.056060	
	0.057030	
	0.068873	
	0.065469	
	0.065109	
	0.063696	
	0.064037	
	0.061817	
	0.052687	
	0.057845	
	0.048243	
	0.056104	
	0.059509	
	0.055925	
	0.063759	
	0.054138	
	0.070927	
	0.057832	
	0.072374	
	0.069245	
	0.062300	
	0.070824	
	0.064407	
	0.064404	
	0.073734	
	0.082965	
	0.096939	
	0.088502	
	0.066808	
	0.081082	
	0.051494	
	0.073224	
	0.044727	
	0.057042	
	0.071166	
	0.058382	
	0.070534	
	0.073536	
	0.091553	
	0.056589	
	0.052175	
	0.058244	
	0.061594	
	0.061585	
	0.064608	
	0.068104	
	0.069126	
	0.083893	
	0.072776	
	0.082906	
	0.070601	
	0.082305	
	0.074167	
	0.075488	
	0.071604	
	0.075209	
	0.064346	
	0.074377	
	0.071289	
	0.081241	
	0.074607	
	0.092663	
	0.084816	
	0.071410	
	0.084223	
	0.080147	
	0.082307	
	0.092026	
	0.101828	
	0.260095	
	0.177047	
	0.167548	
	0.141672	
	0.131024	
	0.123426	
	0.123322	
	0.115250	
	0.136020	
	0.108403	
	0.133196	
	0.109597	
	0.108308	
	0.104494	
	0.100141	
	0.126314	
	0.088791	
	0.086550	
	0.080173	
	0.071221	
	0.074053	
	0.068677	
	0.062857	
	0.073459	
	0.071726	
	0.071003	
	0.061962	
	0.055421	
	0.066397	
	0.061672	
	0.071867	
	0.071516	
	0.063200	
	0.058486	
	0.100623	
	0.068218	
	0.055205	
	0.066279	
	0.055119	
	0.075235	
	0.059895	
	0.066018	
	0.054545	
	0.070326	
	0.055374	
	0.076098	
	0.062180	
	0.065513	
	0.064560	
	0.064430	
	0.085199	
	0.079693	
	0.101254	
	0.102800	
	0.114852	
	0.085270	
	0.076740	
	0.092855	
	0.118135	
	0.132875	
	0.148680	
	0.158993	
	0.143975	
	0.190860	
	0.150816	
	0.085640	
	0.106779	
	0.131833	
	0.140670	
	0.138284	
	0.172177	
	0.176243	
	0.145172	
	0.129389	
	0.098410	
	0.105664	
	0.139173	
	0.158795	
	0.151401	
	0.120640	
	0.086127	
	0.106812	
	0.118994	
	0.132300	
	0.180553	
	0.201617	
	0.189843	
	0.156073	
	0.161980	
	0.176746	
	0.172244	
	0.225120	
	0.341666	
	0.346012	
	0.281319	
	0.198883	
	0.247082	
	0.341159	
	0.307120	
	0.271020	
	0.277105	
	0.294410	
	0.339054	
	0.373114	
	0.323632	
	0.296549	
	0.299454	
	0.216504	
	0.155864	
	0.134504	
	0.106969	
	0.111556	
	0.130793	
	0.321779	
	0.282766	
	0.301994	
	0.231815	
	0.175248	
	0.106084	
	0.101641	
	0.117934	
	0.117914	
	0.109561	
	0.118863	
	0.095709	
	0.105621	
	0.212602	
	0.247171	
	0.192823	
	0.228884	
	0.218117	
	0.139587	
	0.140433	
	0.126076	
	0.151249	
	0.147491	
	0.150617	
	0.175407	
	0.205265	
	0.194936	
	0.175326	
	0.131412	
	0.134950	
	0.229127	
	0.299931	
	0.285837	
	0.295499	
	0.313555	
	0.274800	
	0.223562	
	0.184116	
	0.135750	
	0.124346	
	0.119481	
	0.139453	
	0.105404	
	0.099966	
	0.119438	
	0.167765	
	0.270593	
	0.326913	
	0.367749	
	0.359104	
	0.347929	
	0.380320	
	0.391658	
	0.386131	
	0.333359	
	0.346999	
	0.346642	
	0.311562	
	0.233225	
	0.192450	
	0.190873	
	0.188124	
	0.184850	
	0.224346	
	0.210491	
	0.191400	
	0.145147	
	0.137421	
	0.143837	
	0.150016	
	0.141531	
	0.145968	
	0.151270	
	0.151558	
	0.132332	
	0.122063	
	0.153499	
	0.132740	
	0.133770	
	0.157015	
	0.175790	
	0.159333	
	0.162145	
	0.168891	
	0.184447	
	0.177684	
	0.181088	
	0.183065	
	0.173142	
	0.172747	
	0.159542	
	0.155657	
	0.162734	
	0.205627	
	0.227653	
	0.209037	
	0.218072	
	0.190845	
	0.129447	
	0.155223	
	0.144621	
	0.217143	
	0.200997	
	0.156797	
	0.126374	
	0.138994	
	0.144213	
	0.158058	
	0.235052	
	0.201737	
	0.175646	
	0.153485	
	0.156872	
	0.161882	
	0.153644	
	0.200318	
	0.174913	
	0.194628	
	0.181388	
	0.195677	
	0.167119	
	0.174910	
	0.203071	
	0.262057	
	0.185540	
	0.204279	
	0.193751	
	0.176740	
	0.200184	
	0.223727	
	0.290385	
	0.217296	
	0.218234	
	0.195084	
	0.200101	
	0.183715	
	0.173008	
	0.243694	
	0.449612	
	0.265565	
	0.254968	
	0.241974	
	0.191175	
	0.271199	
	0.261549	
	0.288782	
	0.358109	
	0.266963	
	0.269762	
	0.258376	
	0.244943	
	0.251025	
	0.348651	
	0.280937	
	0.212133	
	0.203949	
	0.202572	
	0.155557	
	0.193099	
	0.222656	
	0.288551	
	0.217423	
	0.183859	
	0.139862	
	0.154087	
	0.121782	
	0.139531	
	0.140490	
	0.158894	
	0.151985	
	0.141046	
	0.146269	
	0.119133	
	0.145389	
	0.201540	
	0.191326	
	0.146645	
	0.137397	
	0.162702	
	0.141601	
	0.124357	
	0.163791	
	0.164406	
	0.146954	
	0.136159	
	0.156487	
	0.153559	
	0.129291	
	0.169645	
	0.187902	
	0.188568	
	0.142634	
	0.179367	
	0.131989	
	0.144048	
	0.116323	
	0.153111	
	0.157235	
	0.152463	
	0.130586	
	0.131157	
	0.125570	
	0.105548	
	0.101500	
	0.144152	
	0.129197	
	0.126767	
	0.138798	
	0.118750	
	0.117318	
	0.108503	
	0.101843	
	0.098516	
	0.091318	
	0.090340	
	0.083008	
	0.099084	
	0.080377	
	0.108903	
	0.117932	
	0.108742	
	0.096680	
	0.078119	
	0.067322	
	0.070744	
	0.065893	
	0.069172	
	0.077950	
	0.076851	
	0.065137	
	0.083561	
	0.131626	
	0.131456	
	0.066285	
	0.079221	
	0.072718	
	0.077227	
	0.077545	
	0.105924	
	0.115110	
	0.139194	
	0.138371	
	0.135020	
	0.131760	
	0.122025	
	0.146434	
	0.141173	
	0.158082	
	0.159978	
	0.133947	
	0.140600	
	0.143537	
	0.170638	
	0.217528	
	0.274512	
	0.283915	
	0.207330	
	0.212824	
	0.176805	
	0.169498	
	0.166867	
	0.276260	
	0.396572	
	0.230310	
	0.230929	
	0.276710	
	0.333030	
	0.350967	
	0.375462	
	0.341114	
	0.354635	
	0.317359	
	0.355730	
	0.421973	
	0.462413	
	0.471605	
	0.484078	
	0.431687	
	0.381909	
	0.346387	
	0.351450	
	0.363749	
	0.389633	
	0.432371	
	0.422265	
	0.406792	
	0.370761	
	0.361135	
	0.372471	
	0.225189	
	0.226255	
	0.223147	
	0.155365	
	0.117991	
	0.127593	
	0.127372	
	0.126544	
	0.124040	
	0.124403	
	0.097150	
	0.118245	
	0.118438	
	0.126775	
	0.149096	
	0.139534	
	0.134647	
	0.145193	
	0.160434	
	0.143488	
	0.140948	
	0.129192	
	0.144630	
	0.151756	
	0.159853	
	0.147656	
	0.131068	
	0.152926	
	0.155141	
	0.199691	
	0.152029	
	0.164025	
	0.163751	
	0.180997	
	0.144959	
	0.151765	
	0.170161	
	0.137127	
	0.122787	
	0.131790	
	0.158591	
	0.144447	
	0.176929	
	0.148034	
	0.152623	
	0.140417	
	0.157748	
	0.165080	
	0.143874	
	0.150738	
	0.146275	
	0.146684	
	0.159644	
	0.162095	
	0.159766	
	0.188181	
	0.184949	
	0.178683	
	0.193094	
	0.162053	
	0.166510	
	0.184219	
	0.178056	
	0.181202	
	0.169313	
	0.161038	
	0.149881	
	0.165619	
	0.176415	
	0.146955	
	0.168273	
	0.186975	
	0.158088	
	0.155325	
	0.152069	
	0.168346	
	0.154305	
	0.154569	
	0.175839	
	0.153452	
	0.151060	
	0.172942	
	0.169767	
	0.189897	
	0.189931	
	0.172528	
	0.142719	
	0.149474	
	0.195696	
	0.220777	
	0.186468	
	0.208061	
	0.172652	
	0.149798	
	0.157851	
	0.190612	
	0.201325	
	0.224095	
	0.217939	
	0.245219	
	0.217837	
	0.211421	
	0.216856	
	0.226027	
	0.231869	
	0.253552	
	0.232009	
	0.213364	
	0.195557	
	0.234190	
	0.230131	
	0.213807	
	0.214399	
	0.240725	
	0.198039	
	0.175078	
	0.197059	
	0.203881	
	0.198828	
	0.198447	
	0.184039	
	0.204028	
	0.192053	
	0.179937	
	0.168166	
	0.165123	
	0.194686	
	0.199464	
	0.179530	
	0.202046	
	0.211899	
	0.207487	
	0.183116	
	0.209786	
	0.160511	
	0.169141	
	0.166444	
	0.177310	
	0.168314	
	0.159904	
	0.158399	
	0.112342	
	0.131746	
	0.123983	
	0.101525	
	0.102985	
	0.089984	
	0.101717	
	0.094136	
	0.107285	
	0.107354	
	0.096101	
	0.096515	
	0.074634	
	0.061380	
	0.081013	
	0.074332	
	0.080036	
	0.062215	
	0.071056	
	0.079723	
	0.076683	
	0.130281	
	0.052549	
	0.103199	
	0.121260	
	0.140002	
	0.137521	
	0.149908	
	0.157114	
	0.177591	
	0.170747	
	0.175728	
	0.164924	
	0.143495	
	0.159789	
	0.097399	
	0.092278	
	0.121187	
	0.561837	
	0.397092	
	0.407054	
	0.419706	
	0.327032	
	0.242581	
	0.232848	
	0.231880	
	0.207326	
	0.164953	
	0.155876	
	0.142011	
	0.153216	
	0.233105	
	0.151239	
	0.167037	
	0.266390	
	0.273306	
	0.158780	
	0.090748	
	0.164605	
	0.174614	
	0.169720	
	0.198153	
	0.197724	
	0.240115	
	0.311048	
	0.307908	
	0.369135	
	0.328842	
	0.349965	
	0.281205	
	0.184729	
	0.155267	
	0.158168	
	0.172294	
	0.158004	
	0.130805	
	0.127861	
	0.126133	
	0.111594	
	0.104552	
	0.100867	
	0.104282	
	0.120548	
	0.341295	
	0.312287	
	0.262112	
	0.267556	
	0.169586	
	0.184929	
	0.206648	
	0.209327	
	0.190460	
	0.202189	
	0.187419	
	0.190257	
	0.161612	
	0.208717	
	0.268864	
	0.195385	
	0.135021	
	0.102010	
	0.117406	
	0.114204	
	0.084496	
	0.096429	
	0.079216	
	0.094851	
	0.061831	
	0.050842	
	0.077740	
	0.067538	
	0.084060	
	0.067757	
	0.068168	
	0.061427	
	0.113721	
	0.072677	
	0.061383	
	0.066212	
	0.066973	
	0.090581	
	0.133634	
	0.172369	
	0.142388	
	0.099484	
	0.094367	
	0.098486	
	0.093663	
	0.082868	
	0.093688	
	0.091171	
	0.083529	
	0.092643	
	0.084256	
	0.094578	
	0.114694	
	0.108559	
	0.074779	
	0.060485	
	0.068567	
	0.063654	
	0.070967	
	0.069439	
	0.079137	
	0.094054	
	0.121874	
	0.154735	
	0.175113	
	0.094695	
	0.097052	
	0.108758	
	0.100009	
	0.113863	
	0.103671	
	0.116225	
	0.127159	
	0.151374	
	0.134533	
	0.174299	
	0.171196	
	0.158849	
	0.123873	
	0.136940	
	0.154932	
	0.136991	
	0.132229	
	0.204912	
	0.183965	
	0.108023	
	0.100292	
	0.102028	
	0.103275	
	0.107285	
	0.138765	
	0.140358	
	0.128756	
	0.128188	
	0.180179	
	0.131328	
	0.084667	
	0.080158	
	0.118512	
	0.113672	
	0.135712	
	0.120277	
	0.133425	
	0.161844	
	0.121908	
	0.138129	
	0.148084	
	0.159770	
	0.136100	
	0.152337	
	0.145348	
	0.117230	
	0.153681	
	0.173577	
	0.167052	
	0.144707	
	0.154568	
	0.163002	
	0.178700	
	0.191286	
	0.172216	
	0.214229	
	0.194123	
	0.173202	
	0.245535	
	0.465945	
	0.361742	
	0.344645	
	0.344348	
	0.308753	
	0.345984	
	0.273708	
	0.304398	
	0.317560	
	0.314433	
	0.330604	
	0.339326	
	0.298843	
	0.214383	
	0.296846	
	0.223539	
	0.201637	
	0.187233	
	0.225976	
	0.225821	
	0.168980	
	0.196305	
	0.198427	
	0.155908	
	0.144863	
	0.139170	
	0.139255	
	0.110978	
	0.114111	
	0.126752	
	0.125946	
	0.102132	
	0.162758	
	0.142799	
	0.125574	
	0.090647	
	0.111290	
	0.108936	
	0.106440	
	0.139497	
	0.142559	
	0.101628	
	0.121978	
	0.129057	
	0.128082	
	0.111358	
	0.096923	
	0.093558	
	0.093065	
	0.085830	
	0.106088	
	0.145460	
	0.145930	
	0.134026	
	0.074195	
	0.065181	
	0.060628	
	0.065112	
	0.065185	
	0.076998	
	0.080872	
	0.103738	
	0.097620	
	0.118135	
	0.146965	
	0.103160	
	0.081549	
	0.104472	
	0.086566	
	0.114244	
	0.082303	
	0.112201	
	0.102801	
	0.096478	
	0.102182	
	0.108883	
	0.113409	
	0.127977	
	0.103477	
	0.105857	
	0.089956	
	0.120159	
	0.168454	
	0.196778	
	0.088822	
	0.042260	
	0.072768	
	0.057024	
	0.064507	
	0.060451	
	0.065838	
	0.074769	
	0.064707	
	0.112748	
	0.167914	
	0.122300	
	0.046024	
	0.056271	
	0.048290	
	0.065196	
	0.056149	
	0.084141	
	0.067278	
	0.091844	
	0.072855	
	0.092321	
	0.082715	
	0.097672	
	0.086718	
	0.101864	
	0.086562	
	0.092025	
	0.085714	
	0.088960	
	0.096862	
	0.083815	
	0.094131	
	0.089220	
	0.150709	
	0.149566	
	0.142293	
	0.134916	
	0.140130	
	0.139410	
	0.151372	
	0.164340	
	0.177270	
	0.196290	
	0.176871	
	0.184161	
	0.204574	
	0.191855	
	0.162179	
	0.163696	
	0.171539	
	0.171335	
	0.153784	
	0.142363	
	0.145585	
	0.160443	
	0.172744	
	0.196178	
	0.217287	
	0.213073	
	0.183704	
	0.189424	
	0.205206	
	0.208193	
	0.208414	
	0.182646	
	0.142224	
	0.131182	
	0.132619	
	0.139640	
	0.128270	
	0.148243	
	0.405104	
	0.330447	
	0.250995	
	0.156717	
	0.135167	
	0.130804	
	0.130624	
	0.143703	
	0.187689	
	0.171199	
	0.150379	
	0.181467	
	0.186229	
	0.187825	
	0.180702	
	0.169252	
	0.237104	
	0.330896	
	0.251458	
	0.202358	
	0.194371	
	0.163879	
	0.138571	
	0.165867	
	0.164403	
	0.193276	
	0.179743	
	0.176527	
	0.194627	
	0.161751	
	0.184855	
	0.417981	
	0.553732	
	0.369342	
	0.243799	
	0.216892	
	0.200515	
	0.187417	
	0.168498	
	0.540558	
	0.729605	
	0.713431	
	0.609024	
	0.418076	
	0.334029	
	0.274496	
	0.405100	
	0.255816	
	0.148489	
	0.134547	
	0.180179	
	0.189750	
	0.168042	
	0.191304	
	0.194950	
	0.188037	
	0.236228	
	0.344042	
	0.342020	
	0.333323	
	0.316210	
	0.310101	
	0.431585	
	0.301803	
	0.236797	
	0.296016	
	0.364565	
	0.361795	
	0.369261	
	0.401395	
	0.407126	
	0.394147	
	0.412192	
	0.432298	
	0.437015	
	0.429725	
	0.504150	
	0.553097	
	0.482448	
	0.454061	
	0.414131	
	0.318820	
	0.293296	
	0.325093	
	0.376920	
	0.330953	
	0.357775	
	0.352332	
	0.271453	
	0.279033	
	0.290982	
	0.471649	
	0.494026	
	0.404299	
	0.321283	
	0.347653	
	0.664605	
	0.607281	
	0.665413	
	0.681738	
	0.690438	
	0.660684	
	0.507383	
	0.418619	
	0.437371	
	0.545200	
	0.414171	
	0.272034	
	0.220701	
	0.202929	
	0.208720	
	0.189659	
	0.205506	
	0.180040	
	0.175057	
	0.182659	
	0.180232	
	0.215024	
	0.214064	
	0.247329	
	0.334524	
	0.365747	
	0.247967	
	0.227808	
	0.180648	
	0.188501	
	0.179368	
	0.170485	
	0.172065	
	0.190698	
	0.211213	
	0.220706	
	0.236705	
	0.216230	
	0.232791	
	0.500643	
	0.410841	
	0.353588	
	0.306819	
	0.256149	
	0.266702	
	0.302508	
	0.306821	
	0.310998	
	0.327305	
	0.325874	
	0.310209	
	0.283620	
	0.346401	
	0.422774	
	0.594656	
	0.478446	
	0.343316	
	0.342569	
	0.356325	
	0.373138	
	0.334469	
	0.272740	
	0.292720	
	0.339625	
	0.324355	
	0.390037	
	0.380548	
	0.469353	
	0.289107	
	0.562421	
	0.692166	
	0.655011	
	0.703790	
	0.656770	
	0.597275	
	0.556569	
	0.588192	
	0.602863	
	0.604039	
	0.444736	
	0.342312	
	0.308189	
	0.332632	
	0.613116	
	0.552021	
	0.574499	
	0.471130	
	0.520359	
	0.556579	
	0.603041	
	0.540460	
	0.349303	
	0.378895	
	0.384024	
	0.348998	
	0.381994	
	0.391460	
	0.423801	
	0.464969	
	0.370760	
	0.346218	
	0.334065	
	0.348809	
	0.315735	
	0.306492	
	0.269027	
	0.289815	
	0.318250	
	0.319741	
	0.315460	
	0.285105	
	0.272401	
	0.513917	
	0.527871	
	0.437485	
	0.326716	
	0.308593	
	0.293258	
	0.260189	
	0.281924	
	0.296216	
	0.290718	
	0.254827	
	0.226645	
	0.250367	
	0.251213	
	0.323936	
	0.429434	
	0.331765	
	0.277592	
	0.313734	
	0.314376	
	0.266143	
	0.281510	
	0.293582	
	0.311503	
	0.303934	
	0.300823	
	0.336187	
	0.338203	
	0.327853	
	0.453690	
	0.427850	
	0.266339	
	0.231350	
	0.198179	
	0.156488	
	0.139462	
	0.137741	
	0.161167	
	0.162053	
	0.217260	
	0.304687	
	0.536602	
	0.660687	
	0.660170	
	0.623161	
	0.355838	
	0.304425	
	0.438123	
	0.729338	
	0.761393	
	0.669263	
	0.560506	
	0.515424	
	0.482594	
	0.394199	
	0.321380	
	0.297126	
	0.302852	
	0.542157	
	0.661572	
	0.502983	
	0.414373	
	0.412503	
	0.370503	
	0.326224	
	0.315015	
	0.271639	
	0.253864	
	0.301153	
	0.309209	
	0.313635	
	0.312131	
	0.272024	
	0.362077	
	0.391374	
	0.279058	
	0.492517	
	0.728444	
	0.664386	
	0.600942	
	0.513717	
	0.482552	
	0.456483	
	0.405911	
	0.381957	
	0.426171	
	0.276582	
	0.380366	
	0.480843	
	0.461296	
	0.373620	
	0.370995	
	0.484666	
	0.509748	
	0.394027	
	0.252786	
	0.276170	
	0.334934	
	0.331075	
	0.419968	
	0.305360	
	0.206509	
	0.345625	
	0.282596	
	0.258588	
	0.201951	
	0.181801	
	0.181630	
	0.153824	
	0.161210	
	0.171534	
	0.172190	
	0.176401	
	0.157172	
	0.135703	
	0.130812	
	0.165371	
	0.486294	
	0.456988	
	0.269081	
	0.188749	
	0.150835	
	0.178893	
	0.225251	
	0.214438	
	0.212076	
	0.154843	
	0.148317	
	0.160214	
	0.200710	
	0.234207	
	0.444157	
	0.259325	
	0.153004	
	0.138736	
	0.167781	
	0.206782	
	0.170879	
	0.163194	
	0.134653	
	0.141974	
	0.177116	
	0.234556	
	0.188127	
	0.206629	
	0.235849	
	0.384651	
	0.241406	
	0.185483	
	0.194238	
	0.323563	
	0.530117	
	0.546178	
	0.457780	
	0.450249	
	0.664579	
	0.765084	
	0.755355	
	0.748439	
	0.743025	
	0.600845	
	0.457496	
	0.353312	
	0.302312	
	0.277834	
	0.226363	
	0.227630	
	0.284028	
	0.294322	
	0.264729	
	0.159141	
	0.149199	
	0.150894	
	0.228680	
	0.227975	
	0.458172	
	0.433666	
	0.339636	
	0.301792	
	0.298171	
	0.319074	
	0.383563	
	0.466192	
	0.559702	
	0.636819	
	0.636892	
	0.579949	
	0.494416	
	0.351877	
	0.315526	
	0.565242	
	0.403061	
	0.278869	
	0.249097	
	0.136514	
	0.152954	
	0.151882	
	0.191882	
	0.210871	
	0.273636	
	0.315156	
	0.338927	
	0.318343	
	0.258595	
	0.149058	
	0.416679	
	0.414109	
	0.411683	
	0.308130	
	0.326366	
	0.307451	
	0.323787	
	0.269390	
	0.285125	
	0.288943	
	0.289316	
	0.332135	
	0.373048	
	0.365996	
	0.354271	
	0.297143	
	0.259225	
	0.210750	
	0.184160	
	0.149475	
	0.133528	
	0.275963	
	0.378284	
	0.277747	
	0.280637	
	0.241257	
	0.205415	
	0.218348	
	0.238312	
	0.218425	
	0.198934	
	0.155555	
	0.152535	
	0.164446	
	0.213421	
	0.218583	
	0.211935	
	0.155437	
	0.172669	
	0.187477	
	0.249760	
	0.448244	
	0.305562	
	0.223567	
	0.229799	
	0.252071	
	0.288868	
	0.254149	
	0.228557	
	0.206774	
	0.242922	
	0.297264	
	0.424429	
	0.558605	
	0.557080	
	0.432826	
	0.422555	
	0.671013	
	0.767727	
	0.767405	
	0.727327	
	0.705186	
	0.490756	
	0.351870	
	0.373100	
	0.312049	
	0.286743	
	0.250094	
	0.234904	
	0.249764	
	0.265320	
	0.294769	
	0.264493	
	0.269622	
	0.254456	
	0.433251	
	0.346302	
	0.353540	
	0.339552	
	0.314717	
	0.327241	
	0.308599	
	0.321336	
	0.342812	
	0.358977	
	0.329157	
	0.350051	
	0.378276	
	0.350414	
	0.353195	
	0.519894	
	0.508669	
	0.473679	
	0.445379	
	0.392818	
	0.371342	
	0.358325	
	0.339465	
	0.312600	
	0.344979	
	0.451597	
	0.495226	
	0.602045	
	0.719680	
	0.682483	
	0.618274	
	0.661994	
	0.663964	
	0.741263	
	0.816505	
	0.735881	
	0.723999	
	0.734209	
	0.747729	
	0.659644	
	0.521852	
	0.435698	
	0.319039	
	0.309461	
	0.385616	
	0.433975	
	0.363588	
	0.304049	
	0.396163	
	0.457117	
	0.485185	
	0.499649	
	0.442875	
	0.441126	
	0.414409	
	0.472355	
	0.456002	
	0.371599	
	0.274219	
	0.258890	
	0.327878	
	0.254191	
	0.259618	
	0.263365	
	0.218849	
	0.171658	
	0.165427	
	0.176194	
	0.190617	
	0.230465	
	0.180471	
	0.155109	
	0.158099	
	0.184792	
	0.489565	
	0.434008	
	0.322842	
	0.296332	
	0.245633	
	0.270537	
	0.276034	
	0.318599	
	0.359864	
	0.322333	
	0.300365	
	0.320335	
	0.307144	
	0.312387	
	0.504136	
	0.352627	
	0.235792	
	0.223516	
	0.213147	
	0.237487	
	0.225477	
	0.255873	
	0.233238	
	0.271075	
	0.255135	
	0.254005	
	0.280399	
	0.369864	
	0.435027	
	0.554085	
	0.496967	
	0.428083	
	0.364759	
	0.314507	
	0.357415	
	0.374295	
	0.369956	
	0.381269	
	0.378731	
	0.367896	
	0.346256	
	0.333283	
	0.309425	
	0.362192	
	0.402962	
	0.462014	
	0.460771	
	0.546291	
	0.481436	
	0.459678	
	0.452123	
	0.425083	
	0.496431	
	0.453858	
	0.457119	
	0.431195	
	0.460840	
	0.468294	
	0.448196	
	0.457887	
	0.447563	
	0.446554	
	0.391684	
	0.533379	
	0.613759	
	0.502349	
	0.352160	
	0.260677	
	0.300828	
	0.264106	
	0.249459	
	0.222658	
	0.233640	
	0.277494	
	0.312000	
	0.280006	
	0.245220	
	0.244111	
	0.226331	
	0.230332	
	0.264913	
	0.212004	
	0.269185	
	0.249265	
	0.237653	
	0.211689	
	0.243561	
	0.247298	
	0.298205	
	0.231902	
	0.271239	
	0.275874	
	0.296907	
	0.281402	
	0.238098	
	0.268192	
	0.243670	
	0.236687	
	0.287571	
	0.259873	
	0.277492	
	0.237297	
	0.241707	
	0.264010	
	0.300954	
	0.280491	
	0.263968	
	0.259348	
	0.356628	
	0.350278	
	0.258249	
	0.317622	
	0.272704	
	0.327095	
	0.237173	
	0.219277	
	0.303412	
	0.308679	
	0.348781	
	0.356408	
	0.371206	
	0.355511	
	0.294215	
	0.277911	
	0.268609	
	0.251401	
	0.279862	
	0.285112	
	0.242505	
	0.325004	
	0.299098	
	0.377186	
	0.454410	
	0.433267	
	0.334405	
	0.355730	
	0.438833	
	0.435253	
	0.414196	
	0.386271	
	0.377733	
	0.374147	
	0.381681	
	0.395681	
	0.390905	
	0.388751	
	0.447774	
	0.396799	
	0.372158	
	0.354535	
	0.294102	
	0.261306	
	0.238831	
	0.189502	
	0.228839	
	0.178822	
	0.205962	
	0.191252	
	0.201680	
	0.222395	
	0.220557	
	0.230392	
	0.216011	
	0.188397	
	0.197672	
	0.206829	
	0.181895	
	0.187575	
	0.178199	
	0.188552	
	0.167919	
	0.187633	
	0.182734	
	0.154342	
	0.189196	
	0.182061	
	0.203809	
	0.232168	
	0.219448	
	0.166408	
	0.132770	
	0.140830	
	0.174062	
	0.139498	
	0.141967	
	0.170496	
	0.187142	
	0.242505	
	0.308818	
	0.320346	
	0.421745	
	0.212839	
	0.164824	
	0.140812	
	0.130144	
	0.157901	
	0.170535	
	0.186124	
	0.189558	
	0.219944	
	0.207025	
	0.194592	
	0.199139	
	0.245086	
	0.341495	
	0.331212	
	0.386919	
	0.368337	
	0.225528	
	0.210273	
	0.177989	
	0.195891	
	0.210128	
	0.256657	
	0.290012	
	0.215640	
	0.258487	
	0.213709	
	0.221059	
	0.245214	
	0.265960	
	0.334440	
	0.253389	
	0.229085	
	0.219020	
	0.224736	
	0.245541	
	0.361199	
	0.315508	
	0.251708	
	0.272648	
	0.300776	
	0.311354	
	0.379726	
	0.384518	
	0.335858	
	0.369974	
	0.400302	
	0.300141	
	0.358681	
	0.236486	
	0.186249	
	0.212596	
	0.267600	
	0.319346	
	0.246497	
	0.338093	
	0.314230	
	0.462669	
	0.411555	
	0.356162	
	0.308338	
	0.328958	
	0.259848	
	0.235810	
	0.234958	
	0.227406	
	0.231210	
	0.260480	
	0.242081	
	0.322241	
	0.398253	
	0.398979	
	0.271248	
	0.238889	
	0.254519	
	0.257484	
	0.183261	
	0.219288	
	0.246953	
	0.223518	
	0.236293	
	0.236109	
	0.225003	
	0.240342	
	0.243049	
	0.299006	
	0.188418	
	0.161300	
	0.147871	
	0.160152	
	0.147408	
	0.157664	
	0.143681	
	0.167090	
	0.158154	
	0.149027	
	0.163775	
	0.175994	
	0.191268	
	0.169582	
	0.195400	
	0.172173	
	0.166786	
	0.185168	
	0.150259	
	0.133802	
	0.153029	
	0.165562	
	0.150642	
	0.154898	
	0.224777	
	0.217227	
	0.228606	
	0.194458	
	0.224121	
	0.207222	
	0.211817	
	0.225943	
	0.252112	
	0.235351	
	0.233915	
	0.215310	
	0.203353	
	0.184187	
	0.186984	
	0.198258	
	0.192514	
	0.206964	
	0.217573	
	0.347377	
	0.270611	
	0.224773	
	0.197870	
	0.181814	
	0.192467	
	0.191735	
	0.192933	
	0.165359	
	0.163521	
	0.189593	
	0.193176	
	0.218171	
	0.231384	
	0.257279	
	0.168183	
	0.178631	
	0.163277	
	0.180486	
	0.199726	
	0.152237	
	0.235888	
	0.261524	
	0.232801	
	0.215357	
	0.213709	
	0.222052	
	0.282536	
	0.304168	
	0.313303	
	0.341905	
	0.274598	
	0.258853	
	0.233149	
	0.172960	
	0.208065	
	0.217756	
	0.252333	
	0.210968	
	0.225045	
	0.172497	
	0.165174	
	0.179837	
	0.219157	
	0.226587	
	0.218804	
	0.260346	
	0.225124	
	0.177904	
	0.211897	
	0.218629	
	0.261408	
	0.242735	
	0.174352	
	0.268250	
	0.238937	
	0.174372	
	0.238033	
	0.326201	
	0.360091	
	0.280112	
	0.274572	
	0.281406	
	0.261477	
	0.267276	
	0.273224	
	0.276996	
	0.328426	
	0.359650	
	0.404587	
	0.226236	
	0.201791	
	0.240737	
	0.273582	
	0.327720	
	0.260649	
	0.216099	
	0.233641	
	0.462226	
	0.352971	
	0.291007	
	0.351367	
	0.276989	
	0.205270	
	0.239444	
	0.245987	
	0.238814	
	0.251909	
	0.257463	
	0.222348	
	0.229513	
	0.212878	
	0.267101	
	0.278274	
	0.373070	
	0.401484	
	0.405629	
	0.292598	
	0.219622	
	0.211681	
	0.187310	
	0.194039	
	0.279935	
	0.258688	
	0.219376	
	0.226384	
	0.256557	
	0.234300	
	0.205730	
	0.206099	
	0.216462	
	0.205905	
	0.220894	
	0.276446	
	0.283892	
	0.274623	
	0.255208	
	0.229233	
	0.261441	
	0.251781	
	0.232175	
	0.259089	
	0.217737	
	0.218823	
	0.239404	
	0.301544	
	0.249477	
	0.256133	
	0.321542	
	0.247806	
	0.209558	
	0.259858	
	0.236657	
	0.251925	
	0.281505	
	0.266215	
	0.222406	
	0.230381	
	0.192683	
	0.270957	
	0.225076	
	0.202044	
	0.255093	
	0.309246	
	0.255069	
	0.290396	
	0.270974	
	0.283186	
	0.292935	
	0.268868	
	0.299374	
	0.227859	
	0.268654	
	0.280345	
	0.365308	
	0.252181	
	0.268380	
	0.229915	
	0.229533	
	0.239685	
	0.251308	
	0.248347	
	0.289420	
	0.313201	
	0.343743	
	0.306847	
	0.273908	
	0.242255	
	0.338508	
	0.480048	
	0.336546	
	0.204743	
	0.270575	
	0.265873	
	0.254204	
	0.282687	
	0.201052	
	0.257689	
	0.362899	
	0.286288	
	0.313340	
	0.319407	
	0.324072	
	0.387606	
	0.311730	
	0.229626	
	0.295873	
	0.306999	
	0.309315	
	0.233480	
	0.248655	
	0.247567	
	0.228891	
	0.218417	
	0.217203	
	0.192366	
	0.198184	
	0.273855	
	0.279624	
	0.255548	
	0.267611	
	0.269192	
	0.267986	
	0.298372	
	0.182244	
	0.273567	
	0.242983	
	0.243209	
	0.174561	
	0.199489	
	0.172533	
	0.221338	
	0.203183	
	0.180308	
	0.222462	
	0.246214	
	0.255546	
	0.181919	
	0.155582	
	0.157773	
	0.182874	
	0.182183	
	0.208657	
	0.181195	
	0.155397	
	0.185943	
	0.195897	
	0.174388	
	0.186073	
	0.169908	
	0.176940	
	0.183078	
	0.191066	
	0.185091	
	0.206732	
	0.233718	
	0.191279	
	0.219312	
	0.183975	
	0.161885	
	0.173736	
	0.156985	
	0.157399	
	0.158867	
	0.159499	
	0.197566	
	0.389799	
	0.458593	
	0.338672	
	0.211482	
	0.119932	
	0.114174	
	0.094916	
	0.086681	
	0.082603	
	0.091102	
	0.075410	
	0.094649	
	0.088057	
	0.101208	
	0.096193	
	0.185728	
	0.371626	
	0.259030	
	0.170694	
	0.154374	
	0.131963	
	0.127125	
	0.120064	
	0.111268	
	0.118558	
	0.126848	
	0.132202	
	0.159807	
	0.153961	
	0.236867	
	0.529824	
	0.439585	
	0.300289	
	0.250440	
	0.172654	
	0.169772	
	0.190018	
	0.259787	
	0.266597	
	0.236802	
	0.226519	
	0.193382	
	0.224444	
	0.203099	
	0.247242	
	0.302537	
	0.186916	
	0.139621	
	0.112089	
	0.149402	
	0.124157	
	0.192798	
	0.269387	
	0.228141	
	0.229359	
	0.248121	
	0.314466	
	0.281019	
	0.293444	
	0.417564	
	0.280584	
	0.179381	
	0.189805	
	0.188494	
	0.212469	
	0.160009	
	0.127583	
	0.144412	
	0.160306	
	0.171905	
	0.152062	
	0.133609	
	0.159329	
	0.313916	
	0.345439	
	0.235400	
	0.204916	
	0.191536	
	0.173389	
	0.169147	
	0.163338	
	0.159458	
	0.158760	
	0.166720	
	0.174370	
	0.199432	
	0.252560	
	0.510608	
	0.519392	
	0.487644	
	0.314684	
	0.307708	
	0.288459	
	0.291707	
	0.302676	
	0.299498	
	0.339794	
	0.303823	
	0.239076	
	0.178657	
	0.193923	
	0.232184	
	0.392819	
	0.266481	
	0.173544	
	0.155647	
	0.136063	
	0.155017	
	0.174654	
	0.202737	
	0.192438	
	0.195116	
	0.177886	
	0.172209	
	0.161451	
	0.176778	
	0.304372	
	0.396670	
	0.318079	
	0.180416	
	0.182861	
	0.155116	
	0.127817	
	0.147365	
	0.187802	
	0.182474	
	0.209552	
	0.184331	
	0.192749	
	0.137993	
	0.148603	
	0.240124	
	0.406562	
	0.295120	
	0.215047	
	0.193854	
	0.168162	
	0.188088	
	0.203477	
	0.177302	
	0.197009	
	0.170702	
	0.172737	
	0.137072	
	0.197793	
	0.206975	
	0.538134	
	0.514809	
	0.410267	
	0.287597	
	0.248772	
	0.190137	
	0.195877	
	0.223568	
	0.218588	
	0.195366	
	0.170386	
	0.184006	
	0.164539	
	0.189031	
	0.138297	
	0.420967	
	0.321828	
	0.210235	
	0.171181	
	0.150932	
	0.149383	
	0.110440	
	0.143431	
	0.175697	
	0.165374	
	0.152360	
	0.188560	
	0.173970	
	0.181176	
	0.648203	
	0.500137	
	0.317940	
	0.268608	
	0.265043	
	0.276547	
	0.288700	
	0.276204	
	0.280613	
	0.276771	
	0.277892	
	0.283528	
	0.281871	
	0.279260	
	0.292145	
	0.237729	
	0.236829	
	0.237339	
	0.249980	
	0.250086	
	0.260837	
	0.269791	
	0.232198	
	0.217513	
	0.250627	
	0.182158	
	0.210738	
	0.184544	
	0.207648	
	0.433170	
	0.544353	
	0.349617	
	0.262800	
	0.240423	
	0.220353	
	0.204403	
	0.216731	
	0.204177	
	0.186572	
	0.192815	
	0.206964	
	0.213139	
	0.255285	
	0.276579	
	0.275497	
	0.243477	
	0.246499	
	0.263346	
	0.266291	
	0.253501	
	0.272728	
	0.260979	
	0.255213	
	0.263768	
	0.290631	
	0.282393	
	0.284535	
	0.312430	
	0.285810	
	0.268280	
	0.618500	
	0.532447	
	0.344831	
	0.257893	
	0.258688	
	0.253837	
	0.256964	
	0.258562	
	0.242696	
	0.243138	
	0.215241	
	0.207888	
	0.199529	
	0.200591	
	0.202179	
	0.208902	
	0.204988	
	0.204202	
	0.201576	
	0.187906	
	0.192521	
	0.201562	
	0.268771	
	0.393363	
	0.325996	
	0.288897	
	0.329376	
	0.263430	
	0.266435	
	0.259567	
	0.169149	
	0.155425	
	0.187002	
	0.214259	
	0.305172	
	0.344977	
	0.323443	
	0.348375	
	0.405513	
	0.382154	
	0.353287	
	0.344982	
	0.317002	
	0.286547	
	0.237137	
	0.223149	
	0.244142	
	0.250382	
	0.237737	
	0.161020	
	0.159241	
	0.120136	
	0.108722	
	0.107192	
	0.106173	
	0.108264	
	0.113802	
	0.106906	
	0.136239	
	0.130866	
	0.139948	
	0.105202	
	0.115728	
	0.097989	
	0.091413	
	0.099455	
	0.118590	
	0.124452	
	0.139312	
	0.151145	
	0.152342	
	0.122451	
	0.147091	
	0.162875	
	0.161376	
	0.177340	
	0.220311	
	0.234059	
	0.466322	
	0.710507	
	0.653627	
	0.593253	
	0.546898	
	0.341253	
	0.133082	
	0.128750	
	0.130868	
	0.146431	
	0.118839	
	0.143711	
	0.154667	
	0.189211	
	0.256051	
	0.271731	
	0.257282	
	0.194019	
	0.142545	
	0.129944	
	0.108932	
	0.113582	
	0.121444	
	0.126477	
	0.123609	
	0.112064	
	0.096916	
	0.117113	
	0.119208	
	0.129843	
	0.148288	
	0.137960	
	0.120089	
	0.134644	
	0.110552	
	0.083315	
	0.078632	
	0.069406	
	0.122207	
	0.217970	
	0.244925	
	0.229768	
	0.304138	
	0.270450	
	0.281280	
	0.195184	
	0.109237	
	0.072348	
	0.081585	
	0.089743	
	0.136198	
	0.121535	
	0.189491	
	0.142054	
	0.132812	
	0.161452	
	0.166760	
	0.188469	
	0.179136	
	0.181076	
	0.156823	
	0.127789	
	0.133753	
	0.104184	
	0.107820	
	0.101981	
	0.121190	
	0.109046	
	0.115641	
	0.120129	
	0.120918	
	0.107536	
	0.120747	
	0.094225	
	0.109285	
	0.099307	
	0.132130	
	0.166719	
	0.194097	
	0.217744	
	0.284810	
	0.234354	
	0.230682	
	0.261967	
	0.276595	
	0.283116	
	0.235269	
	0.256138	
	0.329306	
	0.226339	
	0.225390	
	0.225994	
	0.188567	
	0.169369	
	0.234200	
	0.201334	
	0.199012	
	0.232000	
	0.231987	
	0.363381	
	0.136051	
	0.178595	
	0.182199	
	0.175431	
	0.176054	
	0.161824	
	0.162800	
	0.160775	
	0.148404	
	0.151847	
	0.243172	
	0.570834	
	0.630876	
	0.610814	
	0.608698	
	0.617706	
	0.625305	
	0.642967	
	0.617363	
	0.545134	
	0.210106	
	0.196325	
	0.175490	
	0.154265	
	0.157244	
	0.176471	
	0.182392	
	0.151209	
	0.151162	
	0.131684	
	0.117498	
	0.123160	
	0.101581	
	0.134856	
	0.126424	
	0.189798	
	0.583312	
	0.391648	
	0.276145	
	0.195078	
	0.197325	
	0.192888	
	0.182128	
	0.187200	
	0.175790	
	0.179351	
	0.170030	
	0.178456	
	0.169530	
	0.153877	
	0.202933	
	0.228009	
	0.262754	
	0.263993	
	0.252891	
	0.260214	
	0.289686	
	0.301066	
	0.300134	
	0.317127	
	0.303199	
	0.309953	
	0.244630	
	0.267249	
	0.262054	
	0.311223	
	0.307733	
	0.269244	
	0.252462	
	0.533304	
	0.338742	
	0.265301	
	0.259398	
	0.228408	
	0.229261	
	0.214586	
	0.202097	
	0.197482	
	0.188322	
	0.192129	
	0.196590	
	0.192248	
	0.204673	
	0.217311	
	0.220542	
	0.231520	
	0.209299	
	0.207472	
	0.206712	
	0.175823	
	0.175332	
	0.189841	
	0.200494	
	0.205331	
	0.202709	
	0.206092	
	0.197844	
	0.315344	
	0.496195	
	0.494977	
	0.312624	
	0.315946	
	0.248328	
	0.212199	
	0.208155	
	0.231260	
	0.239870	
	0.281554	
	0.324393	
	0.349042	
	0.289067	
	0.283561	
	0.326972	
	0.398864	
	0.389404	
	0.351487	
	0.326864	
	0.306241	
	0.254120	
	0.262383	
	0.252889	
	0.202055	
	0.170214	
	0.165297	
	0.165251	
	0.210773	
	0.164130	
	0.153703	
	0.147011	
	0.139209	
	0.149129	
	0.140189	
	0.144999	
	0.131011	
	0.203795	
	0.189599	
	0.153945	
	0.145188	
	0.168946	
	0.168867	
	0.112147	
	0.112708	
	0.147415	
	0.168490	
	0.186818	
	0.196792	
	0.180987	
	0.200303	
	0.123264	
	0.155991	
	0.180169	
	0.165007	
	0.464019	
	0.354024	
	0.290291	
	0.373904	
	0.333581	
	0.326839	
	0.335897	
	0.402484	
	0.413875	
	0.412848	
	0.290388	
	0.212013	
	0.274527	
	0.256991	
	0.190863	
	0.177196	
	0.196876	
	0.175411	
	0.154694	
	0.167770	
	0.202706	
	0.176692	
	0.178894	
	0.246833	
	0.293010	
	0.322263	
	0.303718	
	0.212224	
	0.188380	
	0.162011	
	0.160644	
	0.182013	
	0.097464	
	0.093221	
	0.092481	
	0.085845	
	0.097051	
	0.087078	
	0.102461	
	0.102702	
	0.109179	
	0.143960	
	0.100557	
	0.076786	
	0.069813	
	0.095082	
	0.194546	
	0.302812	
	0.303627	
	0.241513	
	0.159700	
	0.168498	
	0.160730	
	0.201368	
	0.185240	
	0.200489	
	0.190338	
	0.178787	
	0.177042	
	0.147258	
	0.134711	
	0.136277	
	0.181013	
	0.230819	
	0.231340	
	0.178220	
	0.174783	
	0.199806	
	0.221210	
	0.303555	
	0.309335	
	0.253783	
	0.299676	
	0.285507	
	0.302688	
	0.319798	
	0.487089	
	0.295523	
	0.288913	
	0.257143	
	0.271333	
	0.287127	
	0.346983	
	0.292012	
	0.284862	
	0.249803	
	0.201871	
	0.207369	
	0.191825	
	0.229324	
	0.225835	
	0.241364	
	0.285173	
	0.351045	
	0.177986	
	0.174505	
	0.171892	
	0.159790	
	0.137414	
	0.131013	
	0.147562	
	0.171640	
	0.388620	
	0.580322	
	0.599375	
	0.617614	
	0.596512	
	0.569651	
	0.516185	
	0.557278	
	0.479447	
	0.299958	
	0.209803	
	0.197264	
	0.148539	
	0.179524	
	0.211545	
	0.216941	
	0.149396	
	0.202139	
	0.305701	
	0.261606	
	0.272434	
	0.277888	
	0.318145	
	0.347479	
	0.345892	
	0.347397	
	0.378054	
	0.412171	
	0.410102	
	0.371101	
	0.387944	
	0.377489	
	0.392811	
	0.288210	
	0.221864	
	0.171966	
	0.149967	
	0.139687	
	0.147004	
	0.130882	
	0.162241	
	0.182263	
	0.178052	
	0.155975	
	0.107474	
	0.132389	
	0.128917	
	0.132336	
	0.149541	
	0.162855	
	0.163095	
	0.184433	
	0.248752	
	0.271377	
	0.295915	
	0.254785	
	0.259707	
	0.243310	
	0.140562	
	0.114397	
	0.095842	
	0.125758	
	0.104381	
	0.099619	
	0.068127	
	0.102028	
	0.091393	
	0.105707	
	0.097892	
	0.091644	
	0.100537	
	0.087785	
	0.077850	
	0.071877	
	0.073223	
	0.074324	
	0.075886	
	0.059982	
	0.074968	
	0.058184	
	0.073112	
	0.059638	
	0.079086	
	0.062891	
	0.074751	
	0.077331	
	0.125150	
	0.081842	
	0.070855	
	0.062274	
	0.067832	
	0.060801	
	0.067663	
	0.065995	
	0.059494	
	0.073223	
	0.075740	
	0.075748	
	0.076563	
	0.061716	
	0.059045	
	0.068890	
	0.073866	
	0.068769	
	0.076695	
	0.080590	
	0.069702	
	0.072696	
	0.068570	
	0.072105	
	0.070014	
	0.087888	
	0.072376	
	0.067552	
	0.078496	
	0.095038	
	0.087746	
	0.083631	
	0.103575	
	0.079375	
	0.078451	
	0.071911	
	0.071806	
	0.072697	
	0.073461	
	0.079937	
	0.074187	
	0.074074	
	0.080788	
	0.069096	
	0.088329	
	0.062545	
	0.073060	
	0.077885	
	0.062443	
	0.075570	
	0.060161	
	0.069060	
	0.065722	
	0.083757	
	0.080985	
	0.069177	
	0.085413	
	0.093501	
	0.087586	
	0.084672	
	0.101269	
	0.096172	
	0.086919	
	0.089063	
	0.070261	
	0.088005	
	0.079481	
	0.086414	
	0.087132	
	0.092639	
	0.083654	
	0.081103	
	0.089182	
	0.084098	
	0.291791	
	0.248886	
	0.206037	
	0.185538	
	0.164747	
	0.149876	
	0.153881	
	0.136889	
	0.156461	
	0.138112	
	0.138733	
	0.135548	
	0.099327	
	0.138450	
	0.102620	
	0.099323	
	0.093364	
	0.073641	
	0.102309	
	0.081675	
	0.070617	
	0.076770	
	0.095358	
	0.088260	
	0.062227	
	0.062792	
	0.071313	
	0.062453	
	0.070825	
	0.084083	
	0.063223	
	0.084934	
	0.070290	
	0.105670	
	0.072891	
	0.044383	
	0.069610	
	0.047787	
	0.074017	
	0.062641	
	0.099105	
	0.078698	
	0.084391	
	0.075366	
	0.086479	
	0.080435	
	0.076180	
	0.085303	
	0.063626	
	0.078252	
	0.104891	
	0.131190	
	0.126080	
	0.095777	
	0.139041	
	0.078289	
	0.112392	
	0.116922	
	0.134548	
	0.141606	
	0.132974	
	0.181113	
	0.175194	
	0.137223	
	0.097416	
	0.088479	
	0.104270	
	0.147392	
	0.148307	
	0.191007	
	0.196060	
	0.167860	
	0.123690	
	0.092834	
	0.105984	
	0.134417	
	0.184410	
	0.178354	
	0.145180	
	0.134409	
	0.172849	
	0.199238	
	0.168151	
	0.134751	
	0.109563	
	0.106259	
	0.111368	
	0.183492	
	0.222772	
	0.230707	
	0.242219	
	0.300238	
	0.297638	
	0.319823	
	0.312794	
	0.360904	
	0.336763	
	0.329056	
	0.382790	
	0.304724	
	0.152588	
	0.135660	
	0.165974	
	0.272552	
	0.318306	
	0.339776	
	0.343697	
	0.313172	
	0.290577	
	0.261789	
	0.240167	
	0.225414	
	0.247065	
	0.237064	
	0.229948	
	0.216992	
	0.207642	
	0.157058	
	0.158174	
	0.182920	
	0.175529	
	0.201623	
	0.221569	
	0.160873	
	0.228339	
	0.282223	
	0.224135	
	0.263013	
	0.264251	
	0.250038	
	0.293365	
	0.323679	
	0.389517	
	0.382464	
	0.405217	
	0.416208	
	0.475550	
	0.513276	
	0.499674	
	0.410011	
	0.399627	
	0.369734	
	0.348570	
	0.220515	
	0.282602	
	0.304784	
	0.307068	
	0.308950	
	0.329546	
	0.338260	
	0.352047	
	0.298063	
	0.285561	
	0.219322	
	0.136876	
	0.117333	
	0.137576	
	0.271145	
	0.284236	
	0.272523	
	0.254610	
	0.258964	
	0.210240	
	0.193406	
	0.162186	
	0.184818	
	0.182654	
	0.186944	
	0.197291	
	0.162002	
	0.177367	
	0.185363	
	0.164735	
	0.178899	
	0.170410	
	0.175401	
	0.192085	
	0.201666	
	0.213540	
	0.188828	
	0.175750	
	0.196622	
	0.189680	
	0.204397	
	0.196353	
	0.212888	
	0.190561	
	0.183177	
	0.195307	
	0.180774	
	0.162652	
	0.192430	
	0.186052	
	0.211622	
	0.198015	
	0.178122	
	0.169507	
	0.193257	
	0.221129	
	0.229586	
	0.269874	
	0.224841	
	0.166508	
	0.155297	
	0.180986	
	0.210816	
	0.217779	
	0.225019	
	0.223614	
	0.221971	
	0.168777	
	0.154543	
	0.187885	
	0.180423	
	0.202198	
	0.223192	
	0.226246	
	0.185434	
	0.188716	
	0.185295	
	0.182766	
	0.169715	
	0.221310	
	0.232981	
	0.247643	
	0.239373	
	0.248473	
	0.201985	
	0.233533	
	0.199867	
	0.222018	
	0.196707	
	0.207647	
	0.205930	
	0.238048	
	0.225825	
	0.311752	
	0.238228	
	0.247222	
	0.188631	
	0.245188	
	0.186007	
	0.197499	
	0.257441	
	0.270474	
	0.216506	
	0.281463	
	0.220488	
	0.193583	
	0.195770	
	0.274061	
	0.370858	
	0.344015	
	0.297771	
	0.316121	
	0.317901	
	0.253155	
	0.282475	
	0.279793	
	0.297331	
	0.295466	
	0.296146	
	0.286727	
	0.247634	
	0.240451	
	0.251874	
	0.268641	
	0.255432	
	0.212300	
	0.222384	
	0.196471	
	0.165963	
	0.148401	
	0.159949	
	0.195065	
	0.191392	
	0.206469	
	0.198803	
	0.174612	
	0.141625	
	0.157751	
	0.166117	
	0.178340	
	0.168686	
	0.185716	
	0.123990	
	0.120819	
	0.138897	
	0.171678	
	0.183541	
	0.170870	
	0.155482	
	0.156010	
	0.117901	
	0.136522	
	0.195496	
	0.187751	
	0.208030	
	0.176915	
	0.188391	
	0.194863	
	0.183659	
	0.214800	
	0.188832	
	0.112723	
	0.152651	
	0.133201	
	0.139951	
	0.113221	
	0.128971	
	0.143456	
	0.137551	
	0.142578	
	0.174907	
	0.147817	
	0.099689	
	0.104936	
	0.138708	
	0.149049	
	0.142061	
	0.138113	
	0.116376	
	0.114917	
	0.116462	
	0.127112	
	0.133889	
	0.125324	
	0.109203	
	0.130163	
	0.128021	
	0.095593	
	0.099737	
	0.120927	
	0.122275	
	0.084168	
	0.074884	
	0.078191	
	0.079245	
	0.077663	
	0.094923	
	0.090785	
	0.094282	
	0.084863	
	0.097136	
	0.119021	
	0.075947	
	0.102782	
	0.107908	
	0.116301	
	0.107855	
	0.120150	
	0.111970	
	0.134815	
	0.136816	
	0.150852	
	0.144452	
	0.122247	
	0.149181	
	0.146576	
	0.174030	
	0.175520	
	0.163934	
	0.158713	
	0.158219	
	0.182898	
	0.230773	
	0.243067	
	0.261121	
	0.290582	
	0.207012	
	0.152669	
	0.125066	
	0.139527	
	0.176047	
	0.388120	
	0.598152	
	0.593736	
	0.394753	
	0.252015	
	0.321143	
	0.282484	
	0.250261	
	0.296030	
	0.293321	
	0.302249	
	0.310040	
	0.293899	
	0.302250	
	0.307663	
	0.220730	
	0.233462	
	0.200098	
	0.198645	
	0.160047	
	0.159216	
	0.218570	
	0.213849	
	0.251529	
	0.194687	
	0.165951	
	0.175964	
	0.228093	
	0.212645	
	0.302184	
	0.341392	
	0.304594	
	0.209159	
	0.203219	
	0.176615	
	0.192717	
	0.281910	
	0.307943	
	0.247178	
	0.268157	
	0.334277	
	0.331924	
	0.307546	
	0.269837	
	0.260420	
	0.241470	
	0.270293	
	0.226548	
	0.214809	
	0.223823	
	0.200869	
	0.191935	
	0.193611	
	0.202362	
	0.188254	
	0.190572	
	0.179948	
	0.181915	
	0.199201	
	0.165044	
	0.145312	
	0.167685	
	0.140443	
	0.159670	
	0.145083	
	0.158780	
	0.176723	
	0.175464	
	0.184774	
	0.203586	
	0.208352	
	0.197574	
	0.220534	
	0.210907	
	0.231559	
	0.215202	
	0.220621	
	0.231363	
	0.259218	
	0.225854	
	0.233801	
	0.262596	
	0.273432	
	0.220210	
	0.250837	
	0.246052	
	0.190385	
	0.243429	
	0.266788	
	0.246437	
	0.245377	
	0.251302	
	0.233384	
	0.247813	
	0.248605	
	0.244779	
	0.225690	
	0.197385	
	0.233884	
	0.189279	
	0.218830	
	0.225499	
	0.236965	
	0.213383	
	0.203775	
	0.239187	
	0.221026	
	0.231419	
	0.275053	
	0.289950	
	0.245505	
	0.228414	
	0.253362	
	0.265136	
	0.272424	
	0.280986	
	0.332360	
	0.294215	
	0.260502	
	0.307368	
	0.306679	
	0.281797	
	0.313391	
	0.337883	
	0.318750	
	0.363963	
	0.425926	
	0.354278	
	0.346450	
	0.339404	
	0.381661	
	0.336468	
	0.313876	
	0.362111	
	0.365835	
	0.364824	
	0.375689	
	0.411906	
	0.351975	
	0.286613	
	0.303998	
	0.342587	
	0.321196	
	0.307823	
	0.294332	
	0.305027	
	0.306355	
	0.325904	
	0.301922	
	0.300119	
	0.255342	
	0.310605	
	0.329552	
	0.277907	
	0.287290	
	0.330782	
	0.316032	
	0.259136	
	0.326217	
	0.315201	
	0.242469	
	0.261426	
	0.288691	
	0.300717	
	0.235657	
	0.298089	
	0.260251	
	0.226314	
	0.224633	
	0.267206	
	0.236610	
	0.186183	
	0.223025	
	0.256817	
	0.244941	
	0.216419	
	0.283255	
	0.240466	
	0.138391	
	0.176563	
	0.162555	
	0.142615	
	0.128419	
	0.148602	
	0.138710	
	0.143937	
	0.140410	
	0.138152	
	0.084554	
	0.103023	
	0.134716	
	0.146356	
	0.186393	
	0.183521	
	0.191204	
	0.201191	
	0.202817	
	0.158920	
	0.159769	
	0.140740	
	0.115808	
	0.106057	
	0.085764	
	0.079754	
	0.115317	
	0.146210	
	0.183563	
	0.160318	
	0.176312	
	0.116288	
	0.126569	
	0.152552	
	0.417149	
	0.632335	
	0.675582	
	0.684347	
	0.424495	
	0.205745	
	0.156519	
	0.118228	
	0.122501	
	0.135393	
	0.151439	
	0.166455	
	0.213618	
	0.286956	
	0.302384	
	0.306012	
	0.312484	
	0.305860	
	0.267491	
	0.210911	
	0.166212	
	0.165638	
	0.153641	
	0.161044	
	0.160060	
	0.176432	
	0.208261	
	0.197822	
	0.172776	
	0.189150	
	0.195718	
	0.117709	
	0.106742	
	0.119339	
	0.114951	
	0.095301	
	0.113205	
	0.293951	
	0.260437	
	0.246931	
	0.365172	
	0.304119	
	0.312386	
	0.298169	
	0.316570	
	0.365296	
	0.325620	
	0.298925	
	0.294330	
	0.353596	
	0.353906	
	0.275251	
	0.281400	
	0.192564	
	0.167982	
	0.182713	
	0.139455	
	0.151381	
	0.133811	
	0.118545	
	0.095194	
	0.095576	
	0.163368	
	0.135920	
	0.117797	
	0.124297	
	0.090078	
	0.078509	
	0.063249	
	0.085141	
	0.067137	
	0.110015	
	0.160751	
	0.195070	
	0.239763	
	0.218760	
	0.192491	
	0.138266	
	0.149790	
	0.176241	
	0.168690	
	0.148634	
	0.159105	
	0.164647	
	0.151521	
	0.135868	
	0.131903	
	0.134780	
	0.159443	
	0.165437	
	0.130195	
	0.102901	
	0.114503	
	0.098852	
	0.111465	
	0.123881	
	0.133874	
	0.137565	
	0.140350	
	0.117722	
	0.165082	
	0.125065	
	0.089921	
	0.088553	
	0.122260	
	0.116300	
	0.117567	
	0.122486	
	0.139524	
	0.136756	
	0.128308	
	0.164488	
	0.176851	
	0.167576	
	0.152892	
	0.186907	
	0.180666	
	0.167205	
	0.201976	
	0.253518	
	0.216304	
	0.203891	
	0.145409	
	0.145715	
	0.170588	
	0.176313	
	0.194167	
	0.169182	
	0.143577	
	0.142774	
	0.172518	
	0.221594	
	0.191696	
	0.115862	
	0.135384	
	0.127487	
	0.123463	
	0.123698	
	0.125570	
	0.138798	
	0.109980	
	0.138197	
	0.165967	
	0.138096	
	0.141434	
	0.170562	
	0.158501	
	0.128364	
	0.180496	
	0.152127	
	0.157998	
	0.142155	
	0.154439	
	0.168541	
	0.130512	
	0.137608	
	0.183050	
	0.168094	
	0.180265	
	0.199406	
	0.198035	
	0.184250	
	0.338913	
	0.284404	
	0.221044	
	0.219368	
	0.240844	
	0.227233	
	0.255304	
	0.218001	
	0.236092	
	0.245674	
	0.208241	
	0.236472	
	0.248705	
	0.216295	
	0.168231	
	0.206898	
	0.165931	
	0.162517	
	0.147899	
	0.141931	
	0.141198	
	0.130641	
	0.141868	
	0.114306	
	0.114496	
	0.097516	
	0.104373	
	0.100626	
	0.093487	
	0.093271	
	0.109067	
	0.118903	
	0.094815	
	0.130960	
	0.100771	
	0.081929	
	0.086561	
	0.101902	
	0.099810	
	0.098999	
	0.087842	
	0.115082	
	0.108938	
	0.105194	
	0.135722	
	0.137108	
	0.105384	
	0.115714	
	0.111805	
	0.133598	
	0.102748	
	0.127323	
	0.241375	
	0.117706	
	0.087037	
	0.086073	
	0.075878	
	0.073590	
	0.074375	
	0.087167	
	0.080091	
	0.079980	
	0.104845	
	0.117697	
	0.090029	
	0.047522	
	0.090501	
	0.069589	
	0.057936	
	0.082093	
	0.079460	
	0.072971	
	0.066680	
	0.062354	
	0.079735	
	0.073922	
	0.094060	
	0.076080	
	0.100638	
	0.080665	
	0.083526	
	0.134551	
	0.228035	
	0.225605	
	0.078761	
	0.057826	
	0.054949	
	0.066474	
	0.065882	
	0.071582	
	0.076113	
	0.075976	
	0.078913	
	0.101609	
	0.174235	
	0.131752	
	0.069917	
	0.074662	
	0.077489	
	0.090913	
	0.089617	
	0.113058	
	0.114805	
	0.118535	
	0.163131	
	0.182052	
	0.195072	
	0.211744	
	0.206874	
	0.207685	
	0.221277	
	0.180447	
	0.164807	
	0.165235	
	0.179296	
	0.224807	
	0.193569	
	0.215286	
	0.243938	
	0.211085	
	0.207197	
	0.229113	
	0.188681	
	0.197874	
	0.174570	
	0.186940	
	0.198754	
	0.257267	
	0.248524	
	0.215867	
	0.268192	
	0.240215	
	0.247344	
	0.248040	
	0.282807	
	0.257511	
	0.242348	
	0.254007	
	0.282237	
	0.291358	
	0.405880	
	0.403449	
	0.271916	
	0.268833	
	0.283839	
	0.211512	
	0.212481	
	0.209904	
	0.230096	
	0.236587	
	0.204017	
	0.207423	
	0.219365	
	0.256931	
	0.255542	
	0.217984	
	0.165745	
	0.179997	
	0.157777	
	0.206430	
	0.171917	
	0.186868	
	0.196062	
	0.128889	
	0.075114	
	0.084273	
	0.106318	
	0.112980	
	0.108763	
	0.103484	
	0.096780	
	0.098531	
	0.109723	
	0.102576	
	0.111119	
	0.091476	
	0.118965	
	0.111270	
	0.114872	
	0.125485	
	0.122799	
	0.125800	
	0.142424	
	0.136818	
	0.161626	
	0.118629	
	0.076914	
	0.089430	
	0.109102	
	0.130907	
	0.136790	
	0.143820	
	0.147580	
	0.173386	
	0.160620	
	0.131452	
	0.138878	
	0.154821	
	0.178523	
	0.197575	
	0.190392	
	0.171614	
	0.149063	
	0.165181	
	0.191389	
	0.195526	
	0.175868	
	0.189918	
	0.208951	
	0.193596	
	0.205387	
	0.234653	
	0.259680	
	0.210773	
	0.236261	
	0.282883	
	0.182875	
	0.130905	
	0.133547	
	0.148020	
	0.129537	
	0.152879	
	0.154160	
	0.160747	
	0.141436	
	0.196787	
	0.214735	
	0.179794	
	0.168840	
	0.194261	
	0.158864	
	0.139421	
	0.158055	
	0.167726	
	0.158342	
	0.206595	
	0.178571	
	0.164086	
	0.151564	
	0.153218	
	0.147177	
	0.173349	
	0.170174	
	0.171237	
	0.140670	
	0.144635	
	0.138415	
	0.169295	
	0.139783	
	0.217823	
	0.198549	
	0.183629	
	0.181666	
	0.198675	
	0.205960	
	0.174409	
	0.184877	
	0.198714	
	0.197603	
	0.398318	
	0.379100	
	0.370674	
	0.320950	
	0.298865	
	0.310647	
	0.289628	
	0.254792	
	0.242022	
	0.244222	
	0.245252	
	0.234390	
	0.258351	
	0.214005	
	0.138328	
	0.126216	
	0.143964	
	0.149267	
	0.161111	
	0.167203	
	0.219999	
	0.209154	
	0.156778	
	0.107281	
	0.111088	
	0.127634	
	0.110774	
	0.129413	
	0.098831	
	0.099547	
	0.082137	
	0.123256	
	0.129364	
	0.110057	
	0.102428	
	0.121296	
	0.100816	
	0.098065	
	0.094123	
	0.097232	
	0.107601	
	0.093846	
	0.124028	
	0.090366	
	0.088684	
	0.083966	
	0.091832	
	0.107721	
	0.104327	
	0.115444	
	0.095100	
	0.146358	
	0.110794	
	0.090358	
	0.094714	
	0.088884	
	0.111051	
	0.115721	
	0.117806	
	0.115255	
	0.118055	
	0.146361	
	0.121693	
	0.074081	
	0.078970	
	0.095199	
	0.107902	
	0.125300	
	0.112418	
	0.108488	
	0.116209	
	0.110882	
	0.119538	
	0.105433	
	0.111744	
	0.105548	
	0.097328	
	0.095853	
	0.099887	
	0.099177	
	0.145469	
	0.168188	
	0.194262	
	0.102219	
	0.087204	
	0.094344	
	0.102642	
	0.098784	
	0.092220	
	0.083922	
	0.096430	
	0.103219	
	0.107718	
	0.121754	
	0.106670	
	0.119739	
	0.111227	
	0.103232	
	0.103347	
	0.121909	
	0.148446	
	0.138235	
	0.173108	
	0.200718	
	0.202942	
	0.236201	
	0.283090	
	0.251866	
	0.233331	
	0.205654	
	0.179112	
	0.147040	
	0.161218	
	0.132058	
	0.193151	
	0.167479	
	0.154339	
	0.142197	
	0.161516	
	0.117879	
	0.100664	
	0.103378	
	0.156941	
	0.352961	
	0.257612	
	0.253349	
	0.216029	
	0.201598	
	0.213395	
	0.193091	
	0.222076	
	0.182661	
	0.167717	
	0.167458	
	0.167024	
	0.142816	
	0.138965	
	0.156820	
	0.137078	
	0.119016	
	0.123490	
	0.103870	
	0.088176	
	0.090524	
	0.110674	
	0.114481	
	0.156030	
	0.087205	
	0.085866	
	0.068060	
	0.071116	
	0.088205	
	0.072716	
	0.073185	
	0.068199	
	0.075493	
	0.099287	
	0.062620	
	0.066341	
	0.069616	
	0.078244	
	0.073145	
	0.086362	
	0.077362	
	0.086009	
	0.069069	
	0.077585	
	0.072097	
	0.083405	
	0.078406	
	0.071811	
	0.071198	
	0.084574	
	0.101330	
	0.092872	
	0.115570	
	0.086682	
	0.108633	
	0.063180	
	0.063300	
	0.067528	
	0.065396	
	0.086570	
	0.090426	
	0.096929	
	0.082913	
	0.083234	
	0.100688	
	0.061402	
	0.053986	
	0.074616	
	0.066367	
	0.075534	
	0.075624	
	0.089044	
	0.086554	
	0.095020	
	0.106121	
	0.115735	
	0.116288	
	0.075793	
	0.085883	
	0.083107	
	0.090578	
	0.080476	
	0.086153	
	0.091261	
	0.068733	
	0.070399	
	0.065092	
	0.072742	
	0.068317	
	0.072143	
	0.078648	
	0.066273	
	0.069943	
	0.100884	
	0.113948	
	0.076593	
	0.104732	
	0.088648	
	0.079149	
	0.085253	
	0.080853	
	0.087092	
	0.091077	
	0.111552	
	0.109321	
	0.118700	
	0.108255	
	0.128010	
	0.111687	
	0.127784	
	0.123768	
	0.122529	
	0.131443	
	0.110092	
	0.137178	
	0.131588	
	0.129411	
	0.124807	
	0.127543	
	0.130210	
	0.124751	
	0.118048	
	0.111972	
	0.117325	
	0.130466	
	0.429661	
	0.367542	
	0.291969	
	0.325116	
	0.291702	
	0.270097	
	0.266621	
	0.279924	
	0.230985	
	0.214725	
	0.194247	
	0.163302	
	0.173629	
	0.163131	
	0.145079	
	0.119927	
	0.120555	
	0.095306	
	0.099440	
	0.096580	
	0.095203	
	0.110663	
	0.116096	
	0.062437	
	0.061212	
	0.055288	
	0.070827	
	0.064856	
	0.077970	
	0.071448	
	0.085649	
	0.078986	
	0.140156	
	0.058288	
	0.057464	
	0.069988	
	0.063129	
	0.084050	
	0.067198	
	0.088288	
	0.078922	
	0.094638	
	0.088270	
	0.091406	
	0.098733	
	0.082688	
	0.100063	
	0.087846	
	0.102202	
	0.092824	
	0.100954	
	0.116816	
	0.146112	
	0.123866	
	0.096206	
	0.084511	
	0.111168	
	0.114195	
	0.133844	
	0.137649	
	0.129806	
	0.129769	
	0.129295	
	0.104722	
	0.059029	
	0.070443	
	0.090543	
	0.089540	
	0.106782	
	0.111208	
	0.119015	
	0.116130	
	0.134442	
	0.117187	
	0.109244	
	0.123825	
	0.128103	
	0.125094	
	0.121930	
	0.122921	
	0.124063	
	0.127359	
	0.186818	
	0.215848	
	0.129690	
	0.084351	
	0.100056	
	0.117742	
	0.120843	
	0.118268	
	0.107222	
	0.092939	
	0.133968	
	0.170953	
	0.136166	
	0.089615	
	0.095525	
	0.112937	
	0.110991	
	0.118252	
	0.114855	
	0.144086	
	0.145984	
	0.184770	
	0.193933	
	0.212723	
	0.221563	
	0.228622	
	0.226757	
	0.233179	
	0.212038	
	0.218693	
	0.167735	
	0.171191	
	0.180479	
	0.171032	
	0.213647	
	0.227440	
	0.280758	
	0.294210	
	0.300229	
	0.269728	
	0.209194	
	0.210478	
	0.337816	
	0.371610	
	0.321083	
	0.296770	
	0.288219	
	0.290873	
	0.242181	
	0.244190	
	0.254987	
	0.273940	
	0.264716	
	0.215100	
	0.227580	
	0.206705	
	0.226524	
	0.194857	
	0.179104	
	0.164448	
	0.203528	
	0.191450	
	0.192554	
	0.213474	
	0.188913	
	0.184027	
	0.162136	
	0.173433	
	0.166937	
	0.154336	
	0.143198	
	0.138608	
	0.158150	
	0.154818	
	0.159103	
	0.167721	
	0.147058	
	0.144782	
	0.162912	
	0.155875	
	0.138121	
	0.141457	
	0.166231	
	0.169740	
	0.156595	
	0.159649	
	0.170018	
	0.165997	
	0.141849	
	0.118902	
	0.117342	
	0.110128	
	0.124671	
	0.114522	
	0.131855	
	0.144532	
	0.134729	
	0.111680	
	0.115187	
	0.116441	
	0.104054	
	0.124306	
	0.128380	
	0.157760	
	0.118892	
	0.156807	
	0.153854	
	0.140640	
	0.164321	
	0.136452	
	0.125097	
	0.128878	
	0.144124	
	0.158679	
	0.191588	
	0.206464	
	0.195770	
	0.169282	
	0.190135	
	0.180548	
	0.190306	
	0.194376	
	0.210075	
	0.204246	
	0.165784	
	0.200424	
	0.131204	
	0.107453	
	0.113351	
	0.128759	
	0.116945	
	0.109466	
	0.120393	
	0.141628	
	0.191848	
	0.267571	
	0.196988	
	0.112883	
	0.112726	
	0.094485	
	0.085607	
	0.109146	
	0.130481	
	0.162436	
	0.179851	
	0.150475	
	0.139201	
	0.139392	
	0.157283	
	0.150512	
	0.182242	
	0.164701	
	0.165215	
	0.156285	
	0.185033	
	0.178707	
	0.173378	
	0.198785	
	0.224208	
	0.190483	
	0.180473	
	0.188808	
	0.178558	
	0.203045	
	0.213086	
	0.235700	
	0.232332	
	0.440405	
	0.358167	
	0.350495	
	0.323534	
	0.315888	
	0.284070	
	0.299177	
	0.317594	
	0.322487	
	0.267244	
	0.257985	
	0.287676	
	0.315567	
	0.271970	
	0.171883	
	0.147842	
	0.141519	
	0.159379	
	0.186650	
	0.211063	
	0.166804	
	0.180356	
	0.124584	
	0.129207	
	0.129711	
	0.132753	
	0.128948	
	0.154011	
	0.137436	
	0.128941	
	0.138159	
	0.129343	
	0.181214	
	0.126271	
	0.123557	
	0.140943	
	0.123458	
	0.132142	
	0.132077	
	0.147865	
	0.152526	
	0.155715	
	0.159157	
	0.197084	
	0.173425	
	0.172978	
	0.196260	
	0.211353	
	0.208675	
	0.206974	
	0.232726	
	0.260167	
	0.204654	
	0.136637	
	0.158124	
	0.163805	
	0.164150	
	0.183729	
	0.186118	
	0.194660	
	0.195427	
	0.244750	
	0.185835	
	0.144774	
	0.155626	
	0.174779	
	0.178958	
	0.187963	
	0.194936	
	0.233875	
	0.197816	
	0.211467	
	0.219163	
	0.233857	
	0.225534	
	0.212600	
	0.206962	
	0.228084	
	0.227837	
	0.243054	
	0.311562	
	0.259945	
	0.207090	
	0.226470	
	0.203516	
	0.216849	
	0.227874	
	0.199925	
	0.207711	
	0.217368	
	0.212293	
	0.280497	
	0.234235	
	0.198739	
	0.188860	
	0.228872	
	0.232196	
	0.238596	
	0.248779	
	0.253734	
	0.257912	
	0.269404	
	0.252213	
	0.274765	
	0.287739	
	0.291225	
	0.279678	
	0.288611	
	0.296356	
	0.287176	
	0.317975	
	NaN	
	0.312815	
	NaN	
	NaN	
	0.336393	
	0.341697	
	0.294641	
	0.279865	
	0.300303	
	NaN	
	NaN	
	NaN	
	0.424987	
	0.383096	
	0.365073	
	0.406975	
	NaN	
	NaN	
	NaN	
	NaN	
	0.409924	
	0.371001	
	0.366699	
	NaN	
	NaN	
	NaN	
	0.304210	
	0.318725	
	0.293261	
	0.330873	
	NaN	
	NaN	
	NaN	
	NaN	
	0.270714	
	0.302146	
	0.281666	
	0.286694	
	0.259154	
	0.275090	
	0.294542	
	0.315578	
	NaN	
	NaN	
	NaN	
	NaN	
	NaN	
	NaN	
	NaN	
	NaN	
	NaN	
	NaN	
	NaN	
	NaN	
	NaN	
	NaN	
	NaN	
	NaN	
	NaN	
	NaN	
	NaN	
	NaN	
	NaN	
	NaN	
	NaN	
	NaN	
	NaN	
	NaN	
	NaN	
	NaN	
	NaN	
	NaN	
	NaN	
	NaN	
	NaN	
	NaN	
	NaN	
	NaN	
	NaN	
	NaN	
	NaN	
	NaN	
	NaN	
	NaN	
	NaN	
	NaN	
	NaN	
	NaN	
	NaN	
	NaN	
	NaN	
	NaN	
	NaN	
	NaN	
	NaN	
	NaN	
	NaN	
	NaN	
	NaN	
	NaN	
	NaN	
	NaN	
	NaN	
	NaN	
	NaN	
	NaN	
	NaN	
	NaN	
	NaN	
	NaN	
	NaN	
	NaN	
	NaN	
	NaN	
	NaN	
	NaN	
	NaN	
	NaN	
	NaN	
	NaN	
	NaN	
	NaN	
	NaN	
	NaN	
	NaN	
	NaN	
	NaN	
	NaN	
	NaN	
	NaN	
	NaN	
	NaN	
	NaN	
	NaN	
	NaN	
	NaN	
	NaN	
	NaN	
	NaN	
	NaN	
	NaN	
	NaN	
	NaN	
	NaN	
	NaN	
	NaN	
	NaN	
	NaN	
	NaN	
	NaN	
	NaN	
	NaN	
	NaN	
	NaN	
	NaN	
	NaN	
	NaN	
	NaN	
	NaN	
	NaN	
	NaN	
	NaN	
	NaN	
	NaN	
	NaN	
	NaN	
	NaN	
	NaN	
	NaN	
	NaN	
	NaN	
	NaN	
	NaN	
	NaN	
	NaN	
	NaN	
	NaN	
	NaN	
	NaN	
	NaN	
	NaN	
	NaN	
	NaN	
	NaN	
	NaN	
	NaN	
	NaN	
	NaN	
	NaN	
	NaN	
	NaN	
	NaN	
	NaN	
	NaN	
	NaN	
	NaN	
	NaN	
	NaN	
	NaN	
	NaN	
	NaN	
	NaN	
	NaN	
	NaN	
	NaN	
	NaN	
	NaN	
	NaN	
	NaN	
	NaN	
	NaN	
	NaN	
	NaN	
	NaN	
	NaN	
	NaN	
	NaN	
	NaN	
	NaN	
	NaN	
