_Mode		
	0.096869	
	-0.013081	
	-0.064299	
	-0.089970	
	-0.094842	
	-0.021511	
	-0.111408	
	0.086376	
	-0.115804	
	-0.014945	
	-0.291079	
	0.208933	
	0.120092	
	0.005132	
	0.001323	
	-0.095121	
	0.176648	
	0.034385	
	-0.113239	
	0.159074	
	0.043188	
	-0.020615	
	-0.010657	
	-0.144727	
	-0.029208	
	-0.047568	
	0.119709	
	-0.024470	
	0.009497	
	-0.085637	
	0.054123	
	0.147858	
	-0.084178	
	-0.088618	
	0.115372	
	-0.010651	
	-0.106405	
	0.098714	
	0.047851	
	-0.009145	
	-0.127432	
	0.110374	
	-0.012219	
	0.101752	
	-0.188760	
	0.073341	
	-0.154234	
	-0.232084	
	-0.096251	
	0.014118	
	0.065140	
	-0.043136	
	0.107216	
	-0.162076	
	0.127053	
	0.074012	
	-0.066082	
	0.007789	
	-0.059352	
	0.016335	
	0.085382	
	0.087447	
	0.179882	
	0.016048	
	0.077246	
	0.015349	
	0.002602	
	0.078990	
	0.056411	
	0.077322	
	-0.160923	
	0.095017	
	-0.014960	
	0.008447	
	-0.061384	
	-0.104277	
	-0.015602	
	0.058496	
	0.115550	
	0.069825	
	0.019215	
	-0.022553	
	-0.014581	
	0.084183	
	-0.183970	
	0.130028	
	0.009851	
	-0.255822	
	0.163462	
	-0.076774	
	-0.056490	
	0.121246	
	-0.036080	
	0.075237	
	-0.052356	
	0.016132	
	-0.156214	
	0.003100	
	0.122964	
	-0.088516	
	-0.018280	
	-0.037244	
	0.040686	
	0.152206	
	-0.032880	
	-0.350861	
	-0.006889	
	-0.335201	
	-0.011171	
	0.101875	
	0.116220	
	0.242740	
	0.029906	
	-0.116572	
	0.104735	
	-0.139545	
	-0.045034	
	-0.130249	
	-0.051451	
	0.085939	
	0.020612	
	-0.126959	
	-0.001990	
	-0.015230	
	-0.229544	
	-0.178870	
	-0.089322	
	-0.093834	
	0.076550	
	0.023584	
	0.179890	
	0.187992	
	-0.131761	
	-0.233596	
	-0.055517	
	-0.034801	
	0.014869	
	0.040632	
	-0.095520	
	0.003807	
	0.124495	
	-0.006184	
	0.151093	
	-0.042459	
	-0.201441	
	-0.286863	
	-0.077725	
	-0.124389	
	-0.080618	
	0.018281	
	0.152871	
	0.069960	
	-0.113079	
	-0.033295	
	-0.043111	
	0.057479	
	-0.132628	
	-0.026472	
	-0.221347	
	-0.074090	
	-0.097428	
	0.003305	
	0.106550	
	0.003110	
	-0.093304	
	0.039130	
	0.244699	
	0.089952	
	-0.234827	
	0.066050	
	-0.191544	
	-0.008347	
	-0.061072	
	0.038018	
	0.140674	
	0.176406	
	0.013465	
	0.168617	
	0.041147	
	0.206386	
	0.109757	
	0.126231	
	0.114795	
	-0.065930	
	-0.131994	
	-0.038255	
	-0.137232	
	-0.070546	
	-0.043476	
	0.193623	
	0.076644	
	-0.155739	
	0.068673	
	0.004606	
	0.101491	
	-0.111353	
	0.043728	
	-0.178441	
	0.008987	
	-0.115637	
	-0.025890	
	0.035194	
	-0.321832	
	-0.323282	
	-0.073670	
	-0.204563	
	0.172815	
	0.114137	
	0.024168	
	-0.011773	
	0.166608	
	0.093693	
	-0.015114	
	-0.056148	
	-0.001295	
	-0.053545	
	0.034136	
	0.044836	
	0.173522	
	-0.034309	
	0.004839	
	-0.139103	
	0.185439	
	0.010953	
	0.161848	
	-0.108569	
	0.060876	
	-0.130736	
	0.220224	
	0.066878	
	0.007215	
	-0.108835	
	0.064900	
	-0.073925	
	0.032736	
	0.163731	
	0.047528	
	0.006587	
	-0.060665	
	0.203812	
	-0.004865	
	0.020820	
	0.148247	
	0.114853	
	-0.119714	
	-0.124883	
	-0.024358	
	0.030081	
	-0.034485	
	-0.038968	
	-0.114152	
	0.080814	
	0.043445	
	-0.041234	
	-0.008840	
	-0.031085	
	0.075974	
	-0.010306	
	0.047350	
	-0.129719	
	0.117591	
	-0.140858	
	0.180496	
	-0.111071	
	-0.162604	
	0.026161	
	0.008705	
	0.113620	
	0.123404	
	0.013968	
	-0.037959	
	-0.190772	
	0.030126	
	-0.232293	
	-0.091824	
	0.119232	
	0.032511	
	0.061927	
	-0.047263	
	0.090264	
	0.141994	
	-0.039796	
	0.015633	
	0.033006	
	-0.135894	
	-0.192532	
	-0.159132	
	-0.086206	
	0.134337	
	0.106034	
	0.079319	
	0.255800	
	0.158379	
	-0.104707	
	-0.053582	
	0.049686	
	-0.061226	
	-0.000204	
	-0.182441	
	-0.009692	
	0.033666	
	0.059203	
	0.086489	
	-0.141514	
	-0.180208	
	-0.166038	
	-0.146067	
	-0.196546	
	-0.090308	
	-0.063831	
	0.023958	
	-0.056810	
	0.137847	
	-0.119624	
	-0.074657	
	0.143179	
	0.003007	
	0.027132	
	-0.024063	
	0.040242	
	0.202399	
	0.000000	
	0.000000	
	0.000000	
	0.000000	
	0.000000	
	0.000000	
	0.000000	
	0.000000	
	0.000000	
	0.000000	
	0.000000	
	0.000000	
	0.000000	
