_Mode		
	-0.040746	
	0.016891	
	-0.045561	
	-0.026144	
	-0.005627	
	-0.019489	
	0.000278	
	0.066343	
	-0.039359	
	0.029297	
	0.062631	
	0.025579	
	0.042585	
	0.084932	
	0.049604	
	-0.054052	
	-0.010810	
	-0.028705	
	-0.004669	
	0.011719	
	-0.050505	
	0.034140	
	0.032854	
	0.034966	
	0.004148	
	-0.018238	
	-0.079702	
	0.010840	
	-0.115002	
	-0.004736	
	-0.014015	
	0.062586	
	0.040883	
	0.008083	
	0.012408	
	-0.091314	
	0.029047	
	0.074077	
	0.059203	
	0.044850	
	0.093040	
	-0.074212	
	-0.037848	
	-0.022770	
	0.031524	
	0.025524	
	0.025260	
	-0.064864	
	-0.090898	
	-0.059870	
	-0.000490	
	0.014757	
	0.087551	
	0.005057	
	-0.048571	
	-0.000133	
	0.060411	
	0.016386	
	-0.000068	
	-0.012752	
	0.012817	
	0.005198	
	-0.029049	
	0.055729	
	-0.033078	
	-0.067471	
	0.069024	
	0.014222	
	0.045582	
	0.016551	
	0.094486	
	0.143183	
	0.053039	
	0.067935	
	0.048850	
	-0.086709	
	0.051657	
	-0.046081	
	-0.001200	
	-0.041916	
	0.033655	
	0.045128	
	0.046450	
	0.115277	
	0.124451	
	0.063916	
	0.110522	
	0.064494	
	0.134332	
	0.036651	
	0.080514	
	0.058858	
	0.100713	
	0.059455	
	0.098206	
	0.070247	
	0.014933	
	-0.006553	
	0.028600	
	-0.065087	
	0.039084	
	0.006497	
	0.000000	
	0.000000	
	0.000000	
	0.000000	
