_Mode		
	0.028225	
	-0.099569	
	-0.122938	
	-0.186786	
	-0.222221	
	-0.165795	
	-0.134687	
	-0.064424	
	-0.009884	
	-0.246269	
	-0.242075	
	-0.253036	
	-0.184758	
	-0.145017	
	-0.109898	
	-0.107146	
	-0.170647	
	0.077321	
	-0.137302	
	-0.149285	
	-0.178352	
	-0.076591	
	-0.201206	
	-0.238212	
	-0.132786	
	-0.104482	
	-0.104522	
	-0.104522	
	-0.104522	
	-0.105840	
	-0.123821	
	-0.180135	
	-0.172680	
	-0.132600	
	-0.113962	
	-0.243951	
	-0.269784	
	-0.264699	
	-0.228860	
	-0.113606	
	-0.104522	
	-0.104522	
	-0.103628	
	-0.100307	
	-0.094530	
	-0.081513	
	-0.053838	
	-0.173745	
	-0.222610	
	-0.229017	
	-0.217127	
	-0.070526	
	-0.158453	
	-0.169946	
	-0.184876	
	-0.095438	
	-0.220805	
	-0.142104	
	-0.115936	
	-0.030497	
	-0.034471	
	-0.162874	
	-0.098884	
	-0.221502	
	-0.089817	
	-0.148245	
	-0.149520	
	-0.147294	
	-0.136706	
	-0.224403	
	-0.039219	
	-0.061208	
	-0.153175	
	-0.199071	
	-0.112069	
	-0.083412	
	-0.139408	
	-0.167131	
	-0.118434	
	-0.075874	
	0.035445	
	-0.029520	
	0.080135	
	0.048022	
	0.024159	
	-0.175854	
	-0.058575	
	-0.004890	
	-0.131859	
	-0.068559	
	-0.181785	
	0.174756	
	0.038994	
	-0.069038	
	-0.030541	
	-0.152815	
	-0.127193	
	0.049954	
	0.045409	
	-0.035684	
	0.090172	
	0.220377	
	0.084011	
	-0.006641	
	0.115466	
	0.139824	
	0.168498	
	0.164597	
	0.229645	
	0.180964	
	0.250600	
	0.182368	
	0.181204	
	0.261146	
	0.001679	
	-0.076093	
	-0.010464	
	0.010225	
	0.153660	
	0.179460	
	0.154392	
	0.237183	
	0.163741	
	0.045299	
	0.010340	
	-0.033252	
	0.032928	
	0.260112	
	0.146983	
	0.063296	
	0.250328	
	0.043696	
	-0.054298	
	0.058083	
	0.006340	
	0.049881	
	0.028344	
	0.073505	
	-0.108393	
	-0.242707	
	-0.185977	
	0.117984	
	0.092037	
	-0.033620	
	0.084597	
	0.028640	
	-0.050353	
	-0.079758	
	0.082225	
	-0.021405	
	0.065909	
	0.007771	
	0.085979	
	-0.022500	
	0.129033	
	0.039905	
	0.096510	
	0.109719	
	0.096396	
	0.167438	
	0.030217	
	-0.015503	
	-0.047645	
	0.111805	
	0.080242	
	0.000226	
	0.002369	
	0.057271	
	0.126941	
	-0.059920	
	-0.073415	
	-0.086343	
	0.113547	
	-0.077158	
	-0.200269	
	-0.174131	
	-0.063639	
	-0.185573	
	-0.144139	
	-0.042209	
	-0.100783	
	0.045551	
	-0.045313	
	-0.034125	
	-0.196024	
	-0.091770	
	-0.138871	
	0.056387	
	0.110977	
	0.078857	
	0.029299	
	0.171272	
	0.312068	
	0.085862	
	0.033528	
	-0.011668	
	-0.014497	
	0.193336	
	0.218055	
	0.140378	
	0.200157	
	-0.080265	
	0.173966	
	0.145987	
	0.153832	
	0.197273	
	0.000512	
	0.019134	
	0.174327	
	0.185866	
	0.157201	
	0.231971	
	0.228191	
	0.162247	
	0.150584	
	-0.007302	
	-0.109435	
	-0.104751	
	-0.110470	
	0.002672	
	-0.114472	
	-0.099310	
	-0.086492	
	0.054204	
	0.011010	
	0.197767	
	-0.080364	
	-0.034175	
	0.127522	
	0.035390	
	-0.069090	
	0.104511	
	0.111313	
	0.185473	
	0.025990	
	0.002225	
	-0.061602	
	0.034669	
	-0.023877	
	-0.031445	
	0.029888	
	0.162859	
	0.034264	
	-0.063231	
	-0.185784	
	-0.147719	
	-0.042582	
	-0.057429	
	-0.113062	
	-0.123657	
	0.052433	
	-0.146191	
	-0.134510	
	-0.182682	
	-0.093584	
	0.048436	
	0.109824	
	-0.067390	
	0.022707	
	0.128084	
	0.104361	
	0.229932	
	0.232355	
	0.192155	
	0.220269	
	0.111782	
	-0.057204	
	0.059131	
	0.108973	
	0.143503	
	0.149350	
	0.023762	
	0.089079	
	0.052350	
	0.099200	
	0.060479	
	0.116843	
	-0.042933	
	-0.041670	
	-0.074387	
	-0.102666	
	0.228357	
	0.078346	
	0.004236	
	-0.076167	
	-0.065104	
	-0.045266	
	-0.049295	
	-0.060586	
	-0.108690	
	-0.109401	
	-0.108024	
	-0.013608	
	-0.115062	
	-0.110711	
	0.086074	
	0.143274	
	0.051581	
	-0.093781	
	0.073546	
	0.041928	
	0.030297	
	-0.045217	
	0.147086	
	0.095179	
	-0.105613	
	0.152794	
	0.055191	
	-0.050671	
	-0.075543	
	-0.018126	
	-0.066833	
	0.054342	
	-0.045122	
	-0.062362	
	0.027478	
	-0.044426	
	-0.065394	
	-0.012083	
	0.085747	
	-0.028098	
	0.084687	
	0.179752	
	0.027345	
	0.164244	
	0.068824	
	-0.020242	
	0.113139	
	0.043945	
	0.155455	
	0.136721	
	0.144761	
	0.080958	
	0.239374	
	0.132985	
	0.017755	
	0.060590	
	-0.043154	
	0.082997	
	0.108476	
	-0.052909	
	0.057765	
	0.067139	
	0.080757	
	0.070617	
	0.311825	
	0.003003	
	-0.158798	
	0.066837	
	0.216118	
	-0.066323	
	-0.105379	
	-0.080354	
	0.006718	
	0.021422	
	0.184329	
	0.068226	
	0.021960	
	0.035574	
	0.011294	
	0.024365	
	0.053555	
	0.017307	
	0.076615	
	0.087929	
	0.153112	
	0.037276	
	0.193498	
	0.014590	
	0.089487	
	0.163944	
	-0.025870	
	-0.048508	
	0.003795	
	0.105512	
	-0.006140	
	0.146980	
	-0.020882	
	-0.011204	
	0.162845	
	0.168051	
	0.169613	
	0.041275	
	-0.059257	
	0.095571	
	0.044810	
	-0.063453	
	0.086186	
	0.012353	
	-0.034717	
	-0.162661	
	0.082191	
	-0.053744	
	0.097157	
	-0.022315	
	-0.078037	
	-0.095895	
	-0.174729	
	-0.115798	
	-0.095355	
	-0.074656	
	-0.003097	
	0.090946	
	0.257899	
	0.110848	
	0.012019	
	0.049065	
	-0.151844	
	-0.005813	
	-0.089983	
	-0.010992	
	0.024260	
	0.158569	
	-0.038939	
	0.073177	
	0.121709	
	-0.066114	
	0.046479	
	0.248395	
	0.076939	
	-0.072066	
	0.088266	
	-0.030243	
	0.100702	
	-0.083378	
	-0.037268	
	0.092331	
	-0.046781	
	-0.067482	
	0.162793	
	0.029489	
	0.015960	
	-0.089311	
	-0.064126	
	-0.075196	
	-0.065591	
	0.052396	
	-0.002979	
	0.030838	
	0.117295	
	0.036427	
	0.065342	
	0.166766	
	0.111613	
	0.096984	
	0.046365	
	-0.035694	
	0.069828	
	0.022973	
	-0.026241	
	-0.016990	
	-0.014105	
	0.005172	
	0.032367	
	0.067065	
	0.052838	
	0.050574	
	-0.094889	
	0.050842	
	0.119158	
